0.000000 0.000000
0.005805 0.000000
0.011610 0.000000
0.017415 0.000000
0.023220 0.000000
0.029025 0.000000
0.034830 87.715347
0.040635 115.377945
0.046440 115.317444
0.052245 76.873276
0.058050 83.301384
0.063855 0.000000
0.069660 65.792595
0.075465 65.777267
0.081270 65.741142
0.087075 65.667351
0.092880 65.731339
0.098685 65.855087
0.104490 65.897392
0.110295 132.080780
0.116100 131.909058
0.121905 131.726578
0.127710 131.720490
0.133515 131.802567
0.139320 131.608322
0.145125 131.101532
0.150930 131.155457
0.156735 131.445755
0.162540 131.747543
0.168345 131.939011
0.174150 175.761261
0.179955 176.019974
0.185760 176.364761
0.191565 176.582306
0.197370 176.608078
0.203175 176.395905
0.208980 264.290070
0.214785 264.524872
0.220590 264.527130
0.226395 264.340881
0.232200 623.521606
0.238005 629.877747
0.243810 640.155151
0.249615 644.947510
0.255419 645.653198
0.261224 646.587402
0.267029 158.191803
0.272834 131.659821
0.278639 131.837753
0.284444 131.837158
0.290249 131.825119
0.296054 131.752914
0.301859 131.683746
0.307664 263.693268
0.313469 131.756577
0.319274 131.553833
0.325079 170.776978
0.330884 192.089294
0.336689 191.838242
0.342494 176.171143
0.348299 142.598236
0.354104 137.066071
0.359909 90.264099
0.365714 279.078003
0.371519 280.236298
0.377324 281.600922
0.383129 631.593994
0.388934 628.196594
0.394739 626.122498
0.400544 624.550659
0.406349 628.487610
0.412154 698.019409
0.417959 700.311584
0.423764 116.161835
0.429569 855.799500
0.435374 850.220459
0.441179 280.865845
0.446984 295.039856
0.452789 303.959320
0.458594 306.053436
0.464399 306.315033
0.470204 301.589722
0.476009 304.037628
0.481814 306.539001
0.487619 308.423004
0.493424 309.758514
0.499229 310.687286
0.505034 311.433685
0.510839 155.969482
0.516644 156.089386
0.522449 156.035034
0.528254 155.888428
0.534059 155.965759
0.539864 156.619583
0.545669 157.007492
0.551474 156.755478
0.557279 156.403168
0.563084 156.313934
0.568889 156.233246
0.574694 156.070847
0.580499 156.171570
0.586304 156.604095
0.592109 157.064499
0.597914 314.570496
0.603719 314.943512
0.609524 315.232727
0.615329 315.159454
0.621134 314.440186
0.626939 313.551270
0.632744 156.436539
0.638549 156.379807
0.644354 156.389877
0.650159 156.365021
0.655964 312.422485
0.661769 312.071777
0.667574 312.129120
0.673379 312.560883
0.679184 312.884827
0.684989 155.575150
0.690794 262.198059
0.696599 262.078339
0.702404 207.621872
0.708209 208.376007
0.714014 208.795578
0.719819 158.083893
0.725624 158.107819
0.731429 157.792023
0.737234 157.056946
0.743039 156.400177
0.748844 313.807800
0.754649 312.744354
0.760454 311.876099
0.766258 311.362549
0.772063 311.089081
0.777869 310.693726
0.783673 310.238800
0.789478 310.364258
0.795283 310.703491
0.801088 310.943573
0.806893 311.149719
0.812698 311.609100
0.818503 312.177460
0.824308 312.920380
0.830113 314.371063
0.835918 315.873962
0.841723 316.575958
0.847528 316.543854
0.853333 316.185059
0.859138 315.875122
0.864943 315.788696
0.870748 315.336578
0.876553 312.490234
0.882358 155.221344
0.888163 158.308212
0.893968 156.778519
0.899773 156.092514
0.905578 312.724091
0.911383 312.175232
0.917188 311.284637
0.922993 308.497162
0.928798 320.326630
0.934603 319.959442
0.940408 317.853699
0.946213 316.613190
0.952018 316.614502
0.957823 316.243896
0.963628 315.247559
0.969433 314.529724
0.975238 314.528473
0.981043 314.793823
0.986848 314.780212
0.992653 314.484375
0.998458 314.069733
1.004263 314.161469
1.010068 315.845459
1.015873 318.129974
1.021678 318.848145
1.027483 320.813995
1.033288 323.696045
1.039093 323.911835
1.044898 322.193024
1.050703 322.575958
1.056508 176.270401
1.062313 176.337173
1.068118 176.583603
1.073923 176.961792
1.079728 177.697449
1.085533 353.670868
1.091338 352.261810
1.097143 351.664368
1.102948 352.166687
1.108753 352.801270
1.114558 353.333466
1.120363 176.828903
1.126168 354.853546
1.131973 355.408173
1.137778 356.168640
1.143583 357.374847
1.149388 359.464020
1.155193 362.461365
1.160998 365.471832
1.166803 368.828613
1.172608 374.647400
1.178413 383.835175
1.184218 390.779358
1.190023 394.821838
1.195828 398.537567
1.201633 401.112396
1.207438 402.300446
1.213243 403.243500
1.219048 404.652557
1.224853 405.349548
1.230658 403.345428
1.236463 399.259277
1.242268 393.322723
1.248073 191.875458
1.253878 380.315247
1.259683 376.959137
1.265488 374.372528
1.271293 372.137054
1.277097 124.269661
1.282902 117.515121
1.288707 117.435074
1.294513 352.043732
1.300317 351.522888
1.306122 351.038391
1.311927 350.745850
1.317732 350.691498
1.323537 350.732788
1.329342 350.930634
1.335147 351.427551
1.340952 351.821625
1.346757 351.863586
1.352562 351.701813
1.358367 351.453827
1.364172 351.212921
1.369977 351.028198
1.375782 350.915070
1.381587 350.956451
1.387392 351.177063
1.393197 351.555664
1.399002 352.049316
1.404807 352.425232
1.410612 352.404175
1.416417 176.713409
1.422222 182.469040
1.428027 182.810608
1.433832 183.453064
1.439637 175.434113
1.445442 175.617188
1.451247 175.526917
1.457052 105.024956
1.462857 105.077240
1.468662 105.025459
1.474467 104.879288
1.480272 117.758980
1.486077 117.545227
1.491882 117.294968
1.497687 117.173950
1.503492 117.186455
1.509297 234.781052
1.515102 319.924591
1.520907 175.920654
1.526712 175.267487
1.532517 175.099319
1.538322 347.134033
1.544127 348.431885
1.549932 348.779633
1.555737 348.791290
1.561542 349.298126
1.567347 350.372223
1.573152 351.632751
1.578957 353.043457
1.584762 354.218018
1.590567 354.691833
1.596372 354.821564
1.602177 354.902618
1.607982 176.658936
1.613787 117.396591
1.619592 176.322174
1.625397 176.076996
1.631202 175.965744
1.637007 175.733658
1.642812 175.331406
1.648617 174.977173
1.654422 350.547791
1.660227 350.784973
1.666032 351.303802
1.671837 351.622467
1.677642 351.020660
1.683447 117.056213
1.689252 117.142517
1.695057 117.233437
1.700862 117.308960
1.706667 351.901520
1.712472 351.541321
1.718277 351.064148
1.724082 350.791779
1.729887 350.475342
1.735692 349.998932
1.741497 175.497055
1.747302 175.279953
1.753107 175.146423
1.758912 350.542633
1.764717 350.686829
1.770522 350.666351
1.776327 175.279022
1.782132 175.094788
1.787936 174.997665
1.793741 175.006592
1.799546 175.161026
1.805351 175.351776
1.811157 175.537308
1.816961 351.395874
1.822766 117.346237
1.828571 117.177528
1.834376 117.103310
1.840181 117.238525
1.845986 176.306656
1.851791 176.191498
1.857596 350.900330
1.863401 350.012543
1.869206 349.379639
1.875011 349.244843
1.880816 350.224884
1.886621 352.538055
1.892426 353.787109
1.898231 353.201477
1.904036 351.216278
1.909841 348.137451
1.915646 345.276947
1.921451 343.165649
1.927256 340.525543
1.933061 335.987823
1.938866 328.973022
1.944671 324.634399
1.950476 322.089172
1.956281 320.383026
1.962086 319.330597
1.967891 318.474609
1.973696 317.721130
1.979501 317.302887
1.985306 317.053314
1.991111 316.612366
1.996916 315.999207
2.002721 314.777191
2.008526 311.839111
2.014331 308.830811
2.020136 305.213226
2.025941 295.138855
2.031746 289.682434
2.037551 284.992035
2.043356 276.177124
2.049161 270.051361
2.054966 264.734619
2.060771 261.912659
2.066576 260.781982
2.072381 260.434570
2.078186 130.715057
2.083991 130.765244
2.089796 130.441360
2.095601 259.175659
2.101406 257.523529
2.107211 255.147141
2.113016 253.052383
2.118821 251.936996
2.124626 251.683701
2.130431 252.334091
2.136236 291.339752
2.142041 292.782532
2.147846 232.488052
2.153651 232.786850
2.159456 186.700195
2.165261 97.469566
2.171066 97.469505
2.176871 210.041626
2.182676 210.337189
2.188481 236.665482
2.194286 246.511139
2.200091 247.269608
2.205896 248.446411
2.211701 233.604523
2.217506 234.134354
2.223311 234.264145
2.229116 234.200012
2.234921 234.419220
2.240726 234.984085
2.246531 235.310333
2.252336 234.957352
2.258141 234.152863
2.263946 233.323563
2.269751 232.458908
2.275556 231.481918
2.281361 230.888885
2.287166 230.718033
2.292970 230.591583
2.298775 230.735840
2.304580 231.936111
2.310385 233.398758
2.316190 234.894562
2.321995 236.936050
2.327801 238.768646
2.333606 187.070129
2.339411 178.278702
2.345215 189.883621
2.351020 238.906021
2.356825 119.075775
2.362630 118.977005
2.368435 118.430565
2.374240 117.781723
2.380045 235.040375
2.385850 231.574692
2.391655 229.230179
2.397460 228.395477
2.403265 228.164444
2.409070 228.884033
2.414875 230.001419
2.420680 230.801819
2.426485 231.869034
2.432290 232.843460
2.438095 233.551041
2.443900 234.527283
2.449705 235.932587
2.455510 237.046463
2.461315 237.766556
2.467120 238.467590
2.472925 239.141357
2.478730 239.757462
2.484535 240.386780
2.490340 241.193420
2.496145 242.119888
2.501950 242.521317
2.507755 241.813705
2.513560 240.431076
2.519365 239.605423
2.525170 238.423233
2.530975 236.963959
2.536780 233.153122
2.542585 231.594498
2.548390 230.665787
2.554195 230.201416
2.560000 229.913620
2.565805 230.096985
2.571610 231.102432
2.577415 116.782997
2.583220 958.049805
2.589025 963.237061
2.594830 119.036285
2.600635 238.895737
2.606440 239.377899
2.612245 920.757935
2.618050 944.360046
2.623855 239.447083
2.629660 964.517883
2.635465 118.374794
2.641270 118.059471
2.647075 117.452576
2.652880 117.289253
2.658685 117.667168
2.664490 117.941040
2.670295 118.133514
2.676100 118.224915
2.681905 239.723495
2.687710 240.388428
2.693515 194.846436
2.699320 194.864120
2.705125 92.090546
2.710930 0.000000
2.716735 0.000000
2.722540 1004.630676
2.728345 1016.444397
2.734150 309.566864
2.739955 308.886627
2.745760 307.414764
2.751565 306.327667
2.757370 305.923920
2.763175 306.731506
2.768980 1074.701660
2.774785 1073.484497
2.780590 1071.722168
2.786395 1070.475830
2.792200 1073.312500
2.798005 1076.128174
2.803810 1077.675415
2.809614 1078.642334
2.815419 1079.321533
2.821224 1079.680786
2.827029 1078.901978
2.832834 1077.116333
2.838639 1075.522339
2.844445 1073.913818
2.850250 1072.005859
2.856054 1070.539917
2.861859 118.469963
2.867664 117.880577
2.873469 193.200073
2.879274 193.305313
2.885079 174.966675
2.890884 174.667740
2.896689 0.000000
2.902494 131.721008
2.908299 131.860382
2.914104 131.988724
2.919909 526.180786
2.925714 525.379517
2.931519 716.234863
2.937324 719.082336
2.943129 721.143921
2.948934 309.001862
2.954739 538.333801
2.960544 539.184448
2.966349 0.000000
2.972154 482.523315
2.977959 84.819603
2.983764 138.698456
2.989569 326.502014
2.995374 104.498352
3.001179 104.371582
3.006984 155.054672
3.012789 0.000000
3.018594 0.000000
3.024399 485.387726
3.030204 484.975922
3.036009 547.611816
3.041814 549.078674
3.047619 549.934204
3.053424 328.996399
3.059229 205.826767
3.065034 206.349869
3.070839 206.787094
3.076644 0.000000
3.082449 414.348328
3.088254 412.738403
3.094059 411.282471
3.099864 205.410675
3.105669 204.405380
3.111474 1063.094238
3.117279 1076.629150
3.123084 207.169540
3.128889 207.496857
3.134694 207.337631
3.140499 207.241745
3.146304 208.071945
3.152109 840.513672
3.157914 307.642883
3.163719 173.089508
3.169524 173.530258
3.175329 209.389450
3.181134 209.057983
3.186939 415.460693
3.192744 415.453613
3.198549 415.619415
3.204354 416.361511
3.210159 208.889755
3.215964 208.983856
3.221769 208.767517
3.227574 208.323654
3.233379 207.163101
3.239184 205.434204
3.244989 205.069092
3.250794 174.215820
3.256599 152.792999
3.262404 136.484512
3.268209 94.692253
3.274014 110.394249
3.279819 117.603142
3.285624 117.618370
3.291429 95.894852
3.297234 95.435158
3.303039 177.365570
3.308844 369.934296
3.314649 179.009537
3.320453 178.698456
3.326258 119.035294
3.332063 119.224144
3.337868 98.298782
3.343673 261.763947
3.349478 261.188995
3.355283 105.012520
3.361089 384.254547
3.366894 648.174438
3.372698 390.172455
3.378503 393.484192
3.384308 396.414795
3.390113 398.725555
3.395918 399.886536
3.401723 103.458229
3.407528 400.521027
3.413333 400.669281
3.419138 402.360107
3.424943 406.697998
3.430748 526.923401
3.436553 395.962616
3.442358 397.631226
3.448163 399.563995
3.453968 401.152893
3.459773 395.012970
3.465578 390.110077
3.471383 387.122162
3.477188 385.444580
3.482993 385.635864
3.488798 104.865265
3.494603 392.798340
3.500408 394.350311
3.506213 394.002869
3.512018 393.312256
3.517823 131.081802
3.523628 131.093567
3.529433 131.280991
3.535238 260.401245
3.541043 259.636292
3.546848 259.454041
3.552653 104.592972
3.558458 131.347092
3.564263 131.663803
3.570068 104.251694
3.575873 104.342651
3.581678 104.655670
3.587483 104.903687
3.593288 262.868805
3.599093 261.654358
3.604898 229.058212
3.610703 200.745621
3.616508 200.180847
3.622313 200.344482
3.628118 200.664246
3.633923 201.299881
3.639728 202.328796
3.645533 203.224762
3.651338 203.928452
3.657143 409.357513
3.662948 405.830963
3.668753 408.943573
3.674558 418.441254
3.680363 418.028046
3.686168 417.366058
3.691973 415.725250
3.697778 411.788544
3.703583 406.907837
3.709388 400.305450
3.715193 396.963989
3.720998 395.911682
3.726803 395.901398
3.732608 396.258209
3.738413 396.147156
3.744218 395.201691
3.750023 394.327606
3.755828 394.237274
3.761633 394.820496
3.767438 394.845337
3.773243 394.269409
3.779048 393.932587
3.784853 394.034119
3.790658 131.439041
3.796463 131.680099
3.802268 157.379593
3.808073 157.492126
3.813878 157.505768
3.819683 157.430542
3.825488 131.944000
3.831293 395.992310
3.837097 396.244507
3.842902 396.882416
3.848707 396.976593
3.854512 396.226715
3.860317 395.098206
3.866122 394.413879
3.871927 394.532013
3.877733 395.108429
3.883538 395.446259
3.889342 395.195129
3.895147 196.987595
3.900952 394.499359
3.906757 394.087585
3.912562 393.576050
3.918367 393.261414
3.924172 393.319855
3.929977 393.859772
3.935782 395.111206
3.941587 396.055542
3.947392 395.524872
3.953197 394.493286
3.959002 209.888184
3.964807 204.571548
3.970612 203.840927
3.976417 201.292923
3.982222 131.175674
3.988027 135.717834
3.993832 139.886017
3.999637 208.097626
4.005442 208.277664
4.011247 414.719330
4.017052 415.141541
4.022857 415.806091
4.028662 416.267822
4.034467 415.493286
4.040272 413.659607
4.046077 391.216370
4.051882 389.433929
4.057687 389.008575
4.063492 391.627319
4.069297 393.732819
4.075102 394.371368
4.080907 394.626617
4.086712 394.726837
4.092517 394.639191
4.098322 394.174774
4.104127 393.285156
4.109932 392.748749
4.115737 393.526978
4.121542 394.678864
4.127347 395.161621
4.133152 394.880310
4.138957 394.269165
4.144762 393.046143
4.150567 389.863556
4.156372 385.104675
4.162177 380.895508
4.167982 371.700806
4.173787 362.510620
4.179592 357.217102
4.185397 178.572433
4.191202 352.712616
4.197007 351.316895
4.202812 351.762848
4.208617 175.568848
4.214422 175.925125
4.220227 176.181168
4.226032 176.259079
4.231837 176.179169
4.237642 176.083267
4.243447 353.465637
4.249252 354.099335
4.255057 354.495697
4.260862 354.481262
4.266667 354.178528
4.272471 176.288406
4.278276 353.594391
4.284081 353.379028
4.289886 353.494690
4.295691 354.055786
4.301497 354.944061
4.307302 355.907074
4.313107 356.462006
4.318912 356.475403
4.324717 186.922760
4.330522 198.160721
4.336327 198.149399
4.342132 197.094803
4.347937 133.807083
4.353742 133.970963
4.359547 134.131409
4.365352 386.910217
4.371157 390.730164
4.376961 395.848358
4.382766 399.458282
4.388571 399.888916
4.394376 398.658722
4.400181 397.452057
4.405986 396.793640
4.411791 396.701324
4.417596 396.597412
4.423401 396.182312
4.429206 395.478760
4.435011 394.616455
4.440816 394.058289
4.446621 394.137421
4.452426 394.602692
4.458231 394.899689
4.464036 394.994293
4.469841 395.247009
4.475646 395.613983
4.481451 395.913422
4.487256 396.033020
4.493061 395.756226
4.498866 395.405487
4.504671 395.064056
4.510476 394.181763
4.516281 392.903961
4.522086 391.516357
4.527891 389.723724
4.533696 387.149109
4.539501 384.488342
4.545306 381.853302
4.551111 379.408966
4.556916 377.420074
4.562721 371.636444
4.568526 118.145752
4.574331 359.005157
4.580136 357.978638
4.585941 356.081451
4.591746 117.938423
4.597551 117.884735
4.603356 117.830475
4.609161 352.245972
4.614966 352.247223
4.620771 352.275208
4.626576 351.957001
4.632381 351.382111
4.638186 350.961090
4.643991 350.688477
4.649796 350.598907
4.655601 175.294800
4.661406 175.252670
4.667211 175.146408
4.673016 174.996094
4.678821 174.944595
4.684626 175.128403
4.690431 175.507812
4.696236 175.611115
4.702041 351.293762
4.707846 175.141388
4.713651 175.069244
4.719456 175.105530
4.725261 350.666595
4.731066 350.865967
4.736871 351.275940
4.742676 351.796814
4.748481 352.104279
4.754286 351.924774
4.760091 351.543732
4.765896 351.323853
4.771701 351.249084
4.777506 351.099365
4.783311 350.820923
4.789115 350.593414
4.794920 350.551788
4.800725 117.085701
4.806530 175.740036
4.812335 175.830170
4.818141 175.907379
4.823946 175.907486
4.829751 175.876251
4.835556 117.245468
4.841361 117.187820
4.847166 117.102058
4.852971 175.268326
4.858776 174.779648
4.864581 349.093262
4.870386 347.035889
4.876191 342.492645
4.881996 299.767090
4.887800 300.175995
4.893605 300.657043
4.899410 300.863129
4.905215 301.588623
4.911020 304.974121
4.916825 157.816544
4.922630 157.959991
4.928435 157.323013
4.934240 155.981400
4.940045 155.242737
4.945850 154.693375
4.951655 305.075531
4.957460 305.193512
4.963265 307.609680
4.969070 314.229370
4.974875 318.794617
4.980680 323.788147
4.986485 166.472122
4.992290 341.232819
4.998095 345.789032
5.003900 349.039276
5.009705 352.077637
5.015510 354.565643
5.021315 356.372528
5.027120 357.341217
5.032925 357.760071
5.038730 357.685303
5.044535 356.740295
5.050340 355.374207
5.056145 353.693298
5.061950 237.111557
5.067755 237.938736
5.073560 237.557693
5.079365 176.535782
5.085170 176.684036
5.090975 176.670471
5.096780 176.548569
5.102585 177.010818
5.108390 177.146210
5.114195 177.076126
5.120000 177.084091
5.125805 355.151154
5.131610 355.313293
5.137415 355.474243
5.143220 355.531860
5.149025 355.421112
5.154830 118.496178
5.160635 118.315399
5.166440 354.167236
5.172245 117.850227
5.178050 353.658142
5.183855 353.827118
5.189660 354.158539
5.195465 354.787231
5.201270 355.755981
5.207075 356.730774
5.212880 357.462799
5.218685 358.249939
5.224490 361.725922
5.230295 383.349640
5.236100 386.430298
5.241905 388.933319
5.247710 390.845276
5.253515 392.336487
5.259320 393.281158
5.265125 393.602783
5.270930 393.722137
5.276735 394.055786
5.282540 394.418396
5.288345 394.272797
5.294150 393.696747
5.299954 393.344604
5.305759 393.244293
5.311564 393.155548
5.317369 393.099945
5.323174 393.314026
5.328979 393.886261
5.334785 394.566650
5.340590 395.009033
5.346395 395.076294
5.352200 394.982697
5.358005 394.886993
5.363810 394.734558
5.369615 394.392914
5.375420 393.731598
5.381225 392.677063
5.387030 391.149078
5.392835 389.169342
5.398640 369.173950
5.404444 365.889893
5.410249 363.459229
5.416054 359.035309
5.421859 177.049896
5.427664 176.785507
5.433469 176.705338
5.439274 117.516624
5.445079 351.545471
5.450884 351.570953
5.456689 351.846252
5.462494 352.296997
5.468299 352.678284
5.474104 352.779968
5.479909 352.520325
5.485714 351.894165
5.491519 350.866333
5.497324 349.690430
5.503129 348.569946
5.508934 347.748840
5.514739 347.301483
5.520544 346.800934
5.526349 345.651550
5.532154 344.094147
5.537959 343.029724
5.543764 342.785858
5.549569 343.537415
5.555374 345.457977
5.561179 348.042786
5.566984 350.524078
5.572789 352.845581
5.578594 354.935455
5.584399 356.592377
5.590204 358.125397
5.596009 359.547272
5.601814 360.892395
5.607619 181.119812
5.613424 181.098694
5.619229 120.626450
5.625034 120.426697
5.630839 119.915092
5.636644 118.924133
5.642449 118.411980
5.648254 117.988197
5.654059 117.403458
5.659864 2843.829834
5.665669 346.921082
5.671474 345.050659
5.677279 114.774261
5.683084 114.643501
5.688889 114.803551
5.694694 115.364555
5.700499 348.246216
5.706304 349.836731
5.712109 351.420105
5.717914 353.270905
5.723719 355.256561
5.729524 357.366852
5.735329 359.219055
5.741134 360.054504
5.746939 359.932037
5.752744 359.090637
5.758549 357.766998
5.764354 118.846375
5.770159 118.489128
5.775964 117.966064
5.781769 117.159828
5.787574 116.888939
5.793379 201.341278
5.799184 201.132172
5.804989 115.857277
5.810794 115.440506
5.816598 115.341217
5.822403 115.357910
5.828208 115.517593
5.834013 115.891930
5.839818 2716.238525
5.845623 116.641548
5.851429 117.093056
5.857234 117.887512
5.863039 118.220932
5.868844 118.257668
5.874649 118.081100
5.880454 117.706902
5.886259 117.367889
5.892064 117.272430
5.897869 117.530609
5.903674 236.537613
5.909479 2419.979980
5.915284 2387.010498
5.921088 117.117783
5.926893 117.248558
5.932698 117.088646
5.938503 116.787521
5.944308 116.584541
5.950113 116.867653
5.955918 117.151703
5.961723 117.236938
5.967528 117.599907
5.973333 118.089249
5.979138 116.483040
5.984943 233.580536
5.990748 232.984314
5.996553 232.713577
6.002358 233.113342
6.008163 234.090408
6.013968 234.782898
6.019773 235.237778
6.025578 235.512558
6.031383 235.776688
6.037188 236.004913
6.042993 236.046936
6.048798 236.066055
6.054603 236.243820
6.060408 236.412415
6.066213 236.428055
6.072018 236.346191
6.077823 236.242538
6.083628 117.172867
6.089433 116.949623
6.095238 116.992661
6.101043 117.202621
6.106848 117.482407
6.112653 117.836937
6.118458 118.101212
6.124263 237.468018
6.130068 236.622147
6.135873 236.003189
6.141678 234.826431
6.147483 232.874649
6.153288 201.503128
6.159093 201.441956
6.164898 124.249100
6.170703 117.934875
6.176508 117.856461
6.182313 117.708618
6.188118 117.591309
6.193923 117.534119
6.199728 117.566444
6.205533 236.260925
6.211338 236.163254
6.217143 235.948471
6.222948 235.463669
6.228753 235.056061
6.234558 235.057388
6.240363 235.579712
6.246168 236.430450
6.251973 236.877396
6.257778 236.661575
6.263583 117.837227
6.269388 117.874725
6.275193 117.887314
6.280998 236.892609
6.286803 237.332123
6.292608 237.832214
6.298413 117.603516
6.304218 117.596153
6.310023 192.009750
6.315828 190.420654
6.321633 190.322113
6.327438 191.093018
6.333242 191.000916
6.339047 197.224258
6.344852 0.000000
6.350657 93.709396
6.356462 93.351929
6.362267 297.716217
6.368073 302.044952
6.373878 301.492737
6.379683 298.294464
6.385488 294.244141
6.391293 293.645630
6.397098 104.029846
6.402903 99.239174
6.408708 131.420685
6.414513 137.602554
6.420318 297.212860
6.426123 297.028625
6.431927 296.586975
6.437732 296.300995
6.443537 296.198700
6.449342 294.421997
6.455147 291.403687
6.460952 291.758423
6.466757 292.580719
6.472562 293.685913
6.478367 295.113586
6.484172 296.307373
6.489977 297.053070
6.495782 296.761414
6.501587 147.367523
6.507392 147.461731
6.513197 122.117455
6.519002 148.050476
6.524807 186.692566
6.530612 187.943100
6.536417 188.839767
6.542222 97.384865
6.548027 298.306702
6.553832 296.978668
6.559637 295.017151
6.565442 294.077454
6.571247 294.429565
6.577052 295.072784
6.582857 295.767700
6.588662 296.884552
6.594467 297.857513
6.600272 298.322144
6.606077 298.481049
6.611882 298.250488
6.617687 297.769226
6.623492 297.243256
6.629297 296.653748
6.635102 296.111053
6.640907 295.994385
6.646712 296.122345
6.652517 296.114807
6.658322 295.817535
6.664127 295.296844
6.669932 294.969299
6.675737 294.756775
6.681542 294.225555
6.687347 293.268127
6.693152 292.479584
6.698957 144.617188
6.704762 147.993179
6.710567 148.042603
6.716372 147.706253
6.722177 0.000000
6.727982 0.000000
6.733787 116.824242
6.739592 116.756157
6.745397 117.083076
6.751202 117.376709
6.757007 117.443443
6.762812 117.497017
6.768617 117.577354
6.774422 117.762306
6.780227 117.994812
6.786032 118.133743
6.791837 117.924622
6.797642 117.800926
6.803447 116.768753
6.809252 116.638687
6.815057 118.928421
6.820862 118.932373
6.826667 118.957275
6.832472 239.891968
6.838277 240.037018
6.844081 240.042099
6.849886 239.813980
6.855691 0.000000
6.861496 0.000000
6.867301 0.000000
6.873106 203.878769
6.878911 203.848755
6.884717 199.173218
6.890522 159.225250
6.896327 126.654533
6.902132 126.395302
6.907937 394.129913
6.913742 394.484589
6.919547 393.170746
6.925352 386.669281
6.931157 384.131622
6.936962 175.177185
6.942767 175.151505
6.948571 175.044785
6.954376 350.150848
6.960181 317.909637
6.965986 317.124939
6.971791 317.430756
6.977596 318.711853
6.983401 175.144089
6.989206 175.576157
6.995011 342.884918
7.000816 347.768311
7.006621 349.850433
7.012426 350.666992
7.018231 351.244232
7.024036 350.322693
7.029841 345.605835
7.035646 346.360901
7.041451 347.977570
7.047256 348.473816
7.053061 349.154633
7.058866 350.202881
7.064671 348.731598
7.070476 337.024353
7.076281 333.356537
7.082086 328.098572
7.087891 325.517609
7.093696 326.149567
7.099501 326.364258
7.105306 325.707153
7.111111 324.214630
7.116916 322.175568
7.122721 320.233826
7.128526 318.247833
7.134331 316.141266
7.140136 315.376099
7.145941 315.637390
7.151746 316.181458
7.157551 316.303833
7.163356 315.949677
7.169161 315.452240
7.174966 315.028564
7.180771 314.948486
7.186576 315.315277
7.192381 315.928284
7.198186 316.334930
7.203991 316.243073
7.209796 315.778107
7.215601 315.353546
7.221406 315.762177
7.227211 318.281586
7.233016 320.745850
7.238821 100.143715
7.244626 148.879440
7.250431 155.651627
7.256236 159.164200
7.262041 104.592598
7.267846 104.810928
7.273651 158.060135
7.279456 315.765747
7.285261 316.362885
7.291066 316.096741
7.296871 315.307861
7.302676 314.328522
7.308481 313.584473
7.314286 313.622894
7.320091 313.836609
7.325896 313.647034
7.331701 313.072906
7.337506 312.521362
7.343311 312.268494
7.349116 628.272705
7.354921 630.450928
7.360725 632.687500
7.366530 627.934998
7.372335 312.435272
7.378140 312.694763
7.383945 156.266769
7.389750 156.336472
7.395555 313.009979
7.401361 313.242188
7.407166 313.659424
7.412971 313.856049
7.418776 313.746796
7.424581 156.771744
7.430386 313.789673
7.436191 313.620422
7.441996 313.564575
7.447801 313.756683
7.453606 156.855942
7.459411 156.701752
7.465215 156.577805
7.471020 313.813080
7.476825 314.119598
7.482630 314.169800
7.488435 313.936005
7.494240 156.858109
7.500045 156.642456
7.505850 156.388397
7.511655 156.294937
7.517460 156.410110
7.523265 156.538467
7.529070 156.498734
7.534875 156.462952
7.540680 313.005432
7.546485 312.682739
7.552290 312.152954
7.558095 311.909210
7.563900 311.979553
7.569705 312.202972
7.575510 312.563873
7.581315 312.941101
7.587120 313.086334
7.592925 313.001404
7.598730 312.780945
7.604535 312.629944
7.610340 312.706268
7.616145 312.944336
7.621950 313.264313
7.627755 313.440979
7.633560 313.286957
7.639365 313.231354
7.645170 313.240814
7.650975 313.274994
7.656780 313.515869
7.662585 313.642883
7.668390 313.169250
7.674195 312.477631
7.680000 312.480713
7.685805 313.061279
7.691610 313.290192
7.697415 313.059387
7.703220 312.704346
7.709025 312.351135
7.714830 312.064484
7.720635 311.949799
7.726440 311.984985
7.732245 312.041748
7.738050 312.176453
7.743855 312.322662
7.749660 312.452881
7.755465 312.621613
7.761270 312.766235
7.767075 312.900208
7.772880 313.144440
7.778685 313.445160
7.784490 313.483887
7.790295 313.279846
7.796100 313.141205
7.801905 313.171051
7.807710 313.094482
7.813515 312.641266
7.819320 312.217957
7.825125 312.250092
7.830930 312.728699
7.836735 313.373444
7.842540 313.656708
7.848345 313.545563
7.854150 313.695160
7.859955 313.969727
7.865760 313.780914
7.871564 313.324036
7.877369 313.284576
7.883174 313.735413
7.888979 314.052887
7.894784 313.906097
7.900589 313.760223
7.906394 313.993835
7.912199 314.421814
7.918005 314.647308
7.923810 314.446136
7.929615 313.995514
7.935420 313.447784
7.941225 312.874634
7.947030 156.228836
7.952835 156.811661
7.958640 158.199493
7.964445 266.504639
7.970250 207.493195
7.976054 208.374908
7.981859 209.121597
7.987664 209.602463
7.993469 210.406799
7.999274 156.941528
8.005079 157.045044
8.010884 157.176605
8.016689 312.570251
8.022494 104.640076
8.028299 104.687897
8.034104 157.792557
8.039909 586.378845
8.045714 197.183243
8.051519 199.451584
8.057324 201.621460
8.063129 134.125534
8.068934 133.999146
8.074739 133.520325
8.080544 115.592537
8.086349 115.750496
8.092155 116.821182
8.097960 117.073196
8.103765 117.267220
8.109570 117.414154
8.115375 87.904579
8.121180 87.869072
8.126985 869.718323
8.132789 175.663513
8.138594 175.577164
8.144399 175.626801
8.150204 175.744461
8.156009 148.488144
8.161814 147.868164
8.167619 147.575165
8.173424 99.098534
8.179229 99.095047
8.185034 99.170929
8.190839 99.248634
8.196644 99.250793
8.202449 175.444290
8.208254 175.797043
8.214059 175.892960
8.219864 175.943039
8.225669 176.190948
8.231474 176.721359
8.237279 177.012085
8.243084 117.347679
8.248889 117.208969
8.254694 175.759064
8.260499 175.576447
8.266304 175.504456
8.272109 175.518555
8.277914 175.444611
8.283719 175.331451
8.289524 175.306915
8.295329 175.473068
8.301134 175.897018
8.306939 176.518936
8.312744 176.957657
8.318549 177.072998
8.324354 177.106812
8.330159 177.190475
8.335963 117.914352
8.341768 117.998337
8.347573 118.153694
8.353378 117.971260
8.359183 147.716980
8.364988 147.718735
8.370793 147.815292
8.376598 147.941727
8.382403 147.890549
8.388208 147.672180
8.394013 147.492798
8.399818 147.594864
8.405623 147.891617
8.411428 231.788956
8.417233 174.526489
8.423038 174.248169
8.428843 147.687836
8.434649 147.717880
8.440454 147.491150
8.446259 147.153427
8.452064 146.956711
8.457869 146.912903
8.463674 147.023560
8.469479 147.160217
8.475284 73.724312
8.481089 73.757957
8.486894 147.677811
8.492699 147.738327
8.498504 182.797562
8.504309 181.521667
8.510114 148.409531
8.515919 148.316498
8.521724 148.169556
8.527529 148.501282
8.533334 932.584473
8.539139 86.005646
8.544943 114.778183
8.550748 913.458130
8.556553 916.112183
8.562358 211.975815
8.568163 104.928009
8.573968 944.260376
8.579773 921.378845
8.585578 156.358673
8.591383 156.468903
8.597188 311.837799
8.602993 311.792938
8.608798 313.419098
8.614603 315.741943
8.620408 315.081940
8.626213 313.019928
8.632018 196.954956
8.637823 196.884781
8.643628 316.832397
8.649433 317.821442
8.655238 317.966461
8.661043 317.103912
8.666848 843.934021
8.672653 302.769104
8.678458 300.434174
8.684263 299.295105
8.690068 228.309952
8.695873 183.974380
8.701678 155.997208
8.707483 78.253021
8.713288 134.087708
8.719093 134.100525
8.724898 819.874451
8.730703 809.306274
8.736508 801.502808
8.742313 794.620300
8.748117 790.659851
8.753922 261.559113
8.759727 260.605591
8.765532 259.657654
8.771338 259.064819
8.777143 259.384491
8.782948 260.097748
8.788753 260.723846
8.794558 261.431793
8.800363 87.298058
8.806168 260.894379
8.811973 260.356445
8.817778 259.936676
8.823583 259.886810
8.829388 260.148743
8.835193 131.410873
8.840998 131.519806
8.846803 131.586441
8.852608 87.136520
8.858413 87.253235
8.864218 820.882019
8.870023 833.314087
8.875828 354.907867
8.881633 354.853729
8.887438 354.637970
8.893243 352.195740
8.899048 341.017609
8.904853 339.703247
8.910658 831.935059
8.916463 831.743652
8.922268 835.400757
8.928073 156.821503
8.933878 132.376877
8.939683 156.408264
8.945488 104.400604
8.951293 104.674339
8.957097 314.157593
8.962902 314.638123
8.968707 314.713959
8.974512 314.736267
8.980317 158.462418
8.986122 158.156525
8.991927 104.957268
8.997732 313.337860
9.003537 312.705139
9.009342 312.203156
9.015147 155.915253
9.020952 311.571686
9.026757 310.565979
9.032562 309.597626
9.038367 309.669861
9.044172 104.125786
9.049977 104.445068
9.055782 104.563644
9.061587 157.861008
9.067392 157.813797
9.073197 157.681442
9.079002 105.733162
9.084807 106.018875
9.090612 106.389091
9.096417 106.645279
9.102222 322.310669
9.108027 322.950531
9.113832 322.240387
9.119637 319.596802
9.125443 317.302216
9.131248 316.022278
9.137053 313.855713
9.142858 311.175354
9.148663 309.404602
9.154468 308.055237
9.160272 307.330566
9.166077 307.262054
9.171882 307.531982
9.177687 308.057770
9.183492 308.707306
9.189297 309.198547
9.195102 309.668823
9.200907 310.653534
9.206712 312.464294
9.212517 314.259613
9.218322 315.616272
9.224127 317.012817
9.229932 318.673981
9.235737 323.136597
9.241542 316.560333
9.247347 314.014008
9.253152 312.336792
9.258957 310.868622
9.264762 299.456573
9.270567 287.033081
9.276372 264.444672
9.282177 263.499969
9.287982 260.987732
9.293787 259.300201
9.299592 254.565338
9.305397 253.533829
9.311202 253.507248
9.317007 253.892258
9.322812 255.071594
9.328617 256.655060
9.334422 257.782104
9.340227 258.873138
9.346032 259.937286
9.351837 260.545410
9.357642 260.895325
9.363446 261.105591
9.369251 260.617615
9.375056 257.895416
9.380861 249.826752
9.386666 252.098099
9.392471 259.257050
9.398276 104.951080
9.404081 105.014366
9.409886 0.000000
9.415691 0.000000
9.421496 205.274551
9.427301 206.229385
9.433106 208.336380
9.438911 208.912766
9.444716 209.142273
9.450521 188.377167
9.456326 187.540268
9.462132 0.000000
9.467937 0.000000
9.473742 253.757523
9.479547 238.591599
9.485352 237.700211
9.491157 237.571152
9.496962 236.673203
9.502767 235.282242
9.508572 234.485382
9.514377 234.031418
9.520182 234.200531
9.525987 235.663910
9.531792 239.073303
9.537597 242.733841
9.543402 244.472244
9.549207 245.719467
9.555012 247.151566
9.560817 831.571045
9.566622 882.750061
9.572426 910.180969
9.578231 132.256516
9.584036 132.600784
9.589841 259.262512
9.595646 261.131073
9.601451 261.095734
9.607256 261.146301
9.613061 261.594818
9.618866 131.281830
9.624671 131.275879
9.630476 131.295059
9.636281 131.377151
9.642086 87.942993
9.647891 263.989807
9.653696 263.440460
9.659501 263.285858
9.665306 263.221771
9.671111 263.184479
9.676916 263.314453
9.682721 263.509888
9.688526 263.628479
9.694331 263.759521
9.700136 263.969757
9.705941 264.047668
9.711746 263.745117
9.717551 263.306519
9.723356 262.940002
9.729161 262.643402
9.734966 262.523529
9.740771 262.576874
9.746576 262.562866
9.752381 262.277283
9.758186 261.891388
9.763991 261.239807
9.769796 257.694611
9.775600 256.576874
9.781405 0.000000
9.787210 183.963913
9.793015 184.224930
9.798820 132.292725
9.804626 131.994324
9.810431 2679.269043
9.816236 2667.162109
9.822041 106.227516
9.827846 95.583076
9.833651 246.977753
9.839456 943.405090
9.845261 951.376953
9.851066 960.148193
9.856871 965.243958
9.862676 965.624512
9.868481 961.410339
9.874286 155.208633
9.880091 310.465179
9.885896 310.418060
9.891701 310.296967
9.897506 310.097809
9.903311 309.875763
9.909116 103.675331
9.914921 104.520615
9.920726 104.949142
9.926531 105.104805
9.932336 105.163544
9.938141 105.106560
9.943946 105.108253
9.949751 105.127014
9.955556 105.105049
9.961361 105.138603
9.967166 105.962097
9.972971 106.056854
9.978776 106.171837
9.984580 104.366234
9.990385 104.521751
9.996190 104.599304
10.001995 104.763535
10.007800 0.000000
10.013605 0.000000
10.019410 0.000000
10.025215 105.080971
10.031020 104.990211
10.036825 105.090866
10.042630 105.181465
10.048435 105.077713
10.054240 104.994179
10.060045 105.142815
10.065850 105.942223
10.071655 106.266655
10.077460 105.599106
10.083265 105.634857
10.089070 105.636673
10.094875 105.471207
10.100680 105.363625
10.106485 105.386871
10.112290 105.571579
10.118095 105.436317
10.123900 104.821411
10.129705 104.921852
10.135510 316.321533
10.141315 316.612244
10.147120 190.977325
10.152925 190.677521
10.158731 125.671730
10.164536 125.960945
10.170341 117.589691
10.176146 117.752136
10.181951 117.907944
10.187755 117.964027
10.193560 117.813622
10.199365 117.547981
10.205170 117.430000
10.210975 117.435547
10.216780 117.482803
10.222585 117.435860
10.228390 234.729416
10.234195 235.042252
10.240000 471.973785
10.245805 117.643845
10.251610 353.335602
10.257415 353.728424
10.263220 353.429108
10.269025 352.287323
10.274830 117.767075
10.280635 881.062195
10.286440 880.976868
10.292245 131.998062
10.298050 131.988205
10.303855 264.005371
10.309660 117.478264
10.315465 117.440071
10.321270 324.344177
10.327075 326.795166
10.332880 326.612396
10.338685 231.984833
10.344490 198.714264
10.350295 169.324463
10.356100 168.805557
10.361905 131.069794
10.367710 131.098297
10.373515 131.129898
10.379320 131.120377
10.385125 131.247192
10.390930 131.498917
10.396734 131.721283
10.402539 131.861237
10.408344 131.928680
10.414149 131.927948
10.419954 131.979477
10.425759 131.987473
10.431564 208.412720
10.437369 87.668663
10.443174 118.361588
10.448979 130.369934
10.454784 260.742554
10.460589 261.419403
10.466394 581.208008
10.472199 578.628601
10.478004 577.252502
10.483809 577.995850
10.489614 195.646500
10.495420 195.936600
10.501225 0.000000
10.507030 115.142380
10.512835 202.373688
10.518640 180.843979
10.524445 0.000000
10.530250 2647.743652
10.536055 100.742783
10.541860 2791.632324
10.547665 2920.044434
10.553470 3004.005371
10.559275 3046.774658
10.565080 3068.221680
10.570885 472.114868
10.576690 236.301468
10.582495 959.115662
10.588300 969.984985
10.594105 975.220215
10.599909 977.447205
10.605714 85.736404
10.611519 978.329773
10.617324 86.502411
10.623129 86.499458
10.628934 59.117065
10.634739 59.114639
10.640544 117.752411
10.646349 117.891296
10.652154 117.969650
10.657959 117.918770
10.663764 117.671333
10.669569 117.395401
10.675374 117.406548
10.681179 117.509621
10.686984 299.231506
10.692789 298.090027
10.698594 285.302673
10.704399 285.117950
10.710204 214.817535
10.716009 176.140945
10.721814 173.248581
10.727619 153.981094
10.733424 116.310081
10.739229 116.651184
10.745034 116.763214
10.750839 149.273239
10.756644 149.077469
10.762449 118.179955
10.768254 118.186897
10.774059 118.141296
10.779864 117.924294
10.785669 117.158974
10.791474 117.113739
10.797279 117.169418
10.803084 117.186089
10.808888 117.022240
10.814693 116.906563
10.820498 117.013458
10.826303 117.187080
10.832108 117.428642
10.837914 117.822083
10.843719 118.103905
10.849524 118.307983
10.855329 118.320183
10.861134 0.000000
10.866939 227.118011
10.872744 226.031754
10.878549 225.074158
10.884354 0.000000
10.890159 240.138138
10.895964 96.484283
10.901769 0.000000
10.907574 194.492233
10.913379 365.669006
10.919184 366.602448
10.924989 369.449738
10.930794 371.560486
10.936599 204.177078
10.942404 98.666878
10.948209 392.019287
10.954014 391.226044
10.959819 196.524887
10.965624 197.473953
10.971429 197.166626
10.977234 196.653885
10.983039 195.566711
10.988844 393.874725
10.994649 662.823059
11.000454 191.479599
11.006259 191.054092
11.012063 400.534119
11.017868 197.131042
11.023673 196.426773
11.029478 196.185043
11.035283 120.313293
11.041088 120.430717
11.046893 0.000000
11.052698 0.000000
11.058503 176.705719
11.064308 176.761642
11.070113 177.076584
11.075918 120.152397
11.081723 120.128746
11.087528 120.055878
11.093333 119.946480
11.099138 356.131195
11.104943 355.553436
11.110748 176.693146
11.116553 176.214844
11.122358 353.393219
11.128163 353.250519
11.133968 353.795441
11.139773 178.567184
11.145578 177.641251
11.151383 177.135315
11.157188 353.343536
11.162993 353.067261
11.168798 352.878601
11.174603 352.531921
11.180408 415.501678
11.186213 88.097443
11.192019 88.074509
11.197824 0.000000
11.203629 343.852356
11.209434 169.977097
11.215239 285.960541
11.221043 264.351318
11.226848 265.211700
11.232653 265.601776
11.238458 285.540558
11.244263 284.526154
11.250068 271.813904
11.255873 268.701447
11.261678 157.890808
11.267483 157.598953
11.273288 157.532303
11.279093 157.383286
11.284898 157.197556
11.290703 157.054352
11.296508 156.947876
11.302313 157.009506
11.308118 157.291641
11.313923 127.201241
11.319728 127.226929
11.325533 313.038177
11.331338 312.824799
11.337143 312.287964
11.342948 311.506683
11.348753 155.912750
11.354558 156.255493
11.360363 156.363800
11.366168 156.121872
11.371973 155.403015
11.377778 265.497314
11.383583 266.648895
11.389388 304.217407
11.395193 302.686096
11.400998 120.543907
11.406803 120.429466
11.412608 120.275795
11.418413 114.342972
11.424217 114.608658
11.430022 114.845490
11.435827 147.210648
11.441632 147.277512
11.447437 147.063507
11.453242 147.569839
11.459047 147.873138
11.464852 147.955841
11.470657 147.991516
11.476462 148.129211
11.482267 148.796600
11.488072 149.076035
11.493877 148.737015
11.499682 291.245300
11.505487 147.849243
11.511292 148.207993
11.517097 148.756470
11.522902 149.031662
11.528708 149.112213
11.534513 149.083374
11.540318 148.925491
11.546123 308.306854
11.551928 308.416748
11.557733 308.463104
11.563538 1077.463013
11.569343 1077.132812
11.575148 1078.950073
11.580953 1090.272583
11.586758 148.053833
11.592563 95.890221
11.598368 188.317490
11.604173 187.542389
11.609978 186.983231
11.615783 135.902191
11.621588 134.337006
11.627392 118.770752
11.633197 133.528717
11.639002 133.503525
11.644807 133.504211
11.650612 133.385483
11.656417 265.658478
11.662222 133.035126
11.668027 133.248184
11.673832 1060.931641
11.679637 256.341125
11.685442 256.749298
11.691247 538.031433
11.697052 258.990387
11.702857 258.568054
11.708662 259.128998
11.714467 260.219849
11.720272 260.352081
11.726077 260.297699
11.731882 260.664856
11.737687 261.888275
11.743492 266.120636
11.749297 267.374512
11.755102 267.247681
11.760907 266.890045
11.766712 134.178375
11.772517 293.799438
11.778322 132.021149
11.784127 329.600128
11.789932 329.507599
11.795737 329.352600
11.801542 329.296906
11.807347 251.655472
11.813152 251.279953
11.818957 251.919754
11.824762 252.930588
11.830567 253.552673
11.836371 253.957001
11.842176 254.739014
11.847981 256.779266
11.853786 258.655212
11.859591 259.226227
11.865396 237.752411
11.871202 93.318115
11.877007 301.861359
11.882812 270.290253
11.888617 269.727783
11.894422 269.850525
11.900227 270.337128
11.906032 104.294556
11.911837 207.114136
11.917642 206.423935
11.923447 414.176392
11.929252 417.903534
11.935057 420.907196
11.940862 422.328674
11.946667 422.143860
11.952472 124.196014
11.958277 203.698151
11.964082 203.783737
11.969887 203.927094
11.975692 161.714661
11.981497 161.237564
11.987302 0.000000
11.993107 332.528900
11.998912 334.534668
12.004717 345.329437
12.010522 348.897583
12.016327 350.908356
12.022132 352.237732
12.027937 354.399872
12.033742 362.378815
12.039546 364.321228
12.045351 358.664520
12.051156 355.998871
12.056961 354.831390
12.062766 354.653412
12.068571 356.372223
12.074376 359.262238
12.080181 362.502594
12.085986 366.842194
12.091791 374.883301
12.097596 382.402679
12.103401 386.558289
12.109206 390.178986
12.115011 393.017426
12.120816 394.711182
12.126621 395.764832
12.132426 396.598389
12.138231 397.738861
12.144036 399.170654
12.149841 400.323273
12.155646 400.726135
12.161451 400.657257
12.167256 400.563965
12.173061 400.532959
12.178866 401.717377
12.184671 400.268036
12.190476 393.990173
12.196281 389.528076
12.202086 388.268677
12.207891 389.225677
12.213696 391.325012
12.219501 393.786499
12.225307 392.890930
12.231112 389.241486
12.236917 386.835205
12.242722 265.059692
12.248526 265.968231
12.254331 266.116211
12.260136 265.328430
12.265941 264.127350
12.271746 104.685944
12.277551 104.785416
12.283356 104.825096
12.289161 104.181259
12.294966 277.244781
12.300771 277.963745
12.306576 104.379143
12.312381 104.239014
12.318186 0.000000
12.323991 0.000000
12.329796 0.000000
12.335601 207.834641
12.341406 207.618927
12.347211 207.248749
12.353016 100.979126
12.358821 200.413025
12.364626 180.081802
12.370431 180.135559
12.376236 316.976990
12.382041 316.325317
12.387846 315.489197
12.393651 315.159119
12.399456 316.872681
12.405261 318.888306
12.411066 318.533508
12.416871 317.763519
12.422676 317.007202
12.428481 316.190704
12.434286 315.622345
12.440091 316.300140
12.445896 318.234070
12.451700 320.592712
12.457505 323.342773
12.463310 325.948700
12.469115 328.422913
12.474920 172.623810
12.480725 172.835297
12.486530 173.242859
12.492335 173.375946
12.498140 175.748138
12.503945 177.346954
12.509750 177.757111
12.515555 177.940475
12.521360 356.719604
12.527165 355.135590
12.532970 352.542603
12.538775 351.388489
12.544580 115.828171
12.550385 115.532532
12.556190 115.148582
12.561996 345.936646
12.567801 345.606110
12.573606 345.024078
12.579411 345.208527
12.585216 346.584686
12.591021 348.489288
12.596826 349.912506
12.602631 351.269836
12.608436 353.171356
12.614241 355.123566
12.620046 357.214722
12.625851 359.814240
12.631656 361.494751
12.637461 362.377533
12.643266 363.258209
12.649071 364.494995
12.654876 367.022736
12.660680 371.247498
12.666485 368.965240
12.672290 365.532379
12.678095 363.361511
12.683900 179.802460
12.689705 179.773773
12.695510 178.938644
12.701315 175.354599
12.707120 175.522202
12.712925 116.335815
12.718730 116.179962
12.724535 116.040581
12.730340 115.959572
12.736145 115.747932
12.741950 86.607780
12.747755 115.174561
12.753560 115.564301
12.759365 345.011200
12.765170 345.647003
12.770975 345.879761
12.776780 345.444305
12.782585 345.001770
12.788390 172.677948
12.794195 172.920807
12.800000 116.139290
12.805805 116.567604
12.811610 116.696068
12.817415 116.433731
12.823220 116.016754
12.829025 173.097748
12.834830 172.185989
12.840635 171.580338
12.846440 169.765350
12.852245 322.774597
12.858050 320.039673
12.863854 318.149170
12.869659 316.458344
12.875464 314.727661
12.881269 313.556152
12.887074 313.371948
12.892879 313.832062
12.898685 315.028503
12.904490 316.773773
12.910295 316.435883
12.916100 314.343109
12.921905 312.624908
12.927710 311.300049
12.933515 309.908508
12.939320 308.292725
12.945125 143.838699
12.950930 142.599869
12.956735 269.633087
12.962540 269.157257
12.968345 268.528320
12.974150 267.304626
12.979955 264.838623
12.985760 262.682098
12.991565 262.032898
12.997370 261.838654
13.003175 261.864502
13.008980 262.198669
13.014785 262.446594
13.020590 262.394562
13.026395 262.212097
13.032200 262.098267
13.038005 262.696045
13.043810 268.651245
13.049615 182.172943
13.055420 183.478317
13.061225 183.328064
13.067030 181.979401
13.072834 128.318726
13.078639 128.443954
13.084444 117.808533
13.090249 117.858025
13.096054 111.577049
13.101859 107.551079
13.107664 107.600479
13.113469 236.190918
13.119274 235.821335
13.125079 235.594040
13.130884 235.525650
13.136689 235.515457
13.142494 235.555359
13.148299 235.584595
13.154104 235.491531
13.159909 235.365784
13.165714 235.315903
13.171519 235.311752
13.177324 235.388214
13.183129 235.594803
13.188934 235.764603
13.194739 235.916153
13.200544 117.525208
13.206349 235.724091
13.212154 235.332626
13.217959 235.241852
13.223764 235.269897
13.229569 235.156998
13.235374 234.976883
13.241179 234.729599
13.246984 234.502411
13.252789 234.838287
13.258595 235.312393
13.264400 235.129944
13.270205 117.208397
13.276009 117.198914
13.281814 117.309654
13.287619 117.545464
13.293424 117.781532
13.299229 117.951500
13.305034 117.984070
13.310839 236.147507
13.316644 236.292740
13.322449 236.316605
13.328254 117.957878
13.334059 118.078262
13.339864 118.073021
13.345669 117.997124
13.351474 117.936127
13.357279 117.780594
13.363084 117.630646
13.368889 117.664536
13.374694 117.828087
13.380499 117.899277
13.386304 117.828583
13.392109 117.703270
13.397914 117.604424
13.403719 117.513786
13.409524 117.761536
13.415329 118.110092
13.421134 118.224167
13.426939 118.117699
13.432744 117.956123
13.438549 117.833214
13.444354 117.228462
13.450159 116.919121
13.455964 238.103043
13.461769 117.378014
13.467574 118.137108
13.473379 118.277283
13.479183 118.449142
13.484988 118.421387
13.490793 118.181030
13.496598 117.930786
13.502403 117.713760
13.508208 235.100967
13.514013 235.605499
13.519818 235.737808
13.525623 117.619553
13.531428 117.634361
13.537233 117.729225
13.543038 117.765495
13.548843 117.734413
13.554648 117.798347
13.560453 117.821838
13.566258 117.644241
13.572063 117.333641
13.577868 117.163895
13.583673 117.107063
13.589478 117.007286
13.595284 117.001328
13.601089 117.376198
13.606894 117.893494
13.612699 118.111893
13.618504 118.034744
13.624309 98.782066
13.630114 98.899330
13.635919 117.181122
13.641724 234.374527
13.647529 234.075226
13.653334 198.211731
13.659139 197.744919
13.664944 197.438705
13.670749 198.042160
13.676554 199.844727
13.682359 200.421677
13.688163 200.197693
13.693968 99.005722
13.699773 99.208717
13.705578 232.260788
13.711383 231.510956
13.717188 231.183411
13.722993 231.631729
13.728798 232.237701
13.734603 232.963699
13.740408 234.595245
13.746213 236.852509
13.752018 238.032227
13.757823 239.042099
13.763628 241.152634
13.769433 281.579681
13.775238 277.560333
13.781043 277.314301
13.786848 208.946823
13.792653 209.064819
13.798458 177.054337
13.804263 176.769043
13.810068 94.857552
13.815873 203.758072
13.821678 185.206802
13.827483 186.616043
13.833288 175.093643
13.839093 705.304321
13.844898 355.699005
13.850703 177.633301
13.856508 176.932388
13.862313 176.154984
13.868118 175.594650
13.873923 175.060501
13.879728 174.821640
13.885533 175.070328
13.891337 175.170837
13.897142 174.904663
13.902947 174.398361
13.908752 346.172882
13.914557 344.349396
13.920362 343.457184
13.926167 343.512756
13.931973 344.181854
13.937778 344.312927
13.943583 233.335007
13.949388 279.058990
13.955193 277.859497
13.960998 277.755310
13.966803 282.470734
13.972608 156.875610
13.978413 156.940948
13.984218 265.120575
13.990023 263.965881
13.995828 155.520111
14.001633 155.517700
14.007438 156.214096
14.013243 156.589920
14.019048 156.257889
14.024853 619.976318
14.030658 155.695572
14.036463 156.099899
14.042268 156.594849
14.048073 156.876236
14.053878 156.919113
14.059683 156.582611
14.065488 156.096420
14.071293 156.661270
14.077098 157.252731
14.082903 157.434235
14.088708 157.687805
14.094513 158.007156
14.100317 158.131409
14.106122 158.666473
14.111927 159.098633
14.117732 155.795898
14.123537 155.756622
14.129342 155.921875
14.135147 157.827881
14.140952 0.000000
14.146757 0.000000
14.152562 151.682129
14.158367 151.423126
14.164172 151.051620
14.169977 114.696312
14.175782 148.288956
14.181587 148.053024
14.187392 147.929047
14.193197 147.942459
14.199002 147.978073
14.204807 147.921951
14.210612 147.781189
14.216417 147.705368
14.222222 147.697495
14.228027 147.659103
14.233832 147.783249
14.239637 148.201172
14.245442 148.649414
14.251247 149.173584
14.257052 293.479889
14.262857 145.384018
14.268662 295.595306
14.274467 296.383820
14.280272 296.622223
14.286077 264.342438
14.291883 280.688477
14.297688 281.268738
14.303492 281.653198
14.309297 148.228714
14.315102 74.223930
14.320907 74.333015
14.326712 202.620407
14.332517 193.522858
14.338322 136.890152
14.344127 137.166901
14.349932 132.220123
14.355737 129.577896
14.361542 129.630814
14.367347 132.262451
14.373152 258.691681
14.378957 272.446899
14.384762 271.825592
14.390567 131.367676
14.396372 131.488510
14.402177 131.779541
14.407982 132.064835
14.413787 132.214676
14.419592 132.150208
14.425397 131.992950
14.431202 131.919006
14.437007 131.893967
14.442812 131.903763
14.448617 132.008499
14.454422 132.101654
14.460227 131.902313
14.466032 131.418381
14.471837 130.922867
14.477642 257.116608
14.483447 252.344711
14.489252 117.000999
14.495057 116.795372
14.500862 225.604385
14.506667 220.904205
14.512471 219.642731
14.518276 218.939850
14.524081 217.635635
14.529886 114.932068
14.535691 114.815735
14.541496 117.868118
14.547301 117.875404
14.553106 117.879654
14.558911 117.870140
14.564716 117.262787
14.570521 116.763176
14.576326 116.738815
14.582131 116.812569
14.587936 233.354095
14.593741 233.373215
14.599546 233.159393
14.605351 233.145248
14.611156 233.565918
14.616961 233.845398
14.622766 234.195847
14.628572 234.650604
14.634377 234.900864
14.640182 234.931625
14.645987 235.038788
14.651792 116.785324
14.657597 116.449158
14.663402 117.235664
14.669207 117.504326
14.675012 117.787712
14.680817 236.145493
14.686622 236.540359
14.692427 236.902435
14.698232 237.615005
14.704037 155.790009
14.709842 238.126999
14.715646 237.146835
14.721451 236.747040
14.727256 236.711426
14.733061 393.975677
14.738866 393.692627
14.744671 393.479095
14.750476 236.981155
14.756281 236.542770
14.762086 235.668808
14.767891 234.360992
14.773696 234.006241
14.779501 234.688110
14.785306 235.213272
14.791111 235.958420
14.796916 156.927383
14.802721 473.560760
14.808526 474.415741
14.814331 198.481277
14.820136 198.258759
14.825941 198.208725
14.831746 198.207932
14.837551 393.322174
14.843356 395.931641
14.849161 397.473755
14.854966 236.207443
14.860771 203.201996
14.866576 169.812653
14.872381 169.820892
14.878186 169.653137
14.883991 165.334686
14.889796 127.756020
14.895601 108.458687
14.901406 104.312439
14.907211 104.715668
14.913016 106.496902
14.918821 316.798431
14.924625 317.652283
14.930430 317.390411
14.936235 315.178375
14.942040 313.317108
14.947845 311.915192
14.953650 310.833191
14.959455 310.306458
14.965261 310.265594
14.971066 311.421783
14.976871 314.689117
14.982676 318.650543
14.988481 325.972076
14.994286 335.984192
15.000091 345.802887
15.005896 350.402893
15.011701 351.076721
15.017506 351.221527
15.023311 352.736389
15.029116 354.389893
15.034921 355.270752
15.040726 354.973511
15.046531 353.704193
15.052336 352.481293
15.058141 352.228363
15.063946 352.761566
15.069751 353.224548
15.075556 353.301392
15.081361 352.956177
15.087166 352.569611
15.092971 352.791504
15.098776 353.248840
15.104581 353.333344
15.110386 353.026886
15.116191 352.790802
15.121996 352.554474
15.127800 351.849945
15.133605 350.655396
15.139410 297.200165
15.145215 296.068024
15.151020 294.710785
15.156825 293.665833
15.162630 293.792969
15.168435 295.276642
15.174240 296.189697
15.180045 296.006470
15.185850 235.564606
15.191655 236.021698
15.197460 236.477768
15.203265 236.332535
15.209070 236.055435
15.214875 236.245285
15.220680 236.267700
15.226485 0.000000
15.232290 0.000000
15.238095 237.112518
15.243900 236.913376
15.249705 236.191757
15.255510 235.316925
15.261315 234.926422
15.267120 235.142761
15.272925 257.689453
15.278730 281.339355
15.284535 282.076843
15.290340 284.450043
15.296145 287.477753
15.301950 289.434509
15.307755 152.172043
15.313560 308.167114
15.319366 309.950317
15.325171 311.290405
15.330976 286.762787
15.336780 285.670227
15.342585 313.302643
15.348390 313.306610
15.354195 154.125412
15.360000 154.027481
15.365805 153.796356
15.371610 302.108429
15.377415 302.196503
15.383220 302.916229
15.389025 304.431671
15.394830 306.630615
15.400635 309.771698
15.406440 313.459808
15.412245 158.688736
15.418050 160.005753
15.423855 321.941406
15.429660 320.831543
15.435465 319.304932
15.441270 317.941681
15.447075 104.972382
15.452880 308.308777
15.458685 306.160706
15.464490 305.595978
15.470295 305.185974
15.476100 304.465912
15.481905 304.094391
15.487710 304.396759
15.493515 305.304535
15.499320 307.426453
15.505125 309.908051
15.510930 311.013458
15.516735 311.905914
15.522540 313.697113
15.528345 319.466431
15.534150 321.364532
15.539954 321.380676
15.545759 159.085526
15.551564 319.948425
15.557369 319.752380
15.563174 160.493835
15.568979 160.543396
15.574784 325.128326
15.580589 357.465057
15.586394 357.089447
15.592199 359.324890
15.598004 157.438919
15.603809 182.177689
15.609614 359.715485
15.615419 356.413635
15.621224 356.922882
15.627029 358.040161
15.632834 357.880005
15.638639 319.006317
15.644444 319.897614
15.650249 346.895416
15.656054 345.145020
15.661860 103.721985
15.667665 104.026421
15.673470 339.273010
15.679275 156.339462
15.685080 156.691193
15.690885 157.111267
15.696690 157.409454
15.702495 157.352997
15.708300 157.187637
15.714105 157.097061
15.719910 157.032669
15.725715 157.038818
15.731520 156.658585
15.737325 155.907089
15.743129 155.683914
15.748934 155.846924
15.754739 78.507919
15.760544 78.416748
15.766349 78.308815
15.772154 78.223976
15.777959 390.552612
15.783764 390.299225
15.789569 390.337341
15.795374 390.844940
15.801179 391.758759
15.806984 392.804535
15.812789 393.256622
15.818594 130.837906
15.824399 130.791489
15.830204 130.878189
15.836009 131.042969
15.841814 131.112137
15.847619 131.092743
15.853424 131.156799
15.859229 131.289246
15.865034 131.404099
15.870839 131.507507
15.876644 131.650482
15.882449 131.877335
15.888254 132.123322
15.894059 132.248795
15.899864 132.198624
15.905669 132.138641
15.911474 132.165695
15.917279 132.217209
15.923084 132.233871
15.928889 132.239883
15.934694 396.551361
15.940499 396.325195
15.946304 395.763367
15.952108 197.850632
15.957913 198.100815
15.963718 198.437546
15.969523 198.272873
15.975328 197.822418
15.981133 131.854462
15.986938 131.900436
15.992743 98.818504
15.998549 98.836823
16.004354 132.075546
16.010159 132.185165
16.015965 396.277618
16.021769 396.045471
16.027575 396.376099
16.033379 396.780701
16.039185 397.036255
16.044989 397.173065
16.050795 397.318604
16.056599 198.603073
16.062403 198.553574
16.068209 198.387726
16.074013 396.696960
16.079819 395.277100
16.085623 393.774628
16.091429 391.553314
16.097233 388.051392
16.103039 384.779602
16.108843 382.563568
16.114649 360.514679
16.120453 356.206482
16.126259 353.722809
16.132063 352.658386
16.137869 352.023682
16.143673 351.263550
16.149479 175.786865
16.155283 175.498276
16.161089 175.330399
16.166893 175.219086
16.172699 175.695526
16.178503 177.317047
16.184309 177.734772
16.190113 177.190475
16.195919 176.650696
16.201723 176.543198
16.207529 334.374573
16.213333 333.070709
16.219139 328.983917
16.224943 157.647934
16.230749 157.491898
16.236553 157.030319
16.242359 156.672195
16.248163 156.662598
16.253969 156.905869
16.259773 157.070862
16.265577 157.208664
16.271383 157.317108
16.277187 157.153351
16.282993 156.893021
16.288797 156.746353
16.294603 156.440811
16.300407 155.479935
16.306213 155.090805
16.312017 310.784607
16.317823 314.018372
16.323627 316.235107
16.329433 131.222900
16.335238 270.433685
16.341043 270.598907
16.346848 271.286530
16.352654 132.584686
16.358458 132.411621
16.364264 150.480026
16.370068 151.539032
16.375874 152.242004
16.381678 312.995636
16.387484 314.908569
16.393288 316.865082
16.399094 318.631958
16.404898 319.315857
16.410704 319.104858
16.416508 318.450989
16.422314 317.580536
16.428118 316.268524
16.433924 314.533356
16.439728 312.988464
16.445534 312.057983
16.451338 311.308533
16.457144 310.005035
16.462948 307.844849
16.468752 306.043182
16.474558 152.597305
16.480362 152.849487
16.486168 153.529800
16.491972 154.445572
16.497778 155.175690
16.503582 312.155609
16.509388 313.714355
16.515192 315.902557
16.520998 318.687683
16.526802 319.886688
16.532608 319.940063
16.538412 320.375977
16.544218 321.796448
16.550022 321.948303
16.555828 159.718964
16.561632 158.797562
16.567438 157.708267
16.573242 156.454910
16.579048 311.995941
16.584852 310.212952
16.590658 153.099747
16.596462 152.563385
16.602268 152.469482
16.608072 152.749222
16.613878 153.382919
16.619682 154.374695
16.625488 155.181229
16.631292 155.933640
16.637098 315.790802
16.642902 158.024429
16.648708 159.002151
16.654512 159.575653
16.660318 159.670029
16.666122 159.300812
16.671926 158.782211
16.677732 158.373123
16.683537 0.000000
16.689342 0.000000
16.695147 205.577530
16.700953 205.606705
16.706757 182.185150
16.712563 101.537460
16.718367 294.518524
16.724173 295.308990
16.729977 308.989807
16.735783 312.973846
16.741587 316.124847
16.747393 317.778748
16.753197 317.622437
16.759003 316.617035
16.764807 315.384064
16.770613 314.337952
16.776417 312.979767
16.782223 311.182281
16.788027 310.360016
16.793833 310.416473
16.799637 310.448944
16.805443 310.466492
16.811247 310.973450
16.817053 312.401520
16.822857 313.633362
16.828663 313.674988
16.834467 312.338348
16.840273 311.284637
16.846077 311.301361
16.851883 311.326233
16.857687 310.708710
16.863493 308.620880
16.869297 301.087067
16.875101 176.930054
16.880907 177.484909
16.886711 134.116211
16.892517 105.713287
16.898321 307.652527
16.904127 306.366760
16.909931 303.958710
16.915737 301.184937
16.921541 298.612396
16.927347 297.378723
16.933151 296.956451
16.938957 296.280090
16.944761 295.193604
16.950567 294.353638
16.956371 295.290741
16.962177 297.261566
16.967981 298.621765
16.973787 300.148956
16.979591 299.882385
16.985397 297.490601
16.991201 593.579041
16.997007 591.101685
17.002811 584.369812
17.008617 151.451309
17.014421 151.531052
17.020227 290.725586
17.026031 289.764954
17.031837 284.085022
17.037642 282.994385
17.043447 283.589752
17.049252 283.429626
17.055058 281.446930
17.060862 277.164917
17.066668 274.697083
17.072472 273.676208
17.078278 275.476501
17.084082 266.925659
17.089886 266.924988
17.095692 266.641144
17.101496 265.086792
17.107302 263.869659
17.113106 263.521881
17.118912 262.139282
17.124716 260.509033
17.130522 259.746918
17.136326 259.059662
17.142132 258.178070
17.147936 258.311462
17.153742 259.326080
17.159546 260.577606
17.165352 261.318054
17.171156 261.262817
17.176962 130.162949
17.182766 130.063324
17.188572 259.271851
17.194376 259.260376
17.200182 259.341583
17.205986 259.393494
17.211792 258.937836
17.217596 258.561737
17.223402 260.456451
17.229206 262.023804
17.235012 129.985580
17.240816 129.705261
17.246622 129.450836
17.252426 129.282166
17.258232 124.169746
17.264036 236.851715
17.269842 235.842239
17.275646 235.188171
17.281452 234.268250
17.287256 233.119339
17.293060 232.481247
17.298866 232.577744
17.304670 233.107834
17.310476 233.853821
17.316280 234.982117
17.322086 235.393051
17.327890 235.179947
17.333696 235.298096
17.339500 237.219650
17.345306 238.213303
17.351110 238.452957
17.356916 238.406357
17.362720 237.856720
17.368526 237.032059
17.374331 236.574997
17.380136 236.031662
17.385941 235.406937
17.391747 226.156158
17.397551 227.446640
17.403357 221.882156
17.409161 220.319656
17.414967 187.190063
17.420771 187.336700
17.426577 187.024078
17.432381 118.098770
17.438187 104.255356
17.443991 101.022896
17.449797 100.923164
17.455601 98.736816
17.461407 102.384575
17.467211 207.834198
17.473017 207.923904
17.478821 208.009659
17.484627 208.226776
17.490431 104.872925
17.496235 105.017723
17.502041 209.833084
17.507845 209.913818
17.513651 209.828873
17.519455 209.672180
17.525261 209.571854
17.531065 209.466919
17.536871 209.112518
17.542675 208.804092
17.548481 208.789001
17.554285 208.992859
17.560091 209.141663
17.565895 208.097733
17.571701 207.843765
17.577505 208.127640
17.583311 209.028687
17.589115 210.135544
17.594921 211.072769
17.600725 105.086853
17.606531 104.711327
17.612335 104.137642
17.618141 104.054276
17.623945 207.898788
17.629751 208.219482
17.635555 104.706841
17.641361 104.483047
17.647165 104.393837
17.652971 104.307953
17.658775 209.212234
17.664581 104.243011
17.670385 104.294884
17.676191 104.387611
17.681995 208.997742
17.687801 209.760849
17.693605 209.981094
17.699409 214.931320
17.705215 215.282013
17.711020 209.457214
17.716825 209.408630
17.722630 209.327911
17.728436 209.271637
17.734240 209.244202
17.740046 209.214249
17.745850 209.161530
17.751656 209.214706
17.757460 209.293060
17.763266 104.582649
17.769070 209.443909
17.774876 210.185455
17.780680 198.454193
17.786486 198.051392
17.792290 196.995148
17.798096 206.793549
17.803900 105.388214
17.809706 105.330406
17.815510 105.467186
17.821316 105.576614
17.827120 105.371521
17.832926 104.687782
17.838730 208.705490
17.844536 208.726791
17.850340 208.905655
17.856146 209.222809
17.861950 209.471878
17.867756 209.515839
17.873560 105.344528
17.879366 105.235939
17.885170 209.378143
17.890976 209.101761
17.896780 209.159729
17.902586 209.398621
17.908390 209.783295
17.914194 210.291092
17.920000 210.562042
17.925804 210.677475
17.931610 210.915451
17.937414 211.163300
17.943220 211.250153
17.949024 105.294472
17.954830 105.354996
17.960634 105.298019
17.966440 105.080193
17.972244 104.976860
17.978050 104.877350
17.983854 209.590790
17.989660 209.212936
17.995464 208.919083
18.001270 266.662781
18.007074 229.377487
18.012880 240.674408
18.018684 241.448898
18.024490 242.736343
18.030294 260.669556
18.036100 261.115570
18.041904 262.515381
18.047710 264.753967
18.053514 265.629333
18.059320 265.493347
18.065125 265.094666
18.070930 264.519440
18.076735 263.631439
18.082541 262.625336
18.088345 261.851807
18.094151 261.201935
18.099955 260.795654
18.105761 260.732208
18.111565 260.921631
18.117369 260.950836
18.123175 260.985291
18.128979 261.553741
18.134785 263.133728
18.140589 264.546326
18.146395 265.117615
18.152199 287.296234
18.158005 90.494553
18.163809 90.958870
18.169615 91.063461
18.175419 265.187622
18.181225 264.181305
18.187029 263.712097
18.192835 263.365143
18.198639 263.028137
18.204445 263.157990
18.210249 262.861877
18.216055 262.038818
18.221859 261.847443
18.227665 261.931641
18.233469 261.828918
18.239275 261.519104
18.245079 261.399811
18.250885 261.851624
18.256689 262.445618
18.262495 262.274200
18.268299 262.186249
18.274105 262.419189
18.279909 262.665314
18.285715 262.553741
18.291519 262.330597
18.297325 262.493866
18.303129 263.025208
18.308935 264.151672
18.314739 265.684326
18.320543 265.649139
18.326349 207.001099
18.332153 207.665298
18.337959 262.030670
18.343763 262.856598
18.349569 132.001663
18.355373 87.745178
18.361179 87.807198
18.366983 131.985489
18.372789 264.062042
18.378593 263.620453
18.384399 263.555450
18.390203 263.848755
18.396009 264.340179
18.401814 264.903931
18.407619 265.518127
18.413424 265.844543
18.419230 265.693054
18.425034 265.476532
18.430840 265.300293
18.436644 265.098419
18.442450 265.011719
18.448254 265.283752
18.454060 266.007538
18.459864 267.334320
18.465670 268.854156
18.471474 269.912262
18.477280 104.535385
18.483084 104.668922
18.488890 136.466476
18.494694 136.421432
18.500500 298.513428
18.506304 305.586639
18.512110 308.670837
18.517914 310.166138
18.523718 311.372864
18.529524 313.287659
18.535328 317.234253
18.541134 320.826172
18.546938 321.548492
18.552744 319.340729
18.558548 317.272186
18.564354 315.988525
18.570158 314.438934
18.575964 312.375641
18.581768 311.264679
18.587574 311.343079
18.593378 208.043060
18.599184 208.057144
18.604988 310.534271
18.610794 309.866211
18.616598 309.815186
18.622404 309.768158
18.628208 309.214172
18.634014 308.651276
18.639818 307.964325
18.645624 306.474884
18.651428 304.478912
18.657234 303.171936
18.663038 302.118683
18.668844 300.421570
18.674648 298.470337
18.680454 297.303192
18.686258 296.753662
18.692064 296.255981
18.697868 295.409821
18.703674 294.308777
18.709478 293.377289
18.715284 292.739105
18.721088 292.614227
18.726892 293.173584
18.732698 294.213989
18.738503 295.117493
18.744308 295.697388
18.750113 296.213623
18.755919 296.875519
18.761723 297.695160
18.767529 298.017761
18.773333 297.437805
18.779139 296.236084
18.784943 294.744843
18.790749 293.821869
18.796553 294.311218
18.802359 295.532837
18.808163 296.048706
18.813969 296.070221
18.819773 295.836090
18.825579 263.411346
18.831383 263.018646
18.837189 263.019379
18.842993 210.688797
18.848799 210.286407
18.854603 77.311150
18.860409 202.423645
18.866213 202.163742
18.872019 202.011642
18.877823 202.949631
18.883629 204.783585
18.889433 147.408722
18.895239 0.000000
18.901043 0.000000
18.906849 0.000000
18.912653 0.000000
18.918459 120.472145
18.924263 122.954391
18.930069 123.457520
18.935873 123.783623
18.941677 206.239914
18.947483 611.168640
18.953287 304.362976
18.959093 302.557892
18.964897 301.647491
18.970703 300.987244
18.976507 300.141296
18.982313 299.033722
18.988117 298.375580
18.993923 298.484772
18.999727 298.496490
19.005533 297.875916
19.011337 147.486374
19.017143 147.465073
19.022947 147.382050
19.028753 146.942215
19.034557 146.556183
19.040363 146.392960
19.046167 146.416168
19.051973 146.529892
19.057777 146.499893
19.063583 146.363449
19.069387 146.359329
19.075193 292.284271
19.080997 293.008575
19.086803 293.972137
19.092607 147.245956
19.098413 147.348892
19.104218 147.175095
19.110023 146.904572
19.115828 146.644928
19.121634 146.394012
19.127438 292.504456
19.133244 292.647614
19.139048 293.044769
19.144852 293.285065
19.150658 293.472992
19.156462 293.834930
19.162268 294.007416
19.168072 147.301819
19.173878 147.297150
19.179682 147.283585
19.185488 293.819458
19.191292 293.521362
19.197098 293.318268
19.202902 293.794281
19.208708 294.839813
19.214512 295.484924
19.220318 295.122101
19.226122 294.325256
19.231928 294.263519
19.237732 294.822723
19.243538 295.448547
19.249342 147.621170
19.255148 429.948456
19.260952 478.131927
19.266758 484.030609
19.272562 488.412445
19.278368 488.081848
19.284172 98.367134
19.289978 293.656708
19.295782 293.555603
19.301588 293.689941
19.307392 293.658051
19.313198 293.488495
19.319002 293.668610
19.324808 294.207428
19.330612 295.032318
19.336418 295.841492
19.342222 148.317657
19.348026 148.385895
19.353832 296.022552
19.359636 294.022461
19.365442 290.909149
19.371246 327.730835
19.377052 99.239685
19.382856 99.221710
19.388662 172.669388
19.394466 173.108566
19.400272 173.465729
19.406076 337.929932
19.411882 340.120026
19.417686 115.851501
19.423492 173.339432
19.429296 173.638458
19.435102 173.820618
19.440907 352.391327
19.446712 351.914764
19.452517 350.579742
19.458323 349.374634
19.464127 349.646576
19.469933 350.562439
19.475737 350.546875
19.481543 350.373718
19.487347 350.053406
19.493153 350.054077
19.498957 350.538757
19.504763 350.941345
19.510567 350.755951
19.516373 350.625000
19.522177 351.304779
19.527983 175.019974
19.533787 174.916092
19.539593 174.861481
19.545397 174.873322
19.551201 175.370789
19.557007 175.747864
19.562811 174.388702
19.568617 172.431946
19.574421 197.143768
19.580227 383.651947
19.586031 381.739990
19.591837 0.000000
19.597641 238.156525
19.603447 239.523682
19.609251 177.201431
19.615057 194.010757
19.620861 97.437019
19.626667 202.602005
19.632471 195.187988
19.638277 195.726089
19.644081 195.872711
19.649887 194.885635
19.655691 383.689270
19.661497 381.058197
19.667301 370.908447
19.673107 366.293610
19.678911 361.832306
19.684717 357.322571
19.690521 353.421906
19.696327 350.949219
19.702131 349.136505
19.707937 347.598450
19.713741 347.000397
19.719547 347.225006
19.725351 347.741241
19.731157 348.511536
19.736961 349.655609
19.742767 350.758514
19.748571 352.005859
19.754377 353.246155
19.760181 353.681702
19.765985 352.874573
19.771791 350.824615
19.777596 341.208771
19.783401 334.670502
19.789206 325.473816
19.795012 319.731201
19.800816 316.125183
19.806622 313.723083
19.812426 311.022675
19.818232 308.883484
19.824036 308.864441
19.829842 309.938019
19.835646 311.054413
19.841452 311.207764
19.847256 311.021057
19.853062 311.182831
19.858866 311.710022
19.864672 312.305603
19.870476 312.575745
19.876282 312.521362
19.882086 312.161255
19.887892 311.685608
19.893696 311.542358
19.899502 311.646027
19.905306 311.631409
19.911112 311.364380
19.916916 311.014893
19.922722 310.687683
19.928526 310.555908
19.934332 310.878387
19.940136 310.085938
19.945942 306.855438
19.951746 305.971924
19.957552 306.580688
19.963356 308.198334
19.969160 155.620361
19.974966 157.033234
19.980770 318.441162
19.986576 318.233795
19.992380 317.560822
19.998186 317.116364
20.003990 316.923584
20.009796 316.779297
20.015600 316.581909
20.021406 316.492706
20.027210 316.670868
20.033016 316.721863
20.038820 316.219818
20.044626 315.332825
20.050430 314.524078
20.056236 313.976837
20.062040 313.522949
20.067846 312.993774
20.073650 312.840485
20.079456 313.019165
20.085260 313.006805
20.091066 312.908295
20.096870 312.794617
20.102676 312.521759
20.108480 312.495148
20.114286 313.594360
20.120090 315.608276
20.125896 317.978821
20.131701 322.128540
20.137506 78.492668
20.143311 183.420761
20.149117 182.033661
20.154921 181.425873
20.160727 187.806961
20.166531 348.950378
20.172335 351.755066
20.178141 355.310822
20.183945 356.761780
20.189751 356.439056
20.195555 177.253815
20.201361 177.071609
20.207165 118.183296
20.212971 176.947083
20.218775 353.247803
20.224581 352.581604
20.230385 351.626190
20.236191 350.328430
20.241995 348.955292
20.247801 347.628937
20.253605 346.608429
20.259411 345.986572
20.265215 345.648834
20.271021 345.421539
20.276825 345.377869
20.282631 345.648254
20.288435 345.787262
20.294241 345.030243
20.300045 343.600739
20.305851 341.995789
20.311655 341.756317
20.317461 169.919235
20.323265 170.252380
20.329071 176.213928
20.334875 166.313736
20.340681 149.259872
20.346485 0.000000
20.352291 79.602257
20.358095 79.578079
20.363901 154.158432
20.369705 0.000000
20.375509 303.654480
20.381315 301.398651
20.387119 300.287415
20.392925 160.576797
20.398729 160.070984
20.404535 159.194382
20.410339 158.579010
20.416145 158.400482
20.421949 78.437645
20.427755 1697.143921
20.433559 285.766724
20.439365 287.317291
20.445169 290.797699
20.450975 295.331238
20.456779 298.044067
20.462585 299.864227
20.468390 302.579681
20.474195 308.025146
20.480000 309.803894
20.485806 312.006958
20.491610 314.263916
20.497416 316.669739
20.503220 317.524902
20.509026 317.191437
20.514830 316.656281
20.520636 316.065765
20.526440 315.079285
20.532246 313.328918
20.538050 312.083221
20.543856 311.714111
20.549660 311.586761
20.555466 311.061646
20.561270 309.984955
20.567076 309.032684
20.572880 308.253693
20.578686 307.652771
20.584490 307.682983
20.590294 308.366089
20.596100 309.454224
20.601904 310.879822
20.607710 312.570068
20.613514 314.501740
20.619320 316.546051
20.625124 160.171631
20.630930 160.379211
20.636734 160.345917
20.642540 159.995850
20.648344 159.349762
20.654150 159.131653
20.659954 318.141632
20.665760 318.120270
20.671564 318.436035
20.677370 319.042999
20.683174 319.486755
20.688980 319.198730
20.694784 317.575104
20.700590 158.808197
20.706394 315.716675
20.712200 315.094238
20.718004 314.283081
20.723810 312.997498
20.729614 311.029419
20.735420 308.652771
20.741224 307.003479
20.747030 306.645630
20.752834 307.611816
20.758640 309.399109
20.764444 311.100555
20.770250 312.917206
20.776054 314.808960
20.781860 316.174957
20.787664 317.036041
20.793468 317.366058
20.799274 317.252319
20.805079 316.903778
20.810884 316.438049
20.816689 315.830475
20.822495 315.099518
20.828299 314.448975
20.834105 314.108215
20.839909 314.352234
20.845715 315.076019
20.851519 315.696960
20.857325 315.489197
20.863129 314.036530
20.868935 311.910767
20.874739 307.808594
20.880545 298.937012
20.886349 293.743561
20.892155 184.267212
20.897959 181.006729
20.903765 180.725082
20.909569 361.149536
20.915375 360.111206
20.921179 358.612549
20.926985 357.057526
20.932789 355.346954
20.938595 353.951019
20.944399 353.574341
20.950205 353.354462
20.956009 352.782013
20.961815 352.333038
20.967619 352.317169
20.973425 352.566559
20.979229 352.485077
20.985035 351.869934
20.990839 351.368805
20.996643 351.020905
21.002449 350.673706
21.008253 350.387909
21.014059 350.164886
21.019863 175.103378
21.025669 175.084549
21.031473 351.752319
21.037279 351.959229
21.043083 351.706055
21.048889 351.478760
21.054693 175.203384
21.060499 175.340027
21.066303 175.542969
21.072109 175.511322
21.077913 175.141785
21.083719 174.826874
21.089523 174.640717
21.095329 174.645248
21.101133 349.719727
21.106939 350.785797
21.112743 351.788574
21.118549 351.586792
21.124353 350.975983
21.130159 350.847565
21.135963 351.366058
21.141769 175.178207
21.147573 174.998184
21.153379 174.873795
21.159184 349.965698
21.164989 349.767853
21.170794 174.926086
21.176600 174.952332
21.182404 349.912903
21.188210 350.236511
21.194014 350.602509
21.199818 351.270599
21.205624 351.950165
21.211428 352.300659
21.217234 352.351807
21.223038 352.278778
21.228844 352.181366
21.234648 176.190552
21.240454 176.194687
21.246258 176.276581
21.252064 176.545395
21.257868 354.830231
21.263674 354.655243
21.269478 354.127167
21.275284 353.512299
21.281088 352.870453
21.286894 351.930603
21.292698 350.795471
21.298504 349.957245
21.304308 349.972656
21.310114 350.590057
21.315918 351.266266
21.321724 350.927582
21.327528 350.182404
21.333334 350.218781
21.339138 350.615143
21.344944 350.941803
21.350748 351.649414
21.356554 353.845337
21.362358 356.935699
21.368164 359.338348
21.373968 361.368622
21.379774 363.296448
21.385578 376.747437
21.391384 380.516998
21.397188 386.901337
21.402992 0.000000
21.408798 205.147400
21.414602 203.782639
21.420408 203.623810
21.426212 202.897552
21.432018 133.981308
21.437822 400.425995
21.443628 400.334442
21.449432 399.685852
21.455238 398.606934
21.461042 397.624573
21.466848 396.633118
21.472652 395.461914
21.478458 394.411774
21.484262 393.389252
21.490068 392.379639
21.495872 391.649994
21.501678 391.373596
21.507483 391.013489
21.513288 389.859161
21.519093 389.087250
21.524899 388.622162
21.530703 387.655121
21.536509 386.211212
21.542313 384.892792
21.548119 384.111328
21.553923 382.814575
21.559729 381.085999
21.565533 379.365936
21.571339 377.328064
21.577143 375.022064
21.582949 372.734314
21.588753 370.135315
21.594559 367.997742
21.600363 366.290680
21.606169 363.826843
21.611973 361.155975
21.617777 359.430939
21.623583 357.276276
21.629387 353.742462
21.635193 350.766174
21.640997 348.960693
21.646803 348.069733
21.652607 347.726776
21.658413 347.402191
21.664217 347.048706
21.670023 347.186157
21.675827 348.276672
21.681633 350.347595
21.687437 352.445679
21.693243 354.484131
21.699047 355.855164
21.704853 355.695526
21.710657 354.422791
21.716463 352.616516
21.722267 350.278564
21.728073 349.060638
21.733877 293.288788
21.739683 294.091583
21.745487 296.453674
21.751293 302.016693
21.757097 308.115265
21.762903 320.846527
21.768707 298.121063
21.774513 176.690643
21.780317 176.888214
21.786123 156.412201
21.791927 155.782684
21.797733 122.166229
21.803537 0.000000
21.809343 94.475464
21.815147 117.625092
21.820951 98.188858
21.826757 371.294800
21.832561 372.448639
21.838367 376.952972
21.844172 382.188568
21.849977 78.763672
21.855782 196.657715
21.861588 196.780121
21.867392 195.891586
21.873198 192.961166
21.879002 355.104858
21.884808 355.291382
21.890612 360.762482
21.896418 176.104523
21.902222 357.852722
21.908028 356.956848
21.913832 356.834686
21.919638 356.241730
21.925442 354.915009
21.931248 353.993500
21.937052 176.478668
21.942858 117.650925
21.948662 351.783539
21.954468 351.164185
21.960272 350.916870
21.966078 350.628448
21.971882 350.145325
21.977688 349.668091
21.983492 349.350708
21.989298 349.194946
21.995102 349.254639
22.000908 349.694275
22.006712 350.163757
22.012518 174.953278
22.018322 174.839340
22.024126 174.890411
22.029932 349.350098
22.035736 349.263336
22.041542 348.881958
22.047346 348.568146
22.053152 348.580261
22.058956 348.724487
22.064762 348.711029
22.070566 348.755035
22.076372 349.033112
22.082176 349.174622
22.087982 348.891235
22.093786 348.432800
22.099592 348.286316
22.105396 174.232529
22.111202 156.386765
22.117006 156.535385
22.122812 157.058243
22.128616 346.209869
22.134422 171.613571
22.140226 178.634460
22.146032 178.446609
22.151836 181.345154
22.157642 147.150620
22.163446 133.885742
22.169252 103.008774
22.175056 103.141701
22.180862 103.956596
22.186666 119.644005
22.192472 119.792961
22.198277 0.000000
22.204082 672.299438
22.209887 671.452454
22.215693 156.136978
22.221497 156.086319
22.227301 156.223495
22.233107 156.391022
22.238911 156.404327
22.244717 156.251190
22.250521 117.434151
22.256327 117.273117
22.262131 117.226494
22.267937 156.339279
22.273741 156.114243
22.279547 156.008804
22.285351 156.237991
22.291157 156.495850
22.296961 156.623032
22.302767 313.628754
22.308571 314.600311
22.314377 316.094940
22.320181 981.256775
22.325987 116.869545
22.331791 116.709938
22.337597 124.115753
22.343401 124.029678
22.349207 121.818726
22.355011 317.326355
22.360817 317.759399
22.366621 317.410431
22.372427 58.216846
22.378231 156.427872
22.384037 156.727509
22.389841 156.931488
22.395647 314.642975
22.401451 314.080139
22.407257 312.135193
22.413061 156.785370
22.418867 311.176544
22.424671 311.704590
22.430477 311.907867
22.436281 311.962677
22.442085 312.546753
22.447891 313.370697
22.453695 103.778488
22.459501 103.595261
22.465305 152.332840
22.471111 151.031830
22.476915 150.606400
22.482721 115.936165
22.488525 997.194641
22.494331 650.210022
22.500135 0.000000
22.505941 122.121414
22.511745 121.874557
22.517551 200.387283
22.523355 203.671753
22.529161 204.237152
22.534966 0.000000
22.540771 0.000000
22.546576 0.000000
22.552382 200.710068
22.558186 197.786285
22.563992 396.971771
22.569796 396.253265
22.575602 396.079315
22.581406 396.552521
22.587212 396.447784
22.593016 393.593842
22.598822 389.701019
22.604626 388.736511
22.610432 391.215729
22.616236 196.239731
22.622042 195.132263
22.627846 194.453110
22.633652 193.150330
22.639456 191.525497
22.645260 191.023911
22.651066 191.310638
22.656870 191.429932
22.662676 190.711075
22.668480 377.916504
22.674286 377.137512
22.680090 149.506897
22.685896 186.106720
22.691700 184.961136
22.697506 184.249252
22.703310 151.462189
22.709116 150.865280
22.714920 99.439865
22.720726 99.472145
22.726530 0.000000
22.732336 2392.590576
22.738140 356.701721
22.743946 719.780334
22.749750 357.164886
22.755556 356.640961
22.761360 2332.043945
22.767166 2314.941650
22.772970 2335.277100
22.778776 176.717728
22.784580 176.253174
22.790386 175.974564
22.796190 175.911179
22.801996 175.976456
22.807800 176.085663
22.813606 176.013901
22.819410 175.661270
22.825216 175.021790
22.831020 174.487686
22.836826 348.879120
22.842630 349.490723
22.848434 1293.383057
22.854240 1291.914429
22.860044 177.000366
22.865850 177.510147
22.871655 177.874237
22.877460 177.934845
22.883265 177.888474
22.889071 159.112411
22.894875 158.701477
22.900681 156.057175
22.906485 676.870056
22.912291 161.111099
22.918095 160.655182
22.923901 160.078842
22.929705 159.562805
22.935511 158.326157
22.941315 158.175766
22.947121 158.083466
22.952925 157.941650
22.958731 157.905151
22.964535 157.855988
22.970341 157.546478
22.976145 157.016693
22.981951 313.409973
22.987755 313.387115
22.993561 156.654739
22.999365 156.765503
23.005171 156.840897
23.010975 156.920395
23.016781 156.423416
23.022585 155.896759
23.028391 155.919556
23.034195 155.805344
23.040001 155.551117
23.045805 154.836716
23.051609 153.962891
23.057415 153.481766
23.063219 153.183929
23.069025 152.651733
23.074829 151.974945
23.080635 151.256989
23.086439 149.718979
23.092245 149.164154
23.098049 299.386078
23.103855 302.105621
23.109659 305.505035
23.115465 150.850098
23.121269 151.925980
23.127075 152.921890
23.132879 148.599945
23.138685 148.432159
23.144489 148.525391
23.150295 1074.070312
23.156099 1076.381714
23.161905 227.479935
23.167709 1079.457031
23.173515 1080.604004
23.179319 1080.664185
23.185125 1078.279175
23.190929 1076.318970
23.196735 1076.236084
23.202539 1077.708984
23.208345 1081.255493
23.214149 148.160706
23.219955 148.244888
23.225760 190.884399
23.231565 190.820404
23.237370 190.975403
23.243176 197.263031
23.248980 0.000000
23.254784 135.247559
23.260590 132.609039
23.266394 136.529053
23.272200 136.846130
23.278004 606.252136
23.283810 611.305603
23.289614 108.079987
23.295420 135.204727
23.301224 135.132080
23.307030 131.238449
23.312834 131.117538
23.318640 255.259399
23.324444 255.317963
23.330250 255.023239
23.336054 171.647858
23.341860 170.843384
23.347664 253.454239
23.353470 254.234039
23.359274 257.900574
23.365080 259.830383
23.370884 260.752197
23.376690 263.795563
23.382494 269.625366
23.388300 271.433533
23.394104 273.351562
23.399910 275.019531
23.405714 275.358185
23.411520 274.917480
23.417324 273.996857
23.423130 550.862000
23.428934 261.563568
23.434740 260.937592
23.440544 260.440460
23.446350 259.040497
23.452154 256.989746
23.457960 257.249847
23.463764 261.622711
23.469568 263.819244
23.475374 264.984406
23.481178 267.426483
23.486984 271.182098
23.492788 272.438019
23.498594 273.973328
23.504398 275.518066
23.510204 274.029388
23.516008 272.638336
23.521814 272.601990
23.527618 273.420471
23.533424 274.942474
23.539228 118.500153
23.545034 208.795761
23.550838 208.900558
23.556644 208.725159
23.562449 208.752533
23.568254 260.845398
23.574059 260.994171
23.579865 88.545815
23.585669 88.567024
23.591475 0.000000
23.597279 128.542023
23.603085 137.350266
23.608889 137.182587
23.614695 136.969757
23.620499 114.188576
23.626305 103.643158
23.632109 96.795731
23.637915 96.720116
23.643719 105.631294
23.649525 209.265457
23.655329 209.378723
23.661135 208.988724
23.666939 88.052895
23.672743 88.138779
23.678549 105.119835
23.684353 533.722656
23.690159 531.073547
23.695963 264.075043
23.701769 75.267807
23.707573 65.741753
23.713379 65.810730
23.719183 104.900230
23.724989 210.079102
23.730793 209.464188
23.736599 104.264977
23.742403 104.313416
23.748209 314.657898
23.754013 105.294357
23.759819 105.162964
23.765623 104.984840
23.771429 104.986069
23.777233 104.922615
23.783039 330.708313
23.788843 316.692139
23.794649 317.299347
23.800453 356.116302
23.806259 355.936554
23.812063 357.951508
23.817869 362.115814
23.823673 363.072296
23.829479 361.189484
23.835283 357.456543
23.841089 355.191895
23.846893 353.717743
23.852699 353.003571
23.858503 353.320587
23.864309 354.876984
23.870113 356.971924
23.875917 360.058319
23.881723 365.721222
23.887527 370.929138
23.893333 377.358734
23.899137 383.397064
23.904943 388.678192
23.910748 392.268097
23.916553 394.555939
23.922358 396.507782
23.928164 397.877411
23.933968 397.911011
23.939774 396.340363
23.945578 395.227783
23.951384 262.563110
23.957188 263.007019
23.962994 263.364197
23.968798 1585.771606
23.974604 194.959808
23.980408 196.310150
23.986214 197.155029
23.992018 197.641586
23.997824 197.827850
24.003628 395.892487
24.009434 395.905884
24.015238 397.140198
24.021044 398.564972
24.026848 398.796417
24.032654 397.495911
24.038458 261.832367
24.044264 262.412994
24.050068 262.779327
24.055874 200.422241
24.061678 105.230545
24.067484 449.834290
24.073288 261.493683
24.079092 262.981201
24.084898 264.836914
24.090702 265.198303
24.096508 264.349548
24.102312 263.391510
24.108118 262.842010
24.113922 262.768738
24.119728 262.970154
24.125532 263.292023
24.131338 176.668137
24.137142 176.812363
24.142948 176.898346
24.148752 137.251816
24.154558 137.455307
24.160362 137.753967
24.166168 138.394699
24.171972 2352.339111
24.177778 2481.331055
24.183582 0.000000
24.189388 0.000000
24.195192 0.000000
24.200998 850.692139
24.206802 846.561707
24.212608 156.348282
24.218412 104.336105
24.224218 313.212585
24.230022 267.918396
24.235828 266.440216
24.241632 264.585541
24.247438 262.630157
24.253242 260.641724
24.259048 258.960052
24.264853 104.705788
24.270658 104.406639
24.276463 518.872620
24.282269 516.204346
24.288073 104.692734
24.293877 104.721588
24.299683 104.839066
24.305487 130.497650
24.311293 295.851807
24.317097 192.545425
24.322903 191.914139
24.328707 230.207504
24.334513 122.787094
24.340317 122.681839
24.346123 126.492210
24.351927 302.565247
24.357733 335.628387
24.363537 330.455139
24.369343 329.262238
24.375147 329.345551
24.380953 329.101379
24.386757 327.910034
24.392563 323.463959
24.398367 317.572510
24.404173 315.787994
24.409977 314.862152
24.415783 313.686401
24.421587 312.579773
24.427393 312.711182
24.433197 313.306396
24.439003 314.009369
24.444807 315.836670
24.450613 323.799500
24.456417 328.820435
24.462223 330.965576
24.468027 333.479889
24.473833 337.410339
24.479637 2481.088867
24.485443 2478.457031
24.491247 2482.993896
24.497051 350.017212
24.502857 352.053253
24.508661 353.723419
24.514467 354.994019
24.520271 355.510162
24.526077 354.940735
24.531881 353.344574
24.537687 351.483948
24.543491 350.152130
24.549297 349.283508
24.555101 348.144623
24.560907 346.667236
24.566711 345.257233
24.572517 344.513550
24.578321 344.476807
24.584127 344.800568
24.589931 345.398590
24.595737 347.331360
24.601542 2517.034424
24.607347 2518.652344
24.613152 353.310394
24.618958 355.134430
24.624762 357.441132
24.630568 359.140747
24.636372 360.710327
24.642178 362.450623
24.647982 363.080536
24.653788 362.315765
24.659592 361.349457
24.665398 360.459106
24.671202 359.581696
24.677008 358.663910
24.682812 192.722534
24.688618 191.811737
24.694422 163.274033
24.700226 2555.247559
24.706032 115.797035
24.711836 115.342209
24.717642 114.885605
24.723446 344.231903
24.729252 344.773468
24.735056 344.705536
24.740862 344.667297
24.746666 2569.133301
24.752472 2532.509521
24.758276 348.099884
24.764082 348.645782
24.769886 349.094971
24.775692 349.620331
24.781496 350.217102
24.787302 350.798035
24.793106 351.401123
24.798912 351.712860
24.804716 351.431458
24.810522 350.538757
24.816326 349.634827
24.822132 349.105530
24.827936 349.054047
24.833742 349.617310
24.839546 350.753113
24.845352 117.319077
24.851156 353.441956
24.856962 354.937469
24.862766 356.417267
24.868572 357.271332
24.874376 356.358459
24.880182 353.024231
24.885986 349.244598
24.891792 345.428284
24.897596 340.032776
24.903400 334.398376
24.909206 328.480011
24.915010 321.210785
24.920816 313.825653
24.926620 310.603333
24.932426 309.283600
24.938231 309.385651
24.944036 310.528687
24.949841 312.580627
24.955647 314.720367
24.961451 316.320343
24.967257 317.511536
24.973061 318.307220
24.978867 318.455292
24.984671 317.845917
24.990477 316.983276
24.996281 316.299377
25.002087 315.576538
25.007891 314.493347
25.013697 313.278015
25.019501 312.472809
25.025307 312.147675
25.031111 312.202454
25.036917 312.479126
25.042721 313.063934
25.048527 314.155975
25.054331 315.444702
25.060137 317.035034
25.065941 320.014435
25.071747 325.446442
25.077551 331.570374
25.083357 2705.876465
25.089161 2680.065430
25.094967 2679.513184
25.100771 354.867371
25.106575 357.502106
25.112381 358.792847
25.118185 359.178223
25.123991 358.833069
25.129795 358.031769
25.135601 357.126129
25.141405 356.391022
25.147211 355.747162
25.153015 354.682526
25.158821 353.102631
25.164625 351.756378
25.170431 351.165527
25.176235 351.456055
25.182041 352.612274
25.187845 354.782837
25.193651 358.192200
25.199455 362.422058
25.205261 366.659027
25.211065 370.914703
25.216871 375.536194
25.222675 379.694122
25.228481 382.807098
25.234285 385.269287
25.240091 387.279785
25.245895 388.560028
25.251701 389.170135
25.257505 389.390686
25.263311 389.530701
25.269115 389.741150
25.274921 389.995728
25.280725 390.286682
25.286531 390.598175
25.292336 390.697784
25.298141 390.452484
25.303946 390.099579
25.309752 389.922180
25.315556 195.020828
25.321360 195.104736
25.327166 390.511963
25.332970 390.775421
25.338776 390.997833
25.344580 391.226135
25.350386 391.462738
25.356190 391.694427
25.361996 391.851013
25.367800 391.821014
25.373606 391.715210
25.379410 392.033875
25.385216 393.694092
25.391020 544.508606
25.396826 525.108765
25.402630 523.366211
25.408436 261.514587
25.414240 0.000000
25.420046 186.989944
25.425850 186.538742
25.431656 186.452454
25.437460 186.532944
25.443266 186.102280
25.449070 196.826035
25.454876 196.823212
25.460680 196.747269
25.466486 196.423294
25.472290 116.810188
25.478096 116.674789
25.483900 116.318871
25.489706 147.136383
25.495510 118.117012
25.501316 118.129990
25.507120 233.959641
25.512926 234.645432
25.518730 117.772644
25.524534 117.614014
25.530340 117.668831
25.536144 117.601723
25.541950 117.387299
25.547754 117.375679
25.553560 117.434944
25.559364 117.556412
25.565170 117.749268
25.570974 117.928032
25.576780 118.019379
25.582584 118.100060
25.588390 118.207855
25.594194 118.316620
25.600000 117.927132
25.605804 616.491760
25.611610 620.543579
25.617414 0.000000
25.623220 170.503967
25.629025 700.022827
25.634830 0.000000
25.640635 194.494690
25.646441 194.739822
25.652245 184.827881
25.658051 184.892517
25.663855 185.613251
25.669661 195.305450
25.675465 195.796463
25.681271 196.001358
25.687075 196.087921
25.692881 196.259811
25.698685 117.996498
25.704491 118.117012
25.710295 118.159111
25.716101 118.042061
25.721905 117.889236
25.727709 234.565750
25.733515 234.228256
25.739319 233.838943
25.745125 117.457703
25.750929 177.877014
25.756735 177.878555
25.762539 354.697327
25.768345 0.000000
25.774149 154.466537
25.779955 168.809387
25.785759 168.505386
25.791565 168.090149
25.797369 0.000000
25.803175 152.305542
25.808979 152.349609
25.814785 152.061066
25.820589 151.160294
25.826395 301.128876
25.832199 302.022858
25.838005 148.493652
25.843809 148.652267
25.849615 149.846344
25.855419 150.104660
25.861225 150.035278
25.867029 150.047150
25.872835 150.256638
25.878639 149.494385
25.884445 147.942993
25.890249 146.464142
25.896055 146.928101
25.901859 147.905762
25.907665 148.080444
25.913469 148.038834
25.919275 148.450272
25.925079 150.404846
25.930883 150.494339
25.936689 148.241486
25.942493 147.502975
25.948299 174.977295
25.954103 196.845551
25.959909 196.478424
25.965714 186.059814
25.971519 131.109283
25.977324 131.286179
25.983130 131.196671
25.988934 131.053360
25.994740 131.033310
26.000544 134.531311
26.006350 134.298615
26.012154 272.735657
26.017960 271.758881
26.023764 269.597534
26.029570 267.745911
26.035374 132.028000
26.041180 131.631989
26.046984 131.416443
26.052790 131.286514
26.058594 131.154404
26.064400 264.099182
26.070204 262.985229
26.076010 261.918274
26.081814 261.692596
26.087620 131.282242
26.093424 233.242676
26.099230 234.112900
26.105034 234.495972
26.110840 234.157761
26.116644 232.814728
26.122450 232.645935
26.128254 117.128357
26.134060 248.840347
26.139864 0.000000
26.145668 179.173615
26.151474 179.951279
26.157278 0.000000
26.163084 117.342705
26.168888 117.225273
26.174694 105.242805
26.180498 117.315903
26.186304 236.812897
26.192108 116.050964
26.197914 234.500092
26.203718 234.222885
26.209524 234.123108
26.215328 234.419342
26.221134 117.399452
26.226938 117.414291
26.232744 235.529739
26.238548 234.898407
26.244354 233.691666
26.250158 232.560410
26.255964 231.827057
26.261768 231.189911
26.267574 230.667374
26.273378 230.948059
26.279184 231.372437
26.284988 230.824310
26.290794 227.630707
26.296598 226.980652
26.302404 233.001328
26.308208 234.217590
26.314014 234.944077
26.319818 235.287109
26.325624 235.532471
26.331429 236.360977
26.337234 237.363571
26.343039 237.667236
26.348843 237.891190
26.354649 237.895340
26.360453 237.617264
26.366259 118.434921
26.372063 197.613739
26.377869 197.447098
26.383673 197.077667
26.389479 196.483902
26.395283 117.822113
26.401089 118.009987
26.406893 196.975876
26.412699 197.234573
26.418503 118.082428
26.424309 117.950058
26.430113 117.873901
26.435919 117.856209
26.441723 117.839935
26.447529 117.863022
26.453333 117.920441
26.459139 117.881744
26.464943 116.356178
26.470749 118.106209
26.476553 118.237686
26.482359 118.205376
26.488163 234.659378
26.493969 233.854050
26.499773 232.224945
26.505579 231.427536
26.511383 165.917435
26.517189 156.681763
26.522993 117.059792
26.528799 117.159508
26.534603 97.483437
26.540409 97.475594
26.546213 91.217056
26.552017 118.154022
26.557823 118.150581
26.563627 118.063667
26.569433 117.866043
26.575237 117.681671
26.581043 235.464844
26.586847 235.359207
26.592653 117.855751
26.598457 236.020096
26.604263 237.182388
26.610067 117.821579
26.615873 117.941002
26.621677 0.000000
26.627483 118.635651
26.633287 118.558510
26.639093 0.000000
26.644897 0.000000
26.650703 0.000000
26.656507 0.000000
26.662313 115.607338
26.668118 469.014709
26.673923 195.836151
26.679728 196.092407
26.685534 197.669891
26.691338 197.927994
26.697144 0.000000
26.702948 99.221565
26.708754 99.194946
26.714558 355.735107
26.720364 355.384125
26.726168 354.486694
26.731974 353.270264
26.737778 352.208801
26.743584 350.101624
26.749388 331.477875
26.755192 330.512878
26.760998 327.722839
26.766802 324.764435
26.772608 323.147736
26.778412 322.006348
26.784218 320.416718
26.790022 318.853149
26.795828 317.809296
26.801632 317.722046
26.807438 318.806244
26.813242 320.575500
26.819048 322.587219
26.824852 325.442261
26.830658 331.902740
26.836462 340.926910
26.842268 346.928986
26.848072 349.384491
26.853878 350.167725
26.859682 350.359192
26.865488 350.800201
26.871292 352.184143
26.877098 240.069580
26.882902 178.622650
26.888708 178.023392
26.894512 177.195175
26.900318 176.075394
26.906122 175.253799
26.911928 175.073074
26.917732 175.107559
26.923538 175.058014
26.929342 174.710846
26.935148 174.764008
26.940952 293.876984
26.946758 175.438873
26.952562 175.360077
26.958366 350.478912
26.964172 350.575867
26.969976 350.682495
26.975782 350.539612
26.981586 350.341400
26.987392 350.060547
26.993196 349.420868
26.999002 348.012909
