0.000000 0.000000
0.005805 240.210831
0.011610 239.638733
0.017415 239.798340
0.023220 240.019791
0.029025 240.129120
0.034830 161.042770
0.040635 232.027802
0.046440 232.578583
0.052245 232.827637
0.058050 233.405640
0.063855 234.336975
0.069660 234.866196
0.075465 233.845505
0.081270 230.014252
0.087075 227.694992
0.092880 224.840210
0.098685 222.580505
0.104490 218.839035
0.110295 215.666733
0.116100 213.419235
0.121905 211.834000
0.127710 210.969513
0.133515 210.612610
0.139320 210.359253
0.145125 620.451843
0.150930 616.944397
0.156735 612.624817
0.162540 606.686890
0.168345 594.176514
0.174150 580.377319
0.179955 574.909790
0.185760 586.311401
0.191565 595.940369
0.197370 554.192444
0.203175 553.888672
0.208980 551.940186
0.214785 173.177612
0.220590 173.662689
0.226395 173.116043
0.232200 171.843369
0.238005 171.612411
0.243810 483.190918
0.249615 163.537292
0.255419 163.313583
0.261224 477.967987
0.267029 473.488647
0.272834 465.815002
0.278639 457.932037
0.284444 482.980377
0.290249 477.160858
0.296054 234.192902
0.301859 233.971085
0.307664 115.609619
0.313469 3809.848877
0.319274 106.364586
0.325079 155.933502
0.330884 156.234314
0.336689 156.334473
0.342494 156.255768
0.348299 155.950760
0.354104 155.788605
0.359909 155.686172
0.365714 154.646942
0.371519 154.285660
0.377324 154.322525
0.383129 155.165863
0.388934 155.740250
0.394739 155.758331
0.400544 155.855316
0.406349 155.919098
0.412154 155.928513
0.417959 155.852905
0.423764 155.678238
0.429569 155.516403
0.435374 155.372421
0.441179 155.184631
0.446984 155.104843
0.452789 155.218185
0.458594 155.284073
0.464399 155.257019
0.470204 155.400436
0.476009 311.051270
0.481814 311.193054
0.487619 155.476059
0.493424 311.060028
0.499229 311.538757
0.505034 311.828369
0.510839 156.068649
0.516644 184.974625
0.522449 185.416351
0.528254 185.941620
0.534059 187.032440
0.539864 189.217056
0.545669 191.748840
0.551474 193.607239
0.557279 194.067444
0.563084 193.583405
0.568889 207.871643
0.574694 207.107758
0.580499 2838.240967
0.586304 217.274094
0.592109 200.358292
0.597914 176.112640
0.603719 2741.423340
0.609524 101.502609
0.615329 94.395279
0.621134 88.636444
0.626939 2722.125732
0.632744 2724.635986
0.638549 2734.889648
0.644354 2779.705566
0.650159 2808.545654
0.655964 2761.073242
0.661769 2671.620117
0.667574 2646.124268
0.673379 1228.253418
0.679184 1226.656128
0.684989 1229.136230
0.690794 1232.687744
0.696599 0.000000
0.702404 0.000000
0.708209 125.823990
0.714014 131.292221
0.719819 131.894958
0.725624 138.200363
0.731429 284.966766
0.737234 285.669647
0.743039 285.506927
0.748844 285.230469
0.754649 285.417908
0.760454 286.711700
0.766258 144.752518
0.772063 288.809235
0.777869 288.464874
0.783673 288.505859
0.789478 289.148804
0.795283 290.004608
0.801088 290.256348
0.806893 289.627472
0.812698 288.127075
0.818503 286.159119
0.824308 283.967529
0.830113 281.613068
0.835918 279.667786
0.841723 278.225037
0.847528 138.086136
0.853333 137.827927
0.859138 137.700378
0.864943 1332.429565
0.870748 2689.274902
0.876553 130.773926
0.882358 130.921097
0.888163 263.886078
0.893968 257.522552
0.899773 252.810089
0.905578 250.090408
0.911383 248.759109
0.917188 247.879074
0.922993 228.934647
0.928798 227.975464
0.934603 2694.187744
0.940408 2665.785645
0.946213 2652.002441
0.952018 2634.712402
0.957823 2609.820557
0.963628 2588.138672
0.969433 2573.238770
0.975238 2572.155273
0.981043 2588.702393
0.986848 2609.673584
0.992653 2614.567139
0.998458 2608.528564
1.004263 2605.438477
1.010068 2603.907715
1.015873 124.027420
1.021678 124.056396
1.027483 124.200943
1.033288 124.314209
1.039093 124.308990
1.044898 248.095306
1.050703 246.956177
1.056508 245.458847
1.062313 2169.073486
1.068118 4196.845215
1.073923 4217.716797
1.079728 2195.926514
1.085533 453.976318
1.091338 124.103294
1.097143 124.130722
1.102948 2903.616455
1.108753 2788.469238
1.114558 2697.625000
1.120363 182.372391
1.126168 181.535919
1.131973 180.487198
1.137778 180.127716
1.143583 359.358368
1.149388 364.610962
1.155193 368.029480
1.160998 370.715454
1.166803 374.432800
1.172608 400.793945
1.178413 399.694885
1.184218 399.331726
1.190023 328.467194
1.195828 326.685577
1.201633 105.579468
1.207438 369.137024
1.213243 369.195892
1.219048 369.709381
1.224853 943.425720
1.230658 185.165970
1.236463 184.917847
1.242268 185.022568
1.248073 185.658081
1.253878 185.958359
1.259683 294.022980
1.265488 212.886063
1.271293 213.238617
1.277097 413.369293
1.282902 479.910919
1.288707 486.830200
1.294513 488.360321
1.300317 486.601318
1.306122 478.577484
1.311927 450.346191
1.317732 443.851624
1.323537 437.228424
1.329342 426.674469
1.335147 415.240570
1.340952 786.578369
1.346757 772.794250
1.352562 764.539490
1.358367 370.533722
1.364172 368.710602
1.369977 91.707642
1.375782 366.949554
1.381587 366.779633
1.387392 367.643646
1.393197 369.247498
1.399002 370.108307
1.404807 345.647278
1.410612 364.861206
1.416417 362.246033
1.422222 362.144897
1.428027 365.712677
1.433832 371.135986
1.439637 376.303528
1.445442 381.067474
1.451247 385.475800
1.457052 390.015900
1.462857 394.121033
1.468662 198.708969
1.474467 199.393326
1.480272 206.039383
1.486077 163.464584
1.491882 103.752022
1.497687 105.540344
1.503492 85.075340
1.509297 427.645660
1.515102 429.439270
1.520907 430.972290
1.526712 432.171875
1.532517 433.019348
1.538322 433.756805
1.544127 434.485748
1.549932 435.022858
1.555737 435.322876
1.561542 435.563599
1.567347 435.670776
1.573152 435.444916
1.578957 435.255524
1.584762 435.443726
1.590567 435.679169
1.596372 435.686127
1.602177 435.828278
1.607982 436.537994
1.613787 437.759308
1.619592 439.031616
1.625397 439.908630
1.631202 439.978790
1.637007 438.796570
1.642812 436.469849
1.648617 433.824799
1.654422 432.280914
1.660227 431.765961
1.666032 215.712921
1.671837 215.177750
1.677642 214.334534
1.683447 213.812836
1.689252 213.599274
1.695057 213.515411
1.700862 213.394241
1.706667 213.065704
1.712472 212.440277
1.718277 211.827515
1.724082 211.234131
1.729887 210.391510
1.735692 209.206711
1.741497 208.087128
1.747302 207.211975
1.753107 206.221512
1.758912 205.003021
1.764717 204.103455
1.770522 203.197662
1.776327 202.083359
1.782132 201.310471
1.787936 200.885651
1.793741 200.655869
1.799546 200.256287
1.805351 199.416855
1.811157 198.555252
1.816961 197.714050
1.822766 393.895081
1.828571 392.419464
1.834376 195.005676
1.840181 193.849487
1.845986 192.579010
1.851791 191.687042
1.857596 190.938339
1.863401 189.046814
1.869206 186.757431
1.875011 184.770874
1.880816 103.007996
1.886621 221.037979
1.892426 221.716553
1.898231 229.842209
1.904036 230.339096
1.909841 231.111847
1.915646 232.401474
1.921451 234.545166
1.927256 237.338638
1.933061 238.599915
1.938866 239.478653
1.944671 241.042816
1.950476 244.057205
1.956281 245.809753
1.962086 247.122726
1.967891 248.127747
1.973696 248.258347
1.979501 248.052017
1.985306 123.731255
1.991111 123.302322
1.996916 122.800819
2.002721 244.509460
2.008526 122.724541
2.014331 122.904549
2.020136 122.822571
2.025941 236.533722
2.031746 235.982330
2.037551 237.417130
2.043356 241.170776
2.049161 242.421829
2.054966 242.882889
2.060771 243.096619
2.066576 243.095169
2.072381 160.979980
2.078186 160.017776
2.083991 118.692581
2.089796 117.106430
2.095601 93.180557
2.101406 93.190620
2.107211 90.898331
2.113016 3985.731934
2.118821 4092.661133
2.124626 4143.278809
2.130431 75.787712
2.136236 249.155075
2.142041 246.563309
2.147846 245.794968
2.153651 245.597778
2.159456 236.780945
2.165261 493.109131
2.171066 490.963440
2.176871 492.265930
2.182676 462.651978
2.188481 459.631927
2.194286 220.465347
2.200091 220.622284
2.205896 222.499893
2.211701 223.324585
2.217506 223.074417
2.223311 227.523727
2.229116 211.679932
2.234921 185.057571
2.240726 184.922379
2.246531 184.896576
2.252336 185.055969
2.258141 185.221588
2.263946 185.323868
2.269751 185.325089
2.275556 185.316574
2.281361 185.334686
2.287166 185.255325
2.292970 196.955627
2.298775 202.837814
2.304580 202.024353
2.310385 200.994919
2.316190 198.645706
2.321995 185.731049
2.327801 185.115723
2.333606 175.020447
2.339411 246.325104
2.345215 246.324097
2.351020 4493.636230
2.356825 4663.602539
2.362630 356.091125
2.368435 354.722473
2.374240 353.500519
2.380045 321.420807
2.385850 288.937897
2.391655 288.815857
2.397460 318.690857
2.403265 316.340576
2.409070 314.583893
2.414875 315.316772
2.420680 316.660187
2.426485 317.978180
2.432290 318.990540
2.438095 319.575043
2.443900 320.483002
2.449705 322.683441
2.455510 323.341736
2.461315 322.623291
2.467120 321.942780
2.472925 322.456451
2.478730 324.433289
2.484535 327.936432
2.490340 330.586212
2.496145 330.969330
2.501950 328.890778
2.507755 324.876892
2.513560 322.889130
2.519365 321.646179
2.525170 321.112579
2.530975 321.406403
2.536780 323.042908
2.542585 323.357025
2.548390 311.590851
2.554195 310.602051
2.560000 311.025330
2.565805 312.497192
2.571610 290.628998
2.577415 290.057922
2.583220 92.896660
2.589025 92.874023
2.594830 265.035034
2.600635 264.401764
2.606440 232.618896
2.612245 233.455429
2.618050 209.261002
2.623855 210.281219
2.629660 433.739441
2.635465 226.213654
2.641270 226.483490
2.647075 226.709549
2.652880 226.411194
2.658685 225.691116
2.664490 226.226730
2.670295 539.947693
2.676100 541.363281
2.681905 231.582687
2.687710 231.045822
2.693515 405.569641
2.699320 404.062378
2.705125 403.146362
2.710930 402.979462
2.716735 403.410950
2.722540 199.618134
2.728345 174.200378
2.734150 174.382095
2.739955 174.865463
2.745760 590.134888
2.751565 588.556641
2.757370 184.302933
2.763175 0.000000
2.768980 128.656693
2.774785 128.614975
2.780590 261.068268
2.786395 261.833160
2.792200 261.705688
2.798005 261.330933
2.803810 260.810944
2.809614 259.884918
2.815419 258.239197
2.821224 256.848816
2.827029 256.160492
2.832834 256.382050
2.838639 256.711670
2.844445 256.541901
2.850250 256.186584
2.856054 257.677185
2.861859 259.477417
2.867664 260.292969
2.873469 260.407440
2.879274 259.406219
2.885079 258.077362
2.890884 256.287598
2.896689 250.281021
2.902494 248.734451
2.908299 247.511124
2.914104 247.379807
2.919909 247.107849
2.925714 625.464233
2.931519 368.345490
2.937324 368.389465
2.943129 914.074280
2.948934 2818.926514
2.954739 2802.780518
2.960544 2794.776367
2.966349 2777.350098
2.972154 2733.300049
2.977959 2692.765625
2.983764 102.206039
2.989569 102.505280
2.995374 102.757362
3.001179 102.884735
3.006984 69.710732
3.012789 73.541069
3.018594 73.546211
3.024399 65.909668
3.030204 65.871178
3.036009 0.000000
3.041814 66.241531
3.047619 69.628914
3.053424 2818.907227
3.059229 2786.593262
3.065034 2756.605713
3.070839 2707.314697
3.076644 2670.064209
3.082449 2699.799072
3.088254 2754.044678
3.094059 2838.976807
3.099864 62.552177
3.105669 248.312912
3.111474 249.601501
3.117279 138.708969
3.123084 306.593384
3.128889 306.780975
3.134694 306.165619
3.140499 304.837250
3.146304 303.067535
3.152109 299.729645
3.157914 588.717834
3.163719 585.432007
3.169524 542.245544
3.175329 276.294342
3.181134 275.771545
3.186939 275.245697
3.192744 274.837646
3.198549 275.491730
3.204354 276.714081
3.210159 277.697693
3.215964 278.797302
3.221769 279.877045
3.227574 137.612488
3.233379 272.660797
3.239184 273.356720
3.244989 273.264130
3.250794 272.696106
3.256599 271.246979
3.262404 269.879028
3.268209 269.385681
3.274014 268.090790
3.279819 267.960541
3.285624 269.698456
3.291429 271.678802
3.297234 124.130112
3.303039 124.328339
3.308844 124.285622
3.314649 124.260506
3.320453 251.713806
3.326258 251.648422
3.332063 251.999557
3.337868 252.466965
3.343673 252.162842
3.349478 250.024063
3.355283 247.511642
3.361089 124.005623
3.366894 118.586929
3.372698 118.527946
3.378503 118.459839
3.384308 113.375572
3.390113 513.389160
3.395918 511.522522
3.401723 225.332291
3.407528 144.785675
3.413333 144.772675
3.419138 2555.392090
3.424943 104.778244
3.430748 104.786781
3.436553 104.836716
3.442358 514.013428
3.448163 516.647339
3.453968 518.518677
3.459773 403.416382
3.465578 404.286591
3.471383 515.259277
3.477188 118.232491
3.482993 118.171379
3.488798 123.244881
3.494603 235.244415
3.500408 235.957779
3.506213 235.770950
3.512018 235.509598
3.517823 235.589966
3.523628 236.838440
3.529433 440.526428
3.535238 445.242218
3.541043 224.504715
3.546848 450.581116
3.552653 450.768311
3.558458 390.210968
3.564263 388.437073
3.570068 324.988922
3.575873 323.948425
3.581678 288.461578
3.587483 246.614029
3.593288 246.779556
3.599093 246.677002
3.604898 615.601562
3.610703 642.105835
3.616508 124.463188
3.622313 175.329315
3.628118 185.172195
3.633923 185.660492
3.639728 185.824738
3.645533 185.688782
3.651338 185.305481
3.657143 185.133270
3.662948 185.147903
3.668753 185.138016
3.674558 213.512878
3.680363 184.624023
3.686168 184.545120
3.691973 184.599991
3.697778 184.721985
3.703583 184.902313
3.709388 185.007462
3.715193 184.764877
3.720998 184.380096
3.726803 184.215668
3.732608 184.308716
3.738413 369.639496
3.744218 369.630981
3.750023 368.838531
3.755828 367.925049
3.761633 367.520172
3.767438 367.672638
3.773243 368.244171
3.779048 91.530716
3.784853 91.393700
3.790658 91.229698
3.796463 91.119675
3.802268 91.121346
3.808073 91.138260
3.813878 91.103165
3.819683 183.940948
3.825488 0.000000
3.831293 200.822113
3.837097 200.700058
3.842902 200.942413
3.848707 202.504684
3.854512 186.993362
3.860317 187.734848
3.866122 133.316025
3.871927 329.325836
3.877733 329.599457
3.883538 0.000000
3.889342 364.592468
3.895147 365.079193
3.900952 365.932953
3.906757 367.246735
3.912562 0.000000
3.918367 0.000000
3.924172 0.000000
3.929977 0.000000
3.935782 0.000000
3.941587 0.000000
3.947392 0.000000
3.953197 0.000000
3.959002 0.000000
3.964807 0.000000
3.970612 0.000000
3.976417 0.000000
3.982222 0.000000
3.988027 0.000000
3.993832 0.000000
3.999637 0.000000
4.005442 0.000000
4.011247 0.000000
4.017052 0.000000
4.022857 135.066086
4.028662 135.277374
4.034467 108.484894
4.040272 529.605957
4.046077 0.000000
4.051882 210.035965
4.057687 210.239609
4.063492 0.000000
4.069297 0.000000
4.075102 124.317551
4.080907 0.000000
4.086712 113.667557
4.092517 196.469330
4.098322 196.317810
4.104127 196.339172
4.109932 196.711349
4.115737 188.855698
4.121542 188.278214
4.127347 187.846588
4.133152 99.090981
4.138957 245.302078
4.144762 203.938248
4.150567 0.000000
4.156372 88.365265
4.162177 0.000000
4.167982 151.408478
4.173787 0.000000
4.179592 208.808243
4.185397 208.610550
4.191202 208.439148
4.197007 0.000000
4.202812 5586.964844
4.208617 5704.300293
4.214422 5774.112305
4.220227 5762.032715
4.226032 5684.785156
4.231837 0.000000
4.237642 183.171143
4.243447 183.406708
4.249252 537.278564
4.255057 535.318970
4.260862 532.814148
4.266667 0.000000
4.272471 0.000000
4.278276 217.162704
4.284081 0.000000
4.289886 107.893028
4.295691 329.225464
4.301497 108.314209
4.307302 108.585129
4.313107 108.670898
4.318912 103.393463
4.324717 290.028992
4.330522 292.552856
4.336327 303.843933
4.342132 304.470001
4.347937 296.269928
4.353742 293.877380
4.359547 293.091217
4.365352 292.662201
4.371157 292.231171
4.376961 291.319214
4.382766 284.200745
4.388571 283.142639
4.394376 282.094055
4.400181 280.541046
4.405986 278.516876
4.411791 276.561676
4.417596 274.625214
4.423401 272.983551
4.429206 271.939301
4.435011 271.071136
4.440816 181.305756
4.446621 177.119522
4.452426 169.087021
4.458231 167.685196
4.464036 499.249451
4.469841 497.917206
4.475646 494.914612
4.481451 488.637360
4.487256 460.309601
4.493061 158.513931
4.498866 161.640060
4.504671 247.887283
4.510476 85.943695
4.516281 85.890099
4.522086 0.000000
4.527891 0.000000
4.533696 0.000000
4.539501 0.000000
4.545306 185.892944
4.551111 185.508743
4.556916 234.051895
4.562721 219.480240
4.568526 218.782578
4.574331 231.761353
4.580136 224.115799
4.585941 224.077927
4.591746 223.580597
4.597551 221.696365
4.603356 218.976318
4.609161 204.857773
4.614966 205.478653
4.620771 184.887894
4.626576 184.799988
4.632381 184.787659
4.638186 184.853790
4.643991 184.932739
4.649796 185.007019
4.655601 185.009201
4.661406 185.029755
4.667211 185.192093
4.673016 185.334351
4.678821 185.166885
4.684626 184.791046
4.690431 184.571121
4.696236 184.518890
4.702041 246.284821
4.707846 92.482239
4.713651 278.298004
4.719456 280.327698
4.725261 280.623413
4.731066 280.795502
4.736871 331.822540
4.742676 353.355530
4.748481 352.651703
4.754286 313.316162
4.760091 250.884705
4.765896 249.281158
4.771701 248.414810
4.777506 575.503052
4.783311 576.780090
4.789115 726.915222
4.794920 320.069244
4.800725 319.619263
4.806530 223.134293
4.812335 157.889236
4.818141 212.675583
4.823946 99.359825
4.829751 613.250671
4.835556 94.970840
4.841361 165.705856
4.847166 165.751068
4.852971 186.229065
4.858776 186.241898
4.864581 185.944839
4.870386 185.530258
4.876191 185.340027
4.881996 185.287720
4.887800 185.348068
4.893605 185.456223
4.899410 185.536133
4.905215 185.570847
4.911020 185.471985
4.916825 185.173309
4.922630 184.872940
4.928435 184.808823
4.934240 184.859436
4.940045 184.891602
4.945850 184.925095
4.951655 184.953598
4.957460 184.987015
4.963265 185.070969
4.969070 185.135239
4.974875 185.003601
4.980680 184.634552
4.986485 184.538467
4.992290 184.699951
4.998095 184.794998
5.003900 184.801315
5.009705 184.710587
5.015510 184.536255
5.021315 184.387543
5.027120 184.329727
5.032925 184.313965
5.038730 183.987961
5.044535 420.745544
5.050340 422.185944
5.056145 280.684540
5.061950 281.088776
5.067755 234.730316
5.073560 183.562271
5.079365 148.847107
5.085170 148.218506
5.090975 147.231598
5.096780 141.962112
5.102585 127.493858
5.108390 121.817635
5.114195 122.096207
5.120000 138.866470
5.125805 148.469116
5.131610 204.987503
5.137415 205.848267
5.143220 2423.873779
5.149025 92.002586
5.154830 180.248383
5.160635 180.124176
5.166440 178.393677
5.172245 188.857437
5.178050 189.004959
5.183855 161.536240
5.189660 161.189438
5.195465 150.062714
5.201270 144.010818
5.207075 143.710892
5.212880 132.742737
5.218685 218.224640
5.224490 328.661469
5.230295 326.644257
5.236100 595.138062
5.241905 200.356903
5.247710 185.748535
5.253515 185.839066
5.259320 185.877792
5.265125 520.498596
5.270930 515.618042
5.276735 184.676239
5.282540 184.810379
5.288345 650.330688
5.294150 185.526047
5.299954 185.350693
5.305759 185.085953
5.311564 645.008362
5.317369 297.359314
5.323174 299.115570
5.328979 0.000000
5.334785 195.966736
5.340590 195.542969
5.346395 156.148132
5.352200 155.570740
5.358005 118.782814
5.363810 98.589622
5.369615 84.590942
5.375420 84.513321
5.381225 647.316345
5.387030 122.742699
5.392835 122.795868
5.398640 122.853653
5.404444 582.668823
5.410249 585.297058
5.416054 585.870911
5.421859 585.318604
5.427664 346.225433
5.433469 344.345337
5.439274 317.658661
5.445079 313.677673
5.450884 283.936890
5.456689 280.620636
5.462494 279.087982
5.468299 264.562592
5.474104 262.227020
5.479909 259.735413
5.485714 257.445709
5.491519 256.083008
5.497324 128.990067
5.503129 128.691864
5.508934 550.386780
5.514739 155.677460
5.520544 155.671799
5.526349 155.545883
5.532154 155.512299
5.537959 155.440018
5.543764 155.278534
5.549569 155.061401
5.555374 154.867523
5.561179 154.756424
5.566984 154.694351
5.572789 154.607773
5.578594 154.510696
5.584399 154.423752
5.590204 154.332123
5.596009 154.266464
5.601814 154.353790
5.607619 154.877838
5.613424 238.435150
5.619229 238.621979
5.625034 238.614746
5.630839 237.938416
5.636644 236.660736
5.642449 235.707001
5.648254 235.383438
5.654059 155.413055
5.659864 155.260101
5.665669 155.280609
5.671474 155.390121
5.677279 310.597321
5.683084 309.992706
5.688889 309.012756
5.694694 308.255646
5.700499 0.000000
5.706304 76.787308
5.712109 154.340134
5.717914 154.084030
5.723719 153.821960
5.729524 76.836082
5.735329 76.882729
5.741134 104.640709
5.746939 104.543671
5.752744 78.695923
5.758549 78.659569
5.764354 82.304413
5.770159 322.213440
5.775964 321.751434
5.781769 321.351807
5.787574 321.279510
5.793379 321.165009
5.799184 320.682678
5.804989 319.864136
5.810794 318.779938
5.816598 317.515289
5.822403 316.621796
5.828208 316.450409
5.834013 316.375519
5.839818 315.921082
5.845623 315.357971
5.851429 157.290085
5.857234 157.222626
5.863039 314.220734
5.868844 313.539307
5.874649 312.833160
5.880454 311.646790
5.886259 309.511292
5.892064 307.370605
5.897869 305.857697
5.903674 304.339661
5.909479 303.078888
5.915284 301.999695
5.921088 301.227570
5.926893 352.211090
5.932698 350.897858
5.938503 297.079620
5.944308 294.927094
5.950113 293.840942
5.955918 292.160431
5.961723 287.141296
5.967528 285.506744
5.973333 284.267151
5.979138 281.611145
5.984943 275.251221
5.990748 273.799286
5.996553 273.186951
6.002358 273.477570
6.008163 273.285614
6.013968 272.680847
6.019773 269.018097
6.025578 266.544769
6.031383 266.009705
6.037188 265.676331
6.042993 130.187073
6.048798 129.760361
6.054603 129.347168
6.060408 129.287552
6.066213 260.124908
6.072018 260.048248
6.077823 247.235977
6.083628 312.365143
6.089433 310.435760
6.095238 309.974854
6.101043 310.331787
6.106848 310.953888
6.112653 311.375763
6.118458 311.414551
6.124263 311.003326
6.130068 310.355591
6.135873 309.842834
6.141678 309.554871
6.147483 309.214966
6.153288 308.681976
6.159093 308.500153
6.164898 308.812958
6.170703 309.103638
6.176508 308.881592
6.182313 308.585266
6.188118 308.528931
6.193923 308.476959
6.199728 153.809433
6.205533 136.936890
6.211338 282.849426
6.217143 212.694977
6.222948 206.088409
6.228753 197.328232
6.234558 178.429596
6.240363 165.180969
6.246168 105.584099
6.251973 95.556961
6.257778 89.782150
6.263583 89.781212
6.269388 555.927429
6.275193 559.824829
6.280998 234.057251
6.286803 489.990601
6.292608 282.631927
6.298413 281.887360
6.304218 281.158142
6.310023 280.513702
6.315828 647.068359
6.321633 270.110138
6.327438 269.195953
6.333242 268.308716
6.339047 995.772583
6.344852 2014.885864
6.350657 2050.461182
6.356462 2096.007568
6.362267 2124.859619
6.368073 2146.145264
6.373878 2174.794678
6.379683 2220.365479
6.385488 77.942459
6.391293 77.855736
6.397098 77.787468
6.402903 77.743141
6.408708 77.722000
6.414513 155.358231
6.420318 155.361618
6.426123 155.276855
6.431927 76.920364
6.437732 76.951263
6.443537 154.681503
6.449342 154.605133
6.455147 154.548462
6.460952 154.464142
6.466757 154.454422
6.472562 154.715698
6.478367 225.600433
6.484172 139.808029
6.489977 225.530807
6.495782 223.968964
6.501587 221.512115
6.507392 220.142075
6.513197 105.745476
6.519002 105.665459
6.524807 525.410950
6.530612 526.829041
6.536417 528.733765
6.542222 101.677132
6.548027 101.458809
6.553832 198.018906
6.559637 77.272926
6.565442 155.035324
6.571247 154.959167
6.577052 77.949768
6.582857 77.835022
6.588662 237.380249
6.594467 77.553436
6.600272 224.334427
6.606077 77.823341
6.611882 265.362549
6.617687 264.011078
6.623492 263.915192
6.629297 264.810211
6.635102 306.391357
6.640907 306.119446
6.646712 305.027374
6.652517 304.352051
6.658322 304.388184
6.664127 306.160522
6.669932 309.598511
6.675737 313.025238
6.681542 316.335693
6.687347 318.908173
6.693152 105.124046
6.698957 105.016617
6.704762 2242.643311
6.710567 2242.772217
6.716372 2237.318604
6.722177 2240.949463
6.727982 2252.208496
6.733787 2246.812500
6.739592 2223.663330
6.745397 299.176514
6.751202 2189.678467
6.757007 2180.803223
6.762812 2159.574219
6.768617 2132.101562
6.774422 2137.889893
6.780227 2206.579834
6.786032 276.843048
6.791837 264.026703
6.797642 263.812988
6.803447 249.427277
6.809252 248.661087
6.815057 480.238831
6.820862 484.501160
6.826667 98.926758
6.832472 155.249039
6.838277 155.688446
6.844081 177.100403
6.849886 155.440918
6.855691 155.224030
6.861496 155.237305
6.867301 155.344269
6.873106 155.469910
6.878911 155.458740
6.884717 155.282898
6.890522 154.997925
6.896327 155.187592
6.902132 257.729279
6.907937 258.488831
6.913742 1866.639893
6.919547 1855.200684
6.925352 1822.996826
6.931157 1786.240601
6.936962 1775.977051
6.942767 1785.845825
6.948571 1811.376587
6.954376 1846.686523
6.960181 156.678101
6.965986 156.721695
6.971791 250.492584
6.977596 250.135117
6.983401 249.696396
6.989206 78.353905
6.995011 238.999512
7.000816 238.561371
7.006621 80.036003
7.012426 236.164459
7.018231 236.577301
7.024036 237.569153
7.029841 252.494720
7.035646 252.455215
7.041451 253.686142
7.047256 255.560028
7.053061 256.359344
7.058866 256.430237
7.064671 256.017365
7.070476 254.567902
7.076281 251.531601
7.082086 570.038208
7.087891 571.424927
7.093696 572.066040
7.099501 571.818787
7.105306 565.134216
7.111111 447.720062
7.116916 386.966064
7.122721 348.600281
7.128526 343.539825
7.134331 324.505646
7.140136 294.614716
7.145941 319.004974
7.151746 154.809418
7.157551 155.288712
7.163356 155.315964
7.169161 155.036789
7.174966 154.878098
7.180771 295.758881
7.186576 0.000000
7.192381 0.000000
7.198186 96.540710
7.203991 153.373520
7.209796 153.920441
7.215601 155.565292
7.221406 155.841736
7.227211 155.908096
7.233016 155.855820
7.238821 155.666656
7.244626 155.542053
7.250431 155.501801
7.256236 155.499481
7.262041 155.427246
7.267846 155.240356
7.273651 155.193817
7.279456 155.249298
7.285261 155.184341
7.291066 154.927887
7.296871 154.765472
7.302676 154.915970
7.308481 155.306717
7.314286 155.508484
7.320091 155.543045
7.325896 155.526260
7.331701 155.373840
7.337506 155.118637
7.343311 154.923447
7.349116 154.781738
7.354921 154.674179
7.360725 154.757248
7.366530 236.935715
7.372335 238.158218
7.378140 239.733093
7.383945 259.084442
7.389750 260.018677
7.395555 261.138062
7.401361 261.904724
7.407166 262.040375
7.412971 261.811340
7.418776 261.605560
7.424581 261.981689
7.430386 215.443542
7.436191 196.449036
7.441996 103.102242
7.447801 310.478577
7.453606 155.197418
7.459411 155.029968
7.465215 155.033554
7.471020 155.896591
7.476825 156.665329
7.482630 156.761658
7.488435 308.920929
7.494240 309.560211
7.500045 308.538940
7.505850 306.326019
7.511655 306.536102
7.517460 312.082397
7.523265 217.643570
7.529070 124.055809
7.534875 289.217743
7.540680 289.488342
7.546485 288.537292
7.552290 283.714142
7.558095 282.315308
7.563900 281.995880
7.569705 281.510742
7.575510 266.378357
7.581315 266.706757
7.587120 267.761169
7.592925 131.608017
7.598730 131.814209
7.604535 132.095200
7.610340 258.381531
7.616145 255.862320
7.621950 121.396820
7.627755 780.143066
7.633560 296.205017
7.639365 127.117912
7.645170 126.728775
7.650975 125.938484
7.656780 251.044662
7.662585 251.970734
7.668390 127.146622
7.674195 127.766151
7.680000 128.391113
7.685805 86.725479
7.691610 86.726891
7.697415 127.918488
7.703220 268.264954
7.709025 250.951828
7.714830 194.233810
7.720635 185.151474
7.726440 120.139061
7.732245 120.099174
7.738050 120.100121
7.743855 119.959824
7.749660 83.101608
7.755465 79.630173
7.761270 154.586075
7.767075 278.507629
7.772880 280.812103
7.778685 286.305695
7.784490 292.046417
7.790295 629.407959
7.796100 621.802612
7.801905 621.191711
7.807710 623.089600
7.813515 312.271637
7.819320 312.254303
7.825125 309.977997
7.830930 308.843475
7.836735 308.704712
7.842540 308.377594
7.848345 306.996552
7.854150 305.281067
7.859955 304.177582
7.865760 303.583618
7.871564 303.500793
7.877369 304.082458
7.883174 291.041504
7.888979 289.849701
7.894784 288.926666
7.900589 287.850189
7.906394 283.711700
7.912199 281.515228
7.918005 280.498718
7.923810 278.236664
7.929615 272.549622
7.935420 269.634186
7.941225 268.224579
7.947030 265.643097
7.952835 263.568542
7.958640 261.922516
7.964445 258.240723
7.970250 257.659637
7.976054 126.276337
7.981859 247.444794
7.987664 247.429565
7.993469 247.203125
7.999274 240.314758
8.005079 240.900269
8.010884 242.630722
8.016689 230.176193
8.022494 230.373474
8.028299 78.436424
8.034104 76.884033
8.039909 76.857628
8.045714 76.765274
8.051519 76.667130
8.057324 76.670296
8.063129 76.748970
8.068934 76.826485
8.074739 3974.849854
8.080544 3874.688721
8.086349 0.000000
8.092155 78.132172
8.097960 78.061653
8.103765 78.091751
8.109570 78.173477
8.115375 78.057526
8.121180 77.919426
8.126985 77.854515
8.132789 116.647598
8.138594 0.000000
8.144399 0.000000
8.150204 183.524612
8.156009 183.354568
8.161814 182.939575
8.167619 3997.687500
8.173424 114.079422
8.179229 114.180389
8.185034 88.971138
8.190839 89.000603
8.196644 88.971245
8.202449 77.258873
8.208254 73.093262
8.214059 111.197136
8.219864 75.238441
8.225669 0.000000
8.231474 0.000000
8.237279 0.000000
8.243084 3518.997314
8.248889 3585.876465
8.254694 3537.670654
8.260499 3448.642090
8.266304 3458.597412
8.272109 4405.030762
8.277914 4698.088379
8.283719 4962.854004
8.289524 5105.706543
8.295329 5089.186035
8.301134 351.939301
8.306939 351.303528
8.312744 349.212830
8.318549 315.963654
8.324354 288.799408
8.330159 288.543365
8.335963 289.155396
8.341768 154.990875
8.347573 154.870285
8.353378 154.494492
8.359183 154.399292
8.364988 154.649460
8.370793 154.704956
8.376598 154.472626
8.382403 154.508316
8.388208 155.304352
8.394013 155.513260
8.399818 155.479660
8.405623 155.452896
8.411428 155.477341
8.417233 155.626328
8.423038 155.962234
8.428843 165.546951
8.434649 335.014526
8.440454 341.200714
8.446259 343.522797
8.452064 343.837799
8.457869 340.671570
8.463674 334.085236
8.469479 329.565216
8.475284 326.446289
8.481089 323.516571
8.486894 320.038422
8.492699 316.368164
8.498504 305.295502
8.504309 305.053375
8.510114 293.393799
8.515919 292.013794
8.521724 290.139404
8.527529 288.663208
8.533334 286.826385
8.539139 284.394073
8.544943 281.486542
8.550748 278.147949
8.556553 276.237091
8.562358 273.681946
8.568163 308.185394
8.573968 308.129181
8.579773 307.925629
8.585578 240.656693
8.591383 228.070160
8.597188 216.080429
8.602993 193.594116
8.608798 177.977875
8.614603 124.789589
8.620408 108.622261
8.626213 96.253868
8.632018 90.492241
8.637823 86.982346
8.643628 77.876808
8.649433 78.017029
8.655238 78.141777
8.661043 77.191727
8.666848 83.238403
8.672653 624.074280
8.678458 618.843872
8.684263 198.369537
8.690068 211.116135
8.695873 211.628922
8.701678 212.193100
8.707483 156.808594
8.713288 156.867279
8.719093 479.995819
8.724898 236.082123
8.730703 226.378281
8.736508 225.389938
8.742313 224.016968
8.748117 223.083908
8.753922 222.931046
8.759727 223.033035
8.765532 223.094193
8.771338 222.844360
8.777143 218.668686
8.782948 217.018784
8.788753 155.338531
8.794558 155.507828
8.800363 155.486877
8.806168 155.459702
8.811973 553.719910
8.817778 552.171082
8.823583 556.901428
8.829388 564.315735
8.835193 570.183411
8.840998 571.011963
8.846803 570.744263
8.852608 243.154785
8.858413 240.807663
8.864218 469.965668
8.870023 620.181824
8.875828 1986.024902
8.881633 1984.766968
8.887438 632.387024
8.893243 641.897766
8.899048 653.102478
8.904853 2664.053467
8.910658 2752.831299
8.916463 2750.573730
8.922268 2727.678467
8.928073 2712.554443
8.933878 2680.903076
8.939683 2632.035889
8.945488 2594.017334
8.951293 229.747025
8.957097 230.504135
8.962902 231.413025
8.968707 231.907349
8.974512 279.679169
8.980317 281.300842
8.986122 281.864136
8.991927 313.827972
8.997732 317.203888
9.003537 105.875511
9.009342 105.865639
9.015147 105.820503
9.020952 105.688255
9.026757 155.743546
9.032562 155.121353
9.038367 103.451157
9.044172 103.246323
9.049977 311.562073
9.055782 310.649048
9.061587 309.668671
9.067392 308.655823
9.073197 2428.328125
9.079002 2431.238770
9.084807 2438.530518
9.090612 2434.383789
9.096417 2387.546387
9.102222 2325.476074
9.108027 288.551819
9.113832 144.681198
9.119637 557.159546
9.125443 272.519104
9.131248 271.791199
9.137053 592.659424
9.142858 578.100891
9.148663 270.197876
9.154468 269.629852
9.160272 269.183594
9.166077 242.748047
9.171882 205.542603
9.177687 204.528320
9.183492 183.578094
9.189297 152.896088
9.195102 152.006485
9.200907 295.268188
9.206712 101.013290
9.212517 4046.023682
9.218322 3877.273438
9.224127 219.317352
9.229932 243.056854
9.235737 244.077469
9.241542 244.668030
9.247347 245.561279
9.253152 246.909073
9.258957 247.890961
9.264762 247.299698
9.270567 244.890076
9.276372 240.934494
9.282177 239.321304
9.287982 238.898117
9.293787 201.798309
9.299592 202.278885
9.305397 175.201004
9.311202 159.338348
9.317007 158.731277
9.322812 149.315491
9.328617 123.512993
9.334422 122.911865
9.340227 122.487770
9.346032 309.252716
9.351837 308.428436
9.357642 307.695862
9.363446 250.039047
9.369251 247.615128
9.375056 246.985184
9.380861 247.634460
9.386666 1240.218506
9.392471 286.767670
9.398276 286.701355
9.404081 285.817108
9.409886 336.054504
9.415691 334.998352
9.421496 281.989655
9.427301 280.340271
9.433106 279.491699
9.438911 531.110962
9.444716 527.875305
9.450521 525.333496
9.456326 524.145874
9.462132 524.377747
9.467937 524.674561
9.473742 523.087891
9.479547 741.909058
9.485352 486.199127
9.491157 483.362366
9.496962 263.607452
9.502767 263.200623
9.508572 227.774460
9.514377 227.597488
9.520182 227.682159
9.525987 171.039337
9.531792 170.067398
9.537597 125.544991
9.543402 125.886002
9.549207 121.796303
9.555012 113.970505
9.560817 110.829277
9.566622 273.755890
9.572426 533.373535
9.578231 528.119446
9.584036 526.997192
9.589841 525.846008
9.595646 522.684082
9.601451 514.590881
9.607256 494.527405
9.613061 285.312042
9.618866 283.051270
9.624671 555.800476
9.630476 553.600159
9.636281 0.000000
9.642086 550.480835
9.647891 551.651123
9.653696 175.699921
9.659501 185.030640
9.665306 169.106522
9.671111 168.752319
9.676916 167.836685
9.682721 163.258789
9.688526 162.209518
9.694331 161.544968
9.700136 161.259369
9.705941 161.066284
9.711746 160.806793
9.717551 247.209610
9.723356 248.000443
9.729161 248.638733
9.734966 249.738937
9.740771 251.303284
9.746576 252.363358
9.752381 83.794899
9.758186 84.116684
9.763991 84.339745
9.769796 84.475410
9.775600 84.598007
9.781405 84.689194
9.787210 84.743568
9.793015 84.761169
9.798820 84.799400
9.804626 84.837852
9.810431 84.867500
9.816236 84.946655
9.822041 85.114174
9.827846 85.438263
9.833651 545.004272
9.839456 547.073181
9.845261 550.470154
9.851066 553.188232
9.856871 554.009338
9.862676 553.801575
9.868481 553.444519
9.874286 553.462708
9.880091 553.780945
9.885896 554.278137
9.891701 554.848022
9.897506 555.265442
9.903311 88.234222
9.909116 556.035095
9.914921 556.791199
9.920726 88.364090
9.926531 88.506454
9.932336 88.740204
9.938141 88.958321
9.943946 89.113724
9.949751 89.322800
9.955556 89.805878
9.961361 557.996094
9.967166 563.121521
9.972971 572.355591
9.978776 581.052063
9.984580 94.595016
9.990385 94.832336
9.996190 95.026634
10.001995 462.190918
10.007800 461.921448
10.013605 185.330566
10.019410 184.961609
10.025215 184.600662
10.031020 184.312683
10.036825 183.974289
10.042630 3042.063965
10.048435 623.619873
10.054240 311.417908
10.060045 311.389099
10.065850 623.556641
10.071655 623.909119
10.077460 2901.518555
10.083265 2882.106689
10.089070 185.751572
10.094875 174.163513
10.100680 2763.326660
10.106485 2687.425049
10.112290 2622.541016
10.118095 88.992203
10.123900 91.009224
10.129705 82.786148
10.135510 2588.387207
10.141315 544.391663
10.147120 551.112244
10.152925 558.664673
10.158731 564.043884
10.164536 185.260544
10.170341 726.928528
10.176146 726.772278
10.181951 722.996338
10.187755 714.187012
10.193560 654.514893
10.199365 644.549072
10.205170 633.104187
10.210975 639.812195
10.216780 649.881470
10.222585 417.785889
10.228390 418.597565
10.234195 414.886169
10.240000 98.737915
10.245805 663.708679
10.251610 653.986877
10.257415 651.175293
10.263220 651.912109
10.269025 654.889526
10.274830 878.889526
10.280635 880.734863
10.286440 881.022217
10.292245 878.622742
10.298050 877.433716
10.303855 876.619385
10.309660 876.412842
10.315465 878.295715
10.321270 92.198364
10.327075 1282.946655
10.332880 118.689072
10.338685 640.737610
10.344490 145.487427
10.350295 145.360184
10.356100 145.247925
10.361905 2693.091553
10.367710 2670.119629
10.373515 2645.418457
10.379320 2633.801270
10.385125 2646.411621
10.390930 2669.291748
10.396734 2667.597412
10.402539 2652.578613
10.408344 2647.671387
10.414149 2648.935791
10.419954 2656.784912
10.425759 2670.503174
10.431564 144.841171
10.437369 144.811584
10.443174 144.898376
10.448979 145.273392
10.454784 145.531418
10.460589 145.410751
10.466394 476.769409
10.472199 478.728241
10.478004 484.211487
10.483809 488.886322
10.489614 490.291138
10.495420 489.601013
10.501225 487.721527
10.507030 487.610321
10.512835 118.399612
10.518640 118.139328
10.524445 118.070541
10.530250 471.528259
10.536055 468.421631
10.541860 118.325951
10.547665 118.299690
10.553470 562.173584
10.559275 490.394775
10.565080 491.403656
10.570885 567.904968
10.576690 566.554199
10.582495 559.311279
10.588300 494.993103
10.594105 491.917389
10.599909 118.457932
10.605714 551.088318
10.611519 551.060059
10.617324 554.240723
10.623129 160.906403
10.628934 161.191711
10.634739 193.711014
10.640544 451.815094
10.646349 454.258698
10.652154 158.289383
10.657959 159.254074
10.663764 469.108276
10.669569 4636.324219
10.675374 4695.415527
10.681179 353.895020
10.686984 352.112976
10.692789 323.929932
10.698594 320.477386
10.704399 287.938690
10.710204 288.047913
10.716009 288.461273
10.721814 162.128754
10.727619 268.718506
10.733424 269.550781
10.739229 250.513168
10.745034 249.793564
10.750839 248.653473
10.756644 247.832886
10.762449 214.480530
10.768254 581.098389
10.774059 579.979248
10.779864 226.891098
10.785669 227.220520
10.791474 227.436737
10.797279 570.982239
10.803084 581.847961
10.808888 590.497559
10.814693 596.401489
10.820498 600.276855
10.826303 459.527222
10.832108 464.805908
10.837914 468.601013
10.843719 471.187714
10.849524 475.135071
10.855329 477.810883
10.861134 477.821625
10.866939 474.030731
10.872744 463.977203
10.878549 98.590050
10.884354 98.609138
10.890159 187.549652
10.895964 1999.859985
10.901769 2011.897217
10.907574 2076.472412
10.913379 200.443420
10.919184 367.288116
10.924989 366.210693
10.930794 365.199402
10.936599 365.116577
10.942404 366.086304
10.948209 3439.340332
10.954014 369.681702
10.959819 369.549408
10.965624 229.777039
10.971429 212.207352
10.977234 196.580688
10.983039 182.864380
10.988844 162.901855
10.994649 128.323914
