0.000000 393.099945
0.005805 392.743042
0.011610 296.105957
0.017415 156.841599
0.023220 156.925613
0.029025 131.967056
0.034830 131.976776
0.040635 131.961197
0.046440 131.944031
0.052245 131.938614
0.058050 131.913620
0.063855 131.851959
0.069660 593.267090
0.075465 592.012329
0.081270 107.722679
0.087075 298.627319
0.092880 300.087158
0.098685 298.605713
0.104490 298.637573
0.110295 299.662079
0.116100 299.699463
0.121905 297.927979
0.127710 295.339935
0.133515 294.069763
0.139320 292.950562
0.145125 291.354370
0.150930 290.665131
0.156735 291.463226
0.162540 292.489044
0.168345 293.246674
0.174150 293.814178
0.179955 1176.873779
0.185760 1178.033447
0.191565 1179.688599
0.197370 1180.828369
0.203175 234.696594
0.208980 234.705490
0.214785 234.718567
0.220590 234.748245
0.226395 232.057938
0.232200 166.810059
0.238005 166.911377
0.243810 84.303085
0.249615 89.565300
0.255419 89.906113
0.261224 72.608917
0.267029 1994.023315
0.272834 2026.515503
0.278639 2078.388428
0.284444 283.748535
0.290249 69.387039
0.296054 69.394821
0.301859 277.876740
0.307664 277.495270
0.313469 277.189362
0.319274 276.865662
0.325079 597.215820
0.330884 580.438843
0.336689 576.454773
0.342494 579.473206
0.348299 585.751099
0.354104 261.545776
0.359909 260.949829
0.365714 260.926239
0.371519 261.247925
0.377324 261.744843
0.383129 262.040527
0.388934 582.501282
0.394739 584.721619
0.400544 589.796326
0.406349 593.756531
0.412154 592.133057
0.417959 589.774292
0.423764 391.836182
0.429569 1173.440674
0.435374 1174.781250
0.441179 1179.531616
0.446984 1184.567139
0.452789 1188.601074
0.458594 1193.319458
0.464399 390.705292
0.470204 390.499207
0.476009 1195.320557
0.481814 1189.489258
0.487619 1187.276733
0.493424 392.475433
0.499229 392.308380
0.505034 234.937225
0.510839 234.953903
0.516644 194.356415
0.522449 192.843338
0.528254 209.978241
0.534059 210.175491
0.539864 209.733185
0.545669 102.128204
0.551474 210.074966
0.557279 192.474518
0.563084 97.111855
0.568889 274.494202
0.574694 275.910980
0.580499 277.313538
0.586304 277.050690
0.592109 276.420227
0.597914 275.292969
0.603719 273.340973
0.609524 270.951324
0.615329 134.574966
0.621134 108.129364
0.626939 107.986008
0.632744 268.547943
0.638549 133.964630
0.644354 89.177299
0.650159 89.095795
0.655964 89.060875
0.661769 89.101906
0.667574 131.918823
0.673379 131.899643
0.679184 132.598099
0.684989 266.191620
0.690794 266.570160
0.696599 266.829712
0.702404 266.683716
0.708209 266.239502
0.714014 265.957642
0.719819 266.061035
0.725624 266.212372
0.731429 266.112335
0.737234 266.051788
0.743039 266.229858
0.748844 266.483124
0.754649 1064.954956
0.760454 1061.441162
0.766258 1060.481323
0.772063 1063.172852
0.777869 356.867950
0.783673 355.487915
0.789478 355.291962
0.795283 264.883423
0.801088 153.310989
0.806893 82.571922
0.812698 82.694962
0.818503 82.773712
0.824308 63.314903
0.830113 62.486553
0.835918 70.935341
0.841723 91.481384
0.847528 134.495438
0.853333 135.228027
0.859138 135.766510
0.864943 135.717575
0.870748 270.024261
0.876553 268.606079
0.882358 133.950287
0.888163 132.844116
0.893968 263.844055
0.899773 262.894531
0.905578 262.015442
0.911383 526.630981
0.917188 528.426941
0.922993 531.599121
0.928798 535.141174
0.934603 133.416626
0.940408 536.278320
0.946213 535.500549
0.952018 133.610306
0.957823 133.891693
0.963628 118.936790
0.969433 505.835449
0.975238 504.347626
0.981043 177.832626
0.986848 273.938202
0.992653 273.114471
0.998458 272.558197
1.004263 272.463959
1.010068 272.270142
1.015873 271.382996
1.021678 1122.996094
1.027483 1086.920898
1.033288 1078.144409
1.039093 1076.760376
1.044898 1075.453857
1.050703 1074.257446
1.056508 1072.676880
1.062313 1070.894531
1.068118 1069.782593
1.073923 265.783447
1.079728 265.804596
1.085533 213.167175
1.091338 152.012192
1.097143 152.266647
1.102948 152.713150
1.108753 87.611145
1.114558 92.491623
1.120363 68.663895
1.126168 87.666878
1.131973 1829.019897
1.137778 373.726044
1.143583 373.515106
1.149388 374.094055
1.155193 83.567619
1.160998 83.528320
1.166803 83.611298
1.172608 131.211105
1.178413 87.509056
1.184218 87.472061
1.190023 107.387230
1.195828 107.311913
1.201633 150.077896
1.207438 149.896042
1.213243 263.909973
1.219048 132.458984
1.224853 131.892899
1.230658 131.501892
1.236463 131.381577
1.242268 131.615234
1.248073 131.691360
1.253878 131.620346
1.259683 131.893555
1.265488 199.466934
1.271293 198.496902
1.277097 197.377060
1.282902 196.809570
1.288707 157.215088
1.294513 156.950439
1.300317 156.598465
1.306122 130.857132
1.311927 794.074402
1.317732 794.872070
1.323537 130.704926
1.329342 130.641464
1.335147 787.831726
1.340952 786.979797
1.346757 786.486938
1.352562 786.071045
1.358367 785.977417
1.364172 785.812683
1.369977 785.218994
1.375782 784.964050
1.381587 392.485657
1.387392 793.707458
1.393197 954.799744
1.399002 949.990112
1.404807 943.644958
1.410612 466.780212
1.416417 466.729797
1.422222 470.205414
1.428027 481.515961
1.433832 195.552139
1.439637 195.037827
1.445442 647.784241
1.451247 649.707825
1.457052 654.234314
1.462857 656.744751
1.468662 655.714783
1.474467 654.031677
1.480272 168.353699
1.486077 167.292007
1.491882 166.474808
1.497687 165.671097
1.503492 165.019928
1.509297 164.506256
1.515102 163.989685
1.520907 163.175766
1.526712 161.930222
1.532517 161.167358
1.538322 160.783203
1.544127 160.409454
1.549932 160.149155
1.555737 159.915558
1.561542 159.619751
1.567347 158.951904
1.573152 158.060165
1.578957 157.599518
1.584762 157.375351
1.590567 157.109879
1.596372 156.834015
1.602177 391.892578
1.607982 391.585541
1.613787 391.599884
1.619592 261.080841
1.625397 260.967773
1.631202 156.544846
1.637007 156.615921
1.642812 156.682129
1.648617 156.708572
1.654422 261.218384
1.660227 195.634293
1.666032 195.223953
1.671837 194.798370
1.677642 194.523712
1.683447 174.507538
1.689252 174.411621
1.695057 174.325958
1.700862 98.976959
1.706667 99.095634
1.712472 293.517578
1.718277 221.664581
1.724082 253.540695
1.729887 253.461884
1.735692 841.018066
1.741497 837.179932
1.747302 873.628967
1.753107 890.498596
1.758912 708.705688
1.764717 710.867676
1.770522 713.615784
1.776327 713.875732
1.782132 710.041199
1.787936 707.423279
1.793741 707.816772
1.799546 709.853882
1.805351 711.458130
1.811157 710.848267
1.816961 710.413574
1.822766 710.438416
1.828571 709.318054
1.834376 707.574829
1.840181 707.789307
1.845986 710.303101
1.851791 712.874390
1.857596 713.981140
1.863401 714.022522
1.869206 713.526917
1.875011 713.153076
1.880816 713.211731
1.886621 713.187317
1.892426 712.837952
1.898231 712.606689
1.904036 355.612366
1.909841 355.094147
1.915646 354.917969
1.921451 355.127960
1.927256 711.630005
1.933061 712.139954
1.938866 711.489746
1.944671 705.400452
1.950476 700.457947
1.956281 231.241089
1.962086 138.515717
1.967891 138.531952
1.973696 1122.445068
1.979501 1086.308594
1.985306 1033.860718
1.991111 1022.612427
1.996916 1012.552551
2.002721 1003.467407
2.008526 995.101379
2.014331 832.154114
2.020136 724.531067
2.025941 722.179932
2.031746 719.223694
2.037551 717.314087
2.043356 715.945251
2.049161 714.483215
2.054966 714.084900
2.060771 714.570068
2.066576 715.423889
2.072381 716.405701
2.078186 101.842987
2.083991 101.868515
2.089796 101.841064
2.095601 43.066406
2.101406 101.993393
2.107211 102.103813
2.113016 102.118141
2.118821 142.596100
2.124626 142.446259
2.130431 118.636765
2.136236 712.473389
2.142041 713.386108
2.147846 714.088318
2.153651 713.486206
2.159456 712.824768
2.165261 713.429016
2.171066 714.468140
2.176871 714.253723
2.182676 713.013306
2.188481 712.279602
2.194286 712.486145
2.200091 712.590149
2.205896 712.227661
2.211701 712.056152
2.217506 712.139771
2.223311 712.494141
2.229116 237.181244
2.234921 237.183365
2.240726 85.107460
2.246531 84.725517
2.252336 84.396187
2.258141 84.268059
2.263946 88.229355
2.269751 75.837967
2.275556 98.733047
2.281361 98.742203
2.287166 98.729828
2.292970 98.694366
2.298775 77.380356
2.304580 77.307808
2.310385 98.407455
2.316190 98.489662
2.321995 98.576706
2.327801 98.479225
2.333606 145.778442
2.339411 145.416107
2.345215 78.376015
2.351020 88.577942
2.356825 131.982803
2.362630 132.160812
2.368435 118.610062
2.374240 118.295364
2.380045 118.044830
2.385850 117.937332
2.391655 117.824417
2.397460 117.636482
2.403265 117.447495
2.409070 117.407196
2.414875 117.252022
2.420680 116.913933
2.426485 95.290535
2.432290 77.620743
2.438095 139.586777
2.443900 139.507294
2.449705 99.400452
2.455510 696.662842
2.461315 697.830994
2.467120 701.709900
2.472925 706.251587
2.478730 707.370605
2.484535 705.093994
2.490340 702.274536
2.496145 701.697937
2.501950 702.438538
2.507755 351.004303
2.513560 702.030090
2.519365 698.623047
2.525170 695.716370
2.530975 346.962555
2.536780 230.721100
2.542585 231.208282
2.548390 231.976013
2.554195 232.156845
2.560000 232.344696
2.565805 214.996948
2.571610 214.578934
2.577415 214.233627
2.583220 679.178345
2.589025 675.246704
2.594830 666.641052
2.600635 659.990662
2.606440 655.579407
2.612245 654.727661
2.618050 661.222595
2.623855 669.456299
2.629660 674.342834
2.635465 675.257019
2.641270 669.721375
2.647075 664.190369
2.652880 663.346985
2.658685 663.233887
2.664490 667.204956
2.670295 682.334106
2.676100 688.422791
2.681905 687.500671
2.687710 684.350220
2.693515 679.074646
2.699320 671.657471
2.705125 116.618752
2.710930 233.642624
2.716735 234.281601
2.722540 234.559708
2.728345 234.290207
2.734150 233.597763
2.739955 233.098679
2.745760 349.210571
2.751565 349.103485
2.757370 349.129608
2.763175 348.728302
2.768980 348.054474
2.774785 347.560089
2.780590 347.382111
2.786395 347.480927
2.792200 347.961823
2.798005 348.607361
2.803810 231.683823
2.809614 206.765976
2.815419 191.227234
2.821224 191.059647
2.827029 191.192993
2.832834 211.897781
2.838639 211.961960
2.844445 211.332458
2.850250 210.612579
2.856054 210.460236
2.861859 210.796783
2.867664 642.727783
2.873469 641.489502
2.879274 641.705200
2.885079 648.738647
2.890884 652.402649
2.896689 657.444214
2.902494 674.042358
2.908299 683.690796
2.914104 674.400085
2.919909 392.143799
2.925714 391.213409
2.931519 390.192139
2.937324 389.987671
2.943129 651.031372
2.948934 646.034912
2.954739 643.571777
2.960544 645.606384
2.966349 649.719177
2.972154 647.995483
2.977959 641.289917
2.983764 637.674316
2.989569 636.612427
2.995374 636.599854
3.001179 636.851318
3.006984 636.926880
3.012789 636.532837
3.018594 635.793396
3.024399 635.209290
3.030204 317.704895
3.036009 317.631042
3.041814 634.098572
3.047619 634.052307
3.053424 634.258057
3.059229 212.415848
3.065034 212.034866
3.070839 211.644928
3.076644 211.519333
3.082449 211.608536
3.088254 211.810410
3.094059 212.014603
3.099864 621.721924
3.105669 622.574402
3.111474 138.369675
3.117279 138.391525
3.123084 138.340134
3.128889 138.320847
3.134694 208.004257
3.140499 207.917603
3.146304 207.889053
3.152109 103.951340
3.157914 103.962502
3.163719 103.955925
3.169524 103.937843
3.175329 103.922874
3.181134 103.902451
3.186939 103.878876
3.192744 138.400452
3.198549 138.361572
3.204354 138.223053
3.210159 105.800453
3.215964 105.797050
3.221769 105.687424
3.227574 105.630943
3.233379 126.812424
3.239184 633.578247
3.244989 633.785583
3.250794 127.015564
3.256599 126.861588
3.262404 79.208443
3.268209 79.153778
3.274014 105.770126
3.279819 105.607796
3.285624 105.553108
3.291429 630.370178
3.297234 631.213867
3.303039 632.907166
3.308844 634.407349
3.314649 635.211243
3.320453 634.889954
3.326258 633.648621
3.332063 632.746887
3.337868 633.144287
3.343673 634.157349
3.349478 634.076965
3.355283 632.945679
3.361089 211.133179
3.366894 316.851837
3.372698 316.649780
3.378503 211.114685
3.384308 242.363327
3.390113 145.129730
3.395918 81.092445
3.401723 81.134018
3.407528 98.675018
3.413333 98.729645
3.419138 72.383484
3.424943 98.694145
3.430748 98.614937
3.436553 98.550850
3.442358 98.509163
3.448163 72.363472
3.453968 98.270691
3.459773 98.220596
3.465578 98.270592
3.471383 98.364204
3.477188 98.458687
3.482993 98.466576
3.488798 98.514427
3.494603 98.674507
3.500408 98.807953
3.506213 98.840492
3.512018 98.830719
3.517823 119.269127
3.523628 119.083130
3.529433 118.959534
3.535238 118.931145
3.541043 103.967140
3.546848 104.092117
3.552653 208.527176
3.558458 208.408493
3.564263 104.091393
3.570068 104.081390
3.575873 104.100586
3.581678 104.110046
3.587483 104.077469
3.593288 98.201859
3.599093 98.152031
3.604898 98.129150
3.610703 98.136086
3.616508 98.136177
3.622313 98.126221
3.628118 98.102379
3.633923 98.073128
3.639728 196.146011
3.645533 196.246353
3.651338 196.370789
3.657143 196.408157
3.662948 196.301758
3.668753 196.067139
3.674558 195.786804
3.680363 195.723801
3.686168 147.165451
3.691973 196.197815
3.697778 422.516907
3.703583 418.325775
3.709388 418.270752
3.715193 96.974319
3.720998 618.173645
3.726803 624.756042
3.732608 630.010559
3.738413 633.398743
3.744218 642.266602
3.750023 659.065796
3.755828 665.227295
3.761633 666.555847
3.767438 665.825012
3.773243 659.510986
3.779048 648.986511
3.784853 644.104553
3.790658 646.664124
3.796463 155.343002
3.802268 154.455856
3.808073 153.809525
3.813878 153.441589
3.819683 287.786652
3.825488 253.920074
3.831293 255.484238
3.837097 149.789413
3.842902 148.955460
3.848707 148.494385
3.854512 148.369461
3.860317 148.452835
3.866122 148.581360
3.871927 148.514206
3.877733 148.103058
3.883538 147.862747
3.889342 147.753128
3.895147 147.309601
3.900952 146.837448
3.906757 292.822174
3.912562 292.897614
3.918367 293.011658
3.924172 293.069672
3.929977 292.997437
3.935782 292.898163
3.941587 292.854431
3.947392 292.611755
3.953197 224.175064
3.959002 210.880875
3.964807 194.069702
3.970612 194.044434
3.976417 194.196899
3.982222 194.382462
3.988027 210.765442
3.993832 238.523575
3.999637 210.368088
4.005442 210.590866
4.011247 210.969971
4.017052 196.725998
4.022857 196.698502
4.028662 650.077942
4.034467 652.072998
4.040272 196.321320
4.046077 195.787338
4.051882 195.272858
4.057687 384.568085
4.063492 387.126801
4.069297 720.926086
4.075102 725.327881
4.080907 729.460510
4.086712 400.925720
4.092517 403.680695
4.098322 672.396240
4.104127 663.779907
4.109932 1201.879028
4.115737 423.828674
4.121542 665.598145
4.127347 659.066895
4.133152 199.337234
4.138957 198.373657
4.144762 177.276749
4.150567 177.336044
4.156372 177.399765
4.162177 177.454407
4.167982 177.552002
4.173787 177.749496
4.179592 177.916428
4.185397 177.962738
4.191202 267.156647
4.197007 267.422607
4.202812 267.572906
4.208617 267.503845
4.214422 267.430939
4.220227 177.987839
4.226032 177.977142
4.231837 177.981445
4.237642 267.179443
4.243447 0.000000
4.249252 83.009537
4.255057 82.733017
4.260862 82.618736
4.266667 175.270035
4.272471 61.752453
4.278276 61.794720
4.284081 90.376579
4.289886 91.438416
4.295691 91.964584
4.301497 92.000053
4.307302 85.794327
4.313107 68.569214
4.318912 68.377853
4.324717 70.734222
4.330522 137.870758
4.336327 98.923775
4.342132 98.903145
4.347937 98.945572
4.353742 99.025230
4.359547 99.069984
4.365352 99.012596
4.371157 98.752472
4.376961 98.316277
4.382766 98.103302
4.388571 106.889175
4.394376 106.929359
4.400181 107.011818
4.405986 106.972404
4.411791 106.921356
4.417596 106.908875
4.423401 106.857368
4.429206 106.779289
4.435011 106.744759
4.440816 106.729713
4.446621 106.624130
4.452426 106.430641
4.458231 528.708435
4.464036 238.174500
4.469841 237.950150
4.475646 506.301514
4.481451 506.050018
4.487256 436.466736
4.493061 430.553741
4.498866 530.849792
4.504671 178.120758
4.510476 177.981949
4.516281 177.744034
4.522086 177.713394
4.527891 0.000000
4.533696 85.278198
4.539501 150.886673
4.545306 150.902069
4.551111 0.000000
4.556916 88.810844
4.562721 87.438576
4.568526 80.255371
4.574331 522.248474
4.580136 517.984009
4.585941 516.367676
4.591746 814.894775
4.597551 837.795532
4.603356 79.042557
4.609161 78.814888
4.614966 1427.435913
4.620771 288.529572
4.626576 290.782074
4.632381 294.384857
4.638186 296.984619
4.643991 214.961548
4.649796 215.453079
4.655601 169.547958
4.661406 169.919983
4.667211 170.265198
4.673016 170.579300
4.678821 170.753220
4.684626 118.990677
4.690431 119.042282
4.696236 118.901863
4.702041 393.536804
4.707846 393.273163
4.713651 392.741821
4.719456 391.940582
4.725261 391.220581
4.731066 390.549591
4.736871 389.334900
4.742676 388.094330
4.748481 388.005737
4.754286 388.648071
4.760091 293.741791
4.765896 1166.562378
4.771701 1168.596313
4.777506 1172.339722
4.783311 1174.615845
4.789115 1177.683960
4.794920 1181.794922
4.800725 1185.337158
4.806530 1186.724976
4.812335 1184.537231
4.818141 1180.672607
4.823946 1179.322021
4.829751 155.778961
4.835556 155.643417
4.841361 155.627838
4.847166 155.697174
4.852971 610.649597
4.858776 613.740295
4.864581 613.185974
4.870386 610.657837
4.876191 168.157928
4.881996 342.150238
4.887800 342.437134
4.893605 342.270233
4.899410 341.646393
4.905215 340.794037
4.911020 339.403351
4.916825 337.365753
4.922630 335.838348
4.928435 335.102448
4.934240 334.455566
4.940045 333.869415
4.945850 333.364899
4.951655 332.747711
4.957460 293.962860
4.963265 312.472809
4.969070 310.620300
4.974875 297.729370
4.980680 296.297150
4.986485 295.386993
4.992290 294.850342
4.998095 294.658722
5.003900 294.693207
5.009705 294.910156
5.015510 295.287598
5.021315 295.602936
5.027120 295.552582
5.032925 295.151276
5.038730 294.677612
5.044535 294.303802
5.050340 294.053528
5.056145 293.912079
5.061950 588.526917
5.067755 588.740662
5.073560 391.897583
5.079365 391.861664
5.085170 391.843384
5.090975 1178.291382
5.096780 1180.030396
5.102585 195.548141
5.108390 195.499802
5.114195 195.017624
5.120000 193.876770
5.125805 193.894226
5.131610 194.076981
5.137415 220.898315
5.143220 180.581894
5.149025 238.706543
5.154830 192.636215
5.160635 210.683868
5.166440 211.010056
5.172245 300.510895
5.178050 299.525146
5.183855 298.915466
5.189660 298.738770
5.195465 298.344727
5.201270 296.822266
5.207075 293.629547
5.212880 290.986847
5.218685 289.432007
5.224490 571.634033
5.230295 575.420593
5.236100 292.938812
5.241905 2959.054443
5.247710 2912.633057
5.253515 2898.421143
5.259320 2857.753174
5.265125 2747.465088
5.270930 97.623711
5.276735 97.563042
5.282540 106.804237
5.288345 264.434723
5.294150 264.938904
5.299954 293.963623
5.305759 294.097931
5.311564 2910.820557
5.317369 2941.005859
5.323174 290.752686
5.328979 289.172821
5.334785 287.769318
5.340590 262.341766
5.346395 3390.217041
5.352200 3499.919189
5.358005 3558.036133
5.363810 3552.682129
5.369615 273.328705
5.375420 274.078186
5.381225 275.278809
5.387030 276.202850
5.392835 3510.864990
5.398640 151.169510
5.404444 151.209869
5.410249 83.378006
5.416054 3242.847168
5.421859 99.511032
5.427664 70.659012
5.433469 81.553795
5.439274 97.311607
5.445079 118.650116
5.450884 0.000000
5.456689 75.463730
5.462494 83.264877
5.468299 578.046265
5.474104 566.779358
5.479909 553.327393
5.485714 545.049744
5.491519 106.871086
5.497324 89.177063
5.503129 89.181877
5.508934 89.214462
5.514739 89.203857
5.520544 89.152306
5.526349 89.149155
5.532154 76.460487
5.537959 153.402252
5.543764 118.723038
5.549569 118.571754
5.555374 118.521523
5.561179 118.433601
5.566984 118.217361
5.572789 118.065125
5.578594 1069.817627
5.584399 1064.547119
5.590204 530.377380
5.596009 529.660706
5.601814 281.225983
5.607619 286.026215
5.613424 288.046112
5.619229 289.167419
5.625034 289.548004
5.630839 289.033417
5.636644 286.241943
5.642449 280.393341
5.648254 279.100708
5.654059 279.385345
5.659864 280.379700
5.665669 282.189240
5.671474 283.674988
5.677279 283.898407
5.683084 142.030640
5.688889 142.237381
5.694694 175.959793
5.700499 87.938141
5.706304 87.982666
5.712109 87.884346
5.717914 79.577286
5.723719 88.045563
5.729524 88.056587
5.735329 87.836143
5.741134 87.576523
5.746939 87.460571
5.752744 74.516251
5.758549 87.572929
5.764354 131.305756
5.770159 131.053162
5.775964 262.170502
5.781769 262.737762
5.787574 263.497742
5.793379 264.099884
5.799184 264.447113
5.804989 131.824127
5.810794 131.847168
5.816598 263.803406
5.822403 263.621735
5.828208 131.617920
5.834013 131.774673
5.839818 264.629730
5.845623 264.942078
5.851429 139.289703
5.857234 277.444092
5.863039 277.842804
5.868844 279.091431
5.874649 71.378128
5.880454 137.226059
5.886259 278.856750
5.892064 277.394592
5.897869 265.928772
5.903674 111.771942
5.909479 111.756538
5.915284 130.729111
5.921088 130.751877
5.926893 130.783432
5.932698 785.526794
5.938503 784.950928
5.944308 784.668762
5.950113 785.289734
5.955918 786.456787
5.961723 788.066345
5.967528 261.498047
5.973333 260.558258
5.979138 799.447388
5.984943 953.157715
5.990748 947.230042
5.996553 938.688660
6.002358 305.564606
6.008163 302.942780
6.013968 294.687683
6.019773 293.011841
6.025578 293.691772
6.031383 293.984222
6.037188 293.589783
6.042993 292.053741
6.048798 290.002808
6.054603 288.634399
6.060408 287.673462
6.066213 286.667633
6.072018 285.304169
6.077823 283.415558
6.083628 282.024292
6.089433 281.306702
6.095238 280.387390
6.101043 279.335602
6.106848 278.845795
6.112653 278.432556
6.118458 277.784241
6.124263 278.009521
6.130068 278.865417
6.135873 278.723328
6.141678 277.290192
6.147483 276.070038
6.153288 276.626862
6.159093 277.215546
6.164898 276.284302
6.170703 269.014313
6.176508 264.601410
6.182313 262.830780
6.188118 262.436096
6.193923 262.354675
6.199728 262.292877
6.205533 262.392273
6.211338 391.058441
6.217143 390.691833
6.222948 390.443512
6.228753 390.380310
6.234558 792.768372
6.240363 791.466919
6.246168 260.652344
6.251973 194.662781
6.257778 193.207962
6.263583 191.714081
6.269388 191.248505
6.275193 191.135590
6.280998 175.175888
6.286803 102.359192
6.292608 218.484909
6.298413 218.736877
6.304218 1798.242920
6.310023 291.538116
6.315828 289.327942
6.321633 285.727112
6.327438 285.608734
6.333242 288.212921
6.339047 288.942291
6.344852 287.751770
6.350657 2362.472168
6.356462 279.624847
6.362267 277.918732
6.368073 276.251770
6.373878 273.583984
6.379683 269.677795
6.385488 179.435135
6.391293 550.526428
6.397098 143.739822
6.402903 136.404678
6.408708 136.490860
6.414513 136.714951
6.420318 716.481628
6.426123 713.206604
6.431927 710.848206
6.437732 352.609589
6.443537 139.734344
6.449342 278.518127
6.455147 278.738373
6.460952 279.043488
6.466757 278.966309
6.472562 278.157715
6.478367 277.054077
6.484172 276.434204
6.489977 3272.034668
6.495782 3210.361816
6.501587 139.477585
6.507392 356.371735
6.513197 355.434052
6.519002 354.524048
6.524807 354.147461
6.530612 353.363617
6.536417 349.875214
6.542222 347.183044
6.548027 346.726166
6.553832 269.359497
6.559637 267.725800
6.565442 267.571564
6.571247 268.140137
6.577052 268.744476
6.582857 269.121307
6.588662 269.360809
6.594467 270.199768
6.600272 271.737305
6.606077 273.955688
6.611882 138.277939
6.617687 276.264130
6.623492 138.661896
6.629297 138.669968
6.635102 138.431320
6.640907 138.098755
6.646712 274.301147
6.652517 543.473755
6.658322 543.566833
6.664127 545.217834
6.669932 548.846558
6.675737 553.125916
6.681542 89.149979
6.687347 101.894478
6.693152 101.653519
6.698957 101.584267
6.704762 101.681549
6.710567 89.065292
6.716372 89.075996
6.722177 88.941589
6.727982 88.878464
6.733787 142.165771
6.739592 142.303833
6.745397 142.670135
6.751202 143.227966
6.757007 143.586090
6.762812 143.402725
6.768617 142.976517
6.774422 142.917282
6.780227 142.940857
6.786032 142.738159
6.791837 142.032471
6.797642 141.890182
6.803447 355.373474
6.809252 713.575928
6.815057 713.061890
6.820862 237.402100
6.826667 236.994522
6.832472 176.890732
6.838277 150.594528
6.844081 151.282028
6.849886 0.000000
6.855691 0.000000
6.861496 61.967484
6.867301 90.334198
6.873106 111.532700
6.878911 111.812477
6.884717 141.204041
6.890522 76.397316
6.896327 1132.341309
6.902132 572.149414
6.907937 140.371826
6.913742 139.907150
6.919547 139.723953
6.925352 139.770172
6.931157 78.256073
6.936962 78.318558
6.942767 78.351898
6.948571 78.360840
6.954376 116.724236
6.960181 116.896011
6.965986 117.061913
6.971791 117.007973
6.977596 116.801231
6.983401 116.254662
6.989206 115.665962
6.995011 564.716125
7.000816 565.866333
7.006621 566.904297
7.012426 567.382568
7.018231 565.930359
7.024036 560.549377
7.029841 552.379883
7.035646 535.347900
7.041451 523.009033
7.047256 520.791992
7.053061 175.198196
7.058866 702.331360
7.064671 703.617493
7.070476 703.935486
7.076281 704.940308
7.082086 705.494568
7.087891 704.452454
7.093696 703.598511
7.099501 703.797791
7.105306 348.450043
7.111111 347.838348
7.116916 347.483246
7.122721 347.473511
7.128526 347.673004
7.134331 348.197784
7.140136 690.550781
7.145941 349.901642
7.151746 350.011047
7.157551 232.240173
7.163356 232.131805
7.169161 139.457336
7.174966 139.773849
7.180771 288.057587
7.186576 284.543182
7.192381 282.386414
7.198186 281.846283
7.203991 281.981201
7.209796 282.223541
7.215601 282.475647
7.221406 282.873962
7.227211 283.190002
7.233016 283.133240
7.238821 140.379425
7.244626 140.170273
7.250431 139.998917
7.256236 139.820908
7.262041 139.610794
7.267846 139.443619
7.273651 139.427582
7.279456 139.463379
7.285261 139.481140
7.291066 139.526489
7.296871 139.602310
7.302676 139.605240
7.308481 139.586472
7.314286 139.654770
7.320091 139.754517
7.325896 139.754303
7.331701 139.634720
7.337506 139.471481
7.343311 139.381226
7.349116 139.467712
7.354921 232.860611
7.360725 233.016006
7.366530 232.958939
7.372335 174.833130
7.378140 174.873123
7.383945 174.839142
7.389750 346.062469
7.395555 231.904160
7.401361 209.985306
7.407166 209.523422
7.412971 209.931061
7.418776 189.940613
7.424581 180.903824
7.430386 180.786697
7.436191 205.519501
7.441996 180.612778
7.447801 209.850189
7.453606 210.145050
7.459411 282.235992
7.465215 283.391846
7.471020 283.360962
7.476825 282.482971
7.482630 281.241119
7.488435 279.737823
7.494240 277.513641
7.500045 273.850739
7.505850 270.313843
7.511655 268.220001
7.517460 133.449692
7.523265 127.811218
7.529070 554.123962
7.534875 556.071350
7.540680 315.628021
7.546485 211.023132
7.552290 211.477859
7.558095 211.813705
7.563900 211.809982
7.569705 318.266327
7.575510 316.886871
7.581315 2801.022217
7.587120 2818.992676
7.592925 280.347504
7.598730 279.709015
7.604535 3051.077637
7.610340 274.449768
7.616145 272.822083
7.621950 270.987640
7.627755 269.080078
7.633560 267.960571
7.639365 267.188812
7.645170 209.116455
7.650975 210.237503
7.656780 212.871964
7.662585 212.385544
7.668390 212.087265
7.674195 212.007294
7.680000 212.330368
7.685805 212.566910
7.691610 618.095947
7.697415 344.744720
7.703220 138.140594
7.709025 138.221817
7.714830 138.246429
7.720635 532.815430
7.726440 537.706970
7.732245 544.747375
7.738050 138.670578
7.743855 626.274292
7.749660 626.719482
7.755465 623.201660
7.761270 619.381897
7.767075 617.753052
7.772880 620.390625
7.778685 138.542770
7.784490 138.494217
7.790295 138.461868
7.796100 106.195908
7.801905 138.223801
7.807710 138.179855
7.813515 138.191864
7.819320 126.787666
7.825125 632.747437
7.830930 633.161316
7.836735 634.683167
7.842540 634.715881
7.848345 633.374084
7.854150 632.689697
7.859955 127.097519
7.865760 105.757332
7.871564 158.565063
7.877369 471.157104
7.883174 474.122131
7.888979 250.899078
7.894784 251.258743
7.900589 274.732178
7.906394 275.997192
7.912199 276.331970
7.918005 276.222260
7.923810 276.684692
7.929615 277.440033
7.935420 278.212189
7.941225 278.727051
7.947030 278.019562
7.952835 780.003418
7.958640 785.616272
7.964445 790.049438
7.970250 317.584290
7.976054 158.209549
7.981859 151.560593
7.987664 151.756180
7.993469 151.500687
7.999274 80.827919
8.005079 98.514244
8.010884 88.684578
8.016689 78.701508
8.022494 1791.299072
8.028299 197.059326
8.034104 196.855225
8.039909 78.827415
8.045714 78.668297
8.051519 78.491486
8.057324 71.846573
8.063129 196.258652
8.068934 130.741486
8.074739 98.166939
8.080544 98.173897
8.086349 98.173409
8.092155 196.205551
8.097960 196.103546
8.103765 97.939720
8.109570 208.269455
8.115375 139.131134
8.121180 139.150162
8.126985 139.119507
8.132789 139.025589
8.138594 138.970871
8.144399 282.488892
8.150204 282.341034
8.156009 281.781921
8.161814 280.393524
8.167619 278.349121
8.173424 276.702698
8.179229 275.505157
8.185034 274.815643
8.190839 275.001099
8.196644 275.736755
8.202449 275.593597
8.208254 139.195206
8.214059 586.897583
8.219864 579.565796
8.225669 139.582413
8.231474 133.460876
8.237279 133.458771
8.243084 292.684448
8.248889 293.376221
8.254694 293.718658
8.260499 293.261963
8.266304 292.393768
8.272109 267.059357
8.277914 266.220978
8.283719 265.711670
8.289524 265.364075
8.295329 265.608673
8.301134 267.396301
8.306939 268.732971
8.312744 269.052124
8.318549 268.789154
8.324354 268.173248
8.330159 267.400757
8.335963 266.782593
8.341768 266.385254
8.347573 265.909363
8.353378 265.234222
8.359183 264.665466
8.364988 264.509277
8.370793 264.586975
8.376598 264.837158
8.382403 265.522369
8.388208 266.767120
8.394013 268.312500
8.399818 269.440582
8.405623 269.531769
8.411428 268.031738
8.417233 266.020874
8.423038 265.218475
8.428843 265.253418
8.434649 265.811218
8.440454 266.619080
8.446259 266.917542
8.452064 588.029175
8.457869 588.645447
8.463674 588.824158
8.469479 588.282166
8.475284 587.617676
8.481089 587.485535
8.486894 587.552246
8.492699 195.946121
8.498504 196.004028
8.504309 196.062119
8.510114 117.209549
8.515919 117.211716
8.521724 292.331604
8.527529 292.741058
8.533334 587.146179
8.539139 292.524078
8.544943 291.557739
8.550748 194.742630
8.556553 193.917099
8.562358 193.146591
8.568163 190.896744
8.573968 174.511932
8.579773 174.444351
8.585578 180.925995
8.591383 180.599136
8.597188 260.635254
8.602993 261.907349
8.608798 263.092377
8.614603 193.354416
8.620408 551.800415
8.626213 556.485168
8.632018 557.589478
8.637823 558.262878
8.643628 277.294983
8.649433 179.131531
8.655238 272.394623
8.661043 271.746674
8.666848 271.049408
8.672653 269.273743
8.678458 266.917084
8.684263 265.901611
8.690068 179.120850
8.695873 178.964508
8.701678 178.424698
8.707483 2886.127441
8.713288 2873.586914
8.719093 273.962128
8.724898 274.142731
8.730703 273.817841
8.736508 273.342590
8.742313 272.976746
8.748117 272.430389
8.753922 271.560730
8.759727 270.474060
8.765532 268.985565
8.771338 267.468933
8.777143 267.279053
8.782948 267.217285
8.788753 266.969849
8.794558 266.921539
8.800363 267.089447
8.806168 267.227570
8.811973 177.887619
8.817778 177.628357
8.823583 177.481110
8.829388 177.572800
8.835193 0.000000
8.840998 147.210266
8.846803 154.591629
8.852608 163.304718
8.858413 85.530663
8.864218 85.549744
8.870023 73.349503
8.875828 80.739426
8.881633 93.878677
8.887438 275.630157
8.893243 275.208679
8.899048 274.867584
8.904853 274.857697
8.910658 275.548706
8.916463 141.911942
8.922268 141.735138
8.928073 134.371414
8.933878 133.821426
8.939683 88.965736
8.945488 76.417274
8.951293 177.933929
8.957097 177.839508
8.962902 76.283981
8.968707 76.222794
8.974512 133.075043
8.980317 133.099365
8.986122 133.132095
8.991927 133.115372
8.997732 133.115768
9.003537 133.162964
9.009342 133.191498
9.015147 133.165771
9.020952 266.123749
9.026757 267.865875
9.032562 269.487274
9.038367 270.978027
9.044172 289.506592
9.049977 294.514465
9.055782 298.636780
9.061587 301.997528
9.067392 305.331818
9.073197 310.778839
9.079002 322.328033
9.084807 326.385773
9.090612 329.914856
9.096417 334.570953
9.102222 178.110931
9.108027 178.597092
9.113832 359.374115
9.119637 179.431183
9.125443 147.822052
9.131248 156.799118
9.137053 157.067245
9.142858 82.671432
9.148663 0.000000
9.154468 66.686966
9.160272 66.689529
9.166077 72.381233
9.171882 87.193016
9.177687 133.239166
9.183492 132.815170
9.189297 132.506271
9.195102 74.909653
9.200907 74.877533
9.206712 74.857300
9.212517 144.076584
9.218322 131.340210
9.224127 131.250259
9.229932 131.290192
9.235737 131.368546
9.241542 131.439713
9.247347 131.502258
9.253152 131.583908
9.258957 131.768234
9.264762 169.483810
9.270567 157.359741
9.276372 156.808502
9.282177 303.749298
9.287982 300.417267
9.293787 299.256531
9.299592 299.857086
9.305397 299.845795
9.311202 298.294037
9.317007 297.155762
9.322812 296.177765
9.328617 294.895691
9.334422 293.532227
9.340227 293.097168
9.346032 293.209534
9.351837 293.418121
9.357642 293.623291
9.363446 235.069839
9.369251 234.876816
9.375056 234.726883
9.380861 234.688034
9.386666 234.754318
9.392471 234.862595
9.398276 234.935867
9.404081 234.890976
9.409886 292.431610
9.415691 292.090942
9.421496 292.428741
9.427301 293.148804
9.433106 293.667908
9.438911 292.799835
9.444716 291.449799
9.450521 289.588440
9.456326 287.536224
9.462132 285.989655
9.467937 285.187469
9.473742 284.599640
9.479547 284.101013
9.485352 283.986603
9.491157 284.996399
9.496962 287.393799
9.502767 138.855042
9.508572 602.094299
9.514377 598.988464
9.520182 597.187012
9.525987 262.659119
9.531792 262.330536
9.537597 262.263336
9.543402 262.315033
9.549207 583.918823
9.555012 587.124207
9.560817 290.646484
9.566622 290.695526
9.572426 589.949524
9.578231 590.001221
9.584036 293.197968
9.589841 293.550690
9.595646 293.960541
9.601451 234.986496
9.607256 235.100830
9.613061 235.018036
9.618866 392.103271
9.624671 391.767059
9.630476 391.069611
9.636281 390.719055
9.642086 390.758270
9.647891 391.021454
9.653696 1169.872192
9.659501 1171.071289
9.665306 1173.629272
9.671111 1177.060425
9.676916 1181.165527
9.682721 1185.333984
9.688526 392.621796
9.694331 235.324463
9.700136 195.822540
9.705941 195.277695
9.711746 191.176056
9.717551 194.380646
9.723356 194.912460
9.729161 221.362839
9.734966 107.451843
9.740771 4735.874023
9.746576 111.611282
9.752381 294.821045
9.758186 561.933594
9.763991 273.356598
9.769796 274.453156
9.775600 274.672180
9.781405 274.063599
9.787210 134.600388
9.793015 134.649353
9.798820 134.635696
9.804626 267.842743
9.810431 267.122375
9.816236 267.405853
9.822041 268.110565
9.827846 134.047913
9.833651 134.140381
9.839456 395.154388
9.845261 89.206230
9.851066 268.004822
9.856871 268.057587
9.862676 267.691162
9.868481 267.273315
9.874286 267.203156
9.880091 267.262909
9.885896 267.071320
9.891701 266.854370
9.897506 266.915375
9.903311 267.099030
9.909116 267.010376
9.914921 266.600433
9.920726 266.555786
9.926531 531.690491
9.932336 535.144836
9.938141 536.807434
9.943946 536.847595
9.949751 536.701782
9.955556 213.437546
9.961361 1125.033325
9.967166 1118.861572
9.972971 1106.343750
9.978776 266.180023
9.984580 266.197113
9.990385 152.658508
9.996190 152.556992
10.001995 152.348099
10.007800 0.000000
10.013605 97.311356
10.019410 67.287964
10.025215 67.649010
10.031020 91.610893
10.036825 92.267204
10.042630 138.793930
10.048435 276.256927
10.054240 275.318024
10.060045 77.502907
10.065850 270.666779
10.071655 269.352356
10.077460 268.374237
10.083265 267.248627
10.089070 265.621887
10.094875 264.104858
10.100680 264.208313
10.106485 75.927383
10.112290 76.017784
10.118095 538.399597
10.123900 537.489441
10.129705 118.480858
10.135510 118.481804
10.141315 134.445908
10.147120 270.805756
10.152925 272.143646
10.158731 3057.517090
10.164536 3050.458008
10.170341 3105.041016
10.176146 3198.557617
10.181951 135.667221
10.187755 135.746017
10.193560 1246.006714
10.199365 1236.855347
10.205170 352.741821
10.210975 269.124481
10.216780 267.370300
10.222585 266.273315
10.228390 265.843109
10.234195 212.766052
10.240000 1075.212036
10.245805 1072.312134
10.251610 1071.071289
10.257415 1073.340576
10.263220 212.772766
10.269025 212.804077
10.274830 212.919693
10.280635 152.875595
10.286440 153.010269
10.292245 81.897957
10.298050 0.000000
10.303855 63.520485
10.309660 65.676064
10.315465 79.409004
10.321270 174.739563
10.327075 174.808380
10.332880 174.805420
10.338685 80.544579
10.344490 65.483604
10.350295 65.461617
10.356100 65.414764
10.361905 130.858383
10.367710 131.089310
10.373515 87.371811
10.379320 87.465858
10.385125 87.419601
10.390930 87.288483
10.396734 88.949806
10.402539 88.780838
10.408344 88.581581
10.414149 88.399391
10.419954 88.112206
10.425759 87.818665
10.431564 87.725601
10.437369 112.912529
10.443174 112.742195
10.448979 87.653320
10.454784 87.491013
10.460589 131.126541
10.466394 87.228294
10.472199 87.124878
10.478004 86.975937
10.483809 86.930016
10.489614 130.150299
10.495420 130.031982
10.501225 794.234436
10.507030 796.678833
10.512835 796.676636
10.518640 796.753601
10.524445 794.662720
10.530250 790.297546
10.536055 787.425110
10.541860 786.350769
10.547665 786.827332
10.553470 788.624634
10.559275 791.387024
10.565080 795.571594
10.570885 468.986450
10.576690 956.571594
10.582495 471.423615
10.588300 470.421051
10.594105 469.516876
10.599909 467.001495
10.605714 461.983093
10.611519 208.991348
10.617324 539.238647
10.623129 533.082947
10.628934 528.537476
10.634739 528.117188
10.640544 527.737488
10.646349 527.496826
10.652154 264.275146
10.657959 263.784332
10.663764 164.158691
10.669569 163.499695
10.675374 162.202225
10.681179 130.637100
10.686984 159.913879
10.692789 158.757690
10.698594 158.281693
10.704399 157.913574
10.710204 157.118835
10.716009 156.031815
10.721814 155.326569
10.727619 154.653488
10.733424 154.030960
10.739229 195.816849
10.745034 393.042694
10.750839 391.802704
10.756644 260.584686
10.762449 156.543930
10.768254 156.360641
10.774059 392.444122
10.779864 392.029877
10.785669 392.006500
10.791474 391.969604
10.797279 391.726746
10.803084 156.841400
10.808888 156.865173
10.814693 156.865860
10.820498 156.769821
10.826303 156.578720
10.832108 156.451279
10.837914 156.500916
10.843719 260.585632
10.849524 195.654709
10.855329 195.287552
10.861134 194.569565
10.866939 175.489288
10.872744 175.193237
10.878549 220.492508
10.884354 220.091187
10.890159 219.888397
10.895964 220.086349
10.901769 220.610428
10.907574 221.564255
10.913379 836.789612
10.919184 825.314941
10.924989 787.892090
10.930794 764.838318
10.936599 758.939758
10.942404 752.213379
10.948209 749.012390
10.954014 743.207764
10.959819 730.425476
10.965624 721.653015
10.971429 719.456360
10.977234 716.373962
10.983039 705.515625
10.988844 693.255798
10.994649 691.182312
