0.000000 0.000000
0.005805 227.372391
0.011610 210.383575
0.017415 209.514542
0.023220 209.038818
0.029025 208.629974
0.034830 208.140900
0.040635 207.204941
0.046440 206.173523
0.052245 208.821823
0.058050 209.254700
0.063855 209.857224
0.069660 210.415131
0.075465 210.690338
0.081270 210.586090
0.087075 210.238953
0.092880 209.902847
0.098685 209.646652
0.104490 209.247437
0.110295 219.394592
0.116100 0.000000
0.121905 207.851395
0.127710 197.947464
0.133515 198.862457
0.139320 4190.883789
0.145125 4384.432617
0.150930 5574.874512
0.156735 5627.557129
0.162540 5513.831055
0.168345 5403.125000
0.174150 5304.724609
0.179955 5199.645508
0.185760 1829.907227
0.191565 1826.437622
0.197370 3973.564209
0.203175 3405.088379
0.208980 3610.544678
0.214785 3639.298096
0.220590 250.745361
0.226395 250.392303
0.232200 249.945877
0.238005 249.648987
0.243810 3162.014648
0.249615 3210.437744
0.255419 3257.214844
0.261224 3296.045166
0.267029 3330.529541
0.272834 3365.465332
0.278639 3394.738281
0.284444 3411.677002
0.290249 3419.118408
0.296054 3420.662109
0.301859 3418.225098
0.307664 3414.260986
0.313469 3407.444336
0.319274 3393.986816
0.325079 3375.497803
0.330884 3363.119141
0.336689 182.931335
0.342494 182.058029
0.348299 181.429504
0.354104 181.006287
0.359909 180.709961
0.365714 180.245102
0.371519 179.449982
0.377324 178.542648
0.383129 177.657974
0.388934 176.963669
0.394739 176.540649
0.400544 176.251236
0.406349 175.956406
0.412154 175.654129
0.417959 175.187164
0.423764 174.447723
0.429569 173.569504
0.435374 172.654449
0.441179 171.484085
0.446984 169.312546
0.452789 165.692917
0.458594 164.375168
0.464399 171.800400
0.470204 176.478821
0.476009 173.087769
0.481814 170.819733
0.487619 169.649063
0.493424 234.647873
0.499229 231.159912
0.505034 228.542236
0.510839 226.508499
0.516644 225.686691
0.522449 226.233612
0.528254 234.074570
0.534059 234.924683
0.539864 235.775162
0.545669 236.103485
0.551474 360.887421
0.557279 362.393158
0.563084 379.435699
0.568889 382.676147
0.574694 184.693939
0.580499 184.547501
0.586304 184.193420
0.592109 353.150787
0.597914 353.370575
0.603719 355.214355
0.609524 177.039032
0.615329 176.892136
0.621134 176.665619
0.626939 176.499435
0.632744 176.395279
0.638549 176.334824
0.644354 176.325623
0.650159 176.357269
0.655964 176.382874
0.661769 176.374802
0.667574 176.285995
0.673379 176.132828
0.679184 176.103256
0.684989 177.153992
0.690794 191.648331
0.696599 195.277847
0.702404 199.390839
0.708209 200.810455
0.714014 201.409592
0.719819 201.424179
0.725624 200.810760
0.731429 200.199280
0.737234 200.157837
0.743039 200.396927
0.748844 200.588562
0.754649 200.689453
0.760454 200.944366
0.766258 201.586975
0.772063 202.512054
0.777869 203.600967
0.783673 204.826294
0.789478 206.142471
0.795283 207.479507
0.801088 208.866501
0.806893 641.718262
0.812698 215.193420
0.818503 216.489883
0.824308 216.563324
0.830113 215.772675
0.835918 215.408112
0.841723 215.328522
0.847528 215.186813
0.853333 214.680679
0.859138 213.423660
0.864943 210.711365
0.870748 206.874207
0.876553 201.195160
0.882358 188.622635
0.888163 185.706802
0.893968 183.711136
0.899773 181.813278
0.905578 200.433731
0.911383 201.099991
0.917188 201.494843
0.922993 201.543579
0.928798 354.078857
0.934603 268.526855
0.940408 268.477631
0.946213 284.763947
0.952018 287.499908
0.957823 290.231262
0.963628 291.356384
0.969433 291.843933
0.975238 293.593170
0.981043 304.975677
0.986848 302.976624
0.992653 301.561646
0.998458 300.106018
1.004263 293.381653
1.010068 279.981750
1.015873 276.433350
1.021678 276.404388
1.027483 278.251495
1.033288 277.747650
1.039093 272.192291
1.044898 272.239410
1.050703 274.469025
1.056508 273.718597
1.062313 271.363678
1.068118 270.894562
1.073923 271.595306
1.079728 271.303436
1.085533 270.017365
1.091338 268.154938
1.097143 263.904083
1.102948 95.323456
1.108753 245.806335
1.114558 228.297607
1.120363 228.904785
1.126168 232.295197
1.131973 233.579025
1.137778 230.747269
1.143583 227.315765
1.149388 225.632263
1.155193 224.586105
1.160998 479.262482
1.166803 211.463547
1.172608 210.738693
1.178413 209.963348
1.184218 209.027100
1.190023 208.087997
1.195828 207.491547
1.201633 207.175430
1.207438 207.006775
1.213243 206.918716
1.219048 206.883118
1.224853 206.878494
1.230658 206.785706
1.236463 206.059341
1.242268 203.708603
1.248073 203.092438
1.253878 209.877777
1.259683 220.796677
1.265488 220.861542
1.271293 214.694427
1.277097 4310.731445
1.282902 4389.221191
1.288707 4429.908691
1.294513 4461.822266
1.300317 4585.173340
1.306122 4891.851562
1.311927 5019.686035
1.317732 6066.786621
1.323537 6756.406250
1.329342 6985.215820
1.335147 7069.374512
1.340952 4094.095459
1.346757 4061.320312
1.352562 6375.487793
1.358367 241.547501
1.364172 236.382629
1.369977 215.111710
1.375782 214.483810
1.381587 214.086365
1.387392 213.681503
1.393197 213.038727
1.399002 225.953323
1.404807 225.182785
1.410612 224.317474
1.416417 223.682159
1.422222 215.486176
1.428027 224.586624
1.433832 224.889542
1.439637 214.976440
1.445442 215.829468
1.451247 217.130844
1.457052 197.231064
1.462857 197.990967
1.468662 187.312668
1.474467 187.180450
1.480272 186.499680
1.486077 185.773254
1.491882 185.564423
1.497687 185.829208
1.503492 186.417114
1.509297 207.795471
1.515102 208.583420
1.520907 215.846100
1.526712 216.298599
1.532517 216.562775
1.538322 216.329376
1.544127 216.142349
1.549932 215.981003
1.555737 215.835266
1.561542 216.204559
1.567347 224.144897
1.573152 223.869461
1.578957 212.156357
1.584762 206.694473
1.590567 853.594482
1.596372 850.443665
1.602177 213.836716
1.607982 267.510925
1.613787 237.441895
1.619592 238.686386
1.625397 238.871872
1.631202 466.265900
1.637007 221.992859
1.642812 221.087234
1.648617 220.025620
1.654422 218.257538
1.660227 216.301208
1.666032 214.909775
1.671837 213.758133
1.677642 212.607178
1.683447 211.451813
1.689252 210.406418
1.695057 209.566299
1.700862 208.923370
1.706667 208.424042
1.712472 207.957611
1.718277 207.327072
1.724082 206.154144
1.729887 206.303909
1.735692 207.440491
1.741497 209.473480
1.747302 211.884918
1.753107 213.178650
1.758912 213.902664
1.764717 214.446487
1.770522 214.870193
1.776327 215.063538
1.782132 224.965836
1.787936 225.965302
1.793741 226.061447
1.799546 225.680176
1.805351 224.777267
1.811157 455.959229
1.816961 458.426086
1.822766 2763.196289
1.828571 349.461975
1.834376 349.895172
1.840181 350.200348
1.845986 349.928741
1.851791 349.302185
1.857596 349.173523
1.863401 349.638184
1.869206 349.925812
1.875011 350.144775
1.880816 350.735413
1.886621 351.355835
1.892426 351.683685
1.898231 351.696350
1.904036 351.469879
1.909841 351.095703
1.915646 350.664551
1.921451 2458.488770
1.927256 2381.728271
1.933061 2341.463867
1.938866 2357.536865
1.944671 2492.646729
1.950476 214.941040
1.956281 3199.796143
1.962086 3333.611084
1.967891 204.454971
1.973696 451.446808
1.979501 3313.793457
1.985306 195.295929
1.991111 193.646332
1.996916 192.288666
2.002721 191.142899
2.008526 190.104919
2.014331 188.959351
2.020136 187.350204
2.025941 185.273727
2.031746 183.385284
2.037551 179.517838
2.043356 178.336792
2.049161 177.368973
2.054966 176.435699
2.060771 175.655151
2.066576 175.139862
2.072381 174.946579
2.078186 175.125107
2.083991 175.768127
2.089796 355.395691
2.095601 356.224213
2.101406 357.324066
2.107211 357.391083
2.113016 356.286499
2.118821 354.384155
2.124626 176.114578
2.130431 176.209839
2.136236 176.702515
2.142041 354.019531
2.147846 353.886597
2.153651 204.398483
2.159456 206.746674
2.165261 208.220535
2.171066 208.951752
2.176871 209.241943
2.182676 1134.027100
2.188481 1147.055786
2.194286 2668.217529
2.200091 2596.708008
2.205896 2602.647705
2.211701 356.547699
2.217506 358.372437
2.223311 359.696960
2.229116 360.823273
2.234921 360.252838
2.240726 358.013794
2.246531 356.534546
2.252336 390.943481
2.258141 208.433548
2.263946 208.619980
2.269751 208.574448
2.275556 208.558380
2.281361 199.911774
2.287166 199.815704
2.292970 199.636719
2.298775 199.454987
2.304580 199.275040
2.310385 199.089203
2.316190 198.815399
2.321995 198.144730
2.327801 196.798538
2.333606 195.150131
2.339411 193.770859
2.345215 192.590363
2.351020 191.537125
2.356825 565.948975
2.362630 352.520508
2.368435 353.878815
2.374240 353.587189
2.380045 353.940979
2.385850 354.471619
2.391655 354.711761
2.397460 355.091064
2.403265 356.222595
2.409070 357.860687
2.414875 367.150391
2.420680 5349.148926
2.426485 5410.235352
2.432290 5359.841309
2.438095 452.618652
2.443900 189.571091
2.449705 190.102829
2.455510 165.191177
2.461315 165.312286
2.467120 165.178879
2.472925 170.023911
2.478730 322.314209
2.484535 322.111725
2.490340 109.846809
2.496145 108.656479
2.501950 429.793427
2.507755 425.548065
2.513560 207.748260
2.519365 194.662628
2.525170 194.254898
2.530975 193.547150
2.536780 192.381317
2.542585 190.812149
2.548390 189.222656
2.554195 187.725815
2.560000 186.734177
2.565805 325.209198
2.571610 321.116730
2.577415 214.325684
2.583220 215.295990
2.589025 215.324356
2.594830 214.944473
2.600635 101.468849
2.606440 61.453979
2.612245 315.000275
2.618050 314.446167
2.623855 313.761353
2.629660 313.045227
2.635465 249.972824
2.641270 249.540924
2.647075 310.693726
2.652880 311.389648
2.658685 312.146790
2.664490 154.772949
2.670295 155.294296
2.676100 155.568161
2.681905 251.406006
2.687710 223.208954
2.693515 224.317596
2.699320 224.418976
2.705125 223.605179
2.710930 218.356903
2.716735 213.952835
2.722540 211.270828
2.728345 225.909149
2.734150 225.958786
2.739955 209.389954
2.745760 209.770065
2.751565 209.599243
2.757370 224.489395
2.763175 224.128876
2.768980 399.770996
2.774785 208.545776
2.780590 207.889771
2.786395 208.305649
2.792200 209.029175
2.798005 209.482346
2.803810 209.550476
2.809614 209.494690
2.815419 210.008163
2.821224 212.649048
2.827029 95.752876
2.832834 95.663704
2.838639 95.497955
2.844445 95.458412
2.850250 258.663422
2.856054 167.617218
2.861859 324.370605
2.867664 324.886719
2.873469 325.985107
2.879274 326.467529
2.885079 131.696960
2.890884 131.651398
2.896689 181.944748
2.902494 181.803299
2.908299 190.210342
2.914104 189.377838
2.919909 188.415680
2.925714 187.104050
2.931519 185.939453
2.937324 185.164810
2.943129 184.854477
2.948934 185.032547
2.954739 185.549820
2.960544 186.244370
2.966349 186.842407
2.972154 187.179337
2.977959 187.436462
2.983764 187.892715
2.989569 188.784546
2.995374 190.015396
3.001179 191.070389
3.006984 191.755966
3.012789 192.122009
3.018594 192.343964
3.024399 192.547562
3.030204 137.976883
3.036009 138.284500
3.041814 138.633591
3.047619 138.890778
3.053424 63.088280
3.059229 63.043442
3.065034 62.961185
3.070839 65.911865
3.076644 3032.051025
3.082449 62.409065
3.088254 62.489563
3.094059 416.740784
3.099864 223.565750
3.105669 224.150772
3.111474 224.684509
3.117279 224.331329
3.123084 223.489548
3.128889 222.318176
3.134694 220.563507
3.140499 217.128174
3.146304 223.611771
3.152109 225.252960
3.157914 226.104065
3.163719 226.378082
3.169524 226.176605
3.175329 203.546066
3.181134 203.917953
3.186939 204.225632
3.192744 204.279022
3.198549 204.005127
3.204354 203.432770
3.210159 432.331940
3.215964 434.691315
3.221769 436.206635
3.227574 230.370316
3.233379 230.044907
3.239184 228.183777
3.244989 228.539185
3.250794 229.573761
3.256599 229.809753
3.262404 228.146149
3.268209 226.877747
3.274014 227.091431
3.279819 229.495102
3.285624 229.666122
3.291429 3563.685791
3.297234 4162.549316
3.303039 2988.651123
3.308844 2869.799561
3.314649 0.000000
3.320453 392.595490
3.326258 276.374512
3.332063 277.195221
3.337868 277.717651
3.343673 335.682831
3.349478 152.772446
3.355283 152.901932
3.361089 293.937042
3.366894 410.495728
3.372698 408.645386
3.378503 405.650787
3.384308 183.987625
3.390113 187.420380
3.395918 188.540253
3.401723 188.405731
3.407528 187.393753
3.413333 185.757477
3.419138 184.993179
3.424943 184.599411
3.430748 183.993317
3.436553 183.047729
3.442358 182.504807
3.448163 182.878220
3.453968 184.070389
3.459773 185.474457
3.465578 187.110092
3.471383 189.038071
3.477188 190.281311
3.482993 190.898499
3.488798 191.008911
3.494603 190.741898
3.500408 190.384247
3.506213 190.264648
3.512018 190.373932
3.517823 62.600494
3.523628 155.709610
3.529433 156.147461
3.535238 156.302002
3.541043 180.045319
3.546848 180.227295
3.552653 227.516785
3.558458 417.617188
3.564263 155.570160
3.570068 155.740036
3.575873 155.959229
3.581678 156.075470
3.587483 103.821045
3.593288 103.810768
3.599093 62.190197
3.604898 155.607224
3.610703 1233.383423
3.616508 1244.173584
3.622313 1252.062622
3.628118 1253.596924
3.633923 1250.546753
3.639728 191.425659
3.645533 3184.544922
3.651338 3371.648438
3.657143 3438.132324
3.662948 1198.123413
3.668753 1192.670288
3.674558 1193.589966
3.680363 316.214722
3.686168 155.268936
3.691973 178.113449
3.697778 178.566910
3.703583 172.054138
3.709388 165.555283
3.715193 173.469604
3.720998 173.728226
3.726803 529.543701
3.732608 159.024063
3.738413 159.538132
3.744218 159.696320
3.750023 159.314148
3.755828 158.731033
3.761633 158.219894
3.767438 157.465271
3.773243 156.702408
3.779048 156.206680
3.784853 601.395142
3.790658 603.361938
3.796463 602.370605
3.802268 602.068848
3.808073 605.577271
3.813878 614.711304
3.819683 194.508469
3.825488 620.694763
3.831293 619.211243
3.837097 619.454224
3.842902 619.413879
3.848707 617.162048
3.854512 614.299561
3.860317 613.411255
3.866122 614.709534
3.871927 615.995300
3.877733 98.652313
3.883538 98.613800
3.889342 197.134949
3.895147 196.996078
3.900952 196.932816
3.906757 196.964951
3.912562 154.608795
3.918367 154.483215
3.924172 154.461761
3.929977 154.447754
3.935782 309.060120
3.941587 309.073639
3.947392 308.901031
3.953197 308.800018
3.959002 154.352478
3.964807 225.040909
3.970612 224.770264
3.976417 225.077972
3.982222 225.475021
3.988027 225.771103
3.993832 225.985229
3.999637 236.469391
4.005442 237.772476
4.011247 214.997223
4.017052 215.764694
4.022857 216.137848
4.028662 215.845749
4.034467 215.176620
4.040272 214.475494
4.046077 423.177826
4.051882 419.352661
4.057687 225.756287
4.063492 225.736481
4.069297 225.907639
4.075102 226.281723
4.080907 226.614502
4.086712 225.671371
4.092517 221.528656
4.098322 207.206421
4.104127 207.522400
4.109932 207.836533
4.115737 208.007065
4.121542 207.705261
4.127347 206.830994
4.133152 205.800079
4.138957 204.697189
4.144762 203.289337
4.150567 201.301666
4.156372 199.064560
4.162177 197.545227
4.167982 179.522293
4.173787 180.227554
4.179592 181.281891
4.185397 182.440903
4.191202 183.731049
4.197007 183.638260
4.202812 183.253250
4.208617 182.706879
4.214422 181.741699
4.220227 532.912903
4.226032 539.498108
4.231837 541.133911
4.237642 540.363098
4.243447 546.511536
4.249252 187.438065
4.255057 187.520325
4.260862 187.523376
4.266667 185.434647
4.272471 185.381378
4.278276 186.099091
4.284081 186.621353
4.289886 187.120682
4.295691 188.458771
4.301497 193.161133
4.307302 193.920258
4.313107 577.964172
4.318912 583.707642
4.324717 613.127869
4.330522 616.132141
4.336327 618.772461
4.342132 628.284241
4.347937 633.530212
4.353742 621.965515
4.359547 607.507507
4.365352 599.051819
4.371157 596.341003
4.376961 597.861145
4.382766 597.752258
4.388571 307.134674
4.394376 307.996704
4.400181 243.510544
4.405986 262.943024
4.411791 263.311157
4.417596 264.201477
4.423401 277.222137
4.429206 290.427734
4.435011 290.323853
4.440816 277.483490
4.446621 268.021118
4.452426 275.565887
4.458231 274.701233
4.464036 275.298126
4.469841 276.702057
4.475646 277.488617
4.481451 277.992889
4.487256 278.384705
4.493061 278.739655
4.498866 279.407104
4.504671 279.933380
4.510476 279.934265
4.516281 279.824615
4.522086 279.945679
4.527891 280.211548
4.533696 280.483673
4.539501 280.689697
4.545306 280.813843
4.551111 281.019501
4.556916 281.634857
4.562721 279.867676
4.568526 277.287567
4.574331 276.775482
4.580136 4791.254395
4.585941 4490.866699
4.591746 4114.498535
4.597551 215.913116
4.603356 215.470184
4.609161 214.397766
4.614966 214.228058
4.620771 220.517517
4.626576 221.702988
4.632381 221.429047
4.638186 220.558395
4.643991 219.899918
4.649796 219.625000
4.655601 219.353699
4.661406 218.799225
4.667211 217.585587
4.673016 424.997375
4.678821 1196.132690
4.684626 1229.199707
4.690431 1237.759277
4.696236 1242.260376
4.702041 1246.472046
4.707846 414.217804
4.713651 418.107574
4.719456 206.384277
4.725261 207.109894
4.731066 207.722031
4.736871 207.780899
4.742676 207.066788
4.748481 205.828110
4.754286 204.776047
4.760091 204.065918
4.765896 427.426910
4.771701 420.006409
4.777506 1249.144653
4.783311 207.697083
4.789115 207.715164
4.794920 207.555069
4.800725 206.997192
4.806530 206.030014
4.812335 204.723633
4.818141 203.197266
4.823946 184.598373
4.829751 183.891159
4.835556 183.391052
4.841361 257.304779
4.847166 176.372025
4.852971 176.056198
4.858776 176.273422
4.864581 104.270660
4.870386 104.268082
4.876191 221.902222
4.881996 219.328995
4.887800 219.413834
4.893605 220.943069
4.899410 221.897171
4.905215 222.445328
4.911020 223.330978
4.916825 223.357010
4.922630 222.369461
4.928435 221.208954
4.934240 220.790543
4.940045 220.764847
4.945850 220.693344
4.951655 220.428314
4.957460 220.572220
4.963265 221.421265
4.969070 222.073959
4.974875 222.282425
4.980680 222.157211
4.986485 221.967316
4.992290 222.049255
4.998095 222.634018
5.003900 223.054169
5.009705 221.451447
5.015510 450.659149
5.021315 197.949814
5.027120 587.764587
5.032925 593.616821
5.038730 599.242798
5.044535 199.096252
5.050340 200.144516
5.056145 201.463791
5.061950 203.469238
5.067755 205.776016
5.073560 207.426071
5.079365 209.534775
5.085170 211.915787
5.090975 213.297073
5.096780 214.135361
5.102585 214.563873
5.108390 214.326996
5.114195 212.869400
5.120000 210.381897
5.125805 209.229401
5.131610 209.493546
5.137415 210.460419
5.143220 210.825562
5.149025 210.876541
5.154830 211.116760
5.160635 211.434219
5.166440 211.331512
5.172245 211.421204
5.178050 211.596252
5.183855 211.545227
5.189660 211.431778
5.195465 211.620117
5.201270 212.051590
5.207075 212.337524
5.212880 212.404037
5.218685 212.755951
5.224490 213.504639
5.230295 214.407516
5.236100 1550.886719
5.241905 1561.955444
5.247710 1563.100464
5.253515 1556.764282
5.259320 1550.260742
5.265125 1551.633057
5.270930 195.723083
5.276735 197.679520
5.282540 198.436981
5.288345 0.000000
5.294150 322.233856
5.299954 107.120987
5.305759 107.199722
5.311564 223.058975
5.317369 222.776947
5.323174 212.969376
5.328979 212.896286
5.334785 213.237991
5.340590 213.992538
5.346395 214.267563
5.352200 214.011795
5.358005 250.244095
5.363810 249.999207
5.369615 249.907654
5.375420 250.093094
5.381225 214.293015
5.387030 214.417709
5.392835 214.578247
5.398640 214.745850
5.404444 215.004517
5.410249 215.961884
5.416054 219.423462
5.421859 210.251907
5.427664 211.171509
5.433469 220.266830
5.439274 221.191498
5.445079 220.842484
5.450884 219.881866
5.456689 219.060577
5.462494 218.534042
5.468299 218.118256
5.474104 640.964844
5.479909 643.912659
5.485714 645.492004
5.491519 642.098145
5.497324 635.911499
5.503129 207.785233
5.508934 208.936096
5.514739 213.349838
5.520544 214.813110
5.526349 213.802582
5.532154 313.179596
5.537959 307.527618
5.543764 303.098480
5.549569 200.737244
5.555374 199.108383
5.561179 196.710205
5.566984 194.704285
5.572789 193.732437
5.578594 184.734894
5.584399 184.427826
5.590204 114.677986
5.596009 114.518234
5.601814 111.668297
5.607619 104.252960
5.613424 104.108261
5.619229 172.280670
5.625034 172.275040
5.630839 172.061234
5.636644 171.843933
5.642449 226.441925
5.648254 225.328018
5.654059 223.965927
5.659864 223.023804
5.665669 222.847870
5.671474 222.867355
5.677279 222.610733
5.683084 221.930298
5.688889 220.952469
5.694694 1328.658081
5.700499 1315.026245
5.706304 1279.042480
5.712109 123.235329
5.717914 318.428711
5.723719 178.480804
5.729524 178.136841
5.735329 307.362030
5.741134 179.053177
5.746939 179.162949
5.752744 110.339668
5.758549 181.501007
5.764354 180.822876
5.770159 179.153107
5.775964 168.001480
5.781769 168.348404
5.787574 189.933441
5.793379 418.320984
5.799184 414.877716
5.804989 341.770325
5.810794 165.830658
5.816598 165.900986
5.822403 110.823647
5.828208 168.439667
5.834013 146.252213
5.839818 145.796127
5.845623 333.037537
5.851429 333.896057
5.857234 333.983307
5.863039 147.545761
5.868844 146.850037
5.874649 146.252380
5.880454 335.823792
5.886259 336.572571
5.892064 264.422394
5.897869 266.417786
5.903674 267.925934
5.909479 267.948608
5.915284 267.033051
5.921088 265.666626
5.926893 264.453186
5.932698 147.937729
5.938503 161.612549
5.944308 161.574509
5.950113 164.988312
5.955918 328.857025
5.961723 328.443939
5.967528 330.360077
5.973333 333.044556
5.979138 333.589691
5.984943 333.374664
5.990748 333.476135
5.996553 333.600281
