0.000000 484.919189
0.005805 397.888428
0.011610 396.835449
0.017415 395.690247
0.023220 394.116486
0.029025 391.410095
0.034830 386.893127
0.040635 383.633636
0.046440 378.398865
0.052245 373.259705
0.058050 367.336395
0.063855 363.586395
0.069660 361.114441
0.075465 359.817108
0.081270 359.400757
0.087075 359.088867
0.092880 358.478607
0.098685 357.945374
0.104490 357.862854
0.110295 357.874908
0.116100 357.633698
0.121905 357.159149
0.127710 356.921326
0.133515 357.280151
0.139320 358.102173
0.145125 358.999847
0.150930 359.701111
0.156735 360.043304
0.162540 359.992645
0.168345 359.725555
0.174150 359.361298
0.179955 92.657532
0.185760 120.576225
0.191565 346.095490
0.197370 350.009186
0.203175 353.730347
0.208980 355.206512
0.214785 356.095612
0.220590 356.562073
0.226395 356.581665
0.232200 356.320557
0.238005 356.026154
0.243810 355.796936
0.249615 355.603912
0.255419 355.327209
0.261224 354.964966
0.267029 354.862671
0.272834 355.364075
0.278639 356.395508
0.284444 357.723907
0.290249 359.093170
0.296054 360.716217
0.301859 362.199219
0.307664 362.866425
0.313469 362.082947
0.319274 358.848541
0.325079 12470.268555
0.330884 12420.404297
0.336689 12437.496094
0.342494 12455.746094
0.348299 12518.206055
0.354104 12786.917969
0.359909 62.569279
0.365714 56.677708
0.371519 56.704510
0.377324 56.724827
0.383129 62.470078
0.388934 62.495197
0.394739 56.826351
0.400544 56.815205
0.406349 62.342052
0.412154 62.039295
0.417959 62.253387
0.423764 56.538544
0.429569 56.611591
0.435374 56.735962
0.441179 62.290878
0.446984 62.291840
0.452789 56.546139
0.458594 56.449680
0.464399 56.522274
0.470204 14382.684570
0.476009 13924.002930
0.481814 13615.794922
0.487619 13386.032227
0.493424 13303.572266
0.499229 13466.635742
0.505034 102.792488
0.510839 69.179291
0.516644 69.165291
0.522449 69.157845
0.528254 281.298248
0.534059 281.956177
0.539864 103.583420
0.545669 215.314453
0.551474 103.220924
0.557279 102.413223
0.563084 101.934334
0.568889 102.905945
0.574694 215.070908
0.580499 217.562317
0.586304 206.818954
0.592109 196.599380
0.597914 197.132736
0.603719 206.597626
0.609524 213.814011
0.615329 218.173096
0.621134 12309.639648
0.626939 12172.939453
0.632744 12108.951172
0.638549 12105.463867
0.644354 123.078987
0.650159 152.515976
0.655964 307.602997
0.661769 308.296600
0.667574 309.740143
0.673379 310.859436
0.679184 311.067505
0.684989 310.553772
0.690794 309.351776
0.696599 307.670532
0.702404 305.965179
0.708209 304.596069
0.714014 303.771759
0.719819 303.746643
0.725624 305.171967
0.731429 308.072357
0.737234 310.962372
0.743039 315.239105
0.748844 320.111145
0.754649 324.302399
0.760454 328.260956
0.766258 331.921295
0.772063 334.998047
0.777869 336.608002
0.783673 336.954865
0.789478 336.749939
0.795283 336.026367
0.801088 334.453827
0.806893 331.972534
0.812698 328.196136
0.818503 323.575897
0.824308 319.101746
0.830113 314.804230
0.835918 310.337402
0.841723 302.306976
0.847528 296.381073
0.853333 294.477081
0.859138 294.016296
0.864943 294.611389
0.870748 296.120667
0.876553 298.255432
0.882358 302.009125
0.888163 306.203217
0.893968 280.927368
0.899773 281.289581
0.905578 281.448303
0.911383 322.479675
0.917188 325.122406
0.922993 325.132507
0.928798 2448.954834
0.934603 331.353210
0.940408 330.765839
0.946213 328.392334
0.952018 327.130188
0.957823 325.013550
0.963628 323.443909
0.969433 322.337250
0.975238 320.551270
0.981043 318.274414
0.986848 315.914307
0.992653 314.675323
0.998458 314.923157
1.004263 316.658875
1.010068 319.817078
1.015873 322.499786
1.021678 324.155212
1.027483 324.949860
1.033288 323.932922
1.039093 321.608398
1.044898 363.899323
1.050703 359.238281
1.056508 360.812134
1.062313 362.255035
1.068118 363.418732
1.073923 364.277100
1.079728 364.474426
1.085533 364.025726
1.091338 363.298187
1.097143 362.513916
1.102948 361.639435
1.108753 360.506866
1.114558 359.325226
1.120363 358.677490
1.126168 358.606537
1.131973 358.815125
1.137778 359.312683
1.143583 360.189209
1.149388 361.066772
1.155193 361.591278
1.160998 362.214478
1.166803 363.354614
1.172608 364.398468
1.178413 364.853241
1.184218 364.669922
1.190023 358.858368
1.195828 357.661621
1.201633 357.161041
1.207438 347.808777
1.213243 327.849701
1.219048 327.279663
1.224853 326.589050
1.230658 323.673737
1.236463 322.941833
1.242268 2548.968262
1.248073 2524.042480
1.253878 2519.956787
1.259683 361.966431
1.265488 360.770630
1.271293 2572.206055
1.277097 2567.623779
1.282902 366.204193
1.288707 286.149078
1.294513 363.457672
1.300317 362.362122
1.306122 362.090393
1.311927 362.008759
1.317732 361.930145
1.323537 362.279968
1.329342 363.837128
1.335147 364.321014
1.340952 13524.789062
1.346757 13492.695312
1.352562 13626.209961
1.358367 277.590546
1.364172 277.554352
1.369977 277.482941
1.375782 363.351074
1.381587 365.391327
1.387392 366.243500
1.393197 366.289978
1.399002 365.634949
1.404807 364.961060
1.410612 363.604004
1.416417 360.482758
1.422222 359.654419
1.428027 360.319641
1.433832 361.239777
1.439637 361.740234
1.445442 361.269287
1.451247 358.569122
1.457052 353.133484
1.462857 350.463898
1.468662 351.022614
1.474467 351.381836
1.480272 350.963593
1.486077 350.754913
1.491882 350.679871
1.497687 350.744659
1.503492 351.197113
1.509297 352.953461
1.515102 352.758820
1.520907 352.199768
1.526712 351.798187
1.532517 351.947937
1.538322 352.717041
1.544127 354.489136
1.549932 359.726074
1.555737 370.161713
1.561542 372.717987
1.567347 374.003143
1.573152 378.597687
1.578957 391.428619
1.584762 394.474060
1.590567 395.356567
1.596372 395.896881
1.602177 396.144043
1.607982 395.959045
1.613787 395.738892
1.619592 395.513123
1.625397 395.311249
1.631202 395.313385
1.637007 395.505402
1.642812 395.626221
1.648617 395.238892
1.654422 394.018616
1.660227 354.817993
1.666032 354.275604
1.671837 351.384033
1.677642 355.397217
1.683447 360.110626
1.689252 188.992249
1.695057 389.533997
1.700862 389.257294
1.706667 98.920647
1.712472 98.958168
1.718277 198.167450
1.724082 197.710220
1.729887 188.960037
1.735692 188.822311
1.741497 192.175262
1.747302 353.456085
1.753107 344.522980
1.758912 342.670380
1.764717 348.742981
1.770522 347.829285
1.776327 314.289154
1.782132 314.537903
1.787936 314.557648
1.793741 314.545868
1.799546 157.121506
1.805351 157.063644
1.811157 157.194687
1.816961 315.065918
1.822766 314.995148
1.828571 314.974548
1.834376 314.981598
1.840181 314.972626
1.845986 314.843079
1.851791 314.629089
1.857596 314.602234
1.863401 314.739624
1.869206 314.782867
1.875011 314.686188
1.880816 314.683167
1.886621 315.491241
1.892426 318.247345
1.898231 350.597290
1.904036 352.008820
1.909841 352.635620
1.915646 353.023804
1.921451 352.991791
1.927256 352.601654
1.933061 352.208527
1.938866 352.088013
1.944671 352.243652
1.950476 352.557495
1.956281 352.844543
1.962086 352.739838
1.967891 352.572998
1.973696 352.888153
1.979501 353.302063
1.985306 353.065765
1.991111 352.443542
1.996916 352.229919
2.002721 352.692993
2.008526 353.455536
2.014331 353.983002
2.020136 354.313934
2.025941 354.887878
2.031746 355.918427
2.037551 356.674164
2.043356 356.922546
2.049161 357.551361
2.054966 359.116302
2.060771 360.402039
2.066576 361.179688
2.072381 181.097687
2.078186 180.841019
2.083991 120.676865
2.089796 120.429108
2.095601 120.255882
2.101406 120.113495
2.107211 118.869011
2.113016 116.769760
2.118821 349.681580
2.124626 351.129059
2.130431 351.745331
2.136236 352.392670
2.142041 352.840546
2.147846 352.927277
2.153651 352.768188
2.159456 352.904999
2.165261 353.370789
2.171066 353.539642
2.176871 353.281738
2.182676 353.135468
2.188481 353.332184
2.194286 353.467377
2.200091 353.294220
2.205896 117.519386
2.211701 118.142159
2.217506 118.389755
2.223311 419.783752
2.229116 323.413116
2.234921 321.559387
2.240726 323.536011
2.246531 326.948700
2.252336 333.718842
2.258141 347.708069
2.263946 354.517944
2.269751 358.493652
2.275556 361.361481
2.281361 363.738495
2.287166 365.822083
2.292970 367.790070
2.298775 369.698303
2.304580 371.746307
2.310385 373.892365
2.316190 375.638458
2.321995 376.993958
2.327801 378.187286
2.333606 379.073242
2.339411 379.438995
2.345215 379.216248
2.351020 377.247711
2.356825 373.201599
2.362630 370.864655
2.368435 369.531769
2.374240 368.282532
2.380045 361.512543
2.385850 353.065918
2.391655 353.026886
2.397460 353.056366
2.403265 353.055359
2.409070 352.898529
2.414875 352.195526
2.420680 350.967102
2.426485 350.316650
2.432290 350.500519
2.438095 353.284332
2.443900 356.796631
2.449705 357.524048
2.455510 357.415039
2.461315 358.578369
2.467120 122.668640
2.472925 122.319183
2.478730 121.503281
2.484535 120.488869
2.490340 118.434769
2.496145 118.228592
2.501950 118.230072
2.507755 182.774170
2.513560 190.074600
2.519365 201.255066
2.525170 210.785004
2.530975 110.625221
2.536780 116.107727
2.542585 385.727264
2.548390 389.410126
2.554195 393.456177
2.560000 400.288635
2.565805 401.317657
2.571610 400.195709
2.577415 397.021210
2.583220 392.331970
2.589025 387.037109
2.594830 382.021637
2.600635 377.778442
2.606440 373.015350
2.612245 365.788818
2.618050 357.247864
2.623855 351.369873
2.629660 347.880035
2.635465 345.989899
2.641270 344.942505
2.647075 344.626923
2.652880 345.166687
2.658685 346.905151
2.664490 349.007721
2.670295 349.968842
2.676100 349.752045
2.681905 350.186401
2.687710 351.086578
2.693515 351.592285
2.699320 348.202576
2.705125 347.563080
2.710930 348.660706
2.716735 349.594482
2.722540 349.761383
2.728345 350.490997
2.734150 352.035736
2.739955 353.561432
2.745760 354.246857
2.751565 354.316193
2.757370 354.186279
2.763175 353.896851
2.768980 353.606201
2.774785 353.778778
2.780590 354.705292
2.786395 355.803009
2.792200 356.175018
2.798005 355.858582
2.803810 355.812561
2.809614 356.126221
2.815419 355.765991
2.821224 354.394897
2.827029 353.299469
2.832834 353.149841
2.838639 353.167389
2.844445 352.722809
2.850250 352.046692
2.856054 351.804352
2.861859 351.963318
2.867664 351.957581
2.873469 351.608765
2.879274 351.387177
2.885079 351.261902
2.890884 350.512909
2.896689 349.264435
2.902494 348.655518
2.908299 348.903442
2.914104 349.016632
2.919909 348.850128
2.925714 348.924347
2.931519 349.175293
2.937324 349.052917
2.943129 348.617554
2.948934 174.127655
2.954739 174.574631
2.960544 175.099380
2.966349 114.843941
2.972154 114.725342
2.977959 114.684151
2.983764 114.582672
2.989569 341.010986
2.995374 341.640961
3.001179 344.294556
3.006984 344.389984
3.012789 343.796051
3.018594 171.417023
3.024399 171.527649
3.030204 344.383911
3.036009 344.982544
3.041814 345.132172
3.047619 345.641266
3.053424 346.602539
3.059229 347.238434
3.065034 347.369537
3.070839 347.556091
3.076644 348.066833
3.082449 348.622070
3.088254 349.155518
3.094059 349.851532
3.099864 350.412292
3.105669 350.290680
3.111474 349.618134
3.117279 349.351105
3.123084 351.088745
3.128889 355.672089
3.134694 359.059967
3.140499 360.192505
3.146304 360.170319
3.152109 359.805481
3.157914 359.593994
3.163719 359.613251
3.169524 359.611908
3.175329 359.358307
3.181134 358.910095
3.186939 358.355316
3.192744 357.745667
3.198549 357.156982
3.204354 356.630829
3.210159 356.021698
3.215964 355.322601
3.221769 354.780273
3.227574 354.434418
3.233379 353.765198
3.239184 351.647736
3.244989 173.862488
3.250794 280.982727
3.256599 281.457184
3.262404 281.506989
3.268209 11150.761719
3.274014 11157.530273
3.279819 6162.110840
3.285624 6148.160156
3.291429 6138.000977
3.297234 6141.868652
3.303039 6141.950684
3.308844 6133.625488
3.314649 6137.690430
3.320453 6146.532715
3.326258 6146.204590
3.332063 6144.793945
3.337868 6192.053711
3.343673 6251.744141
3.349478 6274.611816
3.355283 6290.546875
3.361089 6324.681152
3.366894 6333.527832
3.372698 6284.485840
3.378503 6196.446289
3.384308 6119.112305
3.390113 6106.988770
3.395918 6113.015625
3.401723 6039.636230
3.407528 5967.234863
3.413333 5997.487793
3.419138 6094.349609
3.424943 6099.833008
3.430748 5743.678223
3.436553 5536.925781
3.442358 5464.342773
3.448163 5420.434082
3.453968 5402.605469
3.459773 128.821167
3.465578 128.346542
3.471383 130.850006
3.477188 262.188873
3.482993 263.604828
3.488798 264.177887
3.494603 264.156525
3.500408 263.459076
3.506213 261.729858
3.512018 259.039062
3.517823 257.231598
3.523628 256.339203
3.529433 255.993362
3.535238 256.144836
3.541043 256.686005
3.546848 257.508362
3.552653 258.685913
3.558458 259.063721
3.564263 259.602570
3.570068 260.600983
3.575873 262.230530
3.581678 263.926727
3.587483 265.391724
3.593288 266.230316
3.599093 266.395294
3.604898 265.872925
3.610703 264.693878
3.616508 262.838959
3.622313 260.439392
3.628118 258.307007
3.633923 256.871674
3.639728 255.707794
3.645533 254.467621
3.651338 253.151505
3.657143 252.424698
3.662948 252.718124
3.668753 253.955704
3.674558 255.992661
3.680363 258.233643
3.686168 260.468445
3.691973 263.265778
3.697778 266.504272
3.703583 268.688660
3.709388 271.118408
3.715193 272.608276
3.720998 273.027313
3.726803 272.659332
3.732608 271.635010
3.738413 269.953583
3.744218 267.798309
3.750023 265.786438
3.755828 264.406250
3.761633 263.622620
3.767438 263.401184
3.773243 263.991455
3.779048 266.012695
3.784853 272.542755
3.790658 278.986755
3.796463 283.042297
3.802268 285.086517
3.808073 286.275635
3.813878 286.493835
3.819683 284.393860
3.825488 281.095673
3.831293 281.016327
3.837097 11695.105469
3.842902 11837.341797
3.848707 11976.978516
3.854512 12105.679688
3.860317 12271.020508
3.866122 190.074829
3.871927 197.501785
3.877733 4504.640137
3.883538 4519.726074
3.889342 4530.136230
3.895147 4529.161133
3.900952 4529.091309
3.906757 4560.241211
3.912562 4680.593750
3.918367 4784.210449
3.924172 4741.568359
3.929977 4661.755371
3.935782 4595.538574
3.941587 4556.644531
3.947392 4562.947754
3.953197 4589.455566
3.959002 4577.997559
3.964807 4522.501465
3.970612 4475.556152
3.976417 4454.667480
3.982222 4451.203613
3.988027 4455.384277
3.993832 4369.750488
3.999637 266.836914
4.005442 268.828430
4.011247 276.075989
4.017052 276.731720
4.022857 275.973328
4.028662 273.885071
4.034467 269.902405
4.040272 264.552673
4.046077 260.172516
4.051882 257.216278
4.057687 255.321198
4.063492 254.715073
4.069297 255.985352
4.075102 259.479095
4.080907 262.367981
4.086712 264.558563
4.092517 267.026367
4.098322 270.547791
4.104127 273.532990
4.109932 273.669495
4.115737 271.272522
4.121542 268.820740
4.127347 260.703156
4.133152 239.482086
4.138957 11914.242188
4.144762 11886.875977
4.150567 11927.562500
4.156372 12002.548828
4.162177 174.858658
4.167982 174.786758
4.173787 175.219101
4.179592 176.055191
4.185397 177.044296
4.191202 177.333237
4.197007 176.929001
4.202812 176.397141
4.208617 176.088776
4.214422 176.001831
4.220227 175.791656
4.226032 175.284592
4.231837 175.012054
4.237642 174.900436
4.243447 174.763611
4.249252 174.709335
4.255057 70.183205
4.260862 177.108337
4.266667 178.734207
4.272471 86.373611
4.278276 236.487106
4.284081 238.651947
4.289886 239.358337
4.295691 239.126007
4.301497 237.842224
4.307302 235.121765
4.313107 232.738907
4.318912 231.845993
4.324717 231.953674
4.330522 232.884628
4.336327 234.971436
4.342132 237.923965
4.347937 241.169052
4.353742 245.048630
4.359547 248.267517
4.365352 250.722336
4.371157 252.540543
4.376961 254.029007
4.382766 255.418045
4.388571 256.447906
4.394376 256.904572
4.400181 257.002136
4.405986 256.883575
4.411791 256.593506
4.417596 256.267303
4.423401 256.150604
4.429206 256.391998
4.435011 256.957703
4.440816 257.695068
4.446621 129.140244
4.452426 129.281296
4.458231 129.330566
4.464036 129.383194
4.469841 129.573242
4.475646 259.927979
4.481451 260.889221
4.487256 261.846100
4.493061 262.621277
4.498866 263.267670
4.504671 263.891968
4.510476 132.354507
4.516281 155.271851
4.522086 155.065353
4.527891 154.952164
4.533696 154.979950
4.539501 154.903595
4.545306 154.942276
4.551111 155.120026
4.556916 155.235443
4.562721 155.227631
4.568526 155.274719
4.574331 155.462143
4.580136 155.246841
4.585941 155.156052
4.591746 156.507233
4.597551 159.007141
4.603356 234.261658
4.609161 235.973526
4.614966 237.248611
4.620771 238.293335
4.626576 239.089645
4.632381 239.555054
4.638186 239.782227
4.643991 240.138107
4.649796 241.002533
4.655601 242.668671
4.661406 245.145172
4.667211 247.831345
4.673016 250.362503
4.678821 252.554474
4.684626 254.581696
4.690431 256.634308
4.696236 258.600006
4.702041 260.247101
4.707846 261.660095
4.713651 262.819092
4.719456 263.354034
4.725261 263.124084
4.731066 262.358429
4.736871 261.415833
4.742676 260.762054
4.748481 260.579346
4.754286 260.647675
4.760091 260.675690
4.765896 260.627167
4.771701 260.603119
4.777506 260.643707
4.783311 260.689606
4.789115 260.768280
4.794920 260.900757
4.800725 261.017975
4.806530 261.090698
4.812335 261.231842
4.818141 261.481354
4.823946 261.662506
4.829751 261.725494
4.835556 261.792847
4.841361 261.960968
4.847166 262.238983
4.852971 262.561951
4.858776 262.797821
4.864581 262.780975
4.870386 262.463348
4.876191 261.980927
4.881996 261.465881
4.887800 260.987427
4.893605 260.591400
4.899410 260.404175
4.905215 260.422485
4.911020 260.517365
4.916825 260.641785
4.922630 260.822510
4.928435 261.000488
4.934240 260.984436
4.940045 260.681732
4.945850 260.239532
4.951655 259.915985
4.957460 259.919067
4.963265 260.296051
4.969070 260.786072
4.974875 261.148499
4.980680 261.438568
4.986485 261.713257
4.992290 261.927277
4.998095 262.066650
5.003900 262.187012
5.009705 262.304840
5.015510 262.438232
5.021315 262.671478
5.027120 263.135071
5.032925 263.920746
5.038730 264.754150
5.044535 265.327240
5.050340 265.487946
5.056145 265.214630
5.061950 264.706635
5.067755 264.585632
5.073560 265.084534
5.079365 265.756226
5.085170 266.481506
5.090975 267.532684
5.096780 268.989105
5.102585 270.208954
5.108390 270.845642
5.114195 271.489990
5.120000 272.694366
5.125805 274.284363
5.131610 275.619934
5.137415 276.742462
5.143220 278.139954
5.149025 280.115265
5.154830 281.669830
5.160635 281.912079
5.166440 281.351440
5.172245 280.795227
5.178050 280.570068
5.183855 280.732880
5.189660 281.145935
5.195465 281.632507
5.201270 282.059875
5.207075 282.239380
5.212880 282.020660
5.218685 281.207642
5.224490 279.585388
5.230295 277.226013
5.236100 274.547485
5.241905 271.382019
5.247710 267.494690
5.253515 264.011780
5.259320 261.269653
5.265125 258.960449
5.270930 257.427582
5.276735 257.191040
5.282540 258.063843
5.288345 259.952118
5.294150 262.870178
5.299954 265.481079
5.305759 267.721527
5.311564 197.436005
5.317369 197.715530
5.323174 198.372360
5.328979 198.677917
5.334785 177.301804
5.340590 177.512314
5.346395 322.172913
5.352200 322.073486
5.358005 321.424011
5.363810 320.485992
5.369615 318.968262
5.375420 316.252502
5.381225 351.120056
5.387030 348.344818
5.392835 346.601562
5.398640 346.193451
5.404444 346.667755
5.410249 399.440796
5.416054 133.886520
5.421859 134.059708
5.427664 134.324524
5.433469 134.666534
5.439274 134.957413
5.445079 135.189301
5.450884 129.711655
5.456689 130.097626
5.462494 130.468475
5.468299 130.708527
5.474104 130.827499
5.479909 131.110947
5.485714 131.468643
5.491519 137.730911
5.497324 137.779434
5.503129 275.373810
5.508934 275.918243
5.514739 276.435516
5.520544 276.217743
5.526349 275.390930
5.532154 274.200134
5.537959 273.056885
5.543764 271.798492
5.549569 270.316681
5.555374 269.157715
5.561179 268.540436
5.566984 267.978882
5.572789 267.343750
5.578594 266.852631
5.584399 132.840820
5.590204 266.867432
5.596009 273.526703
5.601814 280.416260
5.607619 280.852600
5.613424 281.188232
5.619229 281.104767
5.625034 11163.896484
5.630839 11130.463867
5.636644 6152.413086
5.642449 6130.619141
5.648254 6128.906738
5.654059 6131.830566
5.659864 6118.963379
5.665669 6115.423828
5.671474 6129.129883
5.677279 6137.658203
5.683084 261.621735
5.688889 262.206207
5.694694 256.390961
5.700499 255.978638
5.706304 246.163589
5.712109 245.158920
5.717914 240.910645
5.723719 237.517105
5.729524 236.333664
5.735329 233.988358
5.741134 231.828506
5.746939 229.226074
5.752744 225.143677
5.758549 222.764999
5.764354 221.301086
5.770159 220.354904
5.775964 220.008575
5.781769 220.300415
5.787574 221.229553
5.793379 222.692383
5.799184 223.475174
5.804989 223.428558
5.810794 222.761398
5.816598 221.381866
5.822403 217.786575
5.828208 213.246246
5.834013 204.124313
5.839818 191.556000
5.845623 190.321350
5.851429 188.450745
5.857234 187.279053
5.863039 187.007355
5.868844 187.401306
5.874649 188.155029
5.880454 188.901901
5.886259 314.665588
5.892064 314.669189
5.897869 313.383728
5.903674 313.045654
5.909479 312.990326
5.915284 312.999268
5.921088 312.632019
5.926893 310.976196
5.932698 310.581238
5.938503 311.480774
5.944308 312.327301
5.950113 313.215088
5.955918 314.494141
5.961723 315.502441
5.967528 315.759979
5.973333 315.470978
5.979138 314.814240
5.984943 313.901367
5.990748 313.575867
5.996553 314.193634
6.002358 315.239777
6.008163 190.544266
6.013968 189.525467
6.019773 188.527115
6.025578 187.379776
6.031383 183.291367
6.037188 180.369415
6.042993 177.282852
6.048798 176.255814
6.054603 175.572586
6.060408 175.134918
6.066213 175.110901
6.072018 175.552078
6.077823 176.401382
6.083628 177.331985
6.089433 178.392700
6.095238 180.826965
6.101043 183.827423
6.106848 185.897568
6.112653 187.439911
6.118458 189.108185
6.124263 191.073547
6.130068 192.590836
6.135873 193.559052
6.141678 194.302322
6.147483 194.915787
6.153288 195.328094
6.159093 195.567856
6.164898 195.518005
6.170703 195.048538
6.176508 194.242477
6.182313 193.405289
6.188118 192.693909
6.193923 192.422440
6.199728 192.562073
6.205533 192.861908
6.211338 193.451355
6.217143 193.805786
6.222948 194.098083
6.228753 194.332077
6.234558 194.425873
6.240363 194.374527
6.246168 194.193283
6.251973 193.833862
6.257778 193.254517
6.263583 192.432800
6.269388 191.301376
6.275193 189.046768
6.280998 186.412186
6.286803 183.623199
6.292608 179.882462
6.298413 178.744003
6.304218 177.442490
6.310023 176.464264
6.315828 176.482819
6.321633 177.350266
6.327438 178.802200
6.333242 180.312912
6.339047 181.883499
6.344852 183.933853
6.350657 185.727020
6.356462 187.477417
6.362267 190.528137
6.368073 193.363602
6.373878 195.301178
6.379683 196.960266
6.385488 198.182098
6.391293 198.915527
6.397098 199.342148
6.402903 199.535065
6.408708 199.491165
6.414513 199.191208
6.420318 198.783356
6.426123 198.407791
6.431927 197.985916
6.437732 197.527725
6.443537 197.059326
6.449342 196.666718
6.455147 196.445908
6.460952 196.514771
6.466757 196.836685
6.472562 197.273865
6.478367 98.880112
6.484172 99.006981
6.489977 99.019096
6.495782 197.985626
6.501587 197.943298
6.507392 197.860504
6.513197 197.861847
6.519002 99.109566
6.524807 99.377274
6.530612 99.552246
6.536417 99.714508
6.542222 99.933525
6.548027 100.116379
6.553832 100.161896
6.559637 100.075142
6.565442 99.934044
6.571247 99.790123
6.577052 199.300415
6.582857 199.224258
6.588662 99.590279
6.594467 99.499779
6.600272 99.370239
6.606077 99.271263
6.611882 99.174545
6.617687 198.045334
6.623492 197.712753
6.629297 197.445450
6.635102 197.283569
6.640907 197.109268
6.646712 196.837418
6.652517 196.558853
6.658322 196.340866
6.664127 196.185822
6.669932 196.105392
6.675737 196.075897
6.681542 196.046509
6.687347 196.044998
6.693152 196.114929
6.698957 196.183197
6.704762 196.080261
6.710567 195.674316
6.716372 195.105377
6.722177 194.589035
6.727982 194.033020
6.733787 193.393555
6.739592 192.828156
6.745397 192.397278
6.751202 192.141907
6.757007 192.083847
6.762812 192.030624
6.768617 191.833755
6.774422 191.533096
6.780227 191.110504
6.786032 190.727585
6.791837 129.539810
6.797642 129.975555
6.803447 130.286987
6.809252 134.337097
6.815057 134.476151
6.820862 130.444595
6.826667 130.545990
6.832472 131.092407
6.838277 136.249573
6.844081 201.347076
6.849886 202.047623
6.855691 202.787231
6.861496 203.323822
6.867301 203.427902
6.873106 203.008743
6.878911 202.117722
6.884717 200.794083
6.890522 198.647125
6.896327 196.431686
6.902132 194.913834
6.907937 193.602432
6.913742 192.446655
6.919547 191.780685
6.925352 191.487396
6.931157 191.340988
6.936962 191.397491
6.942767 191.947891
6.948571 132.398682
6.954376 133.335098
6.960181 134.413895
6.965986 135.641388
6.971791 136.665543
6.977596 136.944244
6.983401 132.273117
6.989206 132.551910
6.995011 132.480209
7.000816 132.500565
7.006621 132.485703
7.012426 132.285904
7.018231 131.994629
7.024036 131.788849
7.029841 134.131485
7.035646 134.116745
7.041451 133.633972
7.047256 132.579880
7.053061 131.896591
7.058866 131.776886
7.064671 131.936874
7.070476 131.806488
7.076281 131.629990
7.082086 131.519852
7.087891 133.067856
7.093696 11995.341797
7.099501 11902.617188
7.105306 11882.175781
7.111111 11915.274414
7.116916 12014.014648
7.122721 132.834167
7.128526 130.384827
7.134331 130.339493
7.140136 131.250061
7.145941 136.882828
7.151746 136.726974
7.157551 131.383377
7.163356 129.768204
7.169161 128.840088
7.174966 129.956940
7.180771 131.158386
7.186576 136.455780
7.192381 135.592651
7.198186 130.769562
7.203991 129.932999
7.209796 133.729736
7.215601 205.847641
7.221406 206.394363
7.227211 207.337997
7.233016 214.612228
7.238821 219.762878
7.244626 228.206009
7.250431 231.829193
7.256236 13528.537109
7.262041 139.949570
7.267846 136.703506
7.273651 135.217255
7.279456 64.392403
7.285261 67.024345
7.291066 67.817780
7.296871 67.104462
7.302676 65.857597
7.308481 65.747406
7.314286 130.684067
7.320091 131.836334
7.325896 132.620697
7.331701 131.859756
7.337506 131.988007
7.343311 132.686783
7.349116 132.715561
7.354921 132.319168
7.360725 132.451599
7.366530 132.264969
7.372335 131.810501
7.378140 131.885147
7.383945 131.933151
7.389750 131.722961
7.395555 128.971954
7.401361 12196.267578
7.407166 12211.314453
7.412971 128.905273
7.418776 130.140442
7.424581 130.736755
7.430386 130.679733
7.436191 132.464828
7.441996 133.474258
7.447801 131.715927
7.453606 130.562912
7.459411 131.345215
7.465215 131.162277
7.471020 130.286469
7.476825 130.499527
7.482630 131.242096
7.488435 134.890366
7.494240 66.686546
7.500045 190.737244
7.505850 193.730087
7.511655 196.649750
7.517460 196.826233
7.523265 196.814926
7.529070 195.561676
7.534875 13544.901367
7.540680 13391.242188
7.546485 13247.085938
7.552290 13131.111328
7.558095 13123.331055
7.563900 13267.679688
7.569705 236.078400
7.575510 198.486084
7.581315 198.444550
7.587120 198.516830
7.592925 102.558853
7.598730 101.021553
7.604535 101.149384
7.610340 101.730385
7.616145 197.123245
7.621950 197.654922
7.627755 205.174240
7.633560 203.845642
7.639365 202.749466
7.645170 201.861923
7.650975 202.089264
7.656780 203.844193
7.662585 205.328751
7.668390 206.847122
7.674195 208.653641
7.680000 216.332458
7.685805 12227.273438
7.691610 12131.241211
7.697415 12107.297852
7.703220 12152.568359
7.709025 12320.763672
7.714830 63.590450
7.720635 63.927887
7.726440 43.222637
7.732245 43.142166
7.738050 172.240387
7.743855 175.289948
7.749660 176.799728
7.755465 175.832596
7.761270 174.505539
7.767075 176.385773
7.772880 178.217056
7.778685 178.354401
7.784490 178.149094
7.790295 178.022156
7.796100 177.984100
7.801905 178.267685
7.807710 178.371292
7.813515 176.152206
7.819320 173.565552
7.825125 173.867813
7.830930 180.443161
7.836735 182.176804
7.842540 178.758163
7.848345 178.338013
7.854150 178.186142
7.859955 178.208069
7.865760 178.288818
7.871564 178.335968
7.877369 176.407272
7.883174 176.216217
7.888979 176.188431
7.894784 178.696991
7.900589 180.898743
7.906394 180.963287
7.912199 180.232025
7.918005 180.065781
7.923810 180.338501
7.929615 179.944946
7.935420 179.039017
7.941225 2268.680420
7.947030 272.616974
7.952835 490.497498
7.958640 280.699066
7.964445 280.879791
7.970250 281.056885
7.976054 6203.925293
7.981859 6184.846680
7.987664 6177.135254
7.993469 6154.130371
7.999274 6129.492676
8.005079 6122.406738
8.010884 6124.606934
8.016689 6124.826660
8.022494 6131.398926
8.028299 10406.008789
8.034104 6145.900391
8.039909 6152.901855
8.045714 6190.894043
8.051519 6241.214844
8.057324 6254.805176
8.063129 6260.508301
8.068934 159.732346
8.074739 155.501953
8.080544 155.345016
8.086349 159.383835
8.092155 159.483795
8.097960 159.568878
8.103765 159.523041
8.109570 156.308472
8.115375 156.080429
8.121180 157.374695
8.126985 157.387253
8.132789 160.511490
8.138594 160.543579
8.144399 162.853897
8.150204 163.349670
8.156009 163.243698
8.161814 161.955643
8.167619 162.013168
8.173424 162.176895
8.179229 162.193481
8.185034 161.957397
8.190839 158.120651
8.196644 157.938400
8.202449 157.942261
8.208254 158.209137
8.214059 158.256226
8.219864 158.187302
8.225669 156.450699
8.231474 157.979553
8.237279 157.745605
8.243084 157.996094
8.248889 158.210800
8.254694 196.321289
8.260499 196.397644
8.266304 196.399246
8.272109 196.295761
8.277914 196.073105
8.283719 196.038910
8.289524 98.142387
8.295329 98.140198
8.301134 98.124306
8.306939 195.960358
8.312744 195.836487
8.318549 195.708817
8.324354 195.627625
8.330159 195.669525
8.335963 195.843140
8.341768 196.048401
8.347573 98.179817
8.353378 98.216393
8.359183 98.238823
8.364988 98.225403
8.370793 98.171219
8.376598 98.169373
8.382403 98.223328
8.388208 98.221802
8.394013 196.469742
8.399818 196.961227
8.405623 198.089417
8.411428 199.886200
8.417233 199.122070
8.423038 197.504181
8.428843 196.453690
8.434649 196.233932
8.440454 98.234818
8.446259 98.190033
8.452064 98.098755
8.457869 98.058929
8.463674 98.087051
8.469479 98.111504
8.475284 196.115692
8.481089 195.992004
8.486894 195.974121
8.492699 196.097610
8.498504 98.226257
8.504309 98.158371
8.510114 195.829147
8.515919 195.845154
8.521724 196.061142
8.527529 98.218781
8.533334 98.139214
8.539139 98.142502
8.544943 98.429008
8.550748 11985.164062
8.556553 12060.116211
8.562358 12153.155273
8.568163 195.145126
8.573968 98.600609
8.579773 98.559891
8.585578 98.377953
8.591383 98.425026
8.597188 98.418350
8.602993 98.335190
8.608798 98.308662
8.614603 98.338203
8.620408 98.354897
8.626213 98.382843
8.632018 98.368484
8.637823 98.313347
8.643628 196.007507
8.649433 196.125488
8.655238 98.411003
8.661043 98.317207
8.666848 98.255524
8.672653 98.330116
8.678458 98.360512
8.684263 98.136551
8.690068 98.037521
8.695873 98.415833
8.701678 98.501862
8.707483 98.432991
8.713288 98.232681
8.719093 98.237206
8.724898 98.232124
8.730703 98.099113
8.736508 98.057953
8.742313 98.165863
8.748117 98.225334
8.753922 82.208542
8.759727 195.446869
8.765532 194.771103
8.771338 195.320908
8.777143 97.574623
8.782948 97.684517
8.788753 81.350449
8.794558 97.963890
8.800363 98.052528
8.806168 98.090164
8.811973 98.154068
8.817778 196.227341
8.823583 196.564941
8.829388 118.705772
8.835193 202.734055
8.840998 217.104584
8.846803 217.182327
8.852608 217.448837
8.858413 222.639191
8.864218 110.592621
8.870023 12037.642578
8.875828 12006.807617
8.881633 12044.807617
8.887438 144.178879
8.893243 64.529579
8.899048 65.406311
8.904853 69.796227
8.910658 69.687477
8.916463 69.050751
8.922268 66.517761
8.928073 65.950256
8.933878 135.903961
8.939683 133.969421
8.945488 133.325912
8.951293 65.763275
8.957097 66.132515
8.962902 67.329185
8.968707 67.716446
8.974512 133.177322
8.980317 134.461258
8.986122 134.205948
8.991927 134.028473
8.997732 13488.559570
9.003537 13535.416016
9.009342 134.067719
9.015147 132.779007
9.020952 133.967987
9.026757 133.975250
9.032562 133.881866
9.038367 133.134720
9.044172 134.618805
9.049977 135.929749
9.055782 134.687134
9.061587 65.810020
9.067392 135.193527
9.073197 136.708527
9.079002 68.490997
9.084807 65.381897
9.090612 68.606956
9.096417 136.262131
9.102222 135.920883
9.108027 135.231781
9.113832 135.250137
9.119637 135.411148
9.125443 135.254471
9.131248 220.327713
9.137053 163.027969
9.142858 157.290543
9.148663 153.620728
9.154468 12253.193359
9.160272 12289.016602
9.166077 12406.061523
9.171882 12484.240234
9.177687 12527.167969
9.183492 12590.472656
9.189297 12810.003906
9.195102 13258.768555
9.200907 55.678238
9.206712 139.623672
9.212517 283.435455
9.218322 282.621002
9.224127 69.177490
9.229932 55.607361
9.235737 139.260483
9.241542 139.784149
9.247347 140.009750
9.253152 139.334122
9.258957 138.516129
9.264762 138.959564
9.270567 140.155167
9.276372 140.914444
9.282177 139.727417
9.287982 138.641495
9.293787 139.177933
9.299592 140.157959
9.305397 14062.282227
9.311202 13866.679688
9.317007 13781.020508
9.322812 13783.218750
9.328617 140.131683
9.334422 141.736359
9.340227 140.168839
9.346032 55.544720
9.351837 55.599270
9.357642 139.854431
9.363446 140.489258
9.369251 139.690552
9.375056 55.555637
9.380861 108.153358
9.386666 104.972427
9.392471 104.338654
9.398276 105.988426
9.404081 55.646042
9.409886 139.284912
9.415691 140.293457
9.421496 141.257172
9.427301 105.417839
9.433106 111.346458
9.438911 11611.373047
9.444716 11698.908203
9.450521 11718.567383
9.456326 11698.348633
9.462132 11687.775391
9.467937 11699.832031
9.473742 11738.790039
9.479547 11788.773438
9.485352 11850.075195
9.491157 12012.932617
9.496962 122.220436
9.502767 104.210663
9.508572 104.444962
9.514377 106.334023
9.520182 110.544952
9.525987 56.128368
9.531792 104.749443
9.537597 103.709175
9.543402 61.660496
9.549207 125.243767
9.555012 121.750000
9.560817 107.370453
9.566622 105.891068
9.572426 107.413696
9.578231 122.082794
9.584036 122.113640
9.589841 106.594696
9.595646 13662.141602
9.601451 13494.149414
9.607256 13371.982422
9.613061 13217.138672
9.618866 13021.914062
9.624671 12836.687500
9.630476 61.437912
9.636281 123.570778
9.642086 122.390137
9.647891 125.148766
9.653696 136.602844
9.659501 61.366814
9.665306 121.719055
9.671111 124.872360
9.676916 61.343811
9.682721 60.360367
9.688526 126.528870
9.694331 123.011780
9.700136 123.236832
9.705941 124.472488
9.711746 125.646622
9.717551 125.166611
9.723356 123.829857
9.729161 123.451843
9.734966 11678.000000
9.740771 11714.959961
9.746576 11980.410156
9.752381 12159.811523
9.758186 12254.198242
9.763991 12323.223633
9.769796 12408.364258
9.775600 12497.145508
9.781405 12396.891602
9.787210 123.510132
9.793015 105.575623
9.798820 104.816063
9.804626 105.846222
9.810431 123.535110
9.816236 121.978912
9.822041 106.651558
9.827846 106.154449
9.833651 107.327408
9.839456 122.362305
9.845261 121.758896
9.851066 106.295372
9.856871 105.774757
9.862676 106.595741
9.868481 121.777786
9.874286 121.944305
9.880091 106.629547
9.885896 13752.761719
9.891701 13482.453125
9.897506 13359.467773
9.903311 13190.872070
9.909116 13045.722656
9.914921 13024.009766
9.920726 103.870087
9.926531 103.825356
9.932336 209.387650
9.938141 209.368149
9.943946 103.780556
9.949751 103.767799
9.955556 104.174034
9.961361 211.404709
9.967166 212.880737
9.972971 103.974197
9.978776 103.246384
9.984580 103.398758
9.990385 211.387436
9.996190 213.540817
10.001995 217.605560
10.007800 227.086929
10.013605 217.085495
10.019410 206.602173
10.025215 207.064499
10.031020 210.143280
10.036825 214.647629
10.042630 218.548279
10.048435 12065.695312
10.054240 12051.183594
10.060045 12090.027344
10.065850 12158.248047
10.071655 12164.667969
10.077460 12239.693359
10.083265 72.057434
10.089070 70.446632
10.094875 68.835243
10.100680 68.069382
10.106485 68.511795
10.112290 70.054588
10.118095 71.215736
10.123900 71.241096
10.129705 70.539650
10.135510 69.471893
10.141315 209.113037
10.147120 105.923950
10.152925 105.324562
10.158731 105.258362
10.164536 225.028381
10.170341 106.960861
10.176146 12210.905273
10.181951 13062.708984
10.187755 13596.718750
10.193560 13708.819336
10.199365 13671.697266
10.205170 13527.349609
10.210975 13247.327148
10.216780 12896.605469
10.222585 12641.731445
10.228390 12535.607422
10.234195 103.773155
10.240000 103.262146
10.245805 226.395493
10.251610 218.305878
10.257415 217.276520
10.263220 217.667267
10.269025 103.009392
10.274830 103.018715
10.280635 218.448822
10.286440 217.091446
10.292245 218.944641
10.298050 104.278366
10.303855 474.054474
10.309660 273.554504
10.315465 280.824829
10.321270 281.304626
10.327075 281.383972
10.332880 6157.841309
10.338685 11163.731445
10.344490 6148.306641
10.350295 6146.582031
10.356100 6139.644043
10.361905 6137.502930
10.367710 6136.688965
10.373515 6144.584961
10.379320 6158.419434
10.385125 6161.457520
10.390930 6146.067871
10.396734 6134.753418
10.402539 6199.459961
10.408344 6281.662109
10.414149 6280.816895
10.419954 6235.158691
10.425759 6232.111816
10.431564 6218.104980
10.437369 6152.983398
10.443174 6098.979980
10.448979 6097.980469
10.454784 6147.090332
10.460589 6226.011230
10.466394 6332.393066
10.472199 6370.548828
10.478004 6316.016113
10.483809 6241.558594
10.489614 6170.550781
10.495420 6084.081055
10.501225 5978.013672
10.507030 5941.762695
10.512835 6035.405762
10.518640 6177.709473
10.524445 6287.381348
10.530250 6318.105957
10.536055 6268.965820
10.541860 6221.336426
10.547665 6177.815918
10.553470 6134.644043
10.559275 6166.922363
10.565080 6269.375488
10.570885 6286.114258
10.576690 6195.537109
10.582495 6107.723633
10.588300 6058.622559
10.594105 5999.220703
10.599909 11517.879883
10.605714 11735.894531
10.611519 11836.639648
10.617324 11866.936523
10.623129 11865.769531
10.628934 11876.416016
10.634739 11945.226562
10.640544 208.224762
10.646349 211.977188
10.652154 211.856201
10.657959 211.723938
10.663764 211.613861
10.669569 206.735138
10.675374 207.134689
10.681179 207.906860
10.686984 207.617630
10.692789 206.815872
10.698594 206.552109
10.704399 206.728348
10.710204 206.838303
10.716009 206.769806
10.721814 206.515778
10.727619 206.462006
10.733424 208.354431
10.739229 208.585251
10.745034 208.170776
10.750839 207.466080
10.756644 207.129379
10.762449 207.033966
10.768254 206.958786
10.774059 13329.646484
10.779864 212.188461
10.785669 212.397980
10.791474 212.830536
10.797279 212.906693
10.803084 212.688126
10.808888 212.447983
10.814693 212.130280
10.820498 207.294098
10.826303 207.579895
10.832108 207.280624
10.837914 207.178162
10.843719 207.336548
10.849524 207.770889
10.855329 208.359406
10.861134 208.919006
10.866939 208.752899
10.872744 208.513809
10.878549 208.643616
10.884354 211.306107
10.890159 211.101227
10.895964 11523.093750
10.901769 11663.622070
10.907574 11840.719727
10.913379 11966.893555
10.919184 12048.295898
10.924989 12088.541992
10.930794 12062.319336
10.936599 11948.421875
10.942404 211.148499
10.948209 211.165375
10.954014 211.103561
10.959819 210.896774
10.965624 208.159897
10.971429 208.509888
10.977234 210.408905
10.983039 209.918854
10.988844 209.638916
10.994649 209.668549
11.000454 209.939621
11.006259 210.027008
11.012063 212.678101
11.017868 209.016891
11.023673 209.125443
11.029478 212.689651
11.035283 212.453461
11.041088 205.185898
11.046893 205.074265
11.052698 216.241272
11.058503 216.244629
11.064308 216.219986
11.070113 216.136276
11.075918 215.975601
11.081723 208.089828
11.087528 212.304855
11.093333 212.396301
11.099138 212.424667
11.104943 212.400330
11.110748 212.345352
11.116553 212.931595
11.122358 104.426498
11.128163 213.526169
11.133968 213.025681
11.139773 212.827179
11.145578 212.880508
11.151383 212.920639
11.157188 212.801941
11.162993 212.446228
11.168798 211.735245
11.174603 104.005386
11.180408 11737.629883
11.186213 11679.990234
11.192019 11655.923828
11.197824 11667.354492
11.203629 11740.654297
11.209434 11817.398438
11.215239 11861.340820
11.221043 11859.443359
11.226848 11806.344727
11.232653 11745.953125
11.238458 11771.283203
11.244263 11869.232422
11.250068 117.072166
11.255873 117.038834
11.261678 117.064491
11.267483 117.067139
11.273288 116.908447
11.279093 116.900291
11.284898 116.990540
11.290703 116.999290
11.296508 116.953842
11.302313 116.896492
11.308118 116.874840
11.313923 116.986656
11.319728 116.980865
11.325533 116.970306
11.331338 116.951988
11.337143 116.906998
11.342948 116.726395
11.348753 13206.236328
11.354558 13339.576172
11.360363 13400.449219
11.366168 13316.720703
11.371973 12995.157227
11.377778 12588.291992
11.383583 12358.216797
11.389388 118.248711
11.395193 118.216240
11.400998 117.272331
11.406803 117.260986
11.412608 117.090843
11.418413 117.068687
11.424217 117.114479
11.430022 117.144989
11.435827 117.150620
11.441632 117.117424
11.447437 117.054367
11.453242 116.990181
11.459047 116.989395
11.464852 117.596382
11.470657 117.549278
11.476462 117.492424
11.482267 379.981689
11.488072 187.004425
11.493877 246.952759
11.499682 246.739410
11.505487 123.890945
11.511292 123.890602
11.517097 123.835968
11.522902 123.765915
11.528708 123.723465
11.534513 123.706490
11.540318 123.559204
11.546123 123.534737
11.551928 123.560104
11.557733 123.639107
11.563538 123.848167
11.569343 123.960381
11.575148 82.560661
11.580953 123.926315
11.586758 123.938705
11.592563 123.782753
11.598368 123.763046
11.604173 123.974846
11.609978 82.742020
11.615783 82.664253
11.621588 123.803253
11.627392 123.835342
11.633197 123.779938
11.639002 123.891212
11.644807 124.168633
11.650612 82.916397
11.656417 82.951584
11.662222 13889.714844
11.668027 13778.273438
11.673832 13717.333008
11.679637 13692.998047
11.685442 124.804192
11.691247 123.607727
11.697052 123.555428
11.702857 123.527023
11.708662 83.378372
11.714467 83.557899
11.720272 83.552879
11.726077 123.695084
11.731882 123.247711
11.737687 123.774429
11.743492 124.294502
11.749297 124.531105
11.755102 85.187241
11.760907 85.963890
11.766712 123.039963
11.772517 123.254173
11.778322 82.934158
11.784127 124.679039
11.789932 11602.863281
11.795737 11728.384766
11.801542 11838.497070
11.807347 11836.578125
11.813152 11806.584961
11.818957 11786.068359
11.824762 11785.232422
11.830567 11795.773438
11.836371 11781.855469
11.842176 11806.609375
11.847981 11945.274414
11.853786 124.797638
11.859591 83.475250
11.865396 123.074890
11.871202 123.170212
11.877007 123.682213
11.882812 124.117844
11.888617 124.585114
11.894422 124.312096
11.900227 122.652786
11.906032 122.482086
11.911837 123.693558
11.917642 124.235634
11.923447 83.079933
11.929252 123.998924
11.935057 123.539749
11.940862 122.560844
11.946667 13568.739258
11.952472 13414.085938
11.958277 13270.074219
11.964082 13108.702148
11.969887 12969.547852
11.975692 123.208870
11.981497 12811.649414
11.987302 83.057327
11.993107 124.140427
11.998912 123.500931
12.004717 88.154457
12.010522 122.466011
12.016327 122.888290
12.022132 123.471916
12.027937 83.162834
12.033742 123.532021
12.039546 122.414223
12.045351 122.339699
12.051156 123.161545
12.056961 123.633896
12.062766 83.747444
12.068571 83.664780
12.074376 126.566299
12.080181 130.626251
12.085986 130.816818
12.091791 130.722702
12.097596 130.465134
12.103401 130.356812
12.109206 12284.740234
12.115011 12330.341797
12.120816 12387.695312
12.126621 130.476807
12.132426 130.871658
12.138231 130.857086
12.144036 130.762756
12.149841 130.762360
12.155646 130.882812
12.161451 130.967102
12.167256 130.987473
12.173061 130.974884
12.178866 130.927689
12.184671 130.863846
12.190476 130.866974
12.196281 130.955078
12.202086 131.017410
12.207891 130.975037
12.213696 130.909454
12.219501 130.883499
12.225307 130.886795
12.231112 396.776215
12.236917 396.384949
12.242722 397.098877
12.248526 397.245728
12.254331 397.062164
12.260136 396.628418
12.265941 394.088959
12.271746 393.131927
12.277551 393.459717
12.283356 393.323700
12.289161 393.064789
12.294966 392.954407
12.300771 392.803314
12.306576 392.669128
12.312381 392.625305
12.318186 392.592194
12.323991 392.457031
12.329796 392.447174
12.335601 392.678223
12.341406 392.838989
12.347211 392.734528
12.353016 392.654205
12.358821 197.458649
12.364626 197.662170
12.370431 196.700989
12.376236 202.014679
12.382041 207.729065
12.387846 209.568390
12.393651 215.143631
12.399456 215.215103
12.405261 208.129639
12.411066 6399.321777
12.416871 6971.869141
12.422676 7505.725586
12.428481 7613.312988
12.434286 7718.715332
12.440091 7897.153809
12.445896 8046.352539
12.451700 7966.048828
12.457505 7791.001953
12.463310 7655.697754
12.469115 7634.313477
12.474920 7807.189941
12.480725 8017.913574
12.486530 8015.120605
12.492335 7889.544434
12.498140 7646.239746
12.503945 7340.711914
12.509750 7185.108398
12.515555 7212.822266
12.521360 7340.309082
12.527165 7522.940430
12.532970 7654.057129
12.538775 7681.775879
12.544580 7689.089844
12.550385 7652.968750
12.556190 7596.063477
12.561996 7629.912109
12.567801 7734.214355
12.573606 7770.121094
12.579411 7702.405762
12.585216 7655.306641
12.591021 7694.280273
12.596826 7721.669922
12.602631 7570.623047
12.608436 7407.394043
12.614241 7408.938477
12.620046 7502.020996
12.625851 7606.124512
12.631656 7684.430664
12.637461 7692.199707
12.643266 7538.664551
12.649071 7238.830078
12.654876 7038.843750
12.660680 495.664825
12.666485 273.657349
12.672290 280.785065
12.678095 281.152588
12.683900 6236.260742
12.689705 6191.993164
12.695510 6173.851562
12.701315 6154.302246
12.707120 6135.151855
12.712925 249.099365
12.718730 254.752930
12.724535 255.544281
12.730340 256.395355
12.736145 256.869965
12.741950 261.750000
12.747755 267.124573
12.753560 269.094879
12.759365 274.354004
12.765170 278.902954
12.770975 281.685913
12.776780 284.237701
12.782585 286.472015
12.788390 288.607849
12.794195 291.498199
12.800000 294.888428
12.805805 297.612701
12.811610 299.210968
12.817415 300.011932
12.823220 300.520447
12.829025 300.799377
12.834830 300.754578
12.840635 300.562012
12.846440 300.544342
12.852245 300.795746
12.858050 301.074677
12.863854 301.321655
12.869659 301.742920
12.875464 302.274017
12.881269 302.803802
12.887074 303.375122
12.892879 303.823639
12.898685 304.003265
12.904490 303.912628
12.910295 303.810181
12.916100 303.901825
12.921905 304.040741
12.927710 304.016235
12.933515 303.788635
12.939320 303.432434
12.945125 303.039032
12.950930 302.706726
12.956735 302.545868
12.962540 302.865082
12.968345 150.834473
12.974150 151.973419
12.979955 160.399231
12.985760 160.325623
12.991565 98.834236
12.997370 98.787064
13.003175 98.791832
13.008980 98.898163
13.014785 151.707809
13.020590 153.582703
13.026395 155.390915
13.032200 311.483734
13.038005 311.412720
13.043810 311.241241
13.049615 310.709778
13.055420 309.256470
13.061225 305.944489
13.067030 303.349915
13.072834 301.409454
13.078639 300.391907
13.084444 300.401001
13.090249 301.810120
13.096054 303.963531
13.101859 306.966125
13.107664 309.555054
13.113469 103.612129
13.119274 220.983734
13.125079 104.162727
13.130884 104.661995
13.136689 315.180664
13.142494 105.767136
13.148299 321.800293
13.154104 322.252747
13.159909 322.658142
13.165714 322.872559
13.171519 322.384705
13.177324 321.048157
13.183129 319.274628
13.188934 317.229767
13.194739 315.152466
13.200544 312.781219
13.206349 309.900970
13.212154 306.790344
13.217959 304.483154
13.223764 302.739319
13.229569 300.902832
13.235374 298.772125
13.241179 298.018433
13.246984 297.943604
13.252789 298.337311
13.258595 299.137970
13.264400 300.484802
13.270205 302.548615
13.276009 304.662598
13.281814 307.562836
13.287619 309.495422
13.293424 311.029785
13.299229 311.890961
13.305034 312.133636
13.310839 311.803070
13.316644 310.847717
13.322449 309.312561
13.328254 307.622589
13.334059 306.068237
13.339864 304.783417
13.345669 304.043121
13.351474 304.195648
13.357279 305.149811
13.363084 307.073242
13.368889 309.609558
13.374694 312.220215
13.380499 314.875793
13.386304 317.381744
13.392109 319.585938
13.397914 324.158020
13.403719 326.970825
13.409524 329.939270
13.415329 333.194977
13.421134 334.830933
13.426939 336.000671
13.432744 336.530029
13.438549 336.458557
13.444354 336.097565
13.450159 335.630066
13.455964 334.955719
13.461769 334.108093
13.467574 333.362946
13.473379 332.964600
13.479183 166.511276
13.484988 166.610611
13.490793 166.735352
13.496598 166.862671
13.502403 334.025421
13.508208 334.211884
13.514013 334.635406
13.519818 335.412933
13.525623 336.254608
13.531428 336.888000
13.537233 337.413696
13.543038 337.890930
13.548843 168.965652
13.554648 169.041611
13.560453 213.559326
13.566258 213.134872
13.572063 212.836563
13.577868 111.645096
13.583673 75.778114
13.589478 77.689835
13.595284 155.161682
13.601089 154.645554
13.606894 153.814743
13.612699 152.979492
13.618504 151.322052
13.624309 150.960373
13.630114 147.531815
13.635919 146.604645
13.641724 145.262604
13.647529 143.658203
13.653334 142.865463
13.659139 145.610733
13.664944 144.843124
13.670749 144.300293
13.676554 144.224060
13.682359 149.631546
13.688163 149.016098
13.693968 148.176590
13.699773 267.410278
13.705578 266.057678
13.711383 265.338745
13.717188 264.800446
13.722993 264.191864
13.728798 263.353790
13.734603 262.849213
13.740408 263.128418
13.746213 264.082672
13.752018 265.688812
13.757823 267.928009
13.763628 270.278870
13.769433 273.806305
13.775238 278.332275
13.781043 281.333374
13.786848 283.396088
13.792653 284.925598
13.798458 285.864990
13.804263 286.316803
13.810068 286.734985
13.815873 287.502014
13.821678 288.305481
13.827483 288.760895
13.833288 288.871765
13.839093 288.648468
13.844898 288.170807
13.850703 287.699463
13.856508 197.357605
13.862313 197.865097
13.868118 198.637146
13.873923 289.959747
13.879728 291.565552
13.885533 292.645142
13.891337 293.871429
13.897142 295.459442
13.902947 296.871796
13.908752 297.257477
13.914557 296.562927
13.920362 294.359436
13.926167 292.648010
13.931973 292.403748
13.937778 297.263000
13.943583 298.064240
13.949388 298.791809
13.955193 105.796059
13.960998 5402.109863
13.966803 5284.324219
13.972608 5149.615723
13.978413 5107.187500
13.984218 5168.357910
13.990023 5324.689453
13.995828 5610.880859
14.001633 6139.616211
14.007438 6267.961426
14.013243 6226.273438
14.019048 6167.339355
14.024853 6112.889160
14.030658 6076.158203
14.036463 6059.580078
14.042268 6043.983398
14.048073 6009.423828
14.053878 5980.598633
14.059683 6041.124512
14.065488 6280.501953
14.071293 128.695297
14.077098 106.243408
14.082903 103.624710
14.088708 52.334152
14.094513 128.099258
14.100317 89.557274
14.106122 282.854248
14.111927 283.119019
14.117732 283.132507
14.123537 282.552704
14.129342 280.545990
14.135147 277.293884
14.140952 273.242615
14.146757 268.111359
14.152562 265.218353
14.158367 262.987122
14.164172 261.918060
14.169977 261.548615
14.175782 261.844452
14.181587 262.672302
14.187392 263.207611
14.193197 263.249359
14.199002 262.346893
14.204807 258.407013
14.210612 253.164963
14.216417 248.691727
14.222222 243.718704
14.228027 236.799744
14.233832 234.088501
14.239637 232.370651
14.245442 230.939926
14.251247 230.638641
14.257052 231.056244
14.262857 231.695663
14.268662 232.328827
14.274467 233.080673
14.280272 233.843262
14.286077 234.482590
14.291883 235.070816
14.297688 235.804306
14.303492 236.507507
14.309297 236.868546
14.315102 236.765030
14.320907 236.513321
14.326712 236.319504
14.332517 236.128510
14.338322 235.889175
14.344127 235.567841
14.349932 235.093964
14.355737 234.358353
14.361542 233.121750
14.367347 231.583099
14.373152 230.311646
14.378957 229.551849
14.384762 229.094833
14.390567 228.794464
14.396372 228.770462
14.402177 229.253113
14.407982 229.881546
14.413787 230.152328
14.419592 230.071762
14.425397 229.822464
14.431202 229.591202
14.437007 229.480728
14.442812 229.496292
14.448617 229.543289
14.454422 229.549454
14.460227 229.603943
14.466032 229.824188
14.471837 230.134232
14.477642 230.496933
14.483447 231.006958
14.489252 231.710922
14.495057 232.050095
14.500862 231.955200
14.506667 231.485229
14.512471 230.933746
14.518276 230.489502
14.524081 230.147293
14.529886 229.904144
14.535691 229.717117
14.541496 229.630386
14.547301 229.693649
14.553106 229.896820
14.558911 230.194199
14.564716 230.540741
14.570521 230.893005
14.576326 231.281708
14.582131 231.583221
14.587936 231.545074
14.593741 231.105179
14.599546 230.182495
14.605351 229.193466
14.611156 226.495712
14.616961 132.815765
14.622766 131.187714
14.628572 131.080887
14.634377 130.040985
14.640182 130.214066
14.645987 130.475327
14.651792 52.529938
14.657597 132.709396
14.663402 131.713501
14.669207 87.462326
14.675012 236.404129
14.680817 236.588303
14.686622 238.504318
14.692427 241.296448
14.698232 242.994492
14.704037 243.325378
14.709842 243.139160
14.715646 242.475220
14.721451 241.547379
14.727256 240.531601
14.733061 238.493958
14.738866 235.577682
14.744671 230.724442
14.750476 221.889832
14.756281 222.295776
14.762086 230.955719
14.767891 234.625992
14.773696 77.961624
14.779501 78.138351
14.785306 78.279533
14.791111 312.263672
14.796916 78.334152
14.802721 78.300125
14.808526 78.275116
14.814331 78.285736
14.820136 78.327736
14.825941 78.393204
14.831746 78.466156
14.837551 78.521942
14.843356 78.539009
14.849161 78.517845
14.854966 78.485573
14.860771 78.476654
14.866576 157.029678
14.872381 78.471832
14.878186 263.590179
14.883991 264.086609
14.889796 264.417480
14.895601 226.743744
14.901406 195.070282
14.907211 62.204102
14.913016 62.210968
14.918821 222.767242
14.924625 62.454205
14.930430 258.302704
14.936235 4481.159180
14.942040 4351.905762
14.947845 4296.910156
14.953650 4360.402344
14.959455 4455.811035
14.965261 4477.952637
14.971066 4456.500488
14.976871 4415.812988
14.982676 4406.209961
14.988481 4479.894531
14.994286 4583.254883
15.000091 4645.827148
15.005896 4587.273438
15.011701 277.676605
15.017506 278.502686
15.023311 279.254303
15.029116 280.212769
15.034921 280.714966
15.040726 274.665070
15.046531 6124.882812
15.052336 6114.819824
15.058141 6111.346191
15.063946 6119.950195
15.069751 254.871460
15.075556 230.879852
15.081361 77.810730
15.087166 76.374687
15.092971 226.440689
15.098776 226.341110
15.104581 226.493210
15.110386 227.057022
15.116191 227.131897
15.121996 235.833771
15.127800 235.926910
15.133605 244.801895
15.139410 122.904991
15.145215 122.908577
15.151020 126.333435
15.156825 126.571915
15.162630 126.953369
15.168435 127.919197
15.174240 128.651733
15.180045 128.996399
15.185850 258.703308
15.191655 258.960083
15.197460 129.404404
15.203265 104.544464
15.209070 258.727295
15.214875 258.170502
15.220680 257.757477
15.226485 257.662567
15.232290 257.893829
15.238095 258.206024
15.243900 258.467072
15.249705 258.645081
15.255510 258.630646
15.261315 258.289307
15.267120 257.556427
15.272925 290.133270
15.278730 289.494385
15.284535 289.438385
15.290340 289.319824
15.296145 288.953461
15.301950 288.498810
15.307755 288.093048
15.313560 247.985352
15.319366 248.775314
15.325171 264.895355
15.330976 265.287872
15.336780 265.200562
15.342585 262.896606
15.348390 261.137360
15.354195 259.907837
15.360000 259.498199
15.365805 260.136444
15.371610 260.978577
15.377415 260.586548
15.383220 260.290588
15.389025 260.847931
15.394830 261.692902
15.400635 262.052002
15.406440 261.685516
15.412245 260.643921
15.418050 259.602661
15.423855 4941.306641
15.429660 4986.262695
15.435465 5050.515137
15.441270 5117.826660
15.447075 5190.967773
15.452880 5223.645508
15.458685 5124.349121
15.464490 5010.883789
15.470295 4962.218262
15.476100 4992.263184
15.481905 5029.124512
15.487710 5039.608887
15.493515 5060.834961
15.499320 5091.865723
15.505125 5061.037598
15.510930 104.330727
15.516735 102.497330
15.522540 102.566429
15.528345 103.581444
15.534150 103.811394
15.539954 103.645401
15.545759 102.930489
15.551564 310.232574
15.557369 311.380646
15.563174 104.090851
15.568979 310.804077
15.574784 103.671188
15.580589 103.825508
15.586394 104.190460
15.592199 104.519539
15.598004 306.651581
15.603809 305.717804
15.609614 304.013733
15.615419 283.926544
15.621224 283.777283
15.627029 264.681641
15.632834 265.519470
15.638639 265.417969
15.644444 263.198517
15.650249 263.160858
15.656054 263.396484
15.661860 264.071808
15.667665 264.707092
15.673470 264.814697
15.679275 264.576996
15.685080 264.858704
15.690885 265.626923
15.696690 265.880005
15.702495 265.769470
15.708300 265.955566
15.714105 266.919464
15.719910 268.794098
15.725715 271.698639
15.731520 272.017639
15.737325 270.153290
15.743129 268.570068
15.748934 275.833984
15.754739 268.683777
15.760544 263.200775
15.766349 262.783783
15.772154 267.457947
15.777959 205.307098
15.783764 205.051956
15.789569 102.591705
15.795374 102.949432
15.801179 4026.736572
15.806984 4005.015869
15.812789 4001.875732
15.818594 3960.075195
15.824399 3875.929932
15.830204 3835.093018
15.836009 3824.264160
15.841814 3830.884277
15.847619 3856.467041
15.853424 3865.676514
15.859229 3803.797363
15.865034 3706.554932
15.870839 3662.553955
15.876644 3712.861328
15.882449 3772.001221
15.888254 3744.064941
15.894059 3698.940918
15.899864 3748.838379
15.905669 3854.647217
15.911474 3889.479248
15.917279 3893.022461
15.923084 3898.471680
15.928889 269.302277
15.934694 251.697937
15.940499 251.531433
15.946304 233.729202
15.952108 233.572174
15.957913 233.388031
15.963718 233.292938
15.969523 233.151611
15.975328 232.921539
15.981133 232.747330
15.986938 232.736755
15.992743 232.737839
15.998549 232.590607
16.004354 232.430695
16.010159 232.222275
16.015965 231.893463
16.021769 231.482498
16.027575 231.103516
16.033379 230.962601
16.039185 231.293777
16.044989 232.495926
16.050795 233.547745
16.056599 234.037796
16.062403 234.484314
16.068209 235.129471
16.074013 236.107574
16.079819 237.092072
16.085623 237.471970
16.091429 237.550552
16.097233 237.549576
16.103039 237.518585
16.108843 237.400162
16.114649 237.294739
16.120453 237.366867
16.126259 237.376633
16.132063 237.160934
16.137869 237.019623
16.143673 236.708069
16.149479 235.825089
16.155283 234.675812
16.161089 234.008591
16.166893 233.776871
16.172699 233.733566
16.178503 233.806503
16.184309 233.986099
16.190113 234.361618
16.195919 235.634659
16.201723 236.966980
16.207529 119.466400
16.213333 237.273163
16.219139 227.101364
16.224943 227.568314
16.230749 232.321915
16.236553 232.285416
16.242359 232.105789
16.248163 231.764145
16.253969 243.250748
16.259773 241.699829
16.265577 240.519562
16.271383 240.126541
16.277187 240.162460
16.282993 240.744888
16.288797 241.506607
16.294603 241.848694
16.300407 241.375519
16.306213 239.870255
16.312017 237.459442
16.317823 117.697311
16.323627 117.449753
16.329433 234.675812
16.335238 234.325241
16.341043 118.211449
16.346848 118.129585
16.352654 116.648651
16.358458 116.545235
16.364264 117.050171
16.370068 58.765709
16.375874 58.723804
16.381678 220.255295
16.387484 222.641159
16.393288 117.362534
16.399094 117.629120
16.404898 195.422012
16.410704 194.227219
16.416508 184.537399
16.422314 182.128418
16.428118 176.821274
16.433924 175.577774
16.439728 173.613098
16.445534 170.183182
16.451338 84.444328
16.457144 170.369339
16.462948 171.180161
16.468752 170.893967
16.474558 171.063751
16.480362 172.156570
16.486168 174.686630
16.491972 178.000992
16.497778 180.797653
16.503582 181.982346
16.509388 184.589157
16.515192 187.551422
16.520998 190.373138
16.526802 190.885559
16.532608 193.204803
16.538412 195.275391
16.544218 195.513397
16.550022 195.798157
16.555828 195.491333
16.561632 195.060913
16.567438 194.576004
16.573242 193.872681
16.579048 192.908447
16.584852 191.843613
16.590658 191.120926
16.596462 191.258133
16.602268 122.829552
16.608072 122.630493
16.613878 122.183334
16.619682 121.994675
16.625488 79.292534
16.631292 79.444435
16.637098 123.521461
16.642902 123.282715
16.648708 123.130295
16.654512 122.831955
16.660318 196.420654
16.666122 195.824921
16.671926 190.108383
16.677732 190.136520
16.683537 190.134918
16.689342 189.884018
16.695147 187.121124
16.700953 187.191620
16.706757 188.540070
16.712563 191.471695
16.718367 193.713074
16.724173 193.392303
16.729977 190.742249
16.735783 185.794022
16.741587 186.503601
16.747393 188.603699
16.753197 190.705246
16.759003 191.272842
16.764807 191.111725
16.770613 190.681534
16.776417 118.767700
16.782223 118.005859
16.788027 117.442093
16.793833 117.081253
16.799637 296.008362
16.805443 97.961411
16.811247 12190.086914
16.817053 12271.407227
16.822857 12334.464844
16.828663 12454.628906
16.834467 187.650528
16.840273 180.238586
16.846077 179.351273
16.851883 179.370224
16.857687 179.772629
16.863493 179.269470
16.869297 178.448380
16.875101 178.591263
16.880907 178.826233
16.886711 59.034901
16.892517 177.939590
16.898321 177.604813
16.904127 177.367645
16.909931 58.937572
16.915737 59.030563
16.921541 89.906998
16.927347 180.420822
16.933151 181.692474
16.938957 182.959854
16.944761 183.490540
16.950567 92.613480
16.956371 94.622307
16.962177 95.503754
16.967981 96.297722
16.973787 96.891945
16.979591 97.919121
16.985397 98.371620
16.991201 198.359726
16.997007 198.656616
17.002811 198.901779
17.008617 98.333473
17.014421 98.351135
17.020227 98.025948
17.026031 97.540672
17.031837 97.453545
17.037642 192.527115
17.043447 192.305786
17.049252 192.432648
17.055058 192.558411
17.060862 193.027374
17.066668 193.713013
17.072472 194.887573
17.078278 195.324310
17.084082 195.462372
17.089886 196.163528
17.095692 199.193237
17.101496 199.591675
17.107302 196.680161
17.113106 194.234787
17.118912 191.032486
17.124716 184.473419
17.130522 175.644180
17.136326 173.026611
17.142132 172.202896
17.147936 171.603455
17.153742 171.358994
17.159546 98.173836
17.165352 171.652969
17.171156 171.888916
17.176962 172.434586
17.182766 173.549072
17.188572 174.236786
17.194376 174.603500
17.200182 175.044434
17.205986 175.264236
17.211792 175.145020
17.217596 174.863495
17.223402 174.480438
17.229206 173.798615
17.235012 173.060623
17.240816 172.910461
17.246622 172.604736
17.252426 171.739960
17.258232 170.863541
17.264036 170.405060
17.269842 170.542923
17.275646 171.261078
17.281452 601.078369
17.287256 524.248657
17.293060 524.207764
17.298866 524.253357
17.304670 524.247986
17.310476 523.920593
17.316280 523.659607
17.322086 522.868652
17.327890 521.666687
17.333696 521.583496
17.339500 598.993103
17.345306 599.856750
17.351110 601.156128
17.356916 602.674927
17.362720 604.287659
17.368526 606.740784
17.374331 610.250183
17.380136 611.469116
17.385941 611.913147
17.391747 612.596252
17.397551 613.823914
17.403357 256.329529
17.409161 261.405121
17.414967 265.601929
17.420771 284.523254
17.426577 284.872406
17.432381 620.500854
17.438187 619.202942
17.443991 298.195984
17.449797 299.339417
17.455601 301.023895
17.461407 302.885559
17.467211 303.773743
17.473017 304.997864
17.478821 306.127686
17.484627 307.208252
17.490431 154.237228
17.496235 154.648651
17.502041 154.976318
17.507845 310.574768
17.513651 311.586578
17.519455 156.100449
17.525261 156.129608
17.531065 156.014786
17.536871 311.296844
17.542675 155.474365
17.548481 155.116898
17.554285 154.590958
17.560091 308.023132
17.565895 307.105835
17.571701 306.256836
17.577505 305.248108
17.583311 304.047699
17.589115 302.636383
17.594921 300.594513
17.600725 297.436218
17.606531 293.698914
17.612335 65.209503
17.618141 65.431755
17.623945 101.704620
17.629751 101.438538
17.635555 170.755829
17.641361 170.091400
17.647165 78.673203
17.652971 78.668709
17.658775 78.204063
17.664581 77.896057
17.670385 190.064499
17.676191 12106.572266
17.681995 12069.078125
17.687801 12058.635742
17.693605 199.790070
17.699409 78.448708
17.705215 78.171021
17.711020 127.528656
17.716825 129.421051
17.722630 133.791092
17.728436 90.156937
17.734240 270.255676
17.740046 269.676361
17.745850 268.061554
17.751656 265.522522
17.757460 262.378693
17.763266 258.704987
17.769070 255.362686
17.774876 253.865829
17.780680 253.326797
17.786486 253.586334
17.792290 254.832001
17.798096 256.866730
17.803900 259.619934
17.809706 262.087830
17.815510 264.254913
17.821316 266.119720
17.827120 266.979523
17.832926 266.792511
17.838730 265.795074
17.844536 263.733978
17.850340 256.297363
17.856146 252.860352
17.861950 245.851624
17.867756 242.223007
17.873560 239.197266
17.879366 237.233276
17.885170 236.266815
17.890976 235.865067
17.896780 235.894150
17.902586 236.141159
17.908390 236.367279
17.914194 236.458237
17.920000 236.446518
17.925804 236.427002
17.931610 236.406723
17.937414 236.267197
17.943220 235.964813
17.949024 235.556030
17.954830 235.246979
17.960634 235.332321
17.966440 235.972687
17.972244 236.838562
17.978050 237.173996
17.983854 237.567398
17.989660 239.172394
17.995464 240.951843
18.001270 244.365356
18.007074 247.995438
18.012880 250.706055
18.018684 253.142166
18.024490 255.246201
18.030294 256.721039
18.036100 257.686188
18.041904 258.075439
18.047710 257.991180
18.053514 257.494995
18.059320 256.548920
18.065125 255.289078
18.070930 254.428543
18.076735 254.474579
18.082541 255.615921
18.088345 258.149261
18.094151 262.437500
18.099955 265.104309
18.105761 267.141907
18.111565 268.685638
18.117369 269.619293
18.123175 270.125366
18.128979 269.208130
18.134785 267.513275
18.140589 128.468597
18.146395 76.520866
18.152199 58.311878
18.158005 215.194763
18.163809 194.251907
18.169615 196.061356
18.175419 210.767929
18.181225 77.935524
18.187029 78.708702
18.192835 235.662949
18.198639 231.998093
18.204445 227.547195
18.210249 227.744949
18.216055 232.865402
18.221859 233.604752
18.227665 239.196213
18.233469 238.672974
18.239275 238.538376
18.245079 238.648148
18.250885 255.219238
18.256689 274.821320
18.262495 275.662262
18.268299 276.345520
18.274105 276.433960
18.279909 144.445648
18.285715 12231.809570
18.291519 12141.195312
18.297325 132.096497
18.303129 132.108002
18.308935 65.984772
18.314739 65.717171
18.320543 66.080292
18.326349 66.396713
18.332153 66.405968
18.337959 2571.719482
18.343763 2573.995605
18.349569 2618.020264
18.355373 258.590454
18.361179 259.976807
18.366983 260.620239
18.372789 260.606262
18.378593 260.150146
18.384399 259.625946
18.390203 259.431763
18.396009 259.786377
18.401814 260.751556
18.407619 262.237366
18.413424 264.324249
18.419230 267.167603
18.425034 270.088715
18.430840 273.200897
18.436644 2752.573242
18.442450 280.255219
18.448254 282.556946
18.454060 284.777435
18.459864 286.836060
18.465670 288.561829
18.471474 289.968567
18.477280 291.012543
18.483084 291.841461
18.488890 292.566132
18.494694 293.239471
18.500500 293.747498
18.506304 294.150970
18.512110 294.458984
18.517914 294.530762
18.523718 294.353058
18.529524 294.124695
18.535328 293.958374
18.541134 293.803101
18.546938 293.562531
18.552744 293.173096
18.558548 292.702423
18.564354 199.654999
18.570158 199.978027
18.575964 293.340698
18.581768 293.779449
18.587574 293.803650
18.593378 293.440704
18.599184 292.760498
18.604988 292.051727
18.610794 291.123260
18.616598 289.477753
18.622404 281.930450
18.628208 278.701965
18.634014 275.800293
18.639818 265.383942
18.645624 263.152832
18.651428 262.165253
18.657234 261.977722
18.663038 262.305176
18.668844 263.057159
18.674648 264.370972
18.680454 266.326233
18.686258 268.829651
18.692064 270.880127
18.697868 271.865173
18.703674 271.701355
18.709478 270.310699
18.715284 103.032028
18.721088 102.738731
18.726892 105.066261
18.732698 105.421440
18.738503 105.515503
18.744308 4499.022949
18.750113 4601.028320
18.755919 4732.789551
18.761723 4935.319824
18.767529 5199.873535
18.773333 5382.775879
18.779139 5546.541504
18.784943 5669.983887
18.790749 5722.118652
18.796553 5753.162109
18.802359 5799.608398
18.808163 5892.018555
18.813969 6056.230957
18.819773 6251.383301
18.825579 104.467651
18.831383 104.476807
18.837189 102.722092
18.842993 102.643036
18.848799 6057.766113
18.854603 5745.646973
18.860409 104.094261
18.866213 104.113655
18.872019 104.041710
18.877823 230.464233
18.883629 234.716171
18.889433 235.118469
18.895239 236.070206
18.901043 236.362579
18.906849 235.660965
18.912653 234.075287
18.918459 232.104645
18.924263 230.599014
18.930069 229.796982
18.935873 229.508408
18.941677 229.918793
18.947483 231.512085
18.953287 234.427872
18.959093 236.661621
18.964897 239.428299
18.970703 122.388458
18.976507 122.208733
18.982313 122.070534
18.988117 104.387253
18.993923 104.331535
18.999727 5376.828125
19.005533 5441.940918
19.011337 5502.094238
19.017143 5597.694824
19.022947 5746.126465
19.028753 5881.872559
19.034557 5999.087402
19.040363 6124.066406
19.046167 6205.569824
19.051973 6222.139648
19.057777 6513.895020
19.063583 7047.888184
19.069387 6986.940918
19.075193 6591.412109
19.080997 6452.864746
19.086803 6680.236816
19.092607 6931.916504
19.098413 7114.575684
19.104218 7197.330078
19.110023 103.624664
19.115828 103.562416
19.121634 103.601013
19.127438 103.757736
19.133244 103.883820
19.139048 105.779732
19.144852 104.475670
19.150658 103.333626
19.156462 103.189011
19.162268 103.051422
19.168072 79.445061
19.173878 234.634537
19.179682 234.941223
19.185488 235.430740
19.191292 236.077515
19.197098 236.831680
19.202902 237.118393
19.208708 237.244354
19.214512 237.269836
19.220318 237.116699
19.226122 236.651749
19.231928 235.791336
19.237732 234.495895
19.243538 232.855286
19.249342 231.356262
19.255148 230.300568
19.260952 229.505264
19.266758 228.657013
19.272562 227.623932
19.278368 226.390656
19.284172 224.823410
19.289978 222.893036
19.295782 220.124466
19.301588 215.559402
19.307392 212.530136
19.313198 203.083023
19.319002 200.185471
19.324808 189.401520
19.330612 184.504105
19.336418 181.369598
19.342222 181.341873
19.348026 181.795303
19.353832 183.316635
19.359636 186.802750
19.365442 189.410828
19.371246 191.480347
19.377052 193.326340
19.382856 195.186218
19.388662 196.500153
19.394466 197.089966
19.400272 197.264114
19.406076 197.095123
19.411882 196.616409
19.417686 195.972366
19.423492 195.278915
19.429296 194.456497
19.435102 193.477264
19.440907 192.272049
19.446712 191.006943
19.452517 190.007599
19.458323 189.280533
19.464127 188.905502
19.469933 189.082764
19.475737 189.687622
19.481543 190.046722
19.487347 190.509399
19.493153 191.177658
19.498957 191.995132
19.504763 192.839462
19.510567 193.887451
19.516373 194.495499
19.522177 194.699081
19.527983 194.675751
19.533787 194.373718
19.539593 193.672867
19.545397 192.859039
19.551201 191.957718
19.557007 190.642166
19.562811 189.007965
19.568617 187.463745
19.574421 185.004593
19.580227 182.693909
19.586031 180.703644
19.591837 179.094315
19.597641 178.371841
19.603447 178.207581
19.609251 178.346573
19.615057 178.591583
19.620861 178.715424
19.626667 178.657852
19.632471 178.802216
19.638277 179.665985
19.644081 180.296799
19.649887 180.432083
19.655691 179.795792
19.661497 89.913948
19.667301 89.864464
19.673107 185.230515
19.678911 185.816589
19.684717 196.856369
19.690521 109.631523
19.696327 106.962273
19.702131 143.433929
19.707937 102.042595
19.713741 3927.798340
19.719547 3831.627930
19.725351 3938.417480
19.731157 273.820404
19.736961 280.808624
19.742767 281.141205
19.748571 6191.788574
19.754377 6151.795410
19.760181 6142.520996
19.765985 6130.241211
19.771791 6094.969727
19.777596 4013.916992
19.783401 4014.366211
19.789206 4013.828369
19.795012 4001.258301
19.800816 3989.364258
19.806622 3988.520996
19.812426 103.948463
19.818232 130.843384
19.824036 125.437172
19.829842 125.334351
19.835646 125.224487
19.841452 125.207977
19.847256 126.815674
19.853062 128.307526
19.858866 128.284576
19.864672 128.314911
19.870476 128.460159
19.876282 128.621384
19.882086 129.320923
19.887892 129.541550
19.893696 129.655380
19.899502 129.651474
19.905306 129.546387
19.911112 127.583145
19.916916 129.203262
19.922722 130.474075
19.928526 131.568649
19.934332 131.610413
19.940136 131.871933
19.945942 132.071014
19.951746 132.327774
19.957552 132.530182
19.963356 132.715988
19.969160 132.862045
19.974966 132.975540
19.980770 133.147598
19.986576 133.262299
19.992380 135.994415
19.998186 105.009033
20.003990 104.981956
20.009796 104.927002
20.015600 104.941589
20.021406 104.042824
20.027210 11903.010742
20.033016 12000.011719
20.038820 12088.718750
20.044626 12250.800781
20.050430 178.334442
20.056236 105.666771
20.062040 105.787521
20.067846 270.197906
20.073650 267.476257
20.079456 267.543671
20.085260 105.550552
20.091066 260.185974
20.096870 131.020203
20.102676 131.344971
20.108480 131.293365
20.114286 103.891167
20.120090 103.978539
20.125896 104.096466
20.131701 104.810043
20.137506 130.847031
20.143311 210.473434
20.149117 209.522049
20.154921 208.438431
20.160727 208.185257
20.166531 207.994278
20.172335 207.246902
20.178141 206.673691
20.183945 206.622330
20.189751 133.014130
20.195555 132.968674
20.201361 212.315674
20.207165 212.512009
20.212971 212.789978
20.218775 132.020142
20.224581 132.084824
20.230385 132.382019
20.236191 133.025238
20.241995 133.471527
20.247801 134.312149
20.253605 69.040703
20.259411 69.038361
20.265215 68.205315
20.271021 68.256927
20.276825 137.597000
20.282631 137.508224
20.288435 137.708023
20.294241 199.774414
20.300045 191.198517
20.305851 200.628220
20.311655 73.450943
20.317461 150.574966
20.323265 151.674545
20.329071 155.784454
20.334875 12254.139648
20.340681 156.438675
20.346485 158.675781
20.352291 162.237366
20.358095 162.074783
20.363901 160.417511
20.369705 160.130646
20.375509 160.059525
20.381315 159.711670
20.387119 158.482117
20.392925 157.477631
20.398729 156.607666
20.404535 155.997223
20.410339 155.606354
20.416145 155.523605
20.421949 155.440521
20.427755 155.069962
20.433559 154.493027
20.439365 154.331116
20.445169 154.607895
20.450975 154.904388
20.456779 155.339508
20.462585 155.869873
20.468390 156.011154
20.474195 156.010818
20.480000 157.260345
20.485806 157.227310
20.491610 156.882797
20.497416 156.117584
20.503220 155.948975
20.509026 155.648758
20.514830 155.817978
20.520636 156.424667
20.526440 156.852356
20.532246 156.670410
20.538050 156.339706
20.543856 155.995056
20.549660 155.912201
20.555466 156.108185
20.561270 156.230164
20.567076 156.310822
20.572880 156.476196
20.578686 156.866882
20.584490 157.960098
20.590294 159.823868
20.596100 159.563766
20.601904 158.043304
20.607710 157.593674
20.613514 157.669373
20.619320 157.832230
20.625124 11852.930664
20.630930 11893.838867
20.636734 11967.972656
20.642540 12069.860352
20.648344 77.661880
20.654150 77.616714
20.659954 77.494812
20.665760 160.997711
20.671564 161.433716
20.677370 162.055756
20.683174 162.791611
20.688980 163.616562
20.694784 164.627655
20.700590 167.822144
20.706394 168.983444
20.712200 169.958939
20.718004 171.053497
20.723810 173.281097
20.729614 174.372864
20.735420 175.040390
20.741224 175.598831
20.747030 175.911224
20.752834 175.721649
20.758640 175.213684
20.764444 174.772766
20.770250 174.590988
20.776054 174.123062
20.781860 173.318817
20.787664 171.814758
20.793468 171.711975
20.799274 172.137100
20.805079 173.048157
20.810884 173.706146
20.816689 173.919739
20.822495 173.807281
20.828299 173.890732
20.834105 174.496475
20.839909 175.446350
20.845715 176.216324
20.851519 176.630630
20.857325 176.968643
20.863129 177.369476
20.868935 177.483963
20.874739 176.849579
20.880545 175.913452
20.886349 175.532349
20.892155 175.971069
20.897959 181.384857
20.903765 183.401123
20.909569 185.712311
20.915375 190.840469
20.921179 198.465240
20.926985 199.173401
20.932789 199.472610
20.938595 202.485962
20.944399 98.722832
20.950205 98.686531
20.956009 97.863129
20.961815 97.804245
20.967619 99.737625
20.973425 99.602036
20.979229 99.310455
20.985035 99.231102
20.990839 99.056183
20.996643 98.532310
21.002449 98.109940
21.008253 97.856354
21.014059 97.963013
21.019863 98.189476
21.025669 97.836678
21.031473 95.203880
21.037279 92.980682
21.043083 92.952438
21.048889 92.827324
21.054693 92.127823
21.060499 91.485466
21.066303 118.553703
21.072109 117.639839
21.077913 117.038742
21.083719 116.353508
21.089523 88.221794
21.095329 88.050026
21.101133 86.334213
21.106939 86.376282
21.112743 86.769363
21.118549 86.996651
21.124353 87.193039
21.130159 87.394463
21.135963 87.446396
21.141769 87.433441
21.147573 87.702728
21.153379 87.830292
21.159184 58.014259
21.164989 115.753082
21.170794 58.738407
21.176600 85.462578
21.182404 85.334290
21.188210 85.541992
21.194014 85.668716
21.199818 85.572533
21.205624 114.844872
21.211428 115.825729
21.217234 86.246048
21.223038 86.367004
21.228844 12034.414062
21.234648 11970.522461
21.240454 12026.394531
21.246258 117.052292
21.252064 117.038193
21.257868 58.553772
21.263674 148.040543
21.269478 147.587585
21.275284 98.001778
21.281088 98.059563
21.286894 98.195053
21.292698 147.131775
21.298504 147.225098
21.304308 97.999435
21.310114 98.059799
21.315918 98.067886
21.321724 98.102020
21.327528 98.214577
21.333334 199.135651
21.339138 98.957008
21.344944 99.111160
21.350748 98.806168
21.356554 98.503876
21.362358 58.395977
21.368164 58.441036
21.373968 58.568813
21.379774 58.826263
21.385578 58.801411
21.391384 58.797970
21.397188 58.758411
21.402992 58.679676
21.408798 58.705898
21.414602 58.664143
21.420408 58.686333
21.426212 58.711918
21.432018 58.646576
21.437822 58.491840
21.443628 83.110466
21.449432 58.240208
21.455238 58.680267
21.461042 116.068405
21.466848 58.714817
21.472652 58.953064
21.478458 58.986801
21.484262 188.991592
21.490068 181.349213
21.495872 90.313454
21.501678 90.546211
21.507483 181.634232
21.513288 181.480759
21.519093 118.046188
21.524899 12333.243164
21.530703 12314.984375
21.536509 12355.388672
21.542313 12513.118164
21.548119 180.134598
21.553923 58.712914
21.559729 58.638493
21.565533 58.355476
21.571339 58.337360
21.577143 84.355827
21.582949 84.134834
21.588753 58.523197
21.594559 58.412521
21.600363 58.267834
21.606169 58.324551
21.611973 58.385632
21.617777 58.364243
21.623583 58.473557
21.629387 5133.377930
21.635193 5037.004883
21.640997 5013.591309
21.646803 5015.175781
21.652607 5019.505371
21.658413 5017.918457
21.664217 5000.135742
21.670023 4975.441895
21.675827 4973.667480
21.681633 5005.363770
21.687437 5099.268066
21.693243 5230.842773
21.699047 5267.895996
21.704853 5222.604004
21.710657 5176.953613
21.716463 5136.656738
21.722267 5042.764648
21.728073 4879.210449
21.733877 4753.341309
21.739683 4793.241211
21.745487 4856.229492
21.751293 4949.364258
21.757097 5093.883789
21.762903 5164.365723
21.768707 5132.050293
21.774513 5062.208496
21.780317 4995.310059
21.786123 191.951141
21.791927 191.425903
21.797733 204.381241
21.803537 201.136856
21.809343 199.927231
21.815147 199.101517
21.820951 73.548653
21.826757 194.328781
21.832561 187.835449
21.838367 184.993286
21.844172 183.943939
21.849977 183.729538
21.855782 184.498734
21.861588 187.421936
21.867392 192.364578
21.873198 195.154190
21.879002 98.101982
21.884808 98.216331
21.890612 197.289902
21.896418 98.175743
21.902222 5246.190918
21.908028 5160.549805
21.913832 5206.865234
21.919638 5324.662598
21.925442 5399.528809
21.931248 5368.499023
21.937052 5269.320801
21.942858 5234.449219
21.948662 5242.889648
21.954468 5190.112793
21.960272 5060.487305
21.966078 4935.408203
21.971882 4843.191406
21.977688 4810.473633
21.983492 4845.565918
21.989298 4860.141113
21.995102 4814.765625
22.000908 4740.020996
22.006712 74.082375
22.012518 73.932739
22.018322 148.682739
22.024126 148.508316
22.029932 148.455780
22.035736 296.625641
22.041542 74.036934
22.047346 74.129860
22.053152 73.711723
22.058956 73.550522
22.064762 147.664474
22.070566 293.626862
22.076372 292.949982
22.082176 279.627075
22.087982 280.222992
22.093786 280.722046
22.099592 281.160736
22.105396 281.194061
22.111202 6159.408203
22.117006 6138.459473
22.122812 6127.392090
22.128616 6130.551758
22.134422 6142.211426
22.140226 6139.323730
22.146032 178.936050
22.151836 178.992004
22.157642 176.502258
22.163446 176.629944
22.169252 175.652878
22.175056 175.175369
22.180862 175.008850
22.186666 175.069794
22.192472 175.339203
22.198277 175.932663
22.204082 176.686432
22.209887 177.958694
22.215693 179.527924
22.221497 182.524063
22.227301 184.768753
22.233107 187.581818
22.238911 190.363571
22.244717 192.132690
22.250521 193.001724
22.256327 193.492859
22.262131 193.891052
22.267937 194.375137
22.273741 194.721664
22.279547 194.776382
22.285351 194.699951
22.291157 194.680969
22.296961 194.752106
22.302767 194.839935
22.308571 194.739899
22.314377 194.290878
22.320181 193.641190
22.325987 193.142319
22.331791 192.938858
22.337597 193.030609
22.343401 193.283493
22.349207 193.596024
22.355011 193.977982
22.360817 194.387695
22.366621 194.830460
22.372427 195.167450
22.378231 195.375717
22.384037 195.545380
22.389841 195.639404
22.395647 195.709717
22.401451 195.829391
22.407257 196.028610
22.413061 196.232834
22.418867 196.385162
22.424671 196.467102
22.430477 196.465576
22.436281 196.376801
22.442085 196.210815
22.447891 196.007080
22.453695 195.889328
22.459501 195.947845
22.465305 196.069534
22.471111 196.023285
22.476915 195.660782
22.482721 195.171692
22.488525 194.798172
22.494331 194.358093
22.500135 193.649017
22.505941 192.852737
22.511745 192.268570
22.517551 191.811722
22.523355 191.451889
22.529161 191.254517
22.534966 191.232407
22.540771 191.344864
22.546576 191.548141
22.552382 191.686569
22.558186 191.696304
22.563992 191.739578
22.569796 191.982681
22.575602 192.435776
22.581406 192.979614
22.587212 193.541122
22.593016 194.108566
22.598822 194.643860
22.604626 194.992142
22.610432 195.117416
22.616236 195.169937
22.622042 195.249374
22.627846 195.354080
22.633652 195.366592
22.639456 195.098999
22.645260 194.512268
22.651066 194.198883
22.656870 194.808823
22.662676 196.045944
22.668480 197.451050
22.674286 198.346634
22.680090 198.649246
22.685896 198.471786
22.691700 197.934174
22.697506 196.442108
22.703310 195.058182
22.709116 193.152634
22.714920 191.178436
22.720726 190.273392
22.726530 190.197159
22.732336 191.351364
22.738140 193.162857
22.743946 195.945312
22.749750 198.255020
22.755556 201.576309
22.761360 204.479202
22.767166 206.595581
22.772970 208.370682
22.778776 209.193069
22.784580 209.062622
22.790386 207.987930
22.796190 205.790298
22.801996 202.884995
22.807800 200.748581
22.813606 198.091034
22.819410 194.203537
22.825216 192.082809
22.831020 97.585907
22.836826 87.859184
22.842630 87.486595
22.848434 85.985199
22.854240 86.004944
22.860044 86.134132
22.865850 131.937943
22.871655 130.109879
22.877460 88.448868
22.883265 130.036102
22.889071 130.573624
22.894875 87.884186
22.900681 87.888718
22.906485 132.344009
22.912291 131.231827
22.918095 131.133606
22.923901 52.203648
22.929705 87.947914
22.935511 87.956375
22.941315 87.947601
22.947121 87.734901
22.952925 86.988457
22.958731 87.455727
22.964535 88.011757
22.970341 87.984459
22.976145 88.490463
22.981951 12147.705078
22.987755 12222.967773
22.993561 177.571899
22.999365 177.501160
