0.000000 0.000000
0.005805 0.000000
0.011610 144.029083
0.017415 195.715729
0.023220 197.144867
0.029025 197.759933
0.034830 197.910980
0.040635 196.617462
0.046440 84.202019
0.052245 225.198532
0.058050 91.680878
0.063855 183.061081
0.069660 180.808380
0.075465 539.553833
0.081270 543.170044
0.087075 246.393982
0.092880 244.930695
0.098685 204.686218
0.104490 206.505188
0.110295 176.954071
0.116100 177.484848
0.121905 95.481194
0.127710 194.374252
0.133515 194.695389
0.139320 131.572113
0.145125 130.618988
0.150930 130.056717
0.156735 196.303329
0.162540 194.205063
0.168345 192.573654
0.174150 188.310532
0.179955 187.001968
0.185760 194.358734
0.191565 194.343063
0.197370 194.525909
0.203175 114.041199
0.208980 260.661743
0.214785 260.929626
0.220590 1051.492920
0.226395 1060.076904
0.232200 81.176003
0.238005 197.133575
0.243810 137.589462
0.249615 1037.884521
0.255419 986.420654
0.261224 972.389282
0.267029 980.052673
0.272834 221.934402
0.278639 224.371628
0.284444 226.553589
0.290249 78.461723
0.296054 62.864697
0.301859 158.136734
0.307664 156.872177
0.313469 469.327209
0.319274 462.351196
0.325079 464.524628
0.330884 247.662384
0.336689 248.411774
0.342494 248.925797
0.348299 77.722748
0.354104 97.094757
0.359909 97.222488
0.365714 198.984512
0.371519 162.107330
0.377324 163.070679
0.383129 327.303925
0.388934 202.087784
0.394739 150.055237
0.400544 149.074524
0.406349 148.541153
0.412154 428.188324
0.417959 205.758835
0.423764 72.742439
0.429569 113.922867
0.435374 199.073486
0.441179 200.673447
0.446984 353.842102
0.452789 360.696960
0.458594 367.940643
0.464399 67.323624
0.470204 88.805351
0.476009 108.541298
0.481814 487.301971
0.487619 499.900726
0.493424 261.514313
0.499229 262.379578
0.505034 118.171425
0.510839 119.315788
0.516644 101.088440
0.522449 196.487427
0.528254 198.658249
0.534059 202.958984
0.539864 145.640442
0.545669 145.659256
0.551474 76.827972
0.557279 259.314758
0.563084 262.040497
0.568889 973.300842
0.574694 948.229431
0.580499 909.405884
0.586304 280.414948
0.592109 77.558449
0.597914 287.983398
0.603719 170.374222
0.609524 170.696640
0.615329 212.092514
0.621134 455.707947
0.626939 472.280853
0.632744 472.401367
0.638549 151.314667
0.644354 75.428902
0.650159 145.097977
0.655964 109.524315
0.661769 944.237305
0.667574 947.691528
0.673379 465.026123
0.679184 465.390381
0.684989 160.563171
0.690794 110.619270
0.696599 111.441628
0.702404 111.913300
0.708209 142.018005
0.714014 166.360321
0.719819 166.596909
0.725624 150.188049
0.731429 150.066864
0.737234 95.919151
0.743039 396.530731
0.748844 286.722290
0.754649 286.785339
0.760454 124.214874
0.766258 103.246109
0.772063 245.718399
0.777869 246.685303
0.783673 247.091431
0.789478 140.785751
0.795283 284.990967
0.801088 284.933075
0.806893 283.098236
0.812698 272.105896
0.818503 263.617157
0.824308 79.867821
0.830113 79.909355
0.835918 195.235321
0.841723 1120.689331
0.847528 546.814270
0.853333 531.219116
0.859138 248.002243
0.864943 247.744614
0.870748 566.206116
0.876553 574.278809
0.882358 242.672058
0.888163 241.062927
0.893968 226.232742
0.899773 225.573853
0.905578 176.864014
0.911383 175.770798
0.917188 64.729637
0.922993 401.305145
0.928798 403.666687
0.934603 78.869263
0.940408 117.834778
0.946213 117.746002
0.952018 205.124069
0.957823 112.749680
0.963628 177.185303
0.969433 231.097122
0.975238 230.290009
0.981043 228.718994
0.986848 226.411850
0.992653 221.139694
0.998458 217.658203
1.004263 216.424423
1.010068 119.933975
1.015873 74.472878
1.021678 0.000000
1.027483 155.992142
1.033288 934.276123
1.039093 952.092224
1.044898 162.195374
1.050703 81.121780
1.056508 80.843597
1.062313 80.535736
1.068118 0.000000
1.073923 186.902588
1.079728 187.667297
1.085533 138.941040
1.091338 138.854691
1.097143 142.556488
1.102948 0.000000
1.108753 174.303207
1.114558 173.557190
1.120363 146.359528
1.126168 148.819641
1.131973 256.847595
1.137778 120.132843
1.143583 120.589317
1.149388 120.427986
1.155193 119.705750
1.160998 119.213005
1.166803 1090.235840
1.172608 1077.039429
1.178413 1066.377197
1.184218 201.046555
1.190023 201.842575
1.195828 199.915100
1.201633 196.894623
1.207438 1080.862427
1.213243 1060.995117
1.219048 1050.247925
1.224853 560.768188
1.230658 581.123047
1.236463 408.387695
1.242268 394.565582
1.248073 382.736328
1.253878 81.965317
1.259683 204.846848
1.265488 113.349266
1.271293 111.504013
1.277097 111.195435
1.282902 111.669258
1.288707 125.894279
1.294513 125.432343
1.300317 124.978783
1.306122 84.644905
1.311927 85.072205
1.317732 137.902969
1.323537 159.133057
1.329342 158.717865
1.335147 94.013153
1.340952 94.143036
1.346757 94.283554
1.352562 189.860016
1.358367 145.472549
1.364172 144.716202
1.369977 144.641937
1.375782 190.426270
1.381587 189.751770
1.387392 217.150513
1.393197 217.436020
1.399002 218.436081
1.404807 158.718933
1.410612 81.596802
1.416417 213.475327
1.422222 214.671524
1.428027 213.627838
1.433832 110.730530
1.439637 0.000000
1.445442 230.895767
1.451247 115.208305
1.457052 114.702553
1.462857 483.908966
1.468662 91.061333
1.474467 73.960854
1.480272 73.852730
1.486077 580.359253
1.491882 578.092468
1.497687 1151.252930
1.503492 1127.310791
1.509297 109.955803
1.515102 109.826347
1.520907 493.900879
1.526712 158.690033
1.532517 155.418396
1.538322 154.708633
1.544127 154.398331
1.549932 154.225937
1.555737 77.088387
1.561542 290.569763
1.567347 443.053864
1.573152 437.088257
1.578957 93.350647
1.584762 94.528671
1.590567 119.470413
1.596372 169.573547
1.602177 233.279617
1.607982 0.000000
1.613787 190.289978
1.619592 118.948753
1.625397 119.501953
1.631202 204.122711
1.637007 168.972733
1.642812 170.542374
1.648617 172.312012
1.654422 256.528229
1.660227 185.651978
1.666032 185.178650
1.671837 184.552582
1.677642 184.186096
1.683447 121.880547
1.689252 121.869568
1.695057 190.953186
1.700862 187.967529
1.706667 186.305176
1.712472 138.137131
1.718277 220.629211
1.724082 221.114075
1.729887 251.302872
1.735692 251.085037
1.741497 127.974464
1.747302 508.587982
1.753107 523.849976
1.758912 536.719177
1.764717 545.056885
1.770522 283.244049
1.776327 288.513580
1.782132 168.717484
1.787936 160.590530
1.793741 187.178589
1.799546 186.736298
1.805351 185.265579
1.811157 565.846130
1.816961 66.938469
1.822766 399.956055
1.828571 398.557556
1.834376 1204.079468
1.840181 1205.659058
1.845986 193.569168
1.851791 238.398849
1.857596 238.904816
1.863401 178.008118
1.869206 221.656937
1.875011 512.227600
1.880816 75.621628
1.886621 63.766811
1.892426 155.798233
1.898231 1106.549561
1.904036 1124.413818
1.909841 570.745972
1.915646 554.310730
1.921451 545.855469
1.927256 1027.738281
1.933061 300.198242
1.938866 304.807404
1.944671 995.015747
1.950476 493.933990
1.956281 1000.779663
1.962086 1015.536987
1.967891 188.158905
1.973696 189.361069
1.979501 188.394196
1.985306 200.118042
1.991111 195.461121
1.996916 193.208328
2.002721 193.332031
2.008526 195.586517
2.014331 531.547852
2.020136 213.117676
2.025941 213.124939
2.031746 337.753632
2.037551 197.257355
2.043356 195.693298
2.049161 982.984924
2.054966 986.039368
2.060771 995.305969
2.066576 992.928223
2.072381 980.009583
2.078186 984.856384
2.083991 1011.778748
2.089796 1024.458740
2.095601 1012.953857
2.101406 999.093872
2.107211 992.883972
2.113016 983.390930
2.118821 210.586700
2.124626 210.451111
2.130431 171.909775
2.136236 68.525009
2.142041 166.650879
2.147846 165.943283
2.153651 201.265045
2.159456 201.153549
2.165261 200.681763
2.171066 98.730095
2.176871 98.884537
2.182676 221.949295
2.188481 181.833984
2.194286 183.145630
2.200091 90.625938
2.205896 495.289368
2.211701 495.346008
2.217506 989.154480
2.223311 989.494507
2.229116 989.883728
2.234921 989.311584
2.240726 275.271759
2.246531 78.251526
2.252336 80.138008
2.258141 80.551979
2.263946 172.930435
2.269751 171.518814
2.275556 170.550461
2.281361 969.346680
2.287166 950.815918
2.292970 943.979797
2.298775 966.972534
2.304580 204.664337
2.310385 203.751465
2.316190 204.726395
2.321995 256.188812
2.327801 243.553772
2.333606 490.863922
2.339411 160.762985
2.345215 978.278687
2.351020 986.536011
2.356825 989.651245
2.362630 976.696350
2.368435 124.497421
2.374240 125.351036
2.380045 587.949402
2.385850 95.103088
2.391655 94.785873
2.397460 0.000000
2.403265 1039.763428
2.409070 1033.294434
2.414875 1009.361145
2.420680 984.542908
2.426485 975.941528
2.432290 975.004150
2.438095 959.712463
2.443900 0.000000
2.449705 448.516785
2.455510 104.031059
2.461315 104.629501
2.467120 982.054504
2.472925 491.148956
2.478730 491.141449
2.484535 982.381653
2.490340 975.457458
2.496145 962.423279
2.501950 947.292542
2.507755 935.068848
2.513560 273.612274
2.519365 275.386627
2.525170 153.239029
2.530975 964.900635
2.536780 994.854126
2.542585 118.033020
2.548390 118.384308
2.554195 80.624603
2.560000 231.523468
2.565805 477.411865
2.571610 959.622192
2.577415 966.195801
2.583220 487.400848
2.589025 978.476257
2.594830 987.565491
2.600635 994.040833
2.606440 992.876343
2.612245 982.263062
2.618050 962.595093
2.623855 942.689209
2.629660 934.716675
2.635465 930.418152
2.641270 927.042664
2.647075 1875.443604
2.652880 1873.100342
2.658685 522.426941
2.664490 526.489014
2.670295 523.439026
2.676100 512.779846
2.681905 484.049408
2.687710 160.042496
2.693515 0.000000
2.699320 164.605728
2.705125 163.813797
2.710930 402.621399
2.716735 397.732483
2.722540 988.023743
2.728345 992.758911
2.734150 996.677124
2.739955 2026.958252
2.745760 2034.775879
2.751565 2021.793457
2.757370 1988.203613
2.763175 1964.650635
2.768980 1972.059082
2.774785 2000.390747
2.780590 2028.219238
2.786395 0.000000
2.792200 525.262268
2.798005 103.885437
2.803810 103.495697
2.809614 76.242203
2.815419 497.605133
2.821224 249.173447
2.827029 64.348595
2.832834 476.376953
2.838639 962.749023
2.844445 981.844910
2.850250 990.344543
2.856054 997.517944
2.861859 2027.790894
2.867664 2020.122192
2.873469 2016.709839
2.879274 2006.463867
2.885079 1986.044434
2.890884 1975.429688
2.896689 1973.997437
2.902494 1962.344360
2.908299 1947.553223
2.914104 1955.939087
2.919909 1989.760498
2.925714 181.584763
2.931519 181.280197
2.937324 166.156967
2.943129 229.068253
2.948934 468.212311
2.954739 471.775757
2.960544 90.129791
2.966349 89.870186
2.972154 978.911926
2.977959 984.206665
2.983764 2013.972656
2.989569 2010.439453
2.995374 2011.010010
3.001179 2019.365723
3.006984 2029.800049
3.012789 2024.738037
3.018594 2004.050659
3.024399 1982.281738
3.030204 1963.022461
3.036009 1950.295898
3.041814 1940.203735
3.047619 1932.156982
3.053424 954.547791
3.059229 961.225464
3.065034 962.561401
3.070839 952.316956
3.076644 0.000000
3.082449 166.918640
3.088254 503.233215
3.094059 498.497864
3.099864 490.204376
3.105669 981.434082
3.111474 1994.346802
3.117279 2015.900513
3.123084 2036.388794
3.128889 1017.976501
3.134694 1021.284790
3.140499 1022.571045
3.146304 2041.059570
3.152109 2016.983398
3.157914 2002.992310
3.163719 1989.728516
3.169524 1986.141235
3.175329 1999.744751
3.181134 2022.708740
3.186939 399.660522
3.192744 0.000000
3.198549 500.335052
3.204354 509.235291
3.210159 204.753250
3.215964 204.390030
3.221769 260.686707
3.227574 261.341705
3.233379 2023.992676
3.239184 2062.632812
3.244989 2096.701416
3.250794 2100.311523
3.256599 2078.719482
3.262404 2055.588135
3.268209 2041.137329
3.274014 2020.625732
3.279819 1993.205933
3.285624 1980.764282
3.291429 1974.997559
3.297234 1963.241699
3.303039 1948.250854
3.308844 1948.044556
3.314649 1984.520996
3.320453 226.623260
3.326258 226.750656
3.332063 223.032242
3.337868 222.523514
3.343673 768.933533
3.349478 766.702271
3.355283 201.070267
3.361089 201.609711
3.366894 396.736938
3.372698 1989.685303
3.378503 1950.515991
3.384308 1936.119507
3.390113 1946.460815
3.395918 1966.799805
3.401723 1980.761230
3.407528 1983.788818
3.413333 2000.860107
3.419138 2028.574097
3.424943 2037.719482
3.430748 2008.560547
3.436553 1971.862671
3.442358 1965.966309
3.448163 1986.395508
3.453968 121.611732
3.459773 121.873489
3.465578 122.107399
3.471383 143.892380
3.477188 143.777298
3.482993 130.407135
3.488798 129.960403
3.494603 150.675461
3.500408 138.577545
3.506213 2001.245728
3.512018 2044.628906
3.517823 2070.319824
3.523628 2086.194336
3.529433 2104.286865
3.535238 2114.286865
3.541043 2109.623047
3.546848 2101.434814
3.552653 386.700287
3.558458 0.000000
3.564263 371.191528
3.570068 368.522644
3.575873 376.537384
3.581678 340.575745
3.587483 191.162170
3.593288 224.446411
3.599093 224.986298
3.604898 0.000000
3.610703 159.819901
3.616508 191.876556
3.622313 257.349976
3.628118 255.875870
3.633923 255.489868
3.639728 771.881348
3.645533 194.138260
3.651338 0.000000
3.657143 180.030334
3.662948 0.000000
3.668753 0.000000
3.674558 161.042068
3.680363 0.000000
3.686168 264.083466
3.691973 264.454590
3.697778 180.062286
3.703583 136.369308
3.709388 137.450104
3.715193 137.781067
3.720998 182.094650
3.726803 181.855606
3.732608 181.460373
3.738413 369.937408
3.744218 368.709534
3.750023 370.674133
3.755828 373.735107
3.761633 375.909912
3.767438 0.000000
3.773243 382.736389
3.779048 384.373749
3.784853 0.000000
3.790658 88.603920
3.796463 0.000000
3.802268 0.000000
3.808073 0.000000
3.813878 382.805084
3.819683 379.264465
3.825488 340.996063
3.831293 231.310989
3.837097 235.523026
3.842902 235.860397
3.848707 234.780350
3.854512 0.000000
3.860317 95.966248
3.866122 537.288940
3.871927 459.574921
3.877733 454.643066
3.883538 421.151062
3.889342 404.693237
3.895147 402.047577
3.900952 146.212906
3.906757 146.682953
3.912562 146.879852
3.918367 0.000000
3.924172 0.000000
3.929977 0.000000
3.935782 765.319214
3.941587 798.534485
3.947392 103.376892
3.953197 0.000000
3.959002 0.000000
3.964807 221.150757
3.970612 172.038986
3.976417 173.355804
3.982222 177.640060
3.988027 130.253357
3.993832 130.323624
3.999637 130.196991
4.005442 715.575439
4.011247 124.558907
4.017052 229.081070
4.022857 223.575928
4.028662 217.076050
4.034467 215.628250
4.040272 169.136032
4.046077 410.609528
4.051882 396.866302
4.057687 391.934387
4.063492 390.956299
4.069297 393.357544
4.075102 229.496246
4.080907 0.000000
4.086712 228.249817
4.092517 229.152573
4.098322 0.000000
4.104127 137.143494
4.109932 776.989990
4.115737 764.213562
4.121542 747.052124
4.127347 251.757584
4.133152 250.298660
4.138957 251.366760
4.144762 253.851669
4.150567 293.419312
4.156372 146.289230
4.162177 146.069748
4.167982 343.166534
4.173787 0.000000
4.179592 341.101532
4.185397 220.611725
4.191202 0.000000
4.197007 414.626831
4.202812 0.000000
4.208617 0.000000
4.214422 234.925354
4.220227 236.209808
4.226032 180.974625
4.231837 181.565628
4.237642 199.070160
4.243447 198.210999
4.249252 221.086136
4.255057 139.914597
4.260862 130.130447
4.266667 130.175293
4.272471 130.315063
4.278276 303.121765
4.284081 302.922272
4.289886 302.971741
4.295691 591.246582
4.301497 587.299500
4.307302 202.659988
4.313107 180.552414
4.318912 242.697845
4.324717 244.567230
4.330522 246.704697
4.336327 248.852692
4.342132 252.444946
4.347937 254.943130
4.353742 116.042122
4.359547 0.000000
4.365352 0.000000
4.371157 111.549263
4.376961 109.750343
4.382766 183.654831
4.388571 400.391235
4.394376 400.130768
4.400181 483.648712
4.405986 483.924408
4.411791 485.482269
4.417596 227.720566
4.423401 0.000000
4.429206 1748.667358
4.435011 1732.363892
4.440816 1698.155029
4.446621 0.000000
4.452426 241.541351
4.458231 122.232452
4.464036 122.505241
4.469841 86.935562
4.475646 899.432556
4.481451 852.223633
4.487256 842.242371
4.493061 838.402405
4.498866 0.000000
4.504671 246.282242
4.510476 247.919281
4.516281 250.405167
4.522086 1743.617676
4.527891 252.285675
4.533696 0.000000
4.539501 195.027023
4.545306 85.369255
4.551111 354.867706
4.556916 354.637878
4.562721 1616.745972
4.568526 1535.343506
4.574331 1548.362793
4.580136 1626.961060
4.585941 0.000000
4.591746 233.472519
4.597551 148.942383
4.603356 0.000000
4.609161 377.305634
4.614966 374.440826
4.620771 426.196686
4.626576 428.385193
4.632381 0.000000
4.638186 0.000000
4.643991 179.428085
4.649796 384.030701
4.655601 388.705078
4.661406 743.785278
4.667211 200.502701
4.673016 189.027954
4.678821 189.093765
4.684626 414.257233
4.690431 131.317902
4.696236 345.253632
4.702041 123.588066
4.707846 81.744026
4.713651 798.758789
4.719456 779.233093
4.725261 788.473511
4.731066 0.000000
4.736871 383.172150
4.742676 814.758789
4.748481 815.409668
4.754286 827.364380
4.760091 839.260315
4.765896 839.804749
4.771701 232.065796
4.777506 158.792191
4.783311 207.320526
4.789115 206.626434
4.794920 396.866699
4.800725 395.434631
4.806530 171.853973
4.812335 151.033890
4.818141 191.841736
4.823946 395.771484
4.829751 397.789001
4.835556 402.994476
4.841361 160.024582
4.847166 160.268219
4.852971 404.439423
4.858776 407.636139
4.864581 0.000000
4.870386 0.000000
4.876191 459.487152
4.881996 150.754730
4.887800 726.489929
4.893605 123.724548
4.899410 608.129517
4.905215 132.839157
4.911020 0.000000
4.916825 196.181641
4.922630 1751.537354
4.928435 1749.250732
4.934240 1749.080688
4.940045 0.000000
4.945850 210.844666
4.951655 84.693626
4.957460 2544.365723
4.963265 2580.284180
4.969070 2646.822266
4.974875 167.389374
4.980680 91.180855
4.986485 175.775208
4.992290 0.000000
4.998095 0.000000
5.003900 771.363647
5.009705 774.973083
5.015510 0.000000
5.021315 0.000000
5.027120 301.089966
5.032925 300.638855
5.038730 300.772278
5.044535 0.000000
5.050340 190.136246
5.056145 0.000000
5.061950 104.584541
5.067755 129.677277
5.073560 128.396942
5.079365 126.058075
5.085170 240.942245
5.090975 0.000000
5.096780 0.000000
5.102585 0.000000
5.108390 119.483383
5.114195 426.859100
5.120000 0.000000
5.125805 0.000000
5.131610 0.000000
5.137415 0.000000
5.143220 103.227005
5.149025 61.958965
5.154830 61.829472
5.160635 0.000000
5.166440 4013.978027
5.172245 4020.326416
5.178050 4060.350342
5.183855 4193.317383
5.189660 0.000000
5.195465 0.000000
5.201270 124.388626
5.207075 121.152725
5.212880 796.906311
5.218685 778.220764
5.224490 0.000000
5.230295 0.000000
5.236100 3845.690186
5.241905 373.976868
5.247710 85.506119
5.253515 0.000000
5.259320 0.000000
5.265125 220.407547
5.270930 0.000000
5.276735 0.000000
5.282540 0.000000
5.288345 197.187531
5.294150 144.634003
5.299954 0.000000
5.305759 206.179108
5.311564 206.248337
5.317369 206.712189
5.323174 359.263306
5.328979 0.000000
5.334785 174.519989
5.340590 173.561157
5.346395 231.965302
5.352200 231.513748
5.358005 0.000000
5.363810 0.000000
5.369615 184.085648
5.375420 184.397247
5.381225 0.000000
5.387030 0.000000
5.392835 0.000000
5.398640 116.643036
5.404444 119.254509
5.410249 185.068649
5.416054 315.368469
5.421859 316.266205
5.427664 318.060944
5.433469 0.000000
5.439274 124.074654
5.445079 198.146744
5.450884 219.223206
5.456689 219.772324
5.462494 229.293854
5.468299 227.449783
5.474104 194.201050
5.479909 194.237549
5.485714 194.291504
5.491519 377.905396
5.497324 388.283569
5.503129 781.706970
5.508934 3998.384033
5.514739 3974.788330
5.520544 0.000000
5.526349 0.000000
5.532154 787.421021
5.537959 787.385864
5.543764 561.967224
5.549569 196.756577
5.555374 767.379578
5.561179 770.411011
5.566984 769.963745
5.572789 548.247620
5.578594 547.418457
5.584399 159.001480
5.590204 319.990173
5.596009 322.479034
5.601814 787.799500
5.607619 788.585144
5.613424 1768.211304
5.619229 285.335571
5.625034 659.684814
5.630839 3942.736084
5.636644 3927.101074
5.642449 3905.987793
5.648254 0.000000
5.654059 3897.536133
5.659864 0.000000
5.665669 3941.100098
5.671474 4012.910889
5.677279 208.067444
5.683084 0.000000
5.688889 417.581909
5.694694 750.528625
5.700499 0.000000
5.706304 0.000000
5.712109 155.114288
5.717914 0.000000
5.723719 0.000000
5.729524 485.606354
5.735329 487.975922
5.741134 392.188721
5.746939 0.000000
5.752744 171.086487
5.758549 170.047791
5.764354 0.000000
5.770159 81.243515
5.775964 0.000000
5.781769 0.000000
5.787574 0.000000
5.793379 0.000000
5.799184 321.255188
5.804989 321.813049
5.810794 326.277252
5.816598 0.000000
5.822403 0.000000
5.828208 0.000000
5.834013 0.000000
5.839818 0.000000
5.845623 154.666458
5.851429 0.000000
5.857234 0.000000
5.863039 483.160461
5.868844 0.000000
5.874649 552.369690
5.880454 0.000000
5.886259 0.000000
5.892064 0.000000
5.897869 0.000000
5.903674 0.000000
5.909479 0.000000
5.915284 0.000000
5.921088 0.000000
5.926893 0.000000
5.932698 0.000000
5.938503 0.000000
5.944308 0.000000
5.950113 0.000000
5.955918 0.000000
5.961723 242.835144
5.967528 0.000000
5.973333 0.000000
5.979138 0.000000
5.984943 0.000000
5.990748 0.000000
5.996553 0.000000
6.002358 0.000000
6.008163 0.000000
6.013968 589.863403
6.019773 273.135437
6.025578 309.255493
6.031383 2092.592285
6.037188 2054.872314
6.042993 2009.882446
6.048798 2097.873535
6.054603 2145.101074
6.060408 0.000000
6.066213 0.000000
6.072018 0.000000
6.077823 0.000000
6.083628 0.000000
6.089433 0.000000
6.095238 0.000000
6.101043 0.000000
6.106848 423.670105
6.112653 0.000000
6.118458 260.746033
6.124263 246.995209
6.130068 455.701813
6.135873 143.043442
6.141678 143.080276
6.147483 79.955658
6.153288 834.986572
6.159093 149.829926
6.164898 509.261078
6.170703 0.000000
6.176508 0.000000
6.182313 196.123413
6.188118 606.151184
6.193923 1847.713135
6.199728 0.000000
6.205533 0.000000
6.211338 0.000000
6.217143 0.000000
6.222948 263.810333
6.228753 0.000000
6.234558 128.521317
6.240363 128.947784
6.246168 0.000000
6.251973 0.000000
6.257778 166.967651
6.263583 0.000000
6.269388 249.116104
6.275193 0.000000
6.280998 0.000000
6.286803 0.000000
6.292608 170.904175
6.298413 0.000000
6.304218 0.000000
6.310023 223.870605
6.315828 0.000000
6.321633 0.000000
6.327438 159.503189
6.333242 0.000000
6.339047 0.000000
6.344852 0.000000
6.350657 70.842606
6.356462 0.000000
6.362267 0.000000
6.368073 204.631088
6.373878 0.000000
6.379683 212.664047
6.385488 0.000000
6.391293 77.842239
6.397098 78.058929
6.402903 70.088348
6.408708 0.000000
6.414513 0.000000
6.420318 403.603333
6.426123 0.000000
6.431927 0.000000
6.437732 0.000000
6.443537 0.000000
6.449342 0.000000
6.455147 0.000000
6.460952 0.000000
6.466757 0.000000
6.472562 0.000000
6.478367 0.000000
6.484172 0.000000
6.489977 0.000000
6.495782 891.980896
6.501587 224.865082
6.507392 226.330139
6.513197 0.000000
6.519002 0.000000
6.524807 0.000000
6.530612 0.000000
6.536417 0.000000
6.542222 0.000000
6.548027 0.000000
6.553832 0.000000
6.559637 0.000000
6.565442 0.000000
6.571247 239.252304
6.577052 0.000000
6.582857 0.000000
6.588662 0.000000
6.594467 0.000000
6.600272 0.000000
6.606077 0.000000
6.611882 0.000000
6.617687 0.000000
6.623492 364.461395
6.629297 94.172844
6.635102 127.217728
6.640907 0.000000
6.646712 0.000000
6.652517 0.000000
6.658322 0.000000
6.664127 0.000000
6.669932 0.000000
6.675737 158.496445
6.681542 157.896057
6.687347 0.000000
6.693152 0.000000
6.698957 0.000000
6.704762 0.000000
6.710567 348.814941
6.716372 0.000000
6.722177 0.000000
6.727982 147.449036
6.733787 0.000000
6.739592 0.000000
6.745397 383.990753
6.751202 0.000000
6.757007 153.113068
6.762812 113.104416
6.768617 0.000000
6.774422 0.000000
6.780227 0.000000
6.786032 159.632370
6.791837 85.947632
6.797642 157.560501
6.803447 318.489410
6.809252 0.000000
6.815057 573.505371
6.820862 0.000000
6.826667 2668.419678
6.832472 0.000000
6.838277 119.870087
6.844081 231.996429
6.849886 126.009682
6.855691 126.373253
6.861496 219.772171
6.867301 722.482727
6.873106 725.942139
6.878911 159.007370
6.884717 158.883774
6.890522 162.071121
6.896327 95.054634
6.902132 126.402016
6.907937 166.645309
6.913742 166.588776
6.919547 0.000000
6.925352 378.934662
6.931157 378.932007
6.936962 431.094849
6.942767 429.952087
6.948571 546.036377
6.954376 549.966553
6.960181 1868.093140
6.965986 1934.038818
6.971791 1970.826294
6.977596 4155.998535
6.983401 807.301697
6.989206 2342.386963
6.995011 0.000000
7.000816 0.000000
7.006621 839.610718
7.012426 0.000000
7.018231 476.147095
7.024036 473.763458
7.029841 471.957825
7.035646 288.688049
7.041451 286.054596
7.047256 283.344269
7.053061 235.893982
7.058866 235.908920
7.064671 237.459534
7.070476 270.932495
7.076281 126.865189
7.082086 126.951035
7.087891 135.837570
7.093696 136.800262
7.099501 625.372131
7.105306 0.000000
7.111111 0.000000
7.116916 194.451126
7.122721 143.968796
7.128526 0.000000
7.134331 286.010925
7.140136 288.272278
7.145941 144.934052
7.151746 763.054016
7.157551 752.973694
7.163356 0.000000
7.169161 0.000000
7.174966 230.455414
7.180771 0.000000
7.186576 262.244904
7.192381 0.000000
7.198186 382.209625
7.203991 410.349518
7.209796 0.000000
7.215601 203.505768
7.221406 213.052017
7.227211 77.858597
7.233016 77.795204
7.238821 166.868912
7.244626 165.399231
7.250431 0.000000
7.256236 0.000000
7.262041 425.851501
7.267846 422.613220
7.273651 154.375839
7.279456 154.728851
7.285261 229.066681
7.291066 227.635025
7.296871 434.226532
7.302676 488.241669
7.308481 3966.025635
7.314286 3952.176025
7.320091 0.000000
7.325896 0.000000
7.331701 3967.546631
7.337506 3978.023926
7.343311 4027.688232
7.349116 0.000000
7.354921 438.902618
7.360725 439.475494
7.366530 0.000000
7.372335 195.899689
7.378140 188.485443
7.383945 0.000000
7.389750 187.658386
7.395555 257.234650
7.401361 0.000000
7.407166 154.173523
7.412971 152.108276
7.418776 442.680664
7.424581 435.742188
7.430386 3989.058350
7.436191 3913.094727
7.441996 3883.954590
7.447801 3876.879150
7.453606 3883.108398
7.459411 3902.579346
7.465215 3953.898682
7.471020 0.000000
7.476825 481.766296
7.482630 153.357986
7.488435 0.000000
7.494240 201.622696
7.500045 0.000000
7.505850 0.000000
7.511655 202.390594
7.517460 202.878067
7.523265 277.610718
7.529070 229.317719
7.534875 229.691956
7.540680 230.387146
7.546485 490.772461
7.552290 97.068336
7.558095 341.742706
7.563900 341.257843
7.569705 3761.668457
7.575510 3741.449707
7.581315 3727.697998
7.587120 3712.333984
7.592925 3690.999268
7.598730 3664.587158
7.604535 3641.666504
7.610340 3624.032715
7.616145 3606.813721
7.621950 256.181549
7.627755 132.012268
7.633560 136.163239
7.639365 136.483795
7.645170 138.627457
7.650975 143.383621
7.656780 148.150620
7.662585 148.458847
7.668390 522.315186
7.674195 519.137939
7.680000 517.149658
7.685805 515.405212
7.691610 67.985794
7.697415 215.265945
7.703220 143.409744
7.709025 213.315811
7.714830 332.706818
7.720635 331.909393
7.726440 198.168823
7.732245 198.955109
7.738050 199.896637
7.743855 195.642426
7.749660 157.117630
7.755465 928.346619
7.761270 928.658203
7.767075 0.000000
7.772880 4616.837891
7.778685 4741.685059
7.784490 519.273987
7.790295 336.951569
7.796100 217.800888
7.801905 217.887344
7.807710 228.929184
7.813515 510.103210
7.819320 125.712433
7.825125 125.582413
7.830930 215.415268
7.836735 214.975113
7.842540 215.263245
7.848345 119.541451
7.854150 847.437378
7.859955 882.061462
7.865760 891.285828
7.871564 892.263428
7.877369 3646.979248
7.883174 3660.409668
7.888979 3695.523926
7.894784 3734.863281
7.900589 916.419006
7.906394 331.559479
7.912199 256.203278
7.918005 74.164330
7.923810 141.721619
7.929615 141.255356
7.935420 140.830994
7.941225 107.690033
7.947030 107.934937
7.952835 87.814621
7.958640 126.617065
7.964445 125.463036
7.970250 249.981171
7.976054 142.622620
7.981859 166.498962
7.987664 165.586044
7.993469 446.307404
7.999274 446.721069
8.005079 898.431091
8.010884 904.549255
8.016689 906.112671
8.022494 900.101074
8.028299 890.538635
8.034104 115.522705
8.039909 115.578941
8.045714 102.381371
8.051519 204.958389
8.057324 203.408661
8.063129 130.951340
8.068934 282.933350
8.074739 430.264374
8.080544 424.092346
8.086349 133.098206
8.092155 131.883759
8.097960 159.651901
8.103765 159.386414
8.109570 173.785324
8.115375 173.740738
8.121180 372.206543
8.126985 373.593140
8.132789 376.138641
8.138594 338.782776
8.144399 339.106812
8.150204 169.678940
8.156009 102.743828
8.161814 209.457458
8.167619 208.731567
8.173424 166.540604
8.179229 166.145691
8.185034 166.486145
8.190839 371.556366
8.196644 372.476685
8.202449 378.994019
8.208254 74.271935
8.214059 94.217842
8.219864 94.300850
8.225669 78.562180
8.231474 915.671814
8.237279 896.160461
8.243084 893.037598
8.248889 890.105774
8.254694 90.304085
8.260499 90.179955
8.266304 146.018570
8.272109 145.365479
8.277914 497.110413
8.283719 492.362915
8.289524 164.671310
8.295329 165.118088
8.301134 460.402222
8.306939 108.956390
8.312744 108.741562
8.318549 188.562653
8.324354 186.418091
8.330159 497.803162
8.335963 483.349579
8.341768 62.105251
8.347573 198.469421
8.353378 84.913757
8.359183 174.926987
8.364988 172.655319
8.370793 172.482056
8.376598 223.277954
8.382403 223.490677
8.388208 226.362579
8.394013 227.307953
8.399818 224.937332
8.405623 223.045288
8.411428 222.409668
8.417233 181.382248
8.423038 182.105789
8.428843 186.332779
8.434649 155.097855
8.440454 155.738205
8.446259 164.762039
8.452064 211.295135
8.457869 475.205963
8.463674 142.973984
8.469479 485.754547
8.475284 500.453430
8.481089 493.328613
8.486894 476.708038
8.492699 226.962601
8.498504 226.841812
8.504309 993.357422
8.510114 994.093628
8.515919 1007.159790
8.521724 560.991577
8.527529 126.152138
8.533334 125.155411
8.539139 123.386833
8.544943 121.975052
8.550748 184.127014
8.556553 370.738525
8.562358 1139.525146
8.568163 569.825867
8.573968 139.429398
8.579773 139.878754
8.585578 174.779007
8.591383 216.965973
8.597188 217.207977
8.602993 279.070709
8.608798 374.847687
8.614603 362.338104
8.620408 360.211426
8.626213 182.163727
8.632018 180.572266
8.637823 176.734604
8.643628 174.197601
8.649433 172.817764
8.655238 442.166016
8.661043 442.412720
8.666848 443.689087
8.672653 88.910461
8.678458 89.251518
8.684263 536.286743
8.690068 1077.258789
8.695873 1075.757446
8.701678 1069.013550
8.707483 1044.655151
8.713288 191.243271
8.719093 190.080780
8.724898 302.415955
8.730703 112.485001
8.736508 113.032974
8.742313 213.590195
8.748117 83.012672
8.753922 1019.867065
8.759727 489.834320
8.765532 154.906570
8.771338 182.246796
8.777143 209.756302
8.782948 208.316086
8.788753 87.842308
8.794558 72.066048
8.800363 134.111313
8.806168 297.764862
8.811973 113.403580
8.817778 113.257111
8.823583 1056.716431
8.829388 1081.336914
8.835193 560.421448
8.840998 561.039307
8.846803 326.825500
8.852608 364.153442
8.858413 360.915497
8.864218 138.249893
8.870023 137.987061
8.875828 180.740707
8.881633 99.911316
8.887438 100.084152
8.893243 284.528839
8.899048 1005.078979
8.904853 117.706711
8.910658 117.428162
8.916463 206.639252
8.922268 75.588181
8.928073 175.504166
8.933878 175.437439
8.939683 174.805649
8.945488 214.033035
8.951293 256.216553
8.957097 254.700378
8.962902 200.866669
8.968707 200.550400
8.974512 200.139511
8.980317 172.498428
8.986122 165.814774
8.991927 165.117416
8.997732 165.128021
