0.000000 0.000000
0.005805 598.207520
0.011610 0.000000
0.017415 0.000000
0.023220 187.995804
0.029025 181.423691
0.034830 4773.127930
0.040635 265.498932
0.046440 265.108307
0.052245 287.654541
0.058050 287.647522
0.063855 286.517700
0.069660 282.546875
0.075465 280.041168
0.081270 279.490997
0.087075 278.565826
0.092880 276.085754
0.098685 273.559387
0.104490 272.192688
0.110295 271.879181
0.116100 271.990143
0.121905 272.049286
0.127710 272.405609
0.133515 275.384705
0.139320 289.561646
0.145125 263.119904
0.150930 264.359314
0.156735 194.632263
0.162540 194.675751
0.168345 260.609009
0.174150 252.345490
0.179955 350.897919
0.185760 353.213379
0.191565 360.193726
0.197370 358.565399
0.203175 358.255005
0.208980 258.873840
0.214785 259.310486
0.220590 260.323853
0.226395 260.733002
0.232200 3751.633789
0.238005 3712.667480
0.243810 3706.797363
0.249615 175.187439
0.255419 175.216568
0.261224 263.141754
0.267029 263.308807
0.272834 263.412231
0.278639 263.526306
0.284444 279.151764
0.290249 310.719238
0.296054 311.078033
0.301859 311.261688
0.307664 311.249329
0.313469 310.686859
0.319274 186.157974
0.325079 185.962753
0.330884 185.131836
0.336689 312.119507
0.342494 155.974213
0.348299 155.707718
0.354104 155.405731
0.359909 312.410095
0.365714 311.495178
0.371519 310.986053
0.377324 312.942963
0.383129 312.797638
0.388934 313.181549
0.394739 313.482361
0.400544 236.578049
0.406349 997.807312
0.412154 995.198242
0.417959 130.288010
0.423764 2895.481689
0.429569 84.997627
0.435374 84.987549
0.441179 3144.206055
0.446984 238.676132
0.452789 238.577850
0.458594 238.630783
0.464399 182.723648
0.470204 240.067764
0.476009 119.847511
0.481814 119.572708
0.487619 181.098236
0.493424 719.090942
0.499229 709.659119
0.505034 702.420776
0.510839 135.480240
0.516644 268.360626
0.522449 129.854233
0.528254 129.853394
0.534059 131.096588
0.539864 131.601120
0.545669 133.447525
0.551474 134.157379
0.557279 134.343597
0.563084 137.671616
0.568889 862.228149
0.574694 229.227325
0.580499 229.171722
0.586304 228.994537
0.592109 228.926880
0.597914 310.170166
0.603719 97.691635
0.609524 288.395081
0.615329 286.384857
0.621134 139.283920
0.626939 136.173492
0.632744 136.353333
0.638549 268.779602
0.644354 268.235168
0.650159 268.192474
0.655964 268.247101
0.661769 269.178345
0.667574 290.328125
0.673379 114.248871
0.679184 114.413239
0.684989 114.479530
0.690794 136.110931
0.696599 115.121796
0.702404 117.158272
0.708209 117.099869
0.714014 115.327988
0.719819 96.389015
0.725624 197.047104
0.731429 282.385590
0.737234 132.726822
0.743039 132.698669
0.748844 744.485596
0.754649 132.489639
0.760454 132.539291
0.766258 184.311981
0.772063 184.090210
0.777869 183.958633
0.783673 183.761353
0.789478 4279.020020
0.795283 4369.627930
0.801088 4429.134277
0.806893 492.929810
0.812698 493.164856
0.818503 379.078613
0.824308 245.605392
0.830113 136.174255
0.835918 136.120895
0.841723 136.134995
0.847528 0.000000
0.853333 132.885773
0.859138 132.890808
0.864943 132.210464
0.870748 372.806427
0.876553 373.533417
0.882358 374.392914
0.888163 100.790695
0.893968 138.890167
0.899773 139.787720
0.905578 140.554749
0.911383 140.660400
0.917188 140.679245
0.922993 140.702454
0.928798 140.638672
0.934603 136.804993
0.940408 136.716736
0.946213 136.527206
0.952018 608.794800
0.957823 608.345642
0.963628 117.300446
0.969433 117.312744
0.975238 117.195824
0.981043 117.019188
0.986848 120.262077
0.992653 120.189163
0.998458 123.417694
1.004263 0.000000
1.010068 0.000000
1.015873 89.146988
1.021678 206.296707
1.027483 206.490219
1.033288 218.934631
1.039093 219.080551
1.044898 219.432709
1.050703 0.000000
1.056508 155.674118
1.062313 309.041962
1.068118 310.355347
1.073923 156.292206
1.079728 156.303055
1.085533 205.557205
1.091338 204.851578
1.097143 0.000000
1.102948 87.600418
1.108753 87.650864
1.114558 87.829468
1.120363 145.382095
1.126168 0.000000
1.131973 253.844559
1.137778 253.981750
1.143583 253.995682
1.149388 156.810272
1.155193 245.222992
1.160998 245.143570
1.166803 244.794006
1.172608 244.242233
1.178413 243.062195
1.184218 241.196701
1.190023 239.394287
1.195828 238.122589
1.201633 237.717285
1.207438 237.628525
1.213243 237.354431
1.219048 223.166306
1.224853 222.474762
1.230658 221.339264
1.236463 687.236145
1.242268 612.623352
1.248073 615.053833
1.253878 626.569458
1.259683 638.402710
1.265488 194.421494
1.271293 260.291656
1.277097 364.679199
1.282902 259.317200
1.288707 259.400055
1.294513 260.296417
1.300317 161.932327
1.306122 184.408569
1.311927 154.885757
1.317732 155.019485
1.323537 303.116821
1.329342 302.852814
1.335147 129.098190
1.340952 292.991821
1.346757 292.531586
1.352562 292.290710
1.358367 292.526367
1.364172 293.084900
1.369977 292.822693
1.375782 292.167847
1.381587 291.944580
1.387392 272.123016
1.393197 126.781883
1.399002 126.739189
1.404807 129.863235
1.410612 129.825165
1.416417 129.734802
1.422222 258.681274
1.428027 258.244965
1.433832 257.841736
1.439637 257.410095
1.445442 129.492279
1.451247 306.384369
1.457052 306.194763
1.462857 305.981110
1.468662 305.695038
1.474467 306.031494
1.480272 307.143036
1.486077 130.552200
1.491882 104.110054
1.497687 104.084908
1.503492 104.112930
1.509297 104.259804
1.515102 104.408173
1.520907 125.499458
1.526712 131.369217
1.532517 131.596039
1.538322 131.183365
1.544127 130.555191
1.549932 130.406342
1.555737 514.797546
1.561542 515.383118
1.567347 515.153564
1.573152 514.237061
1.578957 119.675201
1.584762 119.836609
1.590567 120.129707
1.596372 120.422401
1.602177 120.602348
1.607982 123.367836
1.613787 119.301964
1.619592 119.197205
1.625397 118.925293
1.631202 118.961922
1.637007 120.490685
1.642812 308.416046
1.648617 308.085266
1.654422 123.857368
1.660227 312.384338
1.666032 322.199585
1.671837 325.122803
1.677642 149.930130
1.683447 126.453636
1.689252 150.886139
1.695057 194.692307
1.700862 194.347092
1.706667 132.244446
1.712472 131.781723
1.718277 271.956329
1.724082 270.678406
1.729887 254.278748
1.735692 253.384476
1.741497 252.996857
1.747302 253.905090
1.753107 256.035248
1.758912 257.152771
1.764717 125.975128
1.770522 273.024170
1.776327 273.305847
1.782132 275.339813
1.787936 277.973114
1.793741 291.190369
1.799546 290.606995
1.805351 103.107536
1.811157 266.933563
1.816961 266.419220
1.822766 265.283234
1.828571 264.157715
1.834376 253.481216
1.840181 129.612518
1.845986 130.027847
1.851791 256.916901
1.857596 792.983337
1.863401 257.012939
1.869206 256.614410
1.875011 255.273026
1.880816 253.961472
1.886621 938.513794
1.892426 912.951477
1.898231 878.402588
1.904036 854.988708
1.909841 849.604797
1.915646 128.335495
1.921451 129.487228
1.927256 129.651077
1.933061 260.732239
1.938866 262.912933
1.944671 264.786499
1.950476 270.492096
1.956281 272.098755
1.962086 271.286438
1.967891 268.110352
1.973696 267.345581
1.979501 267.603760
1.985306 267.642273
1.991111 266.686432
1.996916 266.626282
2.002721 914.540527
2.008526 915.851685
2.014331 915.145386
2.020136 257.287933
2.025941 259.026184
2.031746 259.553162
2.037551 259.486542
2.043356 259.235474
2.049161 260.922577
2.054966 262.248566
2.060771 262.583740
2.066576 262.504852
2.072381 4934.703125
2.078186 4979.643555
2.083991 4980.182617
2.089796 4961.311523
2.095601 104.106720
2.101406 262.382141
2.107211 262.610352
2.113016 262.267029
2.118821 261.992584
2.124626 262.491425
2.130431 262.779205
2.136236 262.702820
2.142041 262.535065
2.147846 302.360809
2.153651 4458.594238
2.159456 4506.944824
2.165261 4578.322266
2.171066 4645.240234
2.176871 4683.175781
2.182676 254.778503
2.188481 265.908478
2.194286 267.311523
2.200091 4761.579102
2.205896 287.719452
2.211701 282.395081
2.217506 279.601105
2.223311 294.583557
2.229116 294.339142
2.234921 273.940033
2.240726 283.406830
2.246531 265.179413
2.252336 264.130402
2.258141 263.430115
2.263946 492.710602
2.269751 492.291077
2.275556 493.256622
2.281361 463.496399
2.287166 461.519958
2.292970 465.016388
2.298775 471.601227
2.304580 477.508698
2.310385 479.440063
2.316190 478.937866
2.321995 238.321198
2.327801 237.319260
2.333606 235.833725
2.339411 444.749512
2.345215 436.863770
2.351020 436.559357
2.356825 438.018860
2.362630 440.516113
2.368435 444.074524
2.374240 449.335907
2.380045 457.030151
2.385850 468.648132
2.391655 484.762360
2.397460 490.932373
2.403265 492.875244
2.409070 493.143677
2.414875 492.630890
2.420680 491.745667
2.426485 490.526855
2.432290 488.644257
2.438095 485.205902
2.443900 480.890106
2.449705 477.336609
2.455510 474.211243
2.461315 472.109283
2.467120 470.968170
2.472925 470.217133
2.478730 469.477966
2.484535 468.823639
2.490340 468.606384
2.496145 235.103088
2.501950 235.661163
2.507755 236.564484
2.513560 237.581497
2.519365 238.289902
2.525170 239.031906
2.530975 239.864395
2.536780 239.988846
2.542585 238.131897
2.548390 469.200714
2.554195 464.545959
2.560000 458.969452
2.565805 227.085800
2.571610 225.376282
2.577415 224.465103
2.583220 449.178680
2.589025 451.518646
2.594830 455.581055
2.600635 461.775085
2.606440 470.646881
2.612245 478.560211
2.618050 485.824127
2.623855 494.940002
2.629660 503.937286
2.635465 511.079376
2.641270 515.164490
2.647075 516.215759
2.652880 515.787720
2.658685 515.432617
2.664490 175.101410
2.670295 131.626450
2.676100 131.520996
2.681905 264.083649
2.687710 264.547760
2.693515 265.304352
2.699320 266.334229
2.705125 267.926056
2.710930 269.687317
2.716735 271.283752
2.722540 272.892853
2.728345 274.584503
2.734150 275.984100
2.739955 276.837677
2.745760 277.451416
2.751565 822.144165
2.757370 821.389221
2.763175 317.684113
2.768980 320.807220
2.774785 321.909760
2.780590 323.646393
2.786395 327.100098
2.792200 330.570953
2.798005 329.519135
2.803810 326.093170
2.809614 324.398376
2.815419 324.209625
2.821224 324.037262
2.827029 303.711029
2.832834 303.765167
2.838639 304.405182
2.844445 313.083588
2.850250 637.698059
2.856054 640.039856
2.861859 641.057007
2.867664 641.187500
2.873469 319.111023
2.879274 638.923218
2.885079 636.428040
2.890884 632.869690
2.896689 313.008423
2.902494 310.788574
2.908299 308.968781
2.914104 307.833313
2.919909 122.814636
2.925714 122.841019
2.931519 123.061829
2.937324 123.563965
2.943129 776.034546
2.948934 781.323303
2.954739 640.180542
2.960544 642.956238
2.966349 645.676941
2.972154 647.448914
2.977959 646.017151
2.983764 324.560974
2.989569 4555.291992
2.995374 4526.912598
