0.000000 0.000000
0.005805 0.000000
0.011610 191.730179
0.017415 161.034256
0.023220 131.001404
0.029025 130.933609
0.034830 130.881104
0.040635 130.871353
0.046440 130.877335
0.052245 130.887390
0.058050 130.943863
0.063855 131.047623
0.069660 131.096085
0.075465 131.049225
0.081270 131.018295
0.087075 131.001068
0.092880 130.976547
0.098685 130.965714
0.104490 130.971527
0.110295 130.982071
0.116100 130.991272
0.121905 130.982712
0.127710 130.955276
0.133515 130.923935
0.139320 130.893433
0.145125 130.885590
0.150930 130.908737
0.156735 130.931717
0.162540 130.958633
0.168345 131.009720
0.174150 131.040833
0.179955 131.016556
0.185760 130.983429
0.191565 130.958984
0.197370 130.950638
0.203175 130.999146
0.208980 131.060944
0.214785 131.066452
0.220590 131.037598
0.226395 131.070114
0.232200 131.168518
0.238005 131.226334
0.243810 131.206345
0.249615 131.114365
0.255419 131.046494
0.261224 131.033188
0.267029 130.997971
0.272834 130.906738
0.278639 130.842560
0.284444 130.863525
0.290249 130.944260
0.296054 131.043854
0.301859 131.121414
0.307664 131.097397
0.313469 131.029114
0.319274 131.029358
0.325079 131.060089
0.330884 131.043289
0.336689 130.998611
0.342494 130.975006
0.348299 130.970047
0.354104 131.000305
0.359909 131.045883
0.365714 131.043350
0.371519 130.987579
0.377324 130.953049
0.383129 130.965027
0.388934 130.992966
0.394739 131.022186
0.400544 131.026474
0.406349 131.000793
0.412154 130.985062
0.417959 130.990677
0.423764 131.004776
0.429569 131.028305
0.435374 131.086121
0.441179 131.191330
0.446984 131.253754
0.452789 131.192810
0.458594 131.024765
0.464399 130.975983
0.470204 131.088333
0.476009 131.188950
0.481814 131.202652
0.487619 131.122025
0.493424 131.000107
0.499229 130.935425
0.505034 130.960022
0.510839 131.017532
0.516644 131.040665
0.522449 131.052307
0.528254 131.094131
0.534059 131.138443
0.539864 131.151459
0.545669 131.143478
0.551474 131.136063
0.557279 131.112839
0.563084 131.052246
0.568889 130.986954
0.574694 130.929474
0.580499 130.891891
0.586304 130.899033
0.592109 130.944244
0.597914 130.973038
0.603719 130.966568
0.609524 130.954544
0.615329 130.908691
0.621134 130.842575
0.626939 130.831177
0.632744 130.890366
0.638549 130.978226
0.644354 131.070007
0.650159 131.126175
0.655964 131.103439
0.661769 131.047806
0.667574 130.990509
0.673379 130.936462
0.679184 130.910980
0.684989 130.900864
0.690794 130.905594
0.696599 130.984314
0.702404 131.044479
0.708209 130.936584
0.714014 130.848053
0.719819 130.906937
0.725624 130.974899
0.731429 130.978806
0.737234 130.990845
0.743039 131.006317
0.748844 130.990372
0.754649 130.924286
0.760454 130.811615
0.766258 130.758362
0.772063 130.788101
0.777869 130.817490
0.783673 130.799149
0.789478 130.776581
0.795283 130.791992
0.801088 130.847519
0.806893 130.911179
0.812698 131.000809
0.818503 0.000000
0.824308 0.000000
0.830113 0.000000
0.835918 120.582161
0.841723 115.828262
0.847528 111.755249
0.853333 43.647625
0.859138 73.509323
0.864943 73.551147
0.870748 130.081039
0.876553 130.292587
0.882358 66.950897
0.888163 99.042656
0.893968 130.582565
0.899773 130.946671
0.905578 131.026077
0.911383 131.114761
0.917188 131.175415
0.922993 131.145447
0.928798 131.122894
0.934603 131.097839
0.940408 131.020126
0.946213 130.956863
0.952018 130.932648
0.957823 130.887985
0.963628 130.816391
0.969433 130.774246
0.975238 130.780136
0.981043 130.837265
0.986848 130.926132
0.992653 130.967056
0.998458 130.923447
1.004263 130.837372
1.010068 130.769226
1.015873 130.777618
1.021678 130.827652
1.027483 130.837067
1.033288 130.798477
1.039093 130.775238
1.044898 130.806702
1.050703 130.836838
1.056508 130.784851
1.062313 130.669128
1.068118 130.601532
1.073923 130.651031
1.079728 130.763046
1.085533 130.867828
1.091338 130.857468
1.097143 130.730331
1.102948 130.629623
1.108753 130.737411
1.114558 130.939163
1.120363 130.996353
1.126168 130.921356
1.131973 130.842377
1.137778 130.858643
1.143583 130.927292
1.149388 130.962341
1.155193 130.916260
1.160998 130.862320
1.166803 130.870682
1.172608 130.905914
1.178413 130.915680
1.184218 130.874924
1.190023 130.844711
1.195828 130.853775
1.201633 130.877411
1.207438 130.883423
1.213243 130.847778
1.219048 130.800644
1.224853 130.802429
1.230658 130.879318
1.236463 130.936249
1.242268 130.915482
1.248073 130.934021
1.253878 131.036194
1.259683 131.017258
1.265488 130.880127
1.271293 130.814850
1.277097 130.883865
1.282902 78.890808
1.288707 98.024727
1.294513 98.087463
1.300317 130.650925
1.306122 130.702118
1.311927 130.769119
1.317732 130.785629
1.323537 130.812851
1.329342 130.870224
1.335147 130.904861
1.340952 130.901245
1.346757 130.883499
1.352562 130.837204
1.358367 130.787796
1.364172 130.785980
1.369977 130.807709
1.375782 130.790787
1.381587 130.751312
1.387392 130.730179
1.393197 130.726746
1.399002 130.726456
1.404807 130.740311
1.410612 130.769455
1.416417 130.803116
1.422222 130.818604
1.428027 130.820847
1.433832 130.806702
1.439637 130.767548
1.445442 130.776398
1.451247 130.849518
1.457052 130.897354
1.462857 130.894928
1.468662 130.861984
1.474467 130.816864
1.480272 130.808044
1.486077 130.848724
1.491882 130.876862
1.497687 130.843918
1.503492 130.802429
1.509297 130.763000
1.515102 130.718124
1.520907 130.732971
1.526712 97.753593
1.532517 97.714096
1.538322 130.743088
1.544127 130.702057
1.549932 130.719803
1.555737 130.789963
1.561542 130.868301
1.567347 130.912262
1.573152 130.910431
1.578957 130.882248
1.584762 130.844696
1.590567 130.819351
1.596372 130.835358
1.602177 130.846237
1.607982 130.826859
1.613787 130.804977
1.619592 130.807388
1.625397 130.820145
1.631202 130.833649
1.637007 130.890152
1.642812 130.949432
1.648617 130.931396
1.654422 130.822159
1.660227 130.741989
1.666032 130.818146
1.671837 131.093124
1.677642 131.334305
1.683447 131.106689
1.689252 130.557343
1.695057 130.407104
1.700862 130.713715
1.706667 130.991776
1.712472 131.152786
1.718277 131.172806
1.724082 131.043777
1.729887 130.873901
1.735692 130.797241
1.741497 130.843369
1.747302 130.937225
1.753107 130.991974
1.758912 131.009979
1.764717 130.986237
1.770522 130.856628
1.776327 130.760559
1.782132 130.831085
1.787936 130.953888
1.793741 130.949768
1.799546 130.831543
1.805351 130.727539
1.811157 130.707657
1.816961 130.764008
1.822766 130.826706
1.828571 130.842422
1.834376 130.849197
1.840181 130.881058
1.845986 130.883926
1.851791 130.783279
1.857596 130.675903
1.863401 130.730103
1.869206 130.893387
1.875011 131.000946
1.880816 131.006699
1.886621 130.995819
1.892426 130.974487
1.898231 130.915283
1.904036 130.886856
1.909841 130.898254
1.915646 130.925278
1.921451 130.927399
1.927256 130.898590
1.933061 130.920547
1.938866 130.991379
1.944671 130.989029
1.950476 130.783737
1.956281 130.543472
1.962086 130.684570
1.967891 131.005554
1.973696 131.031433
1.979501 130.883224
1.985306 130.824905
1.991111 130.880524
1.996916 130.918213
2.002721 130.828842
2.008526 130.779922
2.014331 130.883820
2.020136 131.013885
2.025941 131.020309
2.031746 130.978073
2.037551 130.936722
2.043356 130.906738
2.049161 130.928299
2.054966 130.961746
2.060771 130.895950
2.066576 226.503967
2.072381 225.635696
2.078186 216.208405
2.083991 215.298874
2.089796 223.213715
2.095601 113.033394
2.101406 130.793228
2.107211 130.736359
2.113016 130.948181
2.118821 131.481735
2.124626 131.837708
2.130431 131.596619
2.136236 130.644699
2.142041 130.877670
2.147846 130.827866
2.153651 130.806122
2.159456 130.904907
2.165261 130.968048
2.171066 130.955704
2.176871 130.881058
2.182676 130.768860
2.188481 130.684433
2.194286 130.713730
2.200091 130.793625
2.205896 130.852570
2.211701 130.867935
2.217506 130.889038
2.223311 131.005447
2.229116 131.156372
2.234921 131.196381
2.240726 131.202316
2.246531 131.120773
2.252336 130.709702
2.258141 227.098526
2.263946 226.210098
2.269751 226.224792
2.275556 109.380028
2.281361 130.689987
2.287166 130.761475
2.292970 130.849533
2.298775 130.798676
2.304580 130.757004
2.310385 130.880081
2.316190 130.984360
2.321995 130.714752
2.327801 245.127747
2.333606 230.862427
2.339411 227.491211
2.345215 218.584610
2.351020 130.713898
2.356825 130.920547
2.362630 131.070450
2.368435 130.879791
2.374240 130.219788
2.380045 232.520401
2.385850 230.974213
2.391655 228.915009
2.397460 228.943222
2.403265 251.873718
2.409070 251.884186
2.414875 134.519180
2.420680 134.628479
2.426485 126.454277
2.432290 126.401466
2.438095 126.328690
2.443900 131.646545
2.449705 131.172791
2.455510 130.776245
2.461315 130.379379
2.467120 186.722549
2.472925 225.471298
2.478730 127.055717
2.484535 127.061447
2.490340 132.574615
2.496145 132.824921
2.501950 0.000000
2.507755 225.328857
2.513560 224.800888
2.519365 0.000000
2.525170 111.365372
2.530975 188.036957
2.536780 187.518311
2.542585 177.890350
2.548390 196.731461
2.554195 177.665131
2.560000 177.562317
2.565805 177.342636
2.571610 167.518860
2.577415 167.778549
2.583220 168.576721
2.589025 171.880219
2.594830 88.369171
2.600635 169.937576
2.606440 177.561874
2.612245 177.107483
2.618050 88.397575
2.623855 88.373436
2.629660 88.360382
2.635465 88.322777
2.641270 88.289444
2.647075 131.840515
2.652880 131.727753
2.658685 131.680862
2.664490 131.722672
2.670295 131.775162
2.676100 131.826782
2.681905 132.049179
2.687710 132.318512
2.693515 88.492058
2.699320 88.500023
2.705125 131.788101
2.710930 131.580750
2.716735 131.233673
2.722540 130.789505
2.728345 130.578690
2.734150 130.502411
2.739955 130.437271
2.745760 130.593399
2.751565 131.205139
2.757370 131.830002
2.763175 131.994003
2.768980 131.827652
2.774785 131.709045
2.780590 131.528229
2.786395 131.176086
2.792200 130.908401
2.798005 130.968857
2.803810 131.275177
2.809614 131.368515
2.815419 131.184845
2.821224 131.040909
2.827029 131.155960
2.832834 131.318695
2.838639 88.505623
2.844445 131.537918
2.850250 131.507004
2.856054 131.322006
2.861859 88.332253
2.867664 131.584610
2.873469 131.935486
2.879274 88.387329
2.885079 88.637314
2.890884 88.692696
2.896689 88.613686
2.902494 88.586281
2.908299 88.620453
2.914104 131.570297
2.919909 86.771233
2.925714 86.845726
2.931519 88.818047
2.937324 88.738472
2.943129 88.562759
2.948934 131.242172
2.954739 131.192825
2.960544 131.346573
2.966349 131.488571
2.972154 43.237179
2.977959 87.853470
2.983764 87.756996
2.989569 87.718002
2.995374 88.134117
3.001179 88.377335
3.006984 88.396759
3.012789 88.328110
3.018594 88.377838
3.024399 88.501541
3.030204 88.498619
3.036009 88.422035
3.041814 88.481766
3.047619 88.664909
3.053424 88.752678
3.059229 88.612915
3.065034 43.066406
3.070839 88.571762
3.076644 192.249451
3.082449 88.523026
3.088254 88.434044
3.094059 131.054688
3.099864 127.523872
3.105669 88.711662
3.111474 87.183975
3.117279 88.736107
3.123084 123.296944
3.128889 88.185028
3.134694 87.817291
3.140499 88.388130
3.146304 88.594048
3.152109 88.378319
3.157914 88.303177
3.163719 88.434837
3.169524 88.454102
3.175329 88.298836
3.181134 88.237206
3.186939 88.387062
3.192744 88.558807
3.198549 88.507645
3.204354 88.255592
3.210159 88.243866
3.215964 88.443214
3.221769 88.508171
3.227574 88.363533
3.233379 88.322304
3.239184 88.513466
3.244989 88.615196
3.250794 88.584587
3.256599 88.574326
3.262404 88.587410
3.268209 88.558250
3.274014 88.566048
3.279819 88.673248
3.285624 88.814407
3.291429 88.761314
3.297234 175.223297
3.303039 174.610367
3.308844 126.303955
3.314649 126.261292
3.320453 119.754082
3.326258 57.821377
3.332063 176.800354
3.337868 178.500290
3.343673 88.187599
3.349478 87.951416
3.355283 177.508118
3.361089 176.824142
3.366894 175.613205
3.372698 175.628357
3.378503 176.802429
3.384308 177.470245
3.390113 177.030594
3.395918 176.588028
3.401723 177.054688
3.407528 177.519211
3.413333 88.364082
3.419138 88.204292
3.424943 175.748810
3.430748 175.934998
3.436553 175.789474
3.442358 175.910080
3.448163 177.548294
3.453968 178.795685
3.459773 179.679810
3.465578 175.119186
3.471383 174.554916
3.477188 176.282852
3.482993 88.675102
3.488798 88.451927
3.494603 174.890106
3.500408 174.968582
3.506213 120.064819
3.512018 174.515915
3.517823 173.709793
3.523628 179.861557
3.529433 123.168747
3.535238 87.349686
3.541043 87.303543
3.546848 178.409195
3.552653 178.290802
3.558458 176.916046
3.564263 174.836899
3.570068 174.531601
3.575873 88.594406
3.581678 88.337395
3.587483 88.235321
3.593288 88.434433
3.599093 88.529243
3.604898 43.066406
3.610703 130.356766
3.616508 129.987137
3.622313 130.060120
3.628118 130.590179
3.633923 130.648941
3.639728 124.537964
3.645533 125.981285
3.651338 132.331055
3.657143 132.522095
3.662948 132.468033
3.668753 132.271072
3.674558 132.101974
3.680363 132.030502
3.686168 131.974274
3.691973 131.948593
3.697778 132.071823
3.703583 128.529327
3.709388 128.293243
3.715193 128.070557
3.720998 135.036621
3.726803 135.015747
3.732608 134.734299
3.738413 130.030991
3.744218 130.059128
3.750023 130.287292
3.755828 130.357361
3.761633 130.409149
3.767438 130.511856
3.773243 130.509308
3.779048 130.484894
3.784853 130.457474
3.790658 130.316345
3.796463 130.111984
3.802268 129.990860
3.808073 130.001236
3.813878 81.882469
3.819683 43.066406
3.825488 130.041656
3.831293 130.173798
3.837097 130.299545
3.842902 43.163300
3.848707 130.209045
3.854512 193.493973
3.860317 130.481140
3.866122 43.066406
3.871927 130.643173
3.877733 130.697708
3.883538 43.066406
3.889342 102.402718
3.895147 102.880013
3.900952 77.926842
3.906757 74.414902
3.912562 220.561188
3.918367 218.768631
3.924172 210.318069
3.929977 196.569626
3.935782 94.492569
3.941587 82.195923
3.947392 82.351700
3.953197 89.205086
3.959002 43.066406
3.964807 130.900482
3.970612 174.327408
3.976417 176.254013
3.982222 176.521515
3.988027 176.156982
3.993832 176.101318
3.999637 176.452209
4.005442 124.896332
4.011247 128.080750
4.017052 174.222473
4.022857 43.200069
4.028662 94.677750
4.034467 100.677521
4.040272 101.057747
4.046077 88.170212
4.051882 94.066261
4.057687 127.754768
4.063492 127.751717
4.069297 120.274490
4.075102 117.044830
4.080907 3721.924805
4.086712 151.628967
4.092517 158.241882
4.098322 158.145737
4.104127 99.641220
4.109932 246.411041
4.115737 245.268311
4.121542 243.369522
4.127347 241.249893
4.133152 239.369858
4.138957 123.096558
4.144762 99.633026
4.150567 99.498596
4.156372 112.961479
4.162177 145.427765
4.167982 99.318771
4.173787 99.362976
4.179592 99.300095
4.185397 73.820717
4.191202 73.851967
4.197007 73.844566
4.202812 145.799332
4.208617 145.964355
4.214422 146.284424
4.220227 146.345535
4.226032 74.141113
4.231837 150.861206
4.237642 150.503571
4.243447 102.488571
4.249252 102.449158
4.255057 99.377686
4.260862 99.400017
4.266667 144.629562
4.272471 144.723709
4.278276 144.914154
4.284081 150.271881
4.289886 146.001343
4.295691 146.594589
4.301497 98.724037
4.307302 98.725998
4.313107 98.704216
4.318912 140.569794
4.324717 98.218987
4.330522 98.163200
4.336327 99.534813
4.342132 99.490471
4.347937 74.046593
4.353742 146.848465
4.359547 146.046539
4.365352 144.966232
4.371157 145.227081
4.376961 145.521072
4.382766 145.490311
4.388571 144.829880
4.394376 140.537750
4.400181 140.065475
4.405986 140.002853
4.411791 146.057175
4.417596 145.871521
4.423401 145.729675
4.429206 145.592590
4.435011 145.451065
4.440816 145.391373
4.446621 145.511566
4.452426 145.690628
4.458231 145.887512
4.464036 146.153519
4.469841 146.644272
4.475646 151.251617
4.481451 151.354568
4.487256 145.858765
4.493061 145.823410
4.498866 146.412598
4.504671 146.899963
4.510476 147.090652
4.516281 147.299881
4.522086 147.340530
4.527891 147.067184
4.533696 147.009552
4.539501 146.961716
4.545306 146.659149
4.551111 279.768463
4.556916 99.307625
4.562721 99.516136
4.568526 99.650787
4.574331 147.547333
4.580136 147.370209
4.585941 146.795685
4.591746 146.323090
4.597551 99.099670
4.603356 99.131126
4.609161 145.945404
4.614966 145.622635
4.620771 145.472183
4.626576 146.093445
4.632381 147.569855
4.638186 148.834122
4.643991 149.100006
4.649796 149.043106
4.655601 148.682419
4.661406 147.492554
4.667211 146.969940
4.673016 146.609497
4.678821 145.939606
4.684626 145.673111
4.690431 146.371109
4.696236 147.236328
4.702041 147.824707
4.707846 148.068695
4.713651 140.742462
4.719456 99.471291
4.725261 139.998108
4.731066 139.719391
4.736871 139.528961
4.742676 139.436905
4.748481 139.500610
4.754286 72.786087
4.760091 194.575775
4.765896 194.502869
4.771701 194.208954
4.777506 49.259296
4.783311 49.322624
4.789115 138.328964
4.794920 72.952065
4.800725 150.928513
4.806530 151.069382
4.812335 146.989548
4.818141 146.940811
4.823946 147.199570
4.829751 147.297791
4.835556 147.269012
4.841361 146.640350
4.847166 145.529831
4.852971 141.388138
4.858776 140.643875
4.864581 139.873611
4.870386 139.512466
4.876191 139.492126
4.881996 139.469177
4.887800 138.893051
4.893605 99.232162
4.899410 98.952888
4.905215 98.827461
4.911020 146.753021
4.916825 146.206314
4.922630 147.026703
4.928435 147.403915
4.934240 147.847336
4.940045 148.339340
4.945850 99.606934
4.951655 99.658409
4.957460 99.546982
4.963265 99.577560
4.969070 131.432816
4.974875 132.025848
4.980680 99.747643
4.986485 100.038635
4.992290 100.187134
4.998095 99.934364
5.003900 99.458481
5.009705 148.301712
5.015510 148.452942
5.021315 149.413696
5.027120 98.826675
5.032925 98.721642
5.038730 98.539825
5.044535 98.575455
5.050340 99.138504
5.056145 99.744171
5.061950 99.792183
5.067755 145.080475
5.073560 97.795837
5.079365 97.890518
5.085170 99.400597
5.090975 99.377289
5.096780 99.256271
5.102585 99.082916
5.108390 98.949104
5.114195 99.068962
5.120000 99.282883
5.125805 99.220329
5.131610 98.919846
5.137415 98.411469
5.143220 98.457420
5.149025 99.138512
5.154830 98.982773
5.160635 98.366516
5.166440 98.246819
5.172245 99.300087
5.178050 99.730247
5.183855 99.360886
5.189660 98.255524
5.195465 98.228989
5.201270 98.852318
5.207075 99.325333
5.212880 99.385139
5.218685 99.269852
5.224490 99.072388
5.230295 99.046188
5.236100 99.261009
5.241905 99.458603
5.247710 99.454277
5.253515 99.088127
5.259320 98.257767
5.265125 98.437248
5.270930 99.016121
5.276735 99.026703
5.282540 98.588684
5.288345 135.249008
5.294150 98.102829
5.299954 97.833824
5.305759 99.629227
5.311564 99.464699
5.317369 99.326874
5.323174 99.240448
5.328979 99.215271
5.334785 99.232803
5.340590 99.243385
5.346395 99.241074
5.352200 99.243401
5.358005 99.260147
5.363810 101.757370
5.369615 107.554932
5.375420 107.616524
5.381225 133.236893
5.387030 133.163727
5.392835 133.089722
5.398640 99.528069
5.404444 99.560188
5.410249 99.562607
5.416054 99.543167
5.421859 75.617844
5.427664 99.305382
5.433469 99.127899
5.439274 99.071121
5.445079 99.141151
5.450884 99.212326
5.456689 99.261238
5.462494 99.301910
5.468299 97.220520
5.474104 99.231354
5.479909 99.241272
5.485714 99.326927
5.491519 99.321442
5.497324 133.112091
5.503129 142.862366
5.508934 142.984344
5.514739 142.924744
5.520544 142.627045
5.526349 50.462727
5.532154 139.464035
5.537959 49.875645
5.543764 225.702454
5.549569 218.481049
5.555374 116.008896
5.561179 72.926132
5.566984 72.863647
5.572789 148.001480
5.578594 49.577991
5.584399 87.346603
5.590204 52.808140
5.596009 142.428223
5.601814 175.377670
5.607619 51.504505
5.613424 110.662086
5.619229 203.093643
5.625034 202.611450
5.630839 225.036102
5.636644 224.693314
5.642449 194.931458
5.648254 76.334167
5.654059 55.295734
5.659864 226.667603
5.665669 227.231964
5.671474 227.966690
5.677279 228.076843
5.683084 228.620453
5.688889 230.073242
5.694694 191.754303
5.700499 192.280930
5.706304 79.102867
5.712109 111.903206
5.717914 112.177979
5.723719 193.766846
5.729524 172.159698
5.735329 171.680481
5.741134 157.524109
5.746939 130.829971
5.752744 130.594894
5.758549 117.478012
5.764354 81.390457
5.770159 81.527313
5.775964 74.526878
5.781769 72.318733
5.787574 295.543427
5.793379 292.407288
5.799184 266.772308
5.804989 266.706421
5.810794 267.282562
5.816598 267.939545
5.822403 267.570374
5.828208 266.918182
5.834013 266.916870
5.839818 267.673645
5.845623 268.042480
5.851429 267.580902
5.857234 296.315125
5.863039 296.610809
5.868844 296.751801
5.874649 296.776611
5.880454 296.801819
5.886259 296.831726
5.892064 66.371941
5.897869 156.540054
5.903674 266.453003
5.909479 265.873718
5.915284 265.504761
5.921088 110.906197
5.926893 110.864349
5.932698 295.186188
5.938503 295.041626
5.944308 294.991455
5.950113 166.354156
5.955918 166.370300
5.961723 166.252457
5.967528 166.139603
5.973333 293.618195
5.979138 293.576538
5.984943 294.258270
5.990748 166.651398
5.996553 166.308441
6.002358 166.211090
6.008163 166.193939
6.013968 166.147659
6.019773 166.081360
6.025578 2761.229980
6.031383 2749.686035
6.037188 2739.257812
6.042993 2720.952881
6.048798 2707.017578
6.054603 2705.418945
6.060408 265.567535
6.066213 156.184479
6.072018 156.213272
6.077823 379.333984
6.083628 379.376617
6.089433 294.876221
6.095238 331.959686
6.101043 2693.566162
6.106848 2709.919922
6.112653 2738.946045
6.118458 2772.873535
6.124263 296.343353
6.130068 66.548393
6.135873 66.524895
6.141678 66.463974
6.147483 66.398506
6.153288 264.329346
6.159093 239.518433
6.164898 132.601746
6.170703 132.352875
6.176508 132.183136
6.182313 85.737007
6.188118 132.868027
6.193923 133.065735
6.199728 295.646118
6.205533 295.359039
6.211338 294.901672
6.217143 294.680634
6.222948 294.980377
6.228753 295.370117
6.234558 295.273895
6.240363 294.779785
6.246168 294.450836
6.251973 294.315247
6.257778 294.228455
6.263583 294.245911
6.269388 331.512695
6.275193 331.532898
6.280998 331.597992
6.286803 331.544983
6.292608 331.421844
6.298413 331.408752
6.304218 331.563416
6.310023 331.883026
6.315828 165.977356
6.321633 166.100861
6.327438 166.174469
6.333242 166.081192
6.339047 66.376976
6.344852 66.323975
6.350657 132.241745
6.356462 132.795181
6.362267 133.257858
6.368073 133.716873
6.373878 133.899551
6.379683 133.723740
6.385488 203.859894
6.391293 66.480080
6.397098 66.535660
6.402903 132.571503
6.408708 66.443619
6.414513 66.278610
6.420318 66.264862
6.426123 66.329727
6.431927 66.348412
6.437732 166.136215
6.443537 166.376022
6.449342 166.547760
6.455147 166.500595
6.460952 2727.553223
6.466757 2717.349854
6.472562 2702.721191
6.478367 165.976883
6.484172 166.046158
6.489977 165.995926
6.495782 165.891510
6.501587 165.927521
6.507392 166.003281
6.513197 165.969788
6.519002 165.859802
6.524807 165.779297
6.530612 66.350937
6.536417 66.410248
6.542222 166.114410
6.548027 166.030182
6.553832 66.308708
6.559637 66.393524
6.565442 133.688019
6.571247 67.127853
6.577052 134.304565
6.582857 134.182022
6.588662 66.502136
6.594467 66.410927
6.600272 66.370552
6.606077 66.327507
6.611882 132.490448
6.617687 132.097610
6.623492 131.362946
6.629297 131.082504
6.635102 130.982605
6.640907 66.504723
6.646712 66.464233
6.652517 66.411201
6.658322 134.344574
6.664127 134.261551
6.669932 134.098465
6.675737 133.549545
6.681542 132.912384
6.687347 132.630432
6.693152 132.645630
6.698957 66.581169
6.704762 156.224014
6.710567 155.709061
6.716372 133.621231
6.722177 133.146851
6.727982 132.858032
6.733787 156.010803
6.739592 156.129196
6.745397 132.409882
6.751202 132.860519
6.757007 133.930725
6.762812 134.604630
6.768617 135.247543
6.774422 135.175797
6.780227 134.911118
6.786032 66.842850
6.791837 66.383667
6.797642 66.309982
6.803447 66.310242
6.809252 66.148903
6.815057 66.026314
6.820862 66.041061
6.826667 66.083900
6.832472 66.154907
6.838277 66.163818
6.844081 64.943680
6.849886 66.135498
6.855691 66.283600
6.861496 66.298149
6.867301 66.099960
6.873106 65.896103
6.878911 65.684891
6.884717 65.824829
6.890522 66.559013
6.896327 66.484299
6.902132 66.470245
6.907937 65.410156
6.913742 194.637634
6.919547 66.590149
6.925352 66.622650
6.931157 102.394173
6.936962 103.474289
6.942767 66.410660
6.948571 66.405106
6.954376 213.491364
6.960181 214.744278
6.965986 98.950073
6.971791 65.399292
6.977596 176.092514
6.983401 130.722748
6.989206 132.027069
6.995011 131.936859
7.000816 107.191841
7.006621 66.074417
7.012426 66.190117
7.018231 66.238976
7.024036 66.114937
7.029841 65.898865
7.035646 65.807938
7.041451 66.441658
7.047256 93.332771
7.053061 92.178818
7.058866 65.381668
7.064671 65.447540
7.070476 66.516220
7.076281 66.524506
7.082086 261.598511
7.087891 261.752441
7.093696 65.575485
7.099501 131.232880
7.105306 132.355621
7.111111 133.037903
7.116916 132.877197
7.122721 132.468155
7.128526 132.810776
7.134331 133.149475
7.140136 132.759323
7.145941 132.156906
7.151746 132.173325
7.157551 66.041603
7.163356 203.161499
7.169161 203.352554
7.174966 203.451797
7.180771 203.402771
7.186576 202.965042
7.192381 66.030716
7.198186 372.928619
7.203991 131.986450
7.209796 66.381485
7.215601 388.942383
7.221406 389.693604
7.227211 132.166321
7.233016 132.502686
7.238821 132.842651
7.244626 132.740921
7.250431 372.552277
7.256236 66.128021
7.262041 66.382126
7.267846 66.158646
7.273651 353.218109
7.279456 65.838066
7.285261 131.302917
7.291066 130.839905
7.296871 130.675842
7.302676 388.178894
7.308481 388.709473
7.314286 65.960709
7.320091 65.855804
7.325896 65.257584
7.331701 65.265152
7.337506 65.397659
7.343311 132.186829
7.349116 132.265320
7.354921 132.591110
7.360725 66.664520
7.366530 0.000000
7.372335 0.000000
7.378140 127.502724
7.383945 113.670067
7.389750 113.510582
7.395555 72.828972
7.401361 72.777901
7.407166 72.707695
7.412971 112.860977
7.418776 112.913887
7.424581 112.860924
7.430386 109.469856
7.436191 109.811440
7.441996 110.034416
7.447801 128.211533
7.453606 128.361282
7.459411 261.494720
7.465215 131.230560
7.471020 131.471252
7.476825 131.487305
7.482630 131.321609
7.488435 158.080734
7.494240 158.165100
7.500045 130.920029
7.505850 130.252579
7.511655 0.000000
7.517460 70.476006
7.523265 0.000000
7.529070 132.070572
7.534875 131.939072
7.540680 131.744522
7.546485 127.593674
7.552290 111.362991
7.558095 111.719429
7.563900 111.027374
7.569705 110.584251
7.575510 65.377632
7.581315 66.378868
7.587120 201.309158
7.592925 201.610748
7.598730 201.514145
7.604535 101.253944
7.610340 99.193405
7.616145 99.048386
7.621950 99.364372
7.627755 66.038918
7.633560 65.902985
7.639365 65.923965
7.645170 65.849228
7.650975 65.884308
7.656780 65.937981
7.662585 103.016441
7.668390 65.552315
7.674195 65.638435
7.680000 65.841125
7.685805 65.951874
7.691610 65.771988
7.697415 65.591728
7.703220 65.474350
7.709025 157.523315
7.714830 158.722092
7.720635 112.322723
7.726440 110.978416
7.732245 159.442474
7.738050 159.834015
7.743855 67.358315
7.749660 66.025307
7.755465 65.966324
7.761270 64.699203
7.767075 155.252655
7.772880 111.724358
7.778685 111.656029
7.784490 111.598587
7.790295 155.759201
7.796100 131.045868
7.801905 131.162613
7.807710 131.258652
7.813515 113.430885
7.819320 132.220932
7.825125 132.655411
7.830930 132.754349
7.836735 132.209167
7.842540 130.477692
7.848345 130.306641
7.854150 130.444305
7.859955 130.857651
7.865760 87.717194
7.871564 131.086700
7.877369 130.993256
7.883174 130.941772
7.888979 131.077591
7.894784 131.266113
7.900589 66.019089
7.906394 65.798393
7.912199 130.211212
7.918005 130.176498
7.923810 130.203171
7.929615 66.441605
7.935420 66.407318
7.941225 66.292328
7.947030 65.579193
7.952835 65.631226
7.958640 66.948219
7.964445 170.327927
7.970250 170.778824
7.976054 170.839020
7.981859 201.338409
7.987664 201.343460
7.993469 201.306992
7.999274 201.397903
8.005079 65.410599
8.010884 131.031006
8.016689 65.684021
8.022494 65.715477
8.028299 103.377319
8.034104 65.679359
8.039909 65.613884
8.045714 66.031807
8.051519 65.892876
8.057324 349.936554
8.063129 65.882248
8.068934 65.884621
8.074739 65.812355
8.080544 65.725677
8.086349 65.264427
8.092155 65.236351
8.097960 66.404800
8.103765 104.628662
8.109570 104.723763
8.115375 65.698662
8.121180 65.670403
8.126985 65.585648
8.132789 104.739426
8.138594 104.239929
8.144399 103.901024
8.150204 103.399796
8.156009 102.904495
8.161814 103.059067
8.167619 103.111649
8.173424 66.540657
8.179229 203.288513
8.185034 203.286026
8.190839 203.598618
8.196644 134.585876
8.202449 134.651199
8.208254 115.265846
8.214059 74.234688
8.219864 106.376640
8.225669 105.852135
8.231474 104.997612
8.237279 66.234482
8.243084 65.464401
8.248889 65.418221
8.254694 66.414108
8.260499 88.480171
8.266304 88.164131
8.272109 105.347382
8.277914 105.210052
8.283719 87.411789
8.289524 66.184334
8.295329 66.350502
8.301134 106.497955
8.306939 104.470093
8.312744 104.586960
8.318549 104.946503
8.324354 105.125336
8.330159 105.252647
8.335963 105.569908
8.341768 105.905014
8.347573 105.847351
8.353378 105.157425
8.359183 105.005653
8.364988 104.953369
8.370793 175.012375
8.376598 174.857224
8.382403 174.985764
8.388208 106.332794
8.394013 201.481064
8.399818 202.151703
8.405623 202.324036
8.411428 202.079147
8.417233 200.923889
8.423038 198.621002
8.428843 131.290894
8.434649 65.741158
8.440454 65.892242
8.446259 66.039818
8.452064 66.077255
8.457869 130.633682
8.463674 99.691719
8.469479 130.498978
8.475284 130.854965
8.481089 131.088745
8.486894 131.237976
8.492699 66.004097
8.498504 68.035988
8.504309 131.281479
8.510114 130.892792
8.515919 130.916000
8.521724 131.405411
8.527529 131.748154
8.533334 131.862137
8.539139 66.982834
8.544943 66.704369
8.550748 65.714973
8.556553 65.725937
8.562358 65.804527
8.568163 66.469856
8.573968 66.317490
8.579773 131.535538
8.585578 127.679657
8.591383 127.534386
8.597188 113.741730
8.602993 113.785797
8.608798 113.761002
8.614603 113.487885
8.620408 132.221161
8.626213 132.455124
8.632018 132.572830
8.637823 132.087479
8.643628 130.667496
8.649433 87.620087
8.655238 88.039818
8.661043 259.855652
8.666848 259.813843
8.672653 260.548279
8.678458 130.803589
8.684263 260.312988
8.690068 260.389069
8.695873 130.376114
8.701678 130.201675
8.707483 129.565994
8.713288 132.914490
8.719093 133.116287
8.724898 133.307724
8.730703 133.497803
8.736508 133.189987
8.742313 129.947510
8.748117 130.723755
8.753922 131.333359
8.759727 133.960281
8.765532 133.493073
8.771338 235.806473
8.777143 221.752838
8.782948 221.119965
8.788753 215.705963
8.794558 202.731689
8.800363 202.608719
8.806168 202.574692
8.811973 202.566559
8.817778 202.571396
8.823583 202.488739
8.829388 201.414124
8.835193 197.780777
8.840998 198.530563
8.846803 199.425751
8.852608 208.911438
8.858413 209.793549
8.864218 211.261398
8.870023 211.324860
8.875828 211.061127
8.881633 206.511887
8.887438 205.872253
8.893243 230.847733
8.899048 228.089325
8.904853 219.821457
8.910658 217.675674
8.916463 217.012482
8.922268 227.376358
8.928073 228.248932
8.933878 228.142059
8.939683 217.387924
8.945488 217.386658
8.951293 217.964798
8.957097 219.096527
8.962902 206.955872
8.968707 64.190636
8.974512 108.291245
8.980317 114.430855
8.986122 114.383530
8.991927 121.144028
8.997732 114.162544
9.003537 113.682487
9.009342 226.625473
9.015147 176.681107
9.020952 110.473785
9.026757 110.427620
9.032562 110.897095
9.038367 110.787682
9.044172 110.417793
9.049977 110.314545
9.055782 110.427589
9.061587 110.579407
9.067392 110.562050
9.073197 158.587082
9.079002 158.753998
9.084807 88.436096
9.090612 177.576248
9.096417 177.403702
9.102222 177.333450
9.108027 266.814026
9.113832 88.324112
9.119637 88.288269
9.125443 88.290321
9.131248 88.329803
9.137053 88.316246
9.142858 88.154655
9.148663 88.121681
9.154468 88.167900
9.160272 88.279358
9.166077 88.411781
9.171882 88.485252
9.177687 88.545555
9.183492 88.556099
9.189297 88.516220
9.195102 88.416397
9.200907 88.315498
9.206712 88.260712
9.212517 88.242332
9.218322 88.293373
9.224127 88.420731
9.229932 88.489838
9.235737 88.496361
9.241542 88.379723
9.247347 87.977493
9.253152 87.895164
9.258957 88.002632
9.264762 88.130661
9.270567 88.214310
9.276372 88.228119
9.282177 88.239410
9.287982 88.312027
9.293787 88.336502
9.299592 88.258163
9.305397 88.096352
9.311202 88.053139
9.317007 88.138374
9.322812 88.225410
9.328617 88.284920
9.334422 88.218369
9.340227 88.075195
9.346032 88.065948
9.351837 88.126068
9.357642 88.190323
9.363446 88.349396
9.369251 88.487991
9.375056 88.552963
9.380861 88.540283
9.386666 119.485916
9.392471 119.605438
9.398276 119.488716
9.404081 119.154922
9.409886 43.066406
9.415691 43.066406
9.421496 88.510193
9.427301 124.905830
9.433106 87.390640
9.438911 88.033157
9.444716 88.159142
9.450521 88.118713
9.456326 87.387810
9.462132 87.322464
9.467937 87.295906
9.473742 87.228394
9.479547 88.304321
9.485352 88.413086
9.491157 88.317467
9.496962 88.153870
9.502767 88.150101
9.508572 88.258720
9.514377 88.400490
9.520182 88.343826
9.525987 88.100250
9.531792 88.098282
9.537597 88.614365
9.543402 88.804428
9.549207 88.712791
9.555012 88.604797
9.560817 88.525154
9.566622 88.375938
9.572426 88.211761
9.578231 88.219322
9.584036 88.342125
9.589841 88.533905
9.595646 119.255867
9.601451 89.121895
9.607256 88.941513
9.613061 88.750656
9.618866 88.676125
9.624671 88.605965
9.630476 88.506683
9.636281 181.673859
9.642086 181.383102
9.647891 88.497986
9.653696 88.312225
9.659501 88.194237
9.665306 357.577148
9.671111 88.141594
9.676916 88.259338
9.682721 88.497688
9.688526 183.494843
9.694331 183.422516
9.700136 183.112518
9.705941 182.877853
9.711746 88.338882
9.717551 87.797562
9.723356 87.646736
9.729161 88.024429
9.734966 88.314972
9.740771 88.636726
9.746576 88.601814
9.752381 88.393723
9.758186 88.279572
9.763991 88.256287
9.769796 88.253517
9.775600 88.296120
9.781405 182.227112
9.787210 87.782608
9.793015 96.443283
9.798820 96.351089
9.804626 96.290535
9.810431 87.072037
9.816236 87.144157
9.822041 87.694450
9.827846 88.505196
9.833651 88.493423
9.839456 88.275818
9.845261 88.110466
9.851066 88.150490
9.856871 130.974854
9.862676 88.031166
9.868481 88.000175
9.874286 88.388733
9.880091 88.861519
9.885896 88.707115
9.891701 88.589714
9.897506 88.496185
9.903311 88.319328
9.909116 88.176285
9.914921 88.231537
9.920726 88.335602
9.926531 88.352898
9.932336 88.438156
9.938141 88.652557
9.943946 88.759682
9.949751 88.711082
9.955556 88.630981
9.961361 88.663834
9.967166 88.681473
9.972971 88.363106
9.978776 87.828537
9.984580 87.559074
9.990385 130.058441
9.996190 132.243759
10.001995 201.680969
10.007800 201.287125
10.013605 201.337189
10.019410 88.297348
10.025215 88.150986
10.031020 88.212112
10.036825 88.317024
10.042630 88.254089
10.048435 88.256493
10.054240 88.380722
10.060045 88.256172
10.065850 87.928757
10.071655 86.957085
10.077460 86.741753
10.083265 86.814194
10.089070 87.774757
10.094875 88.068260
10.100680 88.220169
10.106485 88.216064
10.112290 88.038239
10.118095 87.924263
10.123900 88.589699
10.129705 88.693970
10.135510 88.589622
10.141315 88.508659
10.147120 88.471634
10.152925 88.407776
10.158731 88.253304
10.164536 43.523193
10.170341 43.066406
10.176146 166.061249
10.181951 166.056763
10.187755 88.126167
10.193560 179.816574
10.199365 87.785011
10.205170 87.751274
10.210975 110.022293
10.216780 114.448044
10.222585 114.452347
10.228390 114.445305
10.234195 87.555107
10.240000 87.650284
10.245805 88.238693
10.251610 88.587883
10.257415 88.532616
10.263220 87.794418
10.269025 87.546227
10.274830 87.495140
10.280635 87.482834
10.286440 89.329544
10.292245 89.463676
10.298050 86.808685
10.303855 86.942490
10.309660 88.875641
10.315465 88.437782
10.321270 88.296410
10.327075 88.332863
10.332880 128.854721
10.338685 128.091171
10.344490 88.907150
10.350295 89.137848
10.356100 89.371506
10.361905 89.190468
10.367710 88.028343
10.373515 86.905083
10.379320 86.705971
10.385125 94.699699
10.390930 203.135193
10.396734 203.645325
10.402539 205.134277
10.408344 206.077698
10.414149 205.169983
10.419954 203.010620
10.425759 0.000000
10.431564 127.458572
10.437369 127.769135
10.443174 128.078888
10.448979 88.127296
10.454784 88.393707
10.460589 88.472809
10.466394 88.461899
10.472199 88.514366
10.478004 88.630287
10.483809 88.650642
10.489614 88.206512
10.495420 88.022499
10.501225 88.196800
10.507030 88.251335
10.512835 88.024956
10.518640 87.870453
10.524445 89.009491
10.530250 89.097954
10.536055 88.271950
10.541860 88.146568
10.547665 88.020996
10.553470 88.238281
10.559275 112.054810
10.565080 158.649796
10.570885 151.582230
10.576690 151.301956
10.582495 73.993744
10.588300 176.174896
10.594105 175.984604
10.599909 130.156586
10.605714 129.911957
10.611519 112.233017
10.617324 74.510513
10.623129 74.363625
10.628934 109.385208
10.634739 178.049042
10.640544 74.074333
10.646349 73.990295
10.652154 150.743378
10.657959 150.908112
10.663764 286.136963
10.669569 288.475739
10.675374 292.036865
10.681179 146.927139
10.686984 146.703781
10.692789 146.834747
10.698594 147.089966
10.704399 147.345566
10.710204 147.327301
10.716009 147.210678
10.721814 147.250778
10.727619 147.332092
10.733424 147.327393
10.739229 147.323822
10.745034 147.391937
10.750839 147.495316
10.756644 147.475296
10.762449 147.233643
10.768254 147.065857
10.774059 147.152649
10.779864 147.385025
10.785669 147.548309
10.791474 147.577194
10.797279 147.478699
10.803084 73.720329
10.808888 73.719963
10.814693 129.201263
10.820498 129.147522
10.826303 139.662201
10.832108 199.553070
10.837914 147.338455
10.843719 147.321335
10.849524 147.414261
10.855329 134.436691
10.861134 134.001450
10.866939 147.146454
10.872744 196.998795
10.878549 147.265915
10.884354 147.376724
10.890159 147.433258
10.895964 147.444260
10.901769 147.460785
10.907574 147.509415
10.913379 147.488068
10.919184 147.391037
10.924989 147.388885
10.930794 147.521835
10.936599 147.584457
10.942404 147.489670
10.948209 147.486786
10.954014 147.624146
10.959819 147.564468
10.965624 147.307327
10.971429 147.101425
10.977234 147.021423
10.983039 146.983566
10.988844 146.875534
10.994649 146.627075
11.000454 146.646194
11.006259 146.946625
11.012063 147.279480
11.017868 147.530014
11.023673 147.544937
11.029478 147.454132
11.035283 147.345917
11.041088 147.188934
11.046893 147.132202
11.052698 147.183594
11.058503 147.097839
11.064308 146.957321
11.070113 146.973328
11.075918 147.055023
11.081723 146.998108
11.087528 146.855469
11.093333 146.985489
11.099138 147.190750
11.104943 147.141891
11.110748 147.082535
11.116553 293.995605
11.122358 147.443939
11.128163 147.384277
11.133968 147.259811
11.139773 147.286331
11.145578 147.409225
11.151383 147.419220
11.157188 147.254639
11.162993 147.203262
11.168798 147.516418
11.174603 147.993607
11.180408 148.596512
11.186213 149.857468
11.192019 144.190231
11.197824 149.249664
11.203629 149.230377
11.209434 149.388733
11.215239 98.228630
11.221043 98.190796
11.226848 147.268555
11.232653 147.287430
11.238458 147.324905
11.244263 147.354462
11.250068 147.442322
11.255873 147.547928
11.261678 147.505859
11.267483 147.427460
11.273288 98.239471
11.279093 172.856079
11.284898 98.738289
11.290703 98.669594
11.296508 98.497963
11.302313 98.469673
11.308118 147.443542
11.313923 147.435776
11.319728 147.413528
11.325533 98.641640
11.331338 98.687309
11.337143 98.587044
11.342948 98.585258
11.348753 98.833900
11.354558 98.722710
11.360363 98.655502
11.366168 98.774216
11.371973 98.781197
11.377778 98.623207
11.383583 98.496819
11.389388 98.500778
11.395193 98.790741
11.400998 99.195312
11.406803 99.446388
11.412608 99.670998
11.418413 107.599579
11.424217 110.438583
11.430022 109.365189
11.435827 199.108246
11.441632 198.584976
11.447437 230.824203
11.453242 345.273224
11.459047 83.560341
11.464852 83.382698
11.470657 129.242188
11.476462 82.794243
11.482267 86.088142
11.488072 86.284462
11.493877 83.921364
11.499682 120.391190
11.505487 132.933868
11.511292 133.084595
11.517097 98.548538
11.522902 98.495850
11.528708 98.457970
11.534513 98.427254
11.540318 98.579002
11.546123 99.301071
11.551928 99.304596
11.557733 99.001709
11.563538 98.642242
11.569343 98.750916
11.575148 99.156761
11.580953 99.414192
11.586758 99.648842
11.592563 99.918167
11.598368 101.036728
11.604173 100.212502
11.609978 100.143303
11.615783 100.079842
11.621588 99.662872
11.627392 99.106232
11.633197 98.711143
11.639002 98.551170
11.644807 98.507942
11.650612 98.465813
11.656417 98.580376
11.662222 99.048386
11.668027 99.155159
11.673832 98.933105
11.679637 98.741173
11.685442 98.670242
11.691247 98.608368
11.697052 98.641243
11.702857 98.848969
11.708662 98.847313
11.714467 98.597931
11.720272 99.532509
11.726077 99.751930
11.731882 99.767395
11.737687 99.727509
11.743492 99.720497
11.749297 99.741547
11.755102 99.642349
11.760907 99.283264
11.766712 99.108940
11.772517 141.460754
11.778322 99.625031
11.784127 99.591377
11.789932 98.294182
11.795737 98.103790
11.801542 100.404411
11.807347 198.134369
11.813152 0.000000
11.818957 143.324478
11.824762 74.129608
11.830567 76.701645
11.836371 100.657516
11.842176 99.541847
11.847981 99.552101
11.853786 99.641052
11.859591 99.622055
11.865396 135.703415
11.871202 146.852966
11.877007 140.656494
11.882812 140.255295
11.888617 139.846222
11.894422 139.918213
11.900227 50.139614
11.906032 139.940567
11.911837 139.709854
11.917642 139.742035
11.923447 139.846054
11.929252 139.737762
11.935057 98.791351
11.940862 98.627617
11.946667 139.853058
11.952472 140.207031
11.958277 140.681122
11.964082 49.747971
11.969887 99.179535
11.975692 99.705215
11.981497 99.869919
11.987302 99.863144
11.993107 103.043770
11.998912 102.852470
12.004717 202.700455
12.010522 202.045975
12.016327 201.847916
12.022132 201.735641
12.027937 201.394211
12.033742 200.434052
12.039546 199.421890
12.045351 198.805771
12.051156 198.117844
12.056961 197.973755
12.062766 201.399460
12.068571 213.750656
12.074376 212.542862
12.080181 202.435562
12.085986 199.946213
12.091791 197.266464
12.097596 134.133469
12.103401 197.654648
12.109206 234.365723
12.115011 233.925201
12.120816 232.603149
12.126621 220.777359
12.132426 219.596008
12.138231 215.417969
12.144036 141.060791
12.149841 140.838165
12.155646 140.619980
12.161451 140.466934
12.167256 140.352341
12.173061 224.684113
12.178866 130.503464
12.184671 146.468307
12.190476 240.576263
12.196281 265.148376
12.202086 264.822632
12.207891 117.449219
12.213696 117.150459
12.219501 111.735512
12.225307 67.872162
12.231112 73.349068
12.236917 271.477966
12.242722 270.784912
12.248526 288.507080
12.254331 265.483704
12.260136 264.429230
12.265941 290.742432
12.271746 131.729797
12.277551 131.559128
12.283356 258.199036
12.289161 259.112823
12.294966 259.386902
12.300771 125.406219
12.306576 265.764984
12.312381 131.227325
12.318186 131.267227
12.323991 131.179749
12.329796 131.314423
12.335601 131.614807
12.341406 131.736725
12.347211 131.659180
12.353016 131.540848
12.358821 131.456528
12.364626 131.427536
12.370431 131.386276
12.376236 131.219421
12.382041 131.094162
12.387846 131.079880
12.393651 131.294189
12.399456 131.696686
12.405261 131.471863
12.411066 67.558968
12.416871 67.614899
12.422676 154.235580
12.428481 131.083588
12.434286 131.289642
12.440091 65.956505
12.445896 131.906342
12.451700 131.751785
12.457505 131.627579
12.463310 131.604950
12.469115 131.589508
12.474920 131.535278
12.480725 131.247818
12.486530 131.097870
12.492335 131.235901
12.498140 131.752853
12.503945 131.992432
12.509750 131.790359
12.515555 131.516251
12.521360 131.003754
12.527165 130.382004
12.532970 130.400848
12.538775 130.487595
12.544580 130.653900
12.550385 130.884857
12.556190 131.018417
12.561996 131.120300
12.567801 131.321594
12.573606 131.520355
12.579411 131.612198
12.585216 131.469666
12.591021 131.158188
12.596826 130.853577
12.602631 130.376724
12.608436 129.770660
12.614241 94.979027
12.620046 94.981964
12.625851 88.403679
12.631656 273.065063
12.637461 270.323059
12.643266 131.267654
12.649071 131.255875
12.654876 131.242386
12.660680 131.231293
12.666485 130.996841
12.672290 130.271744
12.678095 129.856171
12.683900 130.009766
12.689705 131.155472
12.695510 131.332458
12.701315 131.058395
12.707120 130.835938
12.712925 130.787415
12.718730 260.668732
12.724535 88.479408
12.730340 132.584198
12.736145 130.209610
12.741950 130.008682
12.747755 97.831390
12.753560 131.442429
12.759365 131.229874
12.765170 131.082764
12.770975 131.340622
12.776780 80.004555
12.782585 97.803589
12.788390 100.882111
12.794195 100.849777
12.800000 109.595436
12.805805 109.317139
12.811610 109.207359
12.817415 101.732162
12.823220 101.909828
12.829025 202.221161
12.834830 201.958725
12.840635 101.161118
12.846440 102.380699
12.852245 66.289917
12.858050 66.345856
12.863854 66.228073
12.869659 99.450966
12.875464 102.506836
12.881269 130.885040
12.887074 131.248718
12.892879 132.734879
12.898685 65.794365
12.904490 114.304924
12.910295 115.118370
12.916100 66.279106
12.921905 66.108421
12.927710 155.409531
12.933515 131.676163
12.939320 131.438934
12.945125 130.896469
12.950930 65.878723
12.956735 65.950768
12.962540 66.028893
12.968345 66.024597
12.974150 65.954811
12.979955 65.801208
12.985760 130.415741
12.991565 130.868820
12.997370 131.250015
13.003175 131.636154
13.008980 131.642212
13.014785 131.246201
13.020590 130.988373
13.026395 120.663414
13.032200 103.645889
13.038005 66.086655
13.043810 66.173920
13.049615 132.529907
13.055420 131.829575
13.061225 131.225159
13.067030 130.891525
13.072834 130.875320
13.078639 130.659500
13.084444 130.202423
13.090249 130.245346
13.096054 130.828415
13.101859 132.033875
13.107664 132.076248
13.113469 131.430038
13.119274 131.010422
13.125079 131.016373
13.130884 131.671005
13.136689 132.471832
13.142494 132.223083
13.148299 131.611877
13.154104 131.640854
13.159909 131.976212
13.165714 132.230743
13.171519 132.172897
13.177324 131.440338
13.183129 131.137878
13.188934 131.918381
13.194739 132.537338
13.200544 67.221054
13.206349 67.055328
13.212154 111.738647
13.217959 65.573593
13.223764 65.542175
13.229569 65.529449
13.235374 65.562370
13.241179 65.695244
13.246984 66.041573
13.252789 66.234787
13.258595 195.566330
13.264400 195.507721
13.270205 65.656975
13.276009 65.449013
13.281814 65.482430
13.287619 196.413208
13.293424 196.518646
13.299229 66.744743
13.305034 66.361458
13.310839 65.291183
13.316644 66.271385
13.322449 66.286499
13.328254 65.520691
13.334059 65.540329
13.339864 65.720734
13.345669 65.899055
13.351474 65.779396
13.357279 65.685791
13.363084 65.725571
13.368889 106.262306
13.374694 65.693672
13.380499 65.469139
13.386304 65.473450
13.392109 65.572006
13.397914 104.751335
13.403719 104.982681
13.409524 103.398521
13.415329 269.846741
13.421134 270.471619
13.426939 270.730377
13.432744 90.730110
13.438549 88.444519
13.444354 98.824364
13.450159 98.840691
13.455964 66.498177
13.461769 66.539635
13.467574 261.986206
13.473379 260.897278
13.479183 129.453018
13.484988 131.971634
13.490793 131.883163
13.496598 131.820618
13.502403 263.445709
13.508208 87.423073
13.514013 87.359520
13.519818 87.494133
13.525623 131.337234
13.531428 262.159210
13.537233 261.559357
13.543038 130.009689
13.548843 130.049011
13.554648 104.170471
13.560453 104.207024
13.566258 104.225868
13.572063 104.316223
13.577868 65.149620
13.583673 65.358704
13.589478 105.268913
13.595284 105.339745
13.601089 104.926353
13.606894 104.756096
13.612699 202.412857
13.618504 202.563599
13.624309 202.880890
13.630114 101.646980
13.635919 99.070145
13.641724 99.072746
13.647529 202.848618
13.653334 97.723946
13.659139 98.180740
13.664944 98.120232
13.670749 195.772141
13.676554 195.732117
13.682359 196.006409
13.688163 196.474213
13.693968 197.172440
13.699773 98.300507
13.705578 98.093155
13.711383 204.115997
13.717188 201.680130
13.722993 200.318909
13.728798 194.885849
13.734603 195.087875
13.740408 195.679443
13.746213 99.243652
13.752018 98.951103
13.757823 98.447899
13.763628 65.910522
13.769433 198.772232
13.775238 198.365936
13.781043 104.729874
13.786848 104.672974
13.792653 104.539719
13.798458 66.266075
13.804263 66.295494
13.810068 104.624008
13.815873 0.000000
13.821678 132.979156
13.827483 127.434464
13.833288 109.838600
13.839093 109.849457
13.844898 98.623840
13.850703 99.029999
13.856508 126.533768
13.862313 126.842537
13.868118 96.914963
13.873923 97.066811
13.879728 87.554703
13.885533 87.677071
13.891337 130.420059
13.897142 130.248596
13.902947 130.077164
13.908752 66.546097
13.914557 66.622650
13.920362 66.635674
13.926167 66.386063
13.931973 128.715988
13.937778 129.564667
13.943583 130.297592
13.949388 130.989395
13.955193 131.443634
13.960998 132.661148
13.966803 132.833191
13.972608 132.708649
13.978413 132.612473
13.984218 66.056549
13.990023 106.041168
13.995828 106.112480
14.001633 66.102188
14.007438 70.068008
14.013243 70.131149
14.019048 66.016449
14.024853 105.400009
14.030658 105.738289
14.036463 106.192902
14.042268 201.167175
14.048073 201.419632
14.053878 201.262161
14.059683 100.109329
14.065488 199.143219
14.071293 66.225037
14.077098 66.357872
14.082903 188.879227
14.088708 100.033028
14.094513 100.628075
14.100317 101.015182
14.106122 66.664848
14.111927 191.766296
14.117732 191.712769
14.123537 104.042099
14.129342 194.330582
14.135147 195.000351
14.140952 195.279495
14.146757 99.542458
14.152562 99.686592
14.158367 194.988876
14.164172 194.519928
14.169977 194.224167
14.175782 99.324821
14.181587 98.849640
14.187392 98.711220
14.193197 196.610916
14.199002 196.675156
14.204807 100.990929
14.210612 101.189644
14.216417 101.344383
14.222222 101.756348
14.228027 206.848663
14.233832 64.527214
14.239637 66.101974
14.245442 65.957893
14.251247 210.496429
14.257052 211.739624
14.262857 66.273857
14.268662 66.200661
14.274467 130.860672
14.280272 130.833633
14.286077 261.645630
14.291883 87.623184
14.297688 87.813156
14.303492 87.983185
14.309297 88.004410
14.315102 88.015358
14.320907 131.740036
14.326712 132.583923
14.332517 130.570099
14.338322 261.044006
14.344127 261.616974
14.349932 91.324776
14.355737 91.232124
14.361542 91.200912
14.367347 89.332870
14.373152 89.362549
14.378957 131.533966
14.384762 131.019791
14.390567 104.889885
14.396372 100.896317
14.402177 100.592430
14.407982 100.550346
14.413787 101.553978
14.419592 202.772202
14.425397 202.774506
14.431202 101.341309
14.437007 101.230484
14.442812 98.476860
14.448617 201.460831
14.454422 201.125900
14.460227 101.277573
14.466032 103.500114
14.471837 104.663788
14.477642 104.740952
14.483447 104.679924
14.489252 104.723419
14.495057 104.806892
14.500862 104.662773
14.506667 104.407036
14.512471 104.395439
14.518276 104.468605
14.524081 104.301605
14.529886 104.035576
14.535691 104.137741
14.541496 104.669189
14.547301 105.144447
14.553106 105.398628
14.558911 106.180153
14.564716 106.445755
14.570521 131.837463
14.576326 131.239029
14.582131 1584.033936
14.587936 130.685486
14.593741 130.599289
14.599546 130.458969
14.605351 68.525749
14.611156 68.516106
14.616961 133.405151
14.622766 133.766693
14.628572 134.541245
14.634377 115.499710
14.640182 100.657082
14.645987 88.050896
14.651792 88.150391
14.657597 132.046616
14.663402 263.834564
14.669207 208.779282
14.675012 105.162468
14.680817 105.606308
14.686622 130.597885
14.692427 131.207291
14.698232 131.563965
14.704037 131.516693
14.709842 131.269318
14.715646 131.281830
14.721451 131.256805
14.727256 131.017899
14.733061 130.532013
14.738866 130.007095
14.744671 130.566772
14.750476 131.347305
14.756281 131.507141
14.762086 73.699364
14.767891 131.158203
14.773696 130.731003
14.779501 130.654175
14.785306 65.528442
14.791111 65.709930
14.796916 131.166870
14.802721 130.941299
14.808526 130.550858
14.814331 130.869125
14.820136 815.264771
14.825941 70.572739
14.831746 203.621521
14.837551 202.910553
14.843356 201.694916
14.849161 200.141510
14.854966 199.606125
14.860771 199.032898
14.866576 113.624054
14.872381 131.308929
14.878186 131.609833
14.883991 131.618332
14.889796 99.166084
14.895601 99.287453
14.901406 65.921692
14.907211 131.666595
14.913016 131.566711
14.918821 131.532364
14.924625 131.686035
14.930430 131.905823
14.936235 131.960938
14.942040 131.884476
14.947845 131.910751
14.953650 132.046326
14.959455 132.324158
14.965261 99.755951
14.971066 99.607735
14.976871 98.926514
14.982676 98.802490
14.988481 131.276047
14.994286 131.139877
15.000091 131.024826
15.005896 783.092224
15.011701 784.513000
15.017506 789.216919
15.023311 131.706741
15.029116 789.856567
15.034921 789.730225
15.040726 266.145325
15.046531 266.475830
15.052336 265.907043
15.058141 195.417435
15.063946 196.137192
15.069751 114.118599
15.075556 114.357841
15.081361 131.234390
15.087166 131.269882
15.092971 65.903557
15.098776 88.192184
15.104581 262.399414
15.110386 262.640442
15.116191 262.979675
15.121996 263.189026
15.127800 87.863815
15.133605 87.907135
15.139410 131.936844
15.145215 131.874634
15.151020 262.708008
15.156825 262.284271
15.162630 262.015442
15.168435 262.030090
15.174240 262.563385
15.180045 88.080643
15.185850 87.926399
15.191655 87.929871
15.197460 99.466637
15.203265 99.421371
15.209070 99.332741
15.214875 173.424545
15.220680 111.209625
15.226485 121.075409
15.232290 200.164627
15.238095 201.062317
15.243900 201.359390
15.249705 201.701385
15.255510 201.931778
15.261315 201.860641
15.267120 201.063980
15.272925 198.724136
15.278730 197.721664
15.284535 98.888206
15.290340 197.280472
15.296145 197.624191
15.301950 197.909882
15.307755 198.043854
15.313560 198.362274
15.319366 198.711731
15.325171 198.560867
15.330976 197.859879
15.336780 197.257126
15.342585 197.009918
15.348390 196.899353
15.354195 196.651428
15.360000 209.673996
15.365805 223.743057
15.371610 223.442810
15.377415 223.152100
15.383220 225.133270
15.389025 259.476898
15.394830 261.436340
15.400635 198.188187
15.406440 198.283920
15.412245 196.124847
15.418050 196.511703
15.423855 263.443634
15.429660 0.000000
15.435465 0.000000
15.441270 0.000000
15.447075 320.667419
15.452880 0.000000
15.458685 110.176010
15.464490 112.882729
15.470295 112.119102
15.476100 112.027481
15.481905 176.769775
15.487710 223.809601
15.493515 223.740158
15.499320 223.576675
15.505125 223.200211
15.510930 240.228729
15.516735 88.538170
15.522540 88.443031
15.528345 88.348816
15.534150 88.334602
15.539954 88.444641
15.545759 91.111977
15.551564 91.134537
15.557369 91.189705
15.563174 176.548721
15.568979 176.359177
15.574784 186.215714
15.580589 88.357422
15.586394 88.488426
15.592199 88.575516
15.598004 176.965363
15.603809 177.070389
15.609614 177.239548
15.615419 177.363129
15.621224 88.572098
15.627029 88.433372
15.632834 88.352760
15.638639 115.788498
15.644444 167.845062
15.650249 168.037338
15.656054 168.095459
15.661860 167.929489
15.667665 176.964203
15.673470 176.961838
15.679275 176.916428
15.685080 88.452576
15.690885 88.506805
15.696690 176.954514
15.702495 176.831253
15.708300 176.665314
15.714105 176.556076
15.719910 88.075310
15.725715 131.707596
15.731520 131.664963
15.737325 131.353699
15.743129 176.570221
15.748934 176.206085
15.754739 176.225815
15.760544 183.664749
15.766349 168.017853
15.772154 115.601608
15.777959 115.643936
15.783764 115.639214
15.789569 176.667282
15.795374 88.350281
15.801179 177.117706
15.806984 178.252853
15.812789 179.561508
15.818594 179.984940
15.824399 88.179817
15.830204 131.359283
15.836009 131.571823
15.841814 111.817451
15.847619 67.089371
15.853424 167.282471
15.859229 167.085144
15.865034 152.795212
15.870839 132.272141
15.876644 132.096298
15.882449 131.803741
15.888254 88.456192
15.894059 88.466759
15.899864 88.389458
15.905669 88.289909
15.911474 88.307137
15.917279 88.299675
15.923084 175.699432
15.928889 175.495819
15.934694 175.786911
15.940499 88.224396
15.946304 88.202583
15.952108 88.034401
15.957913 87.904274
15.963718 87.603577
15.969523 87.300064
15.975328 87.122612
15.981133 88.387604
15.986938 88.519844
15.992743 88.580772
15.998549 88.412140
16.004354 87.962296
16.010159 87.931908
16.015965 87.958763
16.021769 87.983765
16.027575 88.176476
16.033379 88.577515
16.039185 88.591545
16.044989 88.541687
16.050795 88.668831
16.056599 88.630089
16.062403 88.314926
16.068209 88.179970
16.074013 88.208191
16.079819 88.704666
16.085623 88.710869
16.091429 88.573685
16.097233 88.346634
16.103039 88.032013
16.108843 88.106369
16.114649 88.922134
16.120453 88.741470
16.126259 88.132896
16.132063 88.225754
16.137869 88.176842
16.143673 88.030281
16.149479 88.584091
16.155283 88.673485
16.161089 88.651360
16.166893 88.594444
16.172699 88.473129
16.178503 88.364929
16.184309 88.396706
16.190113 87.351067
16.195919 88.795441
16.201723 88.273567
16.207529 88.051155
16.213333 88.075836
16.219139 88.106483
16.224943 88.002769
16.230749 87.763870
16.236553 104.608002
16.242359 104.909630
16.248163 104.416107
16.253969 87.636169
16.259773 87.782814
16.265577 87.925179
16.271383 88.128166
16.277187 88.384560
16.282993 88.487053
16.288797 88.241241
16.294603 88.027939
16.300407 87.690147
16.306213 87.337143
16.312017 86.808731
16.317823 86.627426
16.323627 88.522263
16.329433 88.408501
16.335238 87.875954
16.341043 87.660545
16.346848 87.572914
16.352654 88.281075
16.358458 87.392609
16.364264 87.404297
16.370068 87.517586
16.375874 87.640724
16.381678 87.777573
16.387484 87.974052
16.393288 88.237122
16.399094 88.631050
16.404898 88.704063
16.410704 87.664932
16.416508 88.338058
16.422314 88.579124
16.428118 88.590294
16.433924 88.557228
16.439728 88.561714
16.445534 88.222870
16.451338 88.145332
16.457144 88.074745
16.462948 87.820503
16.468752 87.538979
16.474558 87.542984
16.480362 87.780785
16.486168 87.826675
16.491972 87.928596
16.497778 88.136429
16.503582 88.180061
16.509388 88.114685
16.515192 176.169174
16.520998 176.625534
16.526802 176.489075
16.532608 176.226791
16.538412 88.178665
16.544218 88.192818
16.550022 176.297684
16.555828 176.311096
16.561632 88.480721
16.567438 175.874359
16.573242 175.693329
16.579048 175.754181
16.584852 176.227188
16.590658 176.383545
16.596462 175.774155
16.602268 87.877304
16.608072 88.005058
16.613878 175.210510
16.619682 175.448212
16.625488 175.623062
16.631292 175.577179
16.637098 175.099518
16.642902 174.563309
16.648708 122.932182
16.654512 122.957695
16.660318 127.851067
16.666122 160.385345
16.671926 87.492638
16.677732 87.591019
16.683537 87.568016
16.689342 87.506287
16.695147 87.427956
16.700953 89.216072
16.706757 89.375946
16.712563 87.366127
16.718367 89.431946
16.724173 89.207420
16.729977 89.055191
16.735783 87.439728
16.741587 128.726074
16.747393 128.852844
16.753197 87.869804
16.759003 87.880013
16.764807 87.918098
16.770613 94.704559
16.776417 88.215134
16.782223 88.302589
16.788027 88.375404
16.793833 88.257454
16.799637 88.094971
16.805443 88.311554
16.811247 88.450287
16.817053 88.495926
16.822857 88.531815
16.828663 88.917152
16.834467 103.277596
16.840273 1398.014282
16.846077 201.245148
16.851883 201.648743
16.857687 201.773239
16.863493 201.766342
16.869297 201.628586
16.875101 201.407059
16.880907 115.717705
16.886711 87.775192
16.892517 87.835022
16.898321 93.594742
16.904127 98.127365
16.909931 97.753540
16.915737 93.808784
16.921541 93.673820
16.927347 93.804489
16.933151 88.751854
16.938957 88.457069
16.944761 88.413208
16.950567 92.615776
16.956371 88.884048
16.962177 88.973442
16.967981 89.080460
16.973787 89.196533
16.979591 89.158798
16.985397 88.755135
16.991201 101.865601
16.997007 96.340332
17.002811 96.283073
17.008617 93.994637
17.014421 98.285248
17.020227 108.085854
17.026031 3836.636475
17.031837 158.066589
17.037642 158.152069
17.043447 158.216064
17.049252 141.059784
17.055058 140.857712
17.060862 0.000000
17.066668 0.000000
17.072472 102.117294
17.078278 99.394905
17.084082 99.568825
17.089886 260.769165
17.095692 127.502663
17.101496 151.057892
17.107302 150.297897
17.113106 157.718628
17.118912 102.378258
17.124716 98.675964
17.130522 293.105804
17.136326 294.011566
17.142132 98.698975
17.147936 98.840775
17.153742 98.833420
17.159546 98.675377
17.165352 97.841698
17.171156 97.707573
17.176962 296.778168
17.182766 296.951874
17.188572 147.495087
17.194376 147.196198
17.200182 98.435905
17.205986 98.678795
17.211792 98.687103
17.217596 98.459473
17.223402 98.369247
17.229206 98.448868
17.235012 98.482262
17.240816 197.094971
17.246622 197.683929
17.252426 198.379852
17.258232 98.225571
17.264036 98.333923
17.269842 98.374916
17.275646 98.356453
17.281452 98.349297
17.287256 98.360481
17.293060 98.339378
17.298866 98.346291
17.304670 98.367950
17.310476 98.273163
17.316280 98.124809
17.322086 98.035698
17.327890 98.100082
17.333696 98.380867
17.339500 98.613602
17.345306 98.713203
17.351110 98.804916
17.356916 98.892853
17.362720 98.877556
17.368526 98.747475
17.374331 98.646675
17.380136 98.835541
17.385941 99.065804
17.391747 98.968613
17.397551 98.383514
17.403357 98.097343
17.409161 98.278580
17.414967 98.531143
17.420771 98.323929
17.426577 98.160896
17.432381 98.080177
17.438187 97.997162
17.443991 97.842705
17.449797 97.976707
17.455601 99.107956
17.461407 99.347656
17.467211 99.350182
17.473017 99.103218
17.478821 98.636833
17.484627 98.793091
17.490431 98.807289
17.496235 98.597221
17.502041 98.377380
17.507845 98.285774
17.513651 98.481613
17.519455 98.836411
17.525261 98.973785
17.531065 98.823700
17.536871 146.889389
17.542675 146.739014
17.548481 146.722733
17.554285 146.626755
17.560091 135.154800
17.565895 134.994522
17.571701 134.762756
17.577505 134.680786
17.583311 134.769882
17.589115 134.829056
17.594921 99.642273
17.600725 99.523079
17.606531 134.569733
17.612335 196.662643
17.618141 197.536194
17.623945 133.740051
17.629751 133.542328
17.635555 147.204254
17.641361 198.781738
17.647165 147.678177
17.652971 119.512657
17.658775 98.059875
17.664581 149.262589
17.670385 148.939209
17.676191 148.633362
17.681995 148.109879
17.687801 196.818481
17.693605 196.439987
17.699409 49.269508
17.705215 197.669601
17.711020 197.189163
17.716825 197.120087
17.722630 49.353436
17.728436 194.884720
17.734240 185.848206
17.740046 49.444302
17.745850 49.450291
17.751656 194.329590
17.757460 175.882126
17.763266 49.606941
17.769070 177.694473
17.774876 157.151199
17.780680 49.550991
17.786486 49.570351
17.792290 148.115662
17.798096 148.175751
17.803900 148.378922
17.809706 148.337326
17.815510 147.607513
17.821316 147.301254
17.827120 98.659782
17.832926 148.005341
17.838730 147.876511
17.844536 98.487183
17.850340 98.356361
17.856146 102.368652
17.861950 73.169685
17.867756 72.861740
17.873560 139.987579
17.879366 140.339096
17.885170 147.442673
17.890976 98.483276
17.896780 98.670219
17.902586 146.073410
17.908390 145.555374
17.914194 140.895645
17.920000 147.018509
17.925804 147.398468
17.931610 147.302902
17.937414 147.512238
17.943220 147.598282
17.949024 147.337601
17.954830 147.427155
17.960634 148.440979
17.966440 148.784119
17.972244 148.127136
17.978050 148.446320
17.983854 149.650833
17.989660 149.452454
17.995464 148.708939
18.001270 148.657501
18.007074 148.981308
18.012880 149.150101
18.018684 148.977936
18.024490 148.565598
18.030294 147.730881
18.036100 147.596344
18.041904 149.897598
18.047710 150.011856
18.053514 148.995514
18.059320 148.055023
18.065125 147.541611
18.070930 147.118637
18.076735 140.345352
18.082541 98.236588
18.088345 98.476364
18.094151 98.722603
18.099955 98.692657
18.105761 98.579376
18.111565 98.598526
18.117369 140.338989
18.123175 139.881516
18.128979 98.687920
18.134785 98.734619
18.140589 98.909340
18.146395 99.071495
18.152199 99.177017
18.158005 139.166855
18.163809 138.956131
18.169615 138.813919
18.175419 143.529449
18.181225 143.128387
18.187029 143.179733
18.192835 99.569344
18.198639 145.472153
18.204445 145.410263
18.210249 141.905930
18.216055 142.116028
18.221859 142.958450
18.227665 145.543640
18.233469 148.377594
18.239275 98.314888
18.245079 98.928177
18.250885 109.158836
18.256689 109.390411
18.262495 124.627014
18.268299 124.746674
18.274105 77.793411
18.279909 141.519882
18.285715 76.347015
18.291519 0.000000
18.297325 143.179016
18.303129 143.508926
18.308935 144.777206
18.314739 145.424820
18.320543 140.999680
18.326349 146.857574
18.332153 146.738098
18.337959 146.034683
18.343763 141.274689
18.349569 140.547791
18.355373 140.098236
18.361179 132.960739
18.366983 132.705139
18.372789 132.952774
18.378593 133.458313
18.384399 138.444977
18.390203 98.040634
18.396009 98.146957
18.401814 98.098221
18.407619 97.830620
18.413424 99.558067
18.419230 99.545357
18.425034 97.553642
18.430840 101.738068
18.436644 236.676682
18.442450 224.019852
18.448254 222.283356
18.454060 221.074127
18.459864 220.258118
18.465670 105.277321
18.471474 98.828392
18.477280 196.551468
18.483084 196.647171
18.488890 196.622238
18.494694 197.383255
18.500500 198.851105
18.506304 97.312386
18.512110 129.662582
18.517914 129.851395
18.523718 199.590515
18.529524 132.906845
18.535328 130.699631
18.541134 191.585434
18.546938 191.809799
18.552744 131.209763
18.558548 133.398819
18.564354 192.570190
18.570158 193.184036
18.575964 193.190994
18.581768 192.865479
18.587574 146.937180
18.593378 147.188248
18.599184 147.673218
18.604988 203.030563
18.610794 275.859772
18.616598 146.469788
18.622404 146.345917
18.628208 146.451111
18.634014 140.461716
18.639818 132.024399
18.645624 131.905899
18.651428 125.242920
18.657234 74.124893
18.663038 74.079117
18.668844 0.000000
18.674648 167.989105
18.680454 168.157883
18.686258 131.637512
18.692064 177.219589
18.697868 265.601990
18.703674 264.504761
18.709478 199.547440
18.715284 199.483398
18.721088 65.734192
18.726892 66.251541
18.732698 263.846100
18.738503 106.028564
18.744308 110.130135
18.750113 115.639595
18.755919 131.881943
18.761723 131.702988
18.767529 131.562576
18.773333 66.325439
18.779139 177.879730
18.784943 178.220734
18.790749 105.840889
18.796553 66.210472
18.802359 66.182167
18.808163 66.178993
18.813969 66.196037
18.819773 116.219727
18.825579 178.144363
18.831383 178.254913
18.837189 154.473709
18.842993 66.391525
18.848799 375.768951
18.854603 230.580872
18.860409 231.086151
18.866213 129.871063
18.872019 129.556946
18.877823 232.828979
18.883629 105.763000
18.889433 105.790344
18.895239 209.966614
18.901043 209.466965
18.906849 66.241600
18.912653 178.413696
18.918459 178.532303
18.924263 189.332474
18.930069 189.076538
18.935873 130.427673
18.941677 66.172325
18.947483 66.246513
18.953287 206.972519
18.959093 207.822357
18.964897 66.184196
18.970703 66.203247
18.976507 66.211433
18.982313 66.176453
18.988117 66.171638
18.993923 66.218910
18.999727 66.266251
19.005533 66.257439
19.011337 66.201981
19.017143 66.166733
19.022947 146.375244
19.028753 146.120239
19.034557 131.861923
19.040363 121.601410
19.046167 115.195610
19.051973 109.577026
19.057777 109.504547
19.063583 109.701424
19.069387 0.000000
19.075193 85.939758
19.080997 135.839508
19.086803 136.071411
19.092607 263.289520
19.098413 262.938263
19.104218 262.191345
19.110023 260.800812
19.115828 259.760864
19.121634 129.382187
19.127438 129.454819
19.133244 129.496292
19.139048 233.245758
19.144852 233.902908
19.150658 121.866638
19.156462 132.629410
19.162268 132.789673
19.168072 66.480698
19.173878 132.163849
19.179682 132.014786
19.185488 132.015244
19.191292 132.146729
19.197098 132.471100
19.202902 132.704269
19.208708 132.904312
19.214512 133.057968
19.220318 133.080429
19.226122 133.026688
19.231928 66.518295
19.237732 66.411026
19.243538 201.022598
19.249342 201.842422
19.255148 201.584076
19.260952 201.352341
19.266758 133.461563
19.272562 135.604294
19.278368 135.875412
19.284172 135.869888
19.289978 130.740158
19.295782 130.362152
19.301588 130.307877
19.307392 130.407730
19.313198 130.599640
19.319002 130.564850
19.324808 130.177399
19.330612 129.866318
19.336418 130.108521
19.342222 130.754181
19.348026 131.372467
19.353832 131.806503
19.359636 131.879105
19.365442 131.775955
19.371246 131.721954
19.377052 131.766861
19.382856 131.685410
19.388662 131.528152
19.394466 66.150139
19.400272 66.219345
19.406076 66.191460
19.411882 66.143600
19.417686 66.177818
19.423492 199.635773
19.429296 201.521881
19.435102 116.522476
19.440907 78.191711
19.446712 137.589630
19.452517 137.435867
19.458323 137.089127
19.464127 136.432938
19.469933 108.819496
19.475737 135.903564
19.481543 66.357262
19.487347 129.916794
19.493153 130.485367
19.498957 130.783936
19.504763 131.048508
19.510567 131.579681
19.516373 131.891205
19.522177 131.861481
19.527983 131.780823
19.533787 131.691483
19.539593 126.414795
19.545397 66.359940
19.551201 66.313164
19.557007 125.830368
19.562811 131.665115
19.568617 131.204224
19.574421 130.845322
19.580227 131.284973
19.586031 131.595139
19.591837 131.439819
19.597641 130.358551
19.603447 130.362198
19.609251 131.218552
19.615057 132.082367
19.620861 132.320312
19.626667 124.872520
19.632471 121.234863
19.638277 105.832153
19.644081 66.514061
19.649887 204.240097
19.655691 204.316849
19.661497 204.203857
19.667301 133.456741
19.673107 66.171562
19.678911 66.137367
19.684717 66.035973
19.690521 134.653351
19.696327 65.547112
19.702131 66.111313
19.707937 65.893295
19.713741 65.698074
19.719547 65.327217
19.725351 65.145699
19.731157 243.110291
19.736961 66.418190
19.742767 66.449226
19.748571 66.381630
19.754377 131.655167
19.760181 131.868912
19.765985 66.166817
19.771791 66.167320
19.777596 66.108772
19.783401 132.417923
19.789206 132.274933
19.795012 132.116089
19.800816 131.740448
19.806622 131.252548
19.812426 131.036407
19.818232 130.999710
19.824036 237.913040
19.829842 237.368134
19.835646 236.405884
19.841452 181.431396
19.847256 181.649902
19.853062 0.000000
19.858866 0.000000
19.864672 87.925278
19.870476 87.740791
19.876282 132.345718
19.882086 132.009506
19.887892 262.739929
19.893696 260.873230
19.899502 129.701523
19.905306 132.264572
19.911112 131.849487
19.916916 131.008163
19.922722 130.107758
19.928526 105.934425
19.934332 105.879768
19.940136 106.429405
19.945942 106.937279
19.951746 111.766693
19.957552 131.643188
19.963356 131.589676
19.969160 131.030838
19.974966 130.826447
19.980770 131.520218
19.986576 66.443314
19.992380 131.769516
19.998186 131.654861
20.003990 131.397476
20.009796 130.783936
20.015600 130.196854
20.021406 0.000000
20.027210 111.685143
20.033016 204.034210
20.038820 203.849258
20.044626 203.795013
20.050430 134.681015
20.056236 134.531067
20.062040 134.224884
20.067846 132.954666
20.073650 132.504425
20.079456 129.239410
20.085260 132.065018
20.091066 131.805984
20.096870 101.810791
20.102676 101.952423
20.108480 214.453613
20.114286 214.968765
20.120090 129.609879
20.125896 130.581375
20.131701 130.467819
20.137506 66.750008
20.143311 66.833656
20.149117 66.853889
20.154921 111.117920
20.160727 66.146233
20.166531 66.093758
20.172335 66.067001
20.178141 65.971962
20.183945 65.952904
20.189751 66.028030
20.195555 66.143517
20.201361 66.300713
20.207165 131.032837
20.212971 130.000015
20.218775 124.752106
20.224581 124.886681
20.230385 112.500542
20.236191 108.826126
20.241995 0.000000
20.247801 0.000000
20.253605 0.000000
20.259411 123.547585
20.265215 67.372719
20.271021 127.393509
20.276825 127.527260
20.282631 128.225250
20.288435 128.166092
20.294241 127.567467
20.300045 127.242882
20.305851 127.455414
20.311655 131.391525
20.317461 131.662415
20.323265 131.199158
20.329071 123.191658
20.334875 122.806847
20.340681 131.786499
20.346485 131.924362
20.352291 131.733505
20.358095 131.601044
20.363901 131.443436
20.369705 131.267075
20.375509 131.605179
20.381315 132.099350
20.387119 132.312988
20.392925 132.381729
20.398729 132.995819
20.404535 134.475006
20.410339 134.709793
20.416145 134.473465
20.421949 204.195572
20.427755 204.375305
20.433559 204.293732
20.439365 203.777390
20.445169 202.791550
20.450975 66.435867
20.456779 65.067589
20.462585 65.080818
20.468390 66.248566
20.474195 134.504150
20.480000 131.618729
20.485806 131.613617
20.491610 132.078491
20.497416 132.430695
20.503220 66.114143
20.509026 65.893593
20.514830 65.875130
20.520636 239.877838
20.526440 240.220291
20.532246 239.501312
20.538050 239.250443
20.543856 66.343636
20.549660 87.990356
20.555466 88.240242
20.561270 66.317024
20.567076 66.340424
20.572880 66.224541
20.578686 66.134720
20.584490 101.769386
20.590294 100.893059
20.596100 100.522293
20.601904 66.514587
20.607710 94.578560
20.613514 0.000000
20.619320 114.727425
20.625124 114.653351
20.630930 114.192886
20.636734 113.871170
20.642540 113.842636
20.648344 113.728020
20.654150 113.474915
20.659954 267.578308
20.665760 129.856339
20.671564 127.641663
20.677370 127.377625
20.683174 127.389656
20.688980 127.598701
20.694784 130.471283
20.700590 127.613564
20.706394 128.090210
20.712200 128.337555
20.718004 126.582115
20.723810 71.062294
20.729614 110.662140
20.735420 116.427254
20.741224 126.285767
20.747030 131.891617
20.752834 131.917679
20.758640 129.708237
20.764444 129.559235
20.770250 129.575790
20.776054 137.991943
20.781860 137.331360
20.787664 129.925217
20.793468 129.653717
20.799274 132.508667
20.805079 167.674194
20.810884 102.084648
20.816689 203.753525
20.822495 203.740677
20.828299 203.554565
20.834105 245.033936
20.839909 111.003853
20.845715 65.731888
20.851519 131.872421
20.857325 132.890839
20.863129 134.040573
20.868935 133.278748
20.874739 132.488235
20.880545 132.350754
20.886349 132.468582
20.892155 132.484940
20.897959 132.270599
20.903765 131.815948
20.909569 125.049706
20.915375 122.735680
20.921179 66.947098
20.926985 66.735703
20.932789 131.497879
20.938595 131.431992
20.944399 131.818512
20.950205 132.714645
20.956009 132.386108
20.961815 131.881729
20.967619 131.882797
20.973425 132.188431
20.979229 132.467163
20.985035 132.649490
20.990839 132.769714
20.996643 132.705536
