0.000000 2682.211914
0.005805 2679.754395
0.011610 290.182983
0.017415 289.586639
0.023220 261.509308
0.029025 260.982758
0.034830 260.337250
0.040635 260.099884
0.046440 260.392059
0.052245 260.913635
0.058050 261.450134
0.063855 290.589233
0.069660 290.085297
0.075465 290.051697
0.081270 123.874130
0.087075 123.914291
0.092880 243.324905
0.098685 242.759857
0.104490 242.022629
0.110295 182.357437
0.116100 182.890747
0.121905 183.933884
0.127710 184.096252
0.133515 183.761505
0.139320 82.917587
0.145125 157.003250
0.150930 124.920128
0.156735 124.983963
0.162540 121.960739
0.168345 122.452957
0.174150 122.800171
0.179955 122.895905
0.185760 123.111046
0.191565 124.383461
0.197370 124.205750
0.203175 247.808472
0.208980 247.605698
0.214785 247.371155
0.220590 247.214874
0.226395 247.218933
0.232200 246.983582
0.238005 246.406372
0.243810 246.117706
0.249615 246.395386
0.255419 247.096237
0.261224 247.487717
0.267029 247.027954
0.272834 246.709091
0.278639 246.402863
0.284444 246.030487
0.290249 245.354630
0.296054 244.039871
0.301859 243.236786
0.307664 243.878922
0.313469 245.053497
0.319274 245.921478
0.325079 246.460037
0.330884 246.678833
0.336689 246.847855
0.342494 247.202835
0.348299 247.747543
0.354104 248.781235
0.359909 249.742569
0.365714 250.747772
0.371519 251.585144
0.377324 252.370255
0.383129 496.440277
0.388934 501.237976
0.394739 239.239105
0.400544 238.440033
0.406349 514.927490
0.412154 514.751587
0.417959 512.792664
0.423764 508.754120
0.429569 247.933426
0.435374 123.796898
0.441179 163.250687
0.446984 62.034859
0.452789 201.119186
0.458594 61.979492
0.464399 61.923100
0.470204 123.670235
0.476009 123.694778
0.481814 123.800682
0.487619 123.880096
0.493424 123.819138
0.499229 123.670250
0.505034 123.599022
0.510839 123.600754
0.516644 123.557716
0.522449 123.439812
0.528254 248.137817
0.534059 123.167191
0.539864 123.080330
0.545669 123.090523
0.551474 123.107033
0.557279 122.924568
0.563084 122.596642
0.568889 122.379807
0.574694 122.540031
0.580499 122.875427
0.586304 235.633835
0.592109 235.711746
0.597914 237.485092
0.603719 240.065460
0.609524 240.101212
0.615329 237.314835
0.621134 235.700150
0.626939 62.585491
0.632744 62.262207
0.638549 168.826111
0.644354 168.624481
0.650159 233.801071
0.655964 233.095459
0.661769 248.726288
0.667574 247.228027
0.673379 240.494034
0.679184 239.254929
0.684989 239.260635
0.690794 239.372665
0.696599 238.187988
0.702404 234.865311
0.708209 62.180550
0.714014 62.102940
0.719819 240.452087
0.725624 242.236191
0.731429 62.064995
0.737234 62.006126
0.743039 243.261261
0.748844 61.675175
0.754649 243.090057
0.760454 242.812744
0.766258 61.887184
0.772063 244.916473
0.777869 243.223282
0.783673 237.716202
0.789478 235.008347
0.795283 231.810043
0.801088 494.199402
0.806893 494.231049
0.812698 494.060852
0.818503 122.466553
0.824308 62.534615
0.830113 62.137257
0.835918 61.903316
0.841723 61.973091
0.847528 62.294167
0.853333 229.207108
0.859138 61.911823
0.864943 61.918793
0.870748 165.373688
0.876553 168.734192
0.882358 170.645691
0.888163 98.975822
0.893968 99.192902
0.899773 228.131897
0.905578 163.617340
0.911383 163.281250
0.917188 121.492188
0.922993 122.078293
0.928798 122.928459
0.934603 124.167458
0.940408 124.353111
0.946213 236.034378
0.952018 217.246521
0.957823 108.344147
0.963628 108.387802
0.969433 108.371017
0.975238 108.386200
0.981043 217.488617
0.986848 217.655899
0.992653 217.662048
0.998458 217.421265
1.004263 217.159760
1.010068 173.333771
1.015873 173.559708
1.021678 173.605438
1.027483 173.383041
1.033288 172.958923
1.039093 172.631653
1.044898 112.168999
1.050703 112.076561
1.056508 438.151947
1.062313 436.550385
1.068118 433.319366
1.073923 431.384338
1.079728 234.609726
1.085533 233.913986
1.091338 112.458580
1.097143 232.460403
1.102948 231.395752
1.108753 230.388611
1.114558 230.621628
1.120363 229.619812
1.126168 224.944595
1.131973 267.903107
1.137778 268.155579
1.143583 123.221100
1.149388 123.402512
1.155193 491.599304
1.160998 488.017853
1.166803 488.647339
1.172608 490.144836
1.178413 210.764999
1.184218 198.335159
1.190023 198.298386
1.195828 191.163101
1.201633 116.932838
1.207438 116.932350
1.213243 184.856644
1.219048 185.228607
1.224853 152.212387
1.230658 152.269684
1.236463 152.549667
1.242268 153.034760
1.248073 153.004471
1.253878 152.458878
1.259683 152.663010
1.265488 153.998856
1.271293 155.314255
1.277097 201.213425
1.282902 201.959976
1.288707 202.490005
1.294513 203.315125
1.300317 204.372452
1.306122 204.464417
1.311927 204.810074
1.317732 205.429169
1.323537 206.247925
1.329342 207.093246
1.335147 207.955276
1.340952 208.752716
1.346757 209.519104
1.352562 210.352051
1.358367 512.906067
1.364172 437.878418
1.369977 435.436279
1.375782 433.708344
1.381587 216.942917
1.387392 217.367188
1.393197 217.510086
1.399002 217.336166
1.404807 217.137924
1.410612 217.099014
1.416417 217.080261
1.422222 216.928772
1.428027 216.619949
1.433832 216.428772
1.439637 216.500061
1.445442 216.769257
1.451247 217.096451
1.457052 217.115051
1.462857 216.712021
1.468662 216.394302
1.474467 216.416641
1.480272 236.377869
1.486077 216.420914
1.491882 215.866867
1.497687 215.403030
1.503492 215.048126
1.509297 215.086060
1.515102 429.957092
1.520907 429.776062
1.526712 427.550629
1.532517 421.329224
1.538322 217.099594
1.544127 216.484146
1.549932 216.200867
1.555737 215.680450
1.561542 214.103073
1.567347 212.495453
1.573152 210.297256
1.578957 204.423843
1.584762 203.974823
1.590567 206.731354
1.596372 209.404617
1.602177 212.125320
1.607982 215.636215
1.613787 217.354126
1.619592 217.628662
1.625397 217.306534
1.631202 216.886658
1.637007 216.510162
1.642812 215.960953
1.648617 213.890564
1.654422 213.399811
1.660227 214.839966
1.666032 216.427689
1.671837 217.139023
1.677642 216.980957
1.683447 217.164886
1.689252 216.593750
1.695057 214.474960
1.700862 233.473282
1.706667 233.325348
1.712472 232.936859
1.718277 212.695251
1.724082 3921.764404
1.729887 3894.670410
1.735692 3848.307861
1.741497 3865.340820
1.747302 3891.415527
1.753107 147.967545
1.758912 148.422623
1.764717 148.310043
1.770522 147.879990
1.776327 102.687996
1.782132 104.413429
1.787936 108.150673
1.793741 172.863861
1.799546 93.117897
1.805351 2710.008789
1.811157 173.536713
1.816961 173.509659
1.822766 173.488205
1.828571 173.449432
1.834376 185.748459
1.840181 185.705948
1.845986 185.980835
1.851791 2657.773682
1.857596 2663.395996
1.863401 137.155640
1.869206 144.457474
1.875011 185.462372
1.880816 185.633850
1.886621 185.913574
1.892426 186.040146
1.898231 185.954041
1.904036 185.767975
1.909841 185.657990
1.915646 185.703354
1.921451 185.737930
1.927256 185.535797
1.933061 185.518921
1.938866 185.427338
1.944671 185.087479
1.950476 197.448166
1.956281 196.222687
1.962086 195.645706
1.967891 195.749100
1.973696 196.479950
1.979501 197.674042
1.985306 198.698822
1.991111 199.691803
1.996916 200.981735
2.002721 125.277306
2.008526 212.221283
2.014331 212.756836
2.020136 219.607864
2.025941 219.501465
2.031746 219.138565
2.037551 331.112488
2.043356 331.318604
2.049161 220.970352
2.054966 223.121201
2.060771 222.332764
2.066576 221.210983
2.072381 220.113800
2.078186 218.876709
2.083991 217.833435
2.089796 217.224808
2.095601 216.564880
2.101406 215.942535
2.107211 215.548248
2.113016 215.991058
2.118821 334.829102
2.124626 218.739365
2.130431 219.963409
2.136236 223.078705
2.142041 227.316605
2.147846 225.463364
2.153651 225.277649
2.159456 224.791733
2.165261 223.875793
2.171066 223.448807
2.176871 223.107880
2.182676 222.502029
2.188481 235.896194
2.194286 218.079514
2.200091 217.274750
2.205896 217.039169
2.211701 217.089081
2.217506 217.180466
2.223311 217.122574
2.229116 216.991638
2.234921 216.826889
2.240726 216.672668
2.246531 123.513603
2.252336 123.521225
2.258141 186.702606
2.263946 200.131271
2.269751 201.370102
2.275556 201.934738
2.281361 118.632103
2.287166 118.650467
2.292970 173.315674
2.298775 326.819336
2.304580 108.186127
2.310385 108.177879
2.316190 236.835388
2.321995 235.393753
2.327801 232.947525
2.333606 232.773453
2.339411 215.579575
2.345215 171.197632
2.351020 171.647842
2.356825 172.939102
2.362630 176.059616
2.368435 149.670700
2.374240 149.579285
2.380045 149.532761
2.385850 226.140594
2.391655 227.438187
2.397460 234.271133
2.403265 228.438858
2.409070 227.631577
2.414875 228.839493
2.420680 237.758774
2.426485 242.600189
2.432290 242.170685
2.438095 241.179352
2.443900 244.505127
2.449705 247.498779
2.455510 248.169754
2.461315 248.091156
2.467120 246.910080
2.472925 246.322754
2.478730 246.750946
2.484535 248.255203
2.490340 249.861969
2.496145 250.277771
2.501950 249.798080
2.507755 249.801605
2.513560 251.151474
2.519365 252.472839
2.525170 253.007523
2.530975 253.000900
2.536780 253.323135
2.542585 255.287537
2.548390 258.499084
2.554195 261.398376
2.560000 266.679504
2.565805 273.788239
2.571610 277.372711
2.577415 287.039093
2.583220 287.362854
2.589025 286.193542
2.594830 140.215790
2.600635 140.414246
2.606440 140.395065
2.612245 139.956604
2.618050 125.474899
2.623855 125.424706
2.629660 131.761536
2.635465 131.631165
2.641270 131.568878
2.647075 416.608459
2.652880 417.116760
2.658685 2610.644043
2.664490 2598.889160
2.670295 2586.811035
2.676100 2581.325439
2.681905 2580.981445
2.687710 2580.564453
2.693515 208.991425
2.699320 208.702728
2.705125 208.409393
2.710930 208.341064
2.716735 208.501068
2.722540 208.752487
2.728345 226.559738
2.734150 226.441345
2.739955 224.703903
2.745760 221.881516
2.751565 415.932770
2.757370 207.539352
2.763175 206.947449
2.768980 224.086578
2.774785 223.629959
2.780590 222.959076
2.786395 222.093811
2.792200 220.953873
2.798005 219.570969
2.803810 218.707169
2.809614 218.640747
2.815419 218.370331
2.821224 232.075821
2.827029 230.000031
2.832834 226.652832
2.838639 217.345703
2.844445 216.267639
2.850250 215.587524
2.856054 85.582199
2.861859 85.654465
2.867664 86.713463
2.873469 184.922058
2.879274 185.638062
2.885079 186.239319
2.890884 186.873596
2.896689 190.327927
2.902494 194.767639
2.908299 195.685028
2.914104 202.198578
2.919909 209.513290
2.925714 211.537109
2.931519 213.101013
2.937324 213.961533
2.943129 222.944809
2.948934 223.871536
2.954739 212.316559
2.960544 213.101456
2.966349 213.283066
2.972154 212.502365
2.977959 208.499527
2.983764 403.013153
2.989569 141.278580
2.995374 82.585014
3.001179 240.974792
3.006984 239.550369
3.012789 238.928452
3.018594 222.845993
3.024399 222.948318
3.030204 243.867783
3.036009 242.871994
3.041814 241.193680
3.047619 239.096848
3.053424 239.595093
3.059229 241.640991
3.065034 244.983856
3.070839 131.060272
3.076644 135.480042
3.082449 134.947861
3.088254 139.959671
3.094059 3449.174316
3.099864 3425.049316
3.105669 3430.053223
3.111474 3457.612305
3.117279 3492.772705
3.123084 3487.445312
3.128889 3425.369141
3.134694 3345.040283
3.140499 3250.015625
3.146304 3143.532959
3.152109 3038.178223
3.157914 2936.272217
3.163719 104.474098
3.169524 104.394447
3.175329 104.425644
3.181134 104.459488
3.186939 417.880737
3.192744 418.023560
3.198549 418.017120
3.204354 417.360321
3.210159 89.495277
3.215964 89.456551
3.221769 227.214630
3.227574 227.220673
3.233379 227.161850
3.239184 227.282761
3.244989 228.208038
3.250794 229.300476
3.256599 249.254700
3.262404 248.896408
3.268209 248.400330
3.274014 247.605911
3.279819 247.902710
3.285624 249.038055
3.291429 250.212006
3.297234 250.039154
3.303039 249.630722
3.308844 249.718765
3.314649 100.049187
3.320453 100.271896
3.326258 251.451370
3.332063 250.444916
3.337868 249.532547
3.343673 496.994171
3.349478 497.640289
3.355283 498.100220
3.361089 497.609589
3.366894 83.130363
3.372698 82.878029
3.378503 82.513779
3.384308 240.928741
3.390113 479.080475
3.395918 481.567535
3.401723 417.822845
3.407528 413.089630
3.413333 407.217743
3.419138 0.000000
3.424943 122.245728
3.430748 121.997795
3.436553 194.144089
3.442358 193.809860
3.448163 167.574768
3.453968 124.866203
3.459773 124.937714
3.465578 124.992477
3.471383 125.120216
3.477188 167.164322
3.482993 250.783493
3.488798 125.269829
3.494603 125.039658
3.500408 125.047104
3.506213 125.101501
3.512018 119.137680
3.517823 125.085815
3.523628 125.089478
3.529433 125.085129
3.535238 125.079018
3.541043 250.473007
3.546848 251.052811
3.552653 251.702774
3.558458 119.973381
3.564263 120.075981
3.570068 253.671310
3.575873 252.685776
3.581678 251.069901
3.587483 118.426270
3.593288 117.736015
3.599093 224.906952
3.604898 224.796463
3.610703 224.336044
3.616508 223.840805
3.622313 224.465073
3.628118 225.083511
3.633923 225.338547
3.639728 225.606216
3.645533 226.864594
3.651338 228.669250
3.657143 229.889267
3.662948 231.025620
3.668753 232.166214
3.674558 233.730759
3.680363 235.528778
3.686168 236.155197
3.691973 236.970551
3.697778 240.767258
3.703583 177.194687
3.709388 121.124893
3.715193 122.966400
3.720998 123.336555
3.726803 123.765938
3.732608 124.124489
3.738413 124.258003
3.744218 123.964020
3.750023 123.745811
3.755828 123.647987
3.761633 123.541512
3.767438 123.224533
3.773243 122.523605
3.779048 122.173782
3.784853 121.739029
3.790658 121.379608
3.796463 128.348785
3.802268 120.841347
3.808073 120.443024
3.813878 120.501450
3.819683 120.634880
3.825488 120.761314
3.831293 120.923180
3.837097 121.092628
3.842902 121.140968
3.848707 121.133087
3.854512 121.141373
3.860317 121.181427
3.866122 121.247360
3.871927 121.368752
3.877733 121.549797
3.883538 121.952354
3.889342 122.649384
3.895147 122.900055
3.900952 123.088203
3.906757 123.148735
3.912562 122.986649
3.918367 122.844116
3.924172 122.783257
3.929977 93.866982
3.935782 335.426147
3.941587 121.713539
3.947392 121.310555
3.953197 121.310959
3.959002 122.234154
3.964807 60.012722
3.970612 119.175606
3.976417 115.971817
3.982222 210.715424
3.988027 193.134705
3.993832 192.609924
3.999637 192.718811
