0.000000 0.000000
0.005805 133.390305
0.011610 132.975983
0.017415 132.943359
0.023220 133.048203
0.029025 420.053925
0.034830 116.456726
0.040635 58.676510
0.046440 58.650116
0.052245 116.299225
0.058050 116.302292
0.063855 58.525898
0.069660 58.517494
0.075465 58.431705
0.081270 116.776001
0.087075 116.670380
0.092880 116.481316
0.098685 116.480385
0.104490 116.557037
0.110295 116.635017
0.116100 116.661606
0.121905 116.623703
0.127710 116.842369
0.133515 117.011589
0.139320 116.828674
0.145125 116.931519
0.150930 665.174255
0.156735 195.487411
0.162540 195.520844
0.168345 258.717834
0.174150 258.200531
0.179955 257.735809
0.185760 747.313599
0.191565 239.108459
0.197370 239.554199
0.203175 123.396935
0.208980 241.701019
0.214785 240.334274
0.220590 240.112381
0.226395 188.066605
0.232200 187.075928
0.238005 186.356979
0.243810 115.678818
0.249615 1783.133789
0.255419 1824.131836
0.261224 1828.862671
0.267029 1824.092407
0.272834 1818.249023
0.278639 1803.106323
0.284444 1785.565918
0.290249 1768.626587
0.296054 1745.455811
0.301859 1727.934692
0.307664 262.270538
0.313469 375.171295
0.319274 0.000000
0.325079 121.172478
0.330884 114.413948
0.336689 114.727638
0.342494 116.146469
0.348299 116.287636
0.354104 116.594551
0.359909 116.661034
0.365714 116.736656
0.371519 116.915352
0.377324 116.949959
0.383129 116.850777
0.388934 116.791527
0.394739 116.653831
0.400544 211.734375
0.406349 217.072754
0.412154 3315.055420
0.417959 3241.950195
0.423764 3198.951416
0.429569 3165.748535
0.435374 3182.944336
0.441179 3241.514893
0.446984 3288.247803
0.452789 3270.137939
0.458594 275.817566
0.464399 273.816864
0.470204 273.759766
0.476009 274.431915
0.481814 275.193817
0.487619 275.883545
0.493424 276.518036
0.499229 276.984314
0.505034 277.194244
0.510839 277.100098
0.516644 276.073242
0.522449 273.895691
0.528254 271.314056
0.534059 269.725189
0.539864 269.902161
0.545669 264.035492
0.551474 273.941833
0.557279 273.856628
0.563084 273.673096
0.568889 273.731354
0.574694 6632.520020
0.580499 6502.115234
0.586304 6456.839844
0.592109 6438.190918
0.597914 6439.065430
0.603719 294.503937
0.609524 296.262878
0.615329 297.825897
0.621134 298.968323
0.626939 299.578247
0.632744 299.490112
0.638549 298.285858
0.644354 294.802277
0.650159 272.801300
0.655964 272.012299
0.661769 270.487793
0.667574 267.335632
0.673379 264.215149
0.679184 260.519562
0.684989 255.086349
0.690794 188.170517
0.696599 155.370514
0.702404 149.580948
0.708209 119.605339
0.714014 109.696724
0.719819 109.571587
0.725624 100.356644
0.731429 0.000000
0.737234 0.000000
0.743039 148.331497
0.748844 299.759491
0.754649 299.816071
0.760454 299.504181
0.766258 298.570770
0.772063 296.280304
0.777869 292.264893
0.783673 289.054321
0.789478 285.018402
0.795283 280.300049
0.801088 277.846832
0.806893 276.688293
0.812698 276.129517
0.818503 276.011047
0.824308 276.514435
0.830113 278.043030
0.835918 280.856720
0.841723 284.177643
0.847528 288.383606
0.853333 291.895172
0.859138 293.360107
0.864943 294.010376
0.870748 294.224670
0.876553 294.035370
0.882358 293.046417
0.888163 290.312866
0.893968 286.846130
0.899773 283.930267
0.905578 280.971039
0.911383 277.466522
0.917188 132.094315
0.922993 131.380035
0.928798 130.016174
0.934603 234.297592
0.940408 218.297455
0.946213 215.739929
0.952018 197.185135
0.957823 196.104477
0.963628 196.028091
0.969433 187.150589
0.975238 141.040878
0.981043 130.935104
0.986848 123.010612
0.992653 120.334175
0.998458 117.374878
1.004263 4548.544434
1.010068 78.469147
1.015873 258.156036
1.021678 272.581909
1.027483 273.366882
1.033288 276.282562
1.039093 280.600128
1.044898 283.648163
1.050703 286.206696
1.056508 143.569885
1.062313 143.647873
1.068118 286.707092
1.073923 286.454102
1.079728 142.844254
1.085533 286.748688
1.091338 287.759003
1.097143 289.599457
1.102948 292.617310
1.108753 298.246429
1.114558 303.609558
1.120363 306.830688
1.126168 311.507721
1.131973 317.279388
1.137778 321.466217
1.143583 323.123260
1.149388 323.390106
1.155193 322.789581
1.160998 321.728790
1.166803 319.146271
1.172608 312.958740
1.178413 309.797211
1.184218 306.956635
1.190023 303.748688
1.195828 299.953217
1.201633 296.505005
1.207438 294.853546
1.213243 277.490601
1.219048 245.256454
1.224853 244.262131
1.230658 43.066406
1.236463 242.788361
1.242268 221.101044
1.248073 219.020737
1.253878 228.208969
1.259683 227.308228
1.265488 400.041229
1.271293 84.936775
1.277097 84.922012
1.282902 84.891769
1.288707 276.028137
1.294513 328.484039
1.300317 328.544922
1.306122 328.670380
1.311927 260.808014
1.317732 259.048340
1.323537 280.335602
1.329342 2795.395264
1.335147 268.899658
1.340952 267.798584
1.346757 267.386017
1.352562 267.802612
1.358367 269.176788
1.364172 271.512329
1.369977 276.046204
1.375782 278.975281
1.381587 282.408264
1.387392 286.147461
1.393197 289.632599
1.399002 146.179138
1.404807 121.219734
1.410612 115.586952
1.416417 115.791290
1.422222 150.627686
1.428027 150.740051
1.433832 150.556152
1.439637 300.598419
1.445442 2949.210449
1.451247 2926.135254
1.457052 2829.295654
1.462857 155.893829
1.468662 135.408127
1.474467 2839.408447
1.480272 2799.489014
1.486077 2728.592285
1.491882 272.328156
1.497687 271.361938
1.503492 271.060364
1.509297 2968.804199
1.515102 3024.384277
1.520907 3067.090088
1.526712 3078.307861
1.532517 3060.677002
1.538322 3028.325439
1.544127 2985.138916
1.549932 2919.920166
1.555737 2841.712646
1.561542 2797.033203
1.567347 2779.127197
1.573152 2773.590576
1.578957 2771.743164
1.584762 2772.345215
1.590567 2774.515869
1.596372 2771.171875
1.602177 2759.433838
1.607982 2747.450684
1.613787 2742.105469
1.619592 2738.970703
1.625397 2734.878906
1.631202 2740.163574
1.637007 130.497482
1.642812 118.612724
1.648617 118.270119
1.654422 116.126907
1.660227 116.038094
1.666032 116.329926
1.671837 136.172516
1.677642 506.477325
1.683447 743.478027
1.689252 149.759720
1.695057 149.700348
1.700862 195.480286
1.706667 365.141174
1.712472 365.467865
1.718277 364.838165
1.724082 193.657639
1.729887 193.797485
1.735692 244.448776
1.741497 230.917297
1.747302 779.735901
1.753107 778.544189
1.758912 242.503098
1.764717 242.409088
1.770522 104.025154
1.776327 230.937134
1.782132 235.346115
1.787936 236.088181
1.793741 235.896301
1.799546 235.531464
1.805351 234.047150
1.811157 103.893936
1.816961 103.828621
1.822766 311.582764
1.828571 311.412537
1.834376 228.566910
1.840181 980.999939
1.845986 987.410217
1.851791 314.395874
1.857596 313.955933
1.863401 313.365784
1.869206 236.804108
1.875011 310.628204
1.880816 310.868439
1.886621 311.182404
1.892426 232.559387
1.898231 309.540344
1.904036 308.713013
1.909841 103.861473
1.915646 230.923996
1.921451 231.328720
1.927256 231.906128
1.933061 233.102997
1.938866 235.706818
1.944671 237.279572
1.950476 309.690460
1.956281 233.422226
1.962086 232.258621
1.967891 311.799713
1.973696 234.302277
1.979501 234.414612
1.985306 234.068726
1.991111 231.504227
1.996916 229.797745
2.002721 230.878342
2.008526 231.806656
2.014331 232.311646
2.020136 233.049240
2.025941 233.465500
2.031746 233.455826
2.037551 234.226624
2.043356 311.717712
2.049161 311.685913
2.054966 311.541443
2.060771 311.386017
2.066576 230.119186
2.072381 230.283936
2.078186 234.130676
2.083991 226.806107
2.089796 5732.000977
2.095601 5929.955078
2.101406 242.098694
2.107211 243.766251
2.113016 249.753265
2.118821 258.001801
2.124626 269.119904
2.130431 274.241913
2.136236 277.361694
2.142041 277.697113
2.147846 276.267273
2.153651 274.485138
2.159456 273.069794
2.165261 272.046997
2.171066 272.846863
2.176871 283.504883
2.182676 283.198425
2.188481 282.658234
2.194286 283.388214
2.200091 306.966370
2.205896 310.762634
2.211701 4072.146240
2.217506 4086.272217
2.223311 4114.414062
2.229116 4094.160400
2.234921 4058.805420
2.240726 4024.993896
2.246531 5817.620117
2.252336 897.866516
2.258141 3682.084961
2.263946 3688.001221
2.269751 278.038391
2.275556 278.545837
2.281361 278.770752
2.287166 279.206818
2.292970 279.263184
2.298775 277.340576
2.304580 271.419586
2.310385 265.270111
2.316190 252.535202
2.321995 244.765823
2.327801 240.622406
2.333606 235.041168
2.339411 230.000504
2.345215 226.486343
2.351020 226.543304
2.356825 228.205597
2.362630 238.082306
2.368435 249.010971
2.374240 273.300110
2.380045 273.391663
2.385850 275.602966
2.391655 283.497253
2.397460 286.657562
2.403265 287.275879
2.409070 286.482483
2.414875 284.973724
2.420680 282.934326
2.426485 279.148865
2.432290 271.343445
2.438095 265.519836
2.443900 260.967682
2.449705 258.186890
2.455510 257.394012
2.461315 258.079956
2.467120 259.594574
2.472925 261.748077
2.478730 266.758270
2.484535 275.876465
2.490340 281.212311
2.496145 284.765472
2.501950 288.122681
2.507755 290.860016
2.513560 292.606567
2.519365 293.876068
2.525170 294.824799
2.530975 295.150421
2.536780 294.367310
2.542585 292.109558
2.548390 288.292389
2.554195 282.555542
2.560000 274.060699
2.565805 268.610138
2.571610 259.382233
2.577415 259.446442
2.583220 5223.153320
2.589025 5194.792969
2.594830 5173.771484
2.600635 5126.686523
2.606440 5051.666992
2.612245 5045.044922
2.618050 5090.079590
2.623855 8568.448242
2.629660 8393.191406
2.635465 3203.761230
2.641270 3213.716064
2.647075 3183.998047
2.652880 3146.368896
2.658685 3143.846924
2.664490 3166.352783
2.670295 3188.901855
2.676100 3199.327148
2.681905 572.881409
2.687710 574.004578
2.693515 670.927185
2.699320 290.411407
2.705125 291.322845
2.710930 290.319000
2.716735 290.031677
2.722540 290.142120
2.728345 289.871002
2.734150 288.639832
2.739955 286.497681
2.745760 284.392731
2.751565 283.122040
2.757370 282.589813
2.763175 282.746399
2.768980 283.722992
2.774785 285.951385
2.780590 290.330963
2.786395 294.281433
2.792200 297.429352
2.798005 300.999146
2.803810 304.339111
2.809614 307.097351
2.815419 309.619385
2.821224 312.263550
2.827029 314.327606
2.832834 315.137604
2.838639 315.133820
2.844445 314.544678
2.850250 313.280975
2.856054 311.060669
2.861859 307.695190
2.867664 304.354980
2.873469 302.003418
2.879274 300.747650
2.885079 300.735352
2.890884 302.183228
2.896689 304.643433
2.902494 307.920532
2.908299 311.216309
2.914104 313.600525
2.919909 158.080170
2.925714 127.143951
2.931519 127.306664
2.937324 125.567772
2.943129 125.228706
2.948934 766.142700
2.954739 774.027039
2.960544 195.427948
2.966349 0.000000
2.972154 239.626083
2.977959 119.909447
2.983764 353.681671
2.989569 123.866920
2.995374 123.961609
