0.000000 0.000000
0.005805 0.000000
0.011610 0.000000
0.017415 0.000000
0.023220 223.707443
0.029025 223.707947
0.034830 230.279724
0.040635 229.474930
0.046440 246.325760
0.052245 263.083740
0.058050 1812.897095
0.063855 1829.737061
0.069660 1849.139282
0.075465 384.307343
0.081270 292.020020
0.087075 291.449158
0.092880 290.688232
0.098685 289.824738
0.104490 288.634186
0.110295 287.113800
0.116100 285.157623
0.121905 283.000854
0.127710 633.038513
0.133515 125.582436
0.139320 1823.119263
0.145125 3760.468506
0.150930 7141.684082
0.156735 7376.717285
0.162540 7533.556641
0.168345 7604.931641
0.174150 7672.083008
0.179955 7769.115723
0.185760 7777.096191
0.191565 7626.016113
0.197370 7426.897949
0.203175 7383.775391
0.208980 7623.310059
0.214785 7962.257812
0.220590 1841.240356
0.226395 7424.009766
0.232200 7280.012695
0.238005 7109.661621
0.243810 6932.014160
0.249615 6834.498047
0.255419 6783.604004
0.261224 6710.527832
0.267029 6621.325684
0.272834 216.579865
0.278639 1856.091553
0.284444 1846.257324
0.290249 1846.434814
0.296054 1862.549927
0.301859 232.531540
0.307664 233.304733
0.313469 233.247513
0.319274 232.540802
0.325079 1975.650879
0.330884 222.915054
0.336689 221.005859
0.342494 219.429749
0.348299 218.090103
0.354104 217.014328
0.359909 216.279587
0.365714 215.897675
0.371519 215.828888
0.377324 216.142456
0.383129 216.913635
0.388934 218.321869
0.394739 220.215805
0.400544 223.096024
0.406349 2395.318848
0.412154 228.431503
0.417959 230.598816
0.423764 2276.756836
0.429569 236.129700
0.435374 238.595001
0.441179 242.012772
0.446984 244.171356
0.452789 246.234772
0.458594 247.724030
0.464399 248.388443
0.470204 248.906158
0.476009 249.462173
0.481814 124.918358
0.487619 250.045151
0.493424 250.143143
0.499229 250.210800
0.505034 250.337509
0.510839 125.229591
0.516644 250.585480
0.522449 250.436539
0.528254 250.058090
0.534059 249.545319
0.539864 249.034897
0.545669 248.631866
0.551474 248.400330
0.557279 248.243561
0.563084 247.935791
0.568889 247.497513
0.574694 247.414948
0.580499 247.830658
0.586304 248.197876
0.592109 248.476639
0.597914 249.079819
0.603719 249.838638
0.609524 250.245041
0.615329 250.164383
0.621134 249.847778
0.626939 249.482544
0.632744 248.886703
0.638549 248.111084
0.644354 247.628860
0.650159 247.498444
0.655964 247.472458
0.661769 247.345322
0.667574 247.119446
0.673379 247.017990
0.679184 247.159607
0.684989 247.310852
0.690794 247.354889
0.696599 247.326691
0.702404 247.235779
0.708209 247.132660
0.714014 247.081757
0.719819 247.044342
0.725624 246.820084
0.731429 246.389420
0.737234 245.929962
0.743039 231.762329
0.748844 1784.362671
0.754649 1784.930908
0.760454 5651.681641
0.766258 6311.451660
0.772063 7210.086914
0.777869 7685.560547
0.783673 7870.644043
0.789478 7951.134277
0.795283 8025.007812
0.801088 8134.553711
0.806893 8298.947266
0.812698 8473.709961
0.818503 8580.696289
0.824308 8647.340820
0.830113 8811.250000
0.835918 9010.805664
0.841723 8950.657227
0.847528 8729.728516
0.853333 209.174774
0.859138 208.410172
0.864943 207.126633
0.870748 206.204865
0.876553 203.311798
0.882358 200.896805
0.888163 1836.783569
0.893968 1841.207642
0.899773 6159.709473
0.905578 6309.063965
0.911383 6545.784180
0.917188 6683.648438
0.922993 6734.882324
0.928798 6762.918457
0.934603 6702.783203
0.940408 4037.678711
0.946213 4119.537598
0.952018 4123.738281
0.957823 4069.699463
0.963628 0.000000
0.969433 0.000000
0.975238 132.513992
0.981043 132.412125
0.986848 140.073792
0.992653 149.999359
0.998458 0.000000
1.004263 89.963112
1.010068 94.354858
1.015873 94.279770
1.021678 0.000000
1.027483 237.967667
1.033288 237.004944
1.039093 236.745010
1.044898 236.131348
1.050703 542.336243
1.056508 542.707642
1.062313 544.381042
1.068118 545.005493
1.073923 110.290802
1.079728 269.946320
1.085533 269.961792
1.091338 221.177231
1.097143 220.723282
1.102948 219.801804
1.108753 211.184052
1.114558 263.739960
1.120363 89.045898
1.126168 111.143517
1.131973 111.206367
1.137778 111.279427
1.143583 111.315025
1.149388 389.750854
1.155193 223.143982
1.160998 229.336716
1.166803 229.548325
1.172608 229.701874
1.178413 248.160217
1.184218 478.177307
1.190023 238.297363
1.195828 238.849457
1.201633 246.358734
1.207438 243.876282
1.213243 243.856873
1.219048 97.569862
1.224853 249.334015
1.230658 248.923065
1.236463 248.592987
1.242268 248.577408
1.248073 248.666092
1.253878 247.200470
1.259683 129.811569
1.265488 129.711594
1.271293 240.073212
1.277097 239.883545
1.282902 239.726852
1.288707 119.145409
1.294513 239.252411
1.300317 272.330139
1.306122 232.868668
1.311927 231.799698
1.317732 230.008759
1.323537 229.352371
1.329342 229.087967
1.335147 228.566727
1.340952 227.158752
1.346757 116.279976
1.352562 116.276756
1.358367 112.132294
1.364172 112.205704
1.369977 226.285904
1.375782 224.885925
1.381587 223.836212
1.387392 223.768448
1.393197 224.355164
1.399002 224.878677
1.404807 224.111267
1.410612 222.497314
1.416417 221.726990
1.422222 97.820114
1.428027 97.855492
1.433832 98.381210
1.439637 65.493553
1.445442 65.454132
1.451247 220.523560
1.457052 220.143616
1.462857 219.805557
1.468662 219.715897
1.474467 204.066422
1.480272 196.981064
1.486077 197.264282
1.491882 197.654251
1.497687 202.444794
1.503492 202.244141
1.509297 202.013077
1.515102 98.751030
1.520907 98.672958
1.526712 92.317757
1.532517 92.276749
1.538322 97.431129
1.544127 194.788437
1.549932 194.836288
1.555737 98.475128
1.561542 98.519791
1.567347 98.468048
1.573152 97.337891
1.578957 98.605011
1.584762 98.419174
1.590567 97.790977
1.596372 97.688545
1.602177 97.658394
1.607982 222.857376
1.613787 0.000000
1.619592 215.906937
1.625397 216.133698
1.631202 203.373627
1.637007 210.026245
1.642812 192.372635
1.648617 193.105637
1.654422 197.483719
1.660227 197.401367
1.666032 197.119247
1.671837 196.778549
1.677642 196.591217
1.683447 196.926895
1.689252 249.431351
1.695057 98.528427
1.700862 98.503387
1.706667 124.915756
1.712472 124.761810
1.718277 124.731178
1.724082 124.922760
1.729887 125.020317
1.735692 198.302963
1.741497 198.822784
1.747302 199.303238
1.753107 199.528580
1.758912 199.431580
1.764717 198.986588
1.770522 198.631424
1.776327 198.403000
1.782132 197.099686
1.787936 196.056763
1.793741 196.010086
1.799546 195.816315
1.805351 195.400711
1.811157 195.107162
1.816961 194.982193
1.822766 194.976242
1.828571 97.934296
1.834376 98.073174
1.840181 195.947861
1.845986 196.175446
1.851791 196.348953
1.857596 196.250488
1.863401 195.835052
1.869206 195.673279
1.875011 195.842255
1.880816 98.219254
1.886621 98.293480
1.892426 98.323166
1.898231 196.096634
1.904036 196.280060
1.909841 196.515137
1.915646 98.429192
1.921451 196.344559
1.927256 196.185898
1.933061 196.236694
1.938866 196.400711
1.944671 130.537964
1.950476 130.448883
1.956281 197.114655
1.962086 197.368713
1.967891 197.684006
1.973696 197.778412
1.979501 197.469849
1.985306 98.374619
1.991111 98.132027
1.996916 98.026024
2.002721 98.053848
2.008526 98.082359
2.014331 98.071899
2.020136 98.118881
2.025941 98.310364
2.031746 98.515419
2.037551 98.574402
2.043356 199.404114
2.049161 199.524292
2.054966 98.611641
2.060771 198.905838
2.066576 199.314713
2.072381 199.813980
2.078186 194.587524
2.083991 194.203964
2.089796 181.484512
2.095601 181.326660
2.101406 199.651398
2.107211 200.119049
2.113016 200.080978
2.118821 199.920990
2.124626 199.989502
2.130431 199.899185
2.136236 199.335144
2.142041 198.709488
2.147846 198.750107
2.153651 198.980774
2.159456 199.050476
2.165261 198.542999
2.171066 197.641678
2.176871 123.302460
2.182676 123.202202
2.188481 130.707932
2.194286 130.384766
2.200091 129.629974
2.205896 129.597229
2.211701 98.112190
2.217506 196.805908
2.223311 80.811409
2.229116 80.588120
2.234921 0.000000
2.240726 242.448700
2.246531 215.207611
2.252336 214.672989
2.258141 100.595406
2.263946 100.556984
2.269751 76.802582
2.275556 76.799629
2.281361 76.045868
2.287166 164.842773
2.292970 164.548508
2.298775 75.924797
2.304580 75.727020
2.310385 75.660782
2.316190 197.273956
2.321995 197.677368
2.327801 76.342392
2.333606 76.065720
2.339411 75.955338
2.345215 75.899666
2.351020 75.944839
2.356825 198.190277
2.362630 233.944977
2.368435 284.821320
2.374240 270.414398
2.380045 288.068970
2.385850 289.767487
2.391655 319.161041
2.397460 319.328888
2.403265 150.508499
2.409070 99.416351
2.414875 78.498444
2.420680 149.642227
2.426485 145.142899
2.432290 145.305756
2.438095 145.121002
2.443900 144.790985
2.449705 98.195602
2.455510 98.216759
2.461315 98.125290
2.467120 97.996414
2.472925 97.878975
2.478730 1431.298584
2.484535 1460.277466
2.490340 1482.329102
2.496145 1480.881470
2.501950 151.198990
2.507755 1364.845459
2.513560 1350.938599
2.519365 1338.505981
2.525170 146.196167
2.530975 146.556168
2.536780 323.803619
2.542585 321.252930
2.548390 320.486877
2.554195 333.818939
2.560000 333.690247
2.565805 165.206406
2.571610 164.767014
2.577415 160.783493
2.583220 160.649536
2.589025 771.928040
2.594830 785.493225
2.600635 802.627808
2.606440 199.392120
2.612245 836.977539
2.618050 871.421448
2.623855 296.877838
2.629660 296.220978
2.635465 295.975464
2.641270 296.008728
2.647075 295.768890
2.652880 919.786377
2.658685 924.573120
2.664490 296.424408
2.670295 148.774719
2.676100 297.279694
2.681905 297.325684
2.687710 297.184082
2.693515 147.699509
2.699320 187.858047
2.705125 377.836212
2.710930 376.122009
2.716735 151.369110
2.722540 151.307327
2.728345 151.795135
2.734150 306.012909
2.739955 306.456573
2.745760 306.744904
2.751565 306.760468
2.757370 306.075165
2.763175 304.016235
2.768980 303.227753
2.774785 302.738892
2.780590 301.348999
2.786395 299.846100
2.792200 299.120789
2.798005 145.032547
2.803810 144.880432
2.809614 144.751740
2.815419 144.813034
2.821224 144.911835
2.827029 144.765778
2.832834 144.205109
2.838639 283.988983
2.844445 285.127533
2.850250 287.660217
2.856054 147.330154
2.861859 147.268616
2.867664 146.802444
2.873469 100.366928
2.879274 202.634033
2.885079 202.407898
2.890884 197.214874
2.896689 150.328857
2.902494 305.652130
2.908299 302.960052
2.914104 301.845795
2.919909 300.972198
2.925714 195.903748
2.931519 196.106689
2.937324 196.189438
2.943129 196.046509
2.948934 195.801163
2.954739 195.783035
2.960544 295.499298
2.966349 296.115601
2.972154 148.095154
2.977959 112.548790
2.983764 112.455421
2.989569 112.475838
2.995374 120.776779
3.001179 121.010933
3.006984 121.361313
3.012789 194.663391
3.018594 195.095505
3.024399 194.876968
3.030204 194.547256
3.036009 194.725769
3.041814 98.012535
3.047619 98.207314
3.053424 98.464195
3.059229 98.622017
3.065034 98.533676
3.070839 98.543747
3.076644 98.510170
3.082449 98.307648
3.088254 98.210236
3.094059 98.188057
3.099864 98.159142
3.105669 98.121178
3.111474 98.070984
3.117279 97.998817
3.123084 97.930687
3.128889 97.895447
3.134694 97.862526
3.140499 97.781059
3.146304 97.706245
3.152109 97.666283
3.157914 195.299545
3.163719 195.471954
3.169524 195.648041
3.175329 97.794052
3.181134 97.884293
3.186939 196.048981
3.192744 196.255447
3.198549 803.028625
3.204354 299.452728
3.210159 298.889099
3.215964 150.296158
3.221769 299.381073
3.227574 299.666992
3.233379 299.308136
3.239184 98.249733
3.244989 98.204109
3.250794 98.056778
3.256599 97.888176
3.262404 97.832748
3.268209 97.878593
3.274014 126.310425
3.279819 126.490860
3.285624 126.660767
3.291429 126.778725
3.297234 98.193604
3.303039 102.251999
3.308844 99.070778
3.314649 5645.462402
3.320453 5642.425293
3.326258 5620.458008
3.332063 104.255463
3.337868 104.186378
3.343673 794.713623
3.349478 795.596985
3.355283 797.179871
3.361089 0.000000
3.366894 100.329216
3.372698 107.238716
3.378503 106.787224
3.384308 106.863472
3.390113 106.856705
3.395918 320.453369
3.401723 320.100098
3.407528 159.564438
3.413333 156.042328
3.419138 308.184448
3.424943 101.459053
3.430748 101.278793
3.436553 150.790436
3.442358 150.339066
3.448163 150.077209
3.453968 150.021027
3.459773 150.084641
3.465578 150.213516
3.471383 306.170807
3.477188 307.830963
3.482993 309.038940
3.488798 185.496857
3.494603 102.965553
3.500408 105.246040
3.506213 828.809448
3.512018 833.227722
3.517823 109.930855
3.523628 887.946167
3.529433 893.903015
3.535238 168.171677
3.541043 167.979126
3.546848 167.604019
3.552653 167.409988
3.558458 167.217651
3.564263 167.005936
3.570068 166.404160
3.575873 165.130371
3.581678 165.515549
3.587483 166.854004
3.593288 167.517365
3.599093 167.461319
3.604898 167.257095
3.610703 112.513939
3.616508 112.550858
3.622313 109.279709
3.628118 111.958290
3.633923 111.944595
3.639728 157.732224
3.645533 157.926697
3.651338 158.759216
3.657143 159.394974
3.662948 159.907745
3.668753 166.828674
3.674558 166.697311
3.680363 110.955460
3.686168 110.760475
3.691973 110.610527
3.697778 110.136330
3.703583 130.094543
3.709388 130.083252
3.715193 130.096588
3.720998 130.020660
3.726803 159.402130
3.732608 158.766586
3.738413 158.351181
3.744218 127.886101
3.750023 304.642792
3.755828 303.777222
3.761633 97.916267
3.767438 126.576653
3.773243 126.528442
3.779048 125.760109
3.784853 124.657516
3.790658 124.442314
3.796463 53.937073
3.802268 110.444275
3.808073 390.621735
3.813878 392.110474
3.819683 129.814789
3.825488 130.366089
3.831293 266.459473
3.837097 267.073303
3.842902 195.830612
3.848707 98.227440
3.854512 98.406952
3.860317 154.467209
3.866122 155.179718
3.871927 155.194214
3.877733 155.104324
3.883538 155.332581
3.889342 103.795433
3.895147 103.849243
3.900952 103.574219
3.906757 307.818939
3.912562 153.427719
3.918367 153.038239
3.924172 152.421478
3.929977 151.851425
3.935782 151.776108
3.941587 151.916626
3.947392 152.134644
3.953197 151.970810
3.959002 151.441528
3.964807 151.214157
3.970612 151.141968
3.976417 150.659286
3.982222 99.616432
3.988027 99.672440
3.993832 99.685661
3.999637 99.595459
4.005442 149.408951
4.011247 149.548706
4.017052 149.615875
4.022857 99.418327
4.028662 99.388763
4.034467 99.431725
4.040272 99.518608
4.046077 99.623779
4.051882 99.717468
4.057687 99.828041
4.063492 100.917114
4.069297 101.072388
4.075102 101.207985
4.080907 152.050095
4.086712 152.048386
4.092517 151.922470
4.098322 151.300949
4.104127 303.865295
4.109932 202.857224
4.115737 198.397125
4.121542 197.164429
4.127347 197.296707
4.133152 198.695297
4.138957 198.795105
4.144762 198.607025
4.150567 198.386520
4.156372 198.037094
4.162177 197.543732
4.167982 197.045944
4.173787 196.979584
4.179592 197.210236
4.185397 197.115433
4.191202 196.687592
4.197007 196.211273
4.202812 196.120010
4.208617 196.205505
4.214422 195.612534
4.220227 194.803406
4.226032 194.770142
4.231837 194.868301
4.237642 195.012405
4.243447 195.238663
4.249252 98.906128
4.255057 98.842331
4.260862 786.732178
4.266667 783.943726
4.272471 786.751526
4.278276 789.708008
4.284081 98.099388
4.289886 98.171989
4.295691 195.843033
4.301497 196.222321
4.307302 157.428421
4.313107 157.609985
4.318912 98.093300
4.324717 98.023682
4.330522 97.929604
4.336327 97.839737
4.342132 97.793800
4.347937 97.768906
4.353742 97.770096
4.359547 97.835892
4.365352 97.983322
4.371157 98.152168
4.376961 98.236069
4.382766 98.211372
4.388571 98.194771
4.394376 98.210258
4.400181 98.189636
4.405986 98.103279
4.411791 98.009987
4.417596 195.911057
4.423401 195.556183
4.429206 195.248322
4.435011 195.423737
4.440816 97.953087
4.446621 97.906883
4.452426 97.911034
4.458231 97.973061
4.464036 98.012962
4.469841 98.031013
4.475646 98.061798
4.481451 98.091339
4.487256 98.053253
4.493061 97.973679
4.498866 97.943375
4.504671 98.012924
4.510476 796.027344
4.516281 791.726868
4.522086 784.953247
4.527891 98.185638
4.533696 783.255188
4.539501 782.311462
4.545306 779.755249
4.551111 97.836052
4.556916 97.779373
4.562721 97.675194
4.568526 97.549690
4.574331 97.454216
4.580136 97.468285
4.585941 97.573967
4.591746 97.687424
4.597551 97.718338
4.603356 97.713860
4.609161 97.694527
4.614966 97.566322
4.620771 146.471451
4.626576 146.307281
4.632381 146.060867
4.638186 145.762070
4.643991 145.507309
4.649796 143.724136
4.655601 142.873322
4.661406 142.635635
4.667211 142.549088
4.673016 142.497177
4.678821 142.358246
4.684626 283.040375
4.690431 282.777802
4.696236 283.066620
4.702041 282.263306
4.707846 279.670593
4.713651 278.145050
4.719456 276.448090
4.725261 178.882568
4.731066 178.563721
4.736871 178.638519
4.742676 97.814392
4.748481 100.676552
4.754286 100.380791
4.760091 99.811722
4.765896 122.950134
4.771701 165.159210
4.777506 165.107132
4.783311 165.020630
4.789115 164.912643
4.794920 65.900330
4.800725 65.812950
4.806530 153.054733
4.812335 157.157700
4.818141 157.057098
4.823946 127.627632
4.829751 127.647354
4.835556 146.399261
4.841361 146.195541
4.847166 130.315643
4.852971 109.730972
4.858776 109.794449
4.864581 130.494125
4.870386 0.000000
4.876191 0.000000
4.881996 0.000000
4.887800 192.686401
4.893605 192.915482
4.899410 185.899826
4.905215 205.322952
4.911020 205.289322
4.916825 223.546417
4.922630 204.484634
4.928435 148.542358
4.934240 148.599625
4.940045 123.139229
4.945850 123.207695
4.951655 123.279739
4.957460 227.690445
4.963265 227.667587
4.969070 227.844238
4.974875 227.977036
4.980680 226.403229
4.986485 224.042236
4.992290 73.999001
4.998095 73.962311
5.003900 73.936455
5.009705 73.916328
5.015510 73.915863
5.021315 73.920204
5.027120 73.918289
5.032925 73.952499
5.038730 73.971504
5.044535 73.943954
5.050340 73.874893
5.056145 73.826523
5.061950 73.804298
5.067755 73.806557
5.073560 73.838211
5.079365 141.799927
5.085170 141.794571
5.090975 155.564362
5.096780 155.309906
5.102585 155.546799
5.108390 138.643127
5.114195 73.638580
5.120000 73.679283
5.125805 73.781197
5.131610 73.930183
5.137415 146.537369
5.143220 146.642349
5.149025 147.234787
5.154830 147.813828
5.160635 74.066040
5.166440 73.972694
5.172245 73.961586
5.178050 73.947632
5.183855 73.960144
5.189660 73.968307
5.195465 73.945564
5.201270 73.914635
5.207075 0.000000
5.212880 134.085526
5.218685 134.300980
5.224490 229.899307
5.230295 230.650528
5.236100 230.730957
5.241905 230.529587
5.247710 114.906487
5.253515 123.148186
5.259320 122.878975
5.265125 122.555969
5.270930 122.564743
5.276735 122.867493
5.282540 123.176590
5.288345 227.407120
5.294150 226.622437
5.299954 116.463966
5.305759 116.347641
5.311564 66.187271
5.317369 74.050758
5.323174 74.017700
5.328979 248.927734
5.334785 292.292389
5.340590 295.537476
5.346395 298.804016
5.352200 215.152649
5.358005 216.007599
5.363810 217.566528
5.369615 197.401184
5.375420 188.740417
5.381225 188.624710
5.387030 188.395157
5.392835 272.800446
5.398640 112.811218
5.404444 812.331299
5.410249 808.411804
5.416054 803.359009
5.421859 157.844696
5.427664 259.328461
5.433469 257.627106
5.439274 255.202286
5.445079 253.790222
5.450884 253.668976
5.456689 243.822433
5.462494 231.119934
5.468299 220.532349
5.474104 209.790970
5.479909 240.724823
5.485714 226.936676
5.491519 3626.059814
5.497324 222.246231
5.503129 221.644409
5.508934 0.000000
5.514739 204.872543
5.520544 204.443542
5.526349 174.398193
5.532154 174.156265
5.537959 214.032410
5.543764 213.889786
5.549569 213.859421
5.555374 214.071167
5.561179 214.133728
5.566984 196.772797
5.572789 196.808380
5.578594 262.606689
5.584399 262.913239
5.590204 263.126770
5.596009 307.032379
5.601814 306.873108
5.607619 305.746063
5.613424 303.840118
5.619229 301.427032
5.625034 299.771942
5.630839 298.704773
5.636644 297.534424
5.642449 296.361816
5.648254 295.875519
5.654059 147.785507
5.659864 147.736603
5.665669 147.766846
5.671474 147.837082
5.677279 296.495422
5.683084 296.810852
5.688889 296.600006
5.694694 295.610352
5.700499 294.785095
5.706304 294.219421
5.712109 293.691101
5.717914 293.763153
5.723719 294.850647
5.729524 295.778168
5.735329 149.640366
5.741134 149.809158
5.746939 149.612396
5.752744 149.358353
5.758549 3999.610840
5.764354 3967.462402
5.770159 3930.036865
5.775964 3921.121826
5.781769 3981.566895
5.787574 382.159912
5.793379 381.963135
5.799184 383.092316
5.804989 274.089813
5.810794 273.996185
5.816598 272.998199
5.822403 309.500336
5.828208 310.947021
5.834013 311.702667
5.839818 311.859528
5.845623 162.721863
5.851429 156.031754
5.857234 302.122498
5.863039 302.299622
5.868844 302.466125
5.874649 302.597504
5.880454 302.655060
5.886259 302.532990
5.892064 196.361588
5.897869 150.288269
5.903674 150.199860
5.909479 150.127380
5.915284 149.944977
5.921088 149.429688
5.926893 148.489380
5.932698 147.682129
5.938503 295.945282
5.944308 295.171234
5.950113 295.035645
5.955918 295.244965
5.961723 295.484802
5.967528 169.874969
5.973333 194.878357
5.979138 194.530716
5.984943 92.020012
5.990748 83.426529
5.996553 0.000000
6.002358 0.000000
6.008163 65.372841
6.013968 65.339996
6.019773 233.566391
6.025578 956.878113
6.031383 232.351974
6.037188 77.242462
6.042993 156.878525
6.048798 0.000000
6.054603 0.000000
6.060408 958.425720
6.066213 956.696411
6.072018 953.757935
6.077823 1218.648071
6.083628 0.000000
6.089433 0.000000
6.095238 247.410980
6.101043 0.000000
6.106848 0.000000
6.112653 154.694595
6.118458 154.604218
6.124263 183.512970
6.130068 183.422058
6.135873 150.234283
6.141678 144.832794
6.147483 144.818436
6.153288 198.484421
6.159093 198.422592
6.164898 256.785950
6.170703 258.035156
6.176508 259.123718
6.182313 259.293152
6.188118 130.368088
6.193923 130.324966
6.199728 254.210129
6.205533 254.354095
6.211338 254.336258
6.217143 254.191513
6.222948 253.950485
6.228753 253.692825
6.234558 130.149323
6.240363 243.944748
6.246168 126.562553
6.251973 245.205688
6.257778 245.476288
6.263583 244.721603
6.269388 244.089569
6.275193 243.537491
6.280998 242.616013
6.286803 126.151772
6.292608 126.436646
6.298413 126.949608
6.304218 127.185547
6.310023 164.581482
6.315828 164.620392
6.321633 164.649261
6.327438 0.000000
6.333242 1252.590698
6.339047 0.000000
6.344852 0.000000
6.350657 133.154663
6.356462 0.000000
6.362267 3682.753662
6.368073 3744.633545
6.373878 123.735359
6.379683 123.835373
6.385488 1237.934692
6.391293 136.969498
6.397098 147.813248
6.402903 147.932953
6.408708 148.096939
6.414513 0.000000
6.420318 0.000000
6.426123 0.000000
6.431927 146.962738
6.437732 146.852448
6.443537 0.000000
6.449342 0.000000
6.455147 0.000000
6.460952 163.000641
6.466757 163.067703
6.472562 162.995117
6.478367 325.848572
6.484172 162.480804
6.489977 161.162811
6.495782 158.020966
6.501587 156.879150
6.507392 155.336731
6.513197 129.715225
6.519002 150.129044
6.524807 149.465317
6.530612 98.630867
6.536417 98.248558
6.542222 147.105804
6.548027 146.719513
6.553832 97.445351
6.559637 97.378838
6.565442 293.018951
6.571247 293.369751
6.577052 294.175842
6.582857 147.136139
6.588662 147.105591
6.594467 98.370384
6.600272 197.099594
6.606077 196.852692
6.611882 175.959335
6.617687 176.368546
6.623492 296.242615
6.629297 296.722260
6.635102 296.878052
6.640907 296.817780
6.646712 296.764923
6.652517 296.619843
6.658322 295.865967
6.664127 294.167633
6.669932 294.302551
6.675737 295.330536
6.681542 296.251068
6.687347 296.774445
6.693152 98.974426
6.698957 99.125122
6.704762 297.446411
6.710567 296.759216
6.716372 296.278748
6.722177 111.122536
6.727982 111.229630
6.733787 264.225677
6.739592 148.378479
6.745397 148.047867
6.751202 296.545074
6.757007 297.990143
6.762812 149.527817
6.768617 149.368500
6.774422 149.215195
6.780227 149.335632
6.786032 295.589569
6.791837 149.029480
6.797642 148.811111
6.803447 148.734406
6.809252 148.531479
6.815057 148.093338
6.820862 147.844009
6.826667 147.859909
6.832472 147.909668
6.838277 147.820526
6.844081 97.883377
6.849886 97.744102
6.855691 145.550629
6.861496 145.287811
6.867301 145.121017
6.873106 145.003677
6.878911 144.912445
6.884717 144.805573
6.890522 96.751236
6.896327 144.490189
6.902132 144.473877
6.907937 141.326614
6.913742 140.958862
6.919547 140.840775
6.925352 136.708908
6.931157 276.090027
6.936962 142.691956
6.942767 146.816589
6.948571 0.000000
6.954376 123.589539
6.960181 123.649643
6.965986 123.619987
6.971791 123.548889
6.977596 179.539368
6.983401 179.290466
6.989206 0.000000
6.995011 142.732788
7.000816 142.610977
7.006621 149.642883
7.012426 118.898392
7.018231 108.029030
7.024036 107.934975
7.029841 123.072968
7.035646 107.661377
7.041451 99.178726
7.047256 299.874115
7.053061 301.734924
7.058866 151.284088
7.064671 151.318787
7.070476 150.894058
7.076281 150.786621
7.082086 151.038223
7.087891 151.562119
7.093696 151.966675
7.099501 151.817688
7.105306 151.323471
7.111111 150.711487
7.116916 100.192986
7.122721 99.843781
7.128526 99.640938
7.134331 99.495476
7.140136 196.812866
7.145941 196.344772
7.151746 195.958847
7.157551 195.657196
7.163356 195.320526
7.169161 195.062012
7.174966 195.025284
7.180771 195.210709
7.186576 150.534012
7.192381 196.238251
7.198186 196.975983
7.203991 197.577209
7.209796 198.066803
7.215601 198.422745
7.221406 247.444351
7.227211 247.489075
7.233016 111.731895
7.238821 112.591530
7.244626 112.736824
7.250431 328.307800
7.256236 327.691589
7.262041 326.746857
7.267846 326.577942
7.273651 163.009064
7.279456 165.259262
7.285261 165.642532
7.291066 165.641602
7.296871 165.494461
7.302676 165.359879
7.308481 165.318100
7.314286 165.271118
7.320091 329.439545
7.325896 329.540588
7.331701 329.795166
7.337506 330.287262
7.343311 330.738953
7.349116 330.749268
7.354921 329.816223
7.360725 327.999420
7.366530 327.166809
7.372335 326.918304
7.378140 327.283356
7.383945 328.182556
7.389750 164.077133
7.395555 164.160217
7.401361 164.191483
7.407166 164.327576
7.412971 328.845001
7.418776 328.079865
7.424581 326.783569
7.430386 325.796906
7.436191 325.328278
7.441996 325.096100
7.447801 324.659088
7.453606 323.739471
7.459411 322.693573
7.465215 321.146667
7.471020 318.844818
7.476825 420.640991
7.482630 209.316467
7.488435 208.660278
7.494240 401.531616
7.500045 390.402863
7.505850 303.995636
7.511655 303.080750
7.517460 301.389374
7.523265 297.994354
7.529070 295.785583
7.534875 97.849937
7.540680 97.846565
7.546485 97.836494
7.552290 97.808434
7.558095 96.604240
7.563900 96.768616
7.569705 194.244858
7.575510 194.868744
7.581315 195.727844
7.587120 196.264130
7.592925 196.420898
7.598730 98.574791
7.604535 98.521111
7.610340 98.468666
7.616145 98.450943
7.621950 98.390106
7.627755 98.089523
7.633560 97.971115
7.639365 98.297798
7.645170 98.478729
7.650975 98.494774
7.656780 98.457825
7.662585 98.401085
7.668390 98.405304
7.674195 302.375244
7.680000 301.975708
7.685805 303.241394
7.691610 306.947266
7.697415 314.873596
7.703220 316.241760
7.709025 316.684967
7.714830 316.095001
7.720635 157.743225
7.726440 158.396301
7.732245 712.968384
7.738050 770.782898
7.743855 787.375427
7.749660 787.984924
7.755465 780.490845
7.761270 130.211304
7.767075 130.042542
7.772880 889.146118
7.778685 888.268188
7.784490 892.902222
7.790295 900.163635
7.796100 128.727097
7.801905 128.850266
7.807710 147.173172
7.813515 147.202881
7.819320 932.929260
7.825125 922.450317
7.830930 295.080750
7.836735 224.157349
7.842540 223.818756
7.848345 195.746796
7.854150 195.881149
7.859955 178.659134
7.865760 178.330643
7.871564 178.196533
7.877369 97.879974
7.883174 97.888901
7.888979 218.335327
7.894784 218.630753
7.900589 218.820450
7.906394 218.906982
7.912199 218.675735
7.918005 218.333832
7.923810 218.076157
7.929615 292.116821
7.935420 291.702484
7.941225 291.598999
7.947030 291.505554
7.952835 291.799561
7.958640 292.684967
7.964445 885.580078
7.970250 97.914757
7.976054 294.111145
7.981859 293.985107
7.987664 196.264160
7.993469 196.404541
7.999274 196.414398
8.005079 196.249130
8.010884 196.047379
8.016689 146.512299
8.022494 146.486282
8.028299 146.341370
8.034104 195.460617
8.039909 288.324707
8.045714 288.082184
8.051519 144.569809
8.057324 144.641068
8.063129 144.764206
8.068934 289.607452
8.074739 290.557922
8.080544 291.456268
8.086349 97.419205
8.092155 291.224976
8.097960 289.357117
8.103765 287.545471
8.109570 285.977051
8.115375 285.238495
8.121180 284.636200
8.126985 283.240326
8.132789 871.523132
8.138594 863.404175
8.144399 846.962158
8.150204 205.549026
8.156009 947.149780
8.161814 951.539062
8.167619 953.509644
8.173424 952.101562
8.179229 948.745483
8.185034 123.093369
8.190839 122.975891
8.196644 239.673416
8.202449 239.914673
8.208254 118.569153
8.214059 141.875671
8.219864 141.570267
8.225669 98.263199
8.231474 98.360115
8.237279 98.418655
8.243084 130.437622
8.248889 130.550491
8.254694 130.650055
8.260499 98.395470
8.266304 126.828110
8.272109 98.322838
8.277914 98.360420
8.283719 130.151001
8.289524 98.545494
8.295329 98.557526
8.301134 127.103638
8.306939 146.512421
8.312744 146.748642
8.318549 157.751083
8.324354 158.336716
8.330159 159.023422
8.335963 158.291275
8.341768 157.774643
8.347573 799.500488
8.353378 806.021240
8.359183 807.920898
8.364988 805.483643
8.370793 785.576782
8.376598 778.838562
8.382403 793.987488
8.388208 134.380142
8.394013 134.070374
8.399818 133.719223
8.405623 133.412643
8.411428 98.295059
8.417233 98.261330
8.423038 98.253090
8.428843 911.778320
8.434649 906.928284
8.440454 900.491272
8.446259 902.351074
8.452064 913.179810
8.457869 920.286621
8.463674 920.963989
8.469479 917.062927
8.475284 914.577209
8.481089 0.000000
8.486894 129.576660
8.492699 129.524155
8.498504 113.907631
8.504309 114.099998
8.510114 177.330841
8.515919 177.160080
8.521724 787.091125
8.527529 170.238113
8.533334 98.251572
8.539139 115.229889
8.544943 109.788307
8.550748 109.926567
8.556553 110.079803
8.562358 98.176613
8.568163 122.836670
8.573968 98.241173
8.579773 98.329422
8.585578 109.310387
8.591383 0.000000
8.597188 110.374451
8.602993 110.330170
8.608798 205.892487
8.614603 212.672180
8.620408 212.281860
8.626213 212.134460
8.632018 0.000000
8.637823 0.000000
8.643628 0.000000
8.649433 129.755035
8.655238 129.545547
8.661043 129.576416
8.666848 129.642960
8.672653 129.607880
8.678458 129.400497
8.684263 175.162033
8.690068 98.521309
8.695873 98.535759
8.701678 128.757416
8.707483 128.586975
8.713288 128.616623
8.719093 110.202415
8.724898 113.067192
8.730703 113.242897
8.736508 112.153282
8.742313 111.982864
8.748117 112.183975
8.753922 112.341560
8.759727 112.115250
8.765532 111.767166
8.771338 3791.930176
8.777143 3722.920410
8.782948 3644.251709
8.788753 226.422287
8.794558 226.603683
8.800363 113.305847
8.806168 113.243889
8.811973 225.007797
8.817778 224.495209
8.823583 223.958618
8.829388 3819.767578
8.835193 3899.714355
8.840998 3970.945557
8.846803 3985.003906
8.852608 107.927345
8.858413 107.891144
8.864218 110.375191
8.870023 110.242874
8.875828 109.867142
8.881633 109.647316
8.887438 109.682274
8.893243 109.842583
8.899048 84.458237
8.904853 112.739738
8.910658 0.000000
8.916463 242.407974
8.922268 242.077667
8.928073 241.950455
8.933878 242.170822
8.939683 91.553612
8.945488 3767.989502
8.951293 3707.022461
8.957097 194.816513
8.962902 195.984390
8.968707 223.653839
8.974512 224.955444
8.980317 225.867386
8.986122 226.814896
8.991927 227.539078
8.997732 101.520058
9.003537 111.136055
9.009342 223.197678
9.015147 222.638824
9.020952 221.481583
9.026757 220.756454
9.032562 197.477432
9.038367 223.621216
9.044172 224.823364
9.049977 212.253845
9.055782 213.729355
9.061587 214.894440
9.067392 214.971085
9.073197 214.575577
9.079002 213.620972
9.084807 213.362244
9.090612 215.288223
9.096417 217.399826
9.102222 218.297256
9.108027 219.464478
9.113832 220.900528
9.119637 221.803131
9.125443 222.575165
9.131248 223.361160
9.137053 111.997467
9.142858 111.971886
9.148663 111.685059
9.154468 111.490585
9.160272 222.710648
9.166077 222.323868
9.171882 110.760628
9.177687 110.146660
9.183492 109.901703
9.189297 223.708923
9.195102 223.868607
9.200907 108.176888
9.206712 221.861969
9.212517 221.781158
9.218322 224.350601
9.224127 225.284286
9.229932 213.345322
9.235737 199.359573
9.241542 198.568680
9.247347 88.057411
9.253152 88.138985
9.258957 110.768616
9.264762 217.590179
9.270567 218.252243
9.276372 111.046654
9.282177 223.771667
9.287982 223.213791
9.293787 111.645813
9.299592 111.613342
9.305397 111.400803
9.311202 111.258621
9.317007 111.217094
9.322812 111.255569
9.328617 223.828522
9.334422 224.213898
9.340227 224.944748
9.346032 226.421997
9.351837 114.119621
9.357642 229.384705
9.363446 472.465485
9.369251 474.690460
9.375056 478.145752
9.380861 480.827545
9.386666 480.904175
9.392471 480.918976
9.398276 252.022324
9.404081 252.529663
9.409886 252.269821
9.415691 489.903778
9.421496 490.216339
9.427301 490.473602
9.433106 490.707855
9.438911 490.255371
9.444716 489.506958
9.450521 123.805275
9.456326 123.424622
9.462132 123.148811
9.467937 487.072357
9.473742 486.332977
9.479547 485.606384
9.485352 485.024353
9.491157 97.465515
9.496962 97.359589
9.502767 97.279099
9.508572 253.667770
9.514377 253.831299
9.520182 254.008560
9.525987 253.331360
9.531792 252.540009
9.537597 252.497314
9.543402 252.603180
9.549207 125.897209
9.555012 99.812576
9.560817 99.710136
9.566622 97.637344
9.572426 252.202393
9.578231 252.560715
9.584036 98.159744
9.589841 98.240036
9.595646 98.056404
9.601451 97.815445
9.607256 97.790695
9.613061 97.842545
9.618866 113.639412
9.624671 97.990280
9.630476 98.041206
9.636281 98.147087
9.642086 98.227333
9.647891 98.249054
9.653696 98.163109
9.659501 97.626457
9.665306 125.553040
9.671111 0.000000
9.676916 222.645950
9.682721 198.424484
9.688526 198.133347
9.694331 197.119476
9.700136 205.487778
9.705941 205.411041
9.711746 124.085495
9.717551 0.000000
9.723356 0.000000
9.729161 173.377899
9.734966 179.020432
9.740771 178.748856
9.746576 195.063797
9.752381 195.289474
9.758186 225.645981
9.763991 226.225418
9.769796 226.403503
9.775600 126.095345
9.781405 111.811996
9.787210 111.890091
9.793015 110.274910
9.798820 110.316185
9.804626 110.254234
9.810431 110.069138
9.816236 109.802567
9.822041 109.743362
9.827846 109.997330
9.833651 110.373840
9.839456 110.713646
9.845261 110.645905
9.851066 110.623627
9.856871 110.731705
9.862676 110.788361
9.868481 110.487755
9.874286 110.047256
9.880091 109.844177
9.885896 109.813248
9.891701 110.055687
9.897506 296.071045
9.903311 296.248413
9.909116 220.341537
9.914921 220.270981
9.920726 220.383194
9.926531 107.746040
9.932336 227.420135
9.938141 227.060623
9.943946 214.066635
9.949751 227.316162
9.955556 227.006287
9.961361 226.584625
9.967166 255.618286
9.972971 107.583298
9.978776 107.274895
9.984580 109.773590
9.990385 125.115501
9.996190 125.089111
10.001995 231.803467
10.007800 231.947021
10.013605 232.636871
10.019410 261.141724
10.025215 261.448700
10.031020 261.138031
10.036825 252.324585
10.042630 251.537003
10.048435 224.337631
10.054240 236.372086
10.060045 238.297485
10.065850 240.597229
10.071655 241.396286
10.077460 241.847076
10.083265 230.057770
10.089070 230.154099
10.094875 229.784286
10.100680 229.511520
10.106485 214.015289
10.112290 213.901505
10.118095 213.820175
10.123900 253.672241
10.129705 3711.649170
10.135510 189.921387
10.141315 0.000000
10.147120 212.442535
10.152925 211.624649
10.158731 210.791504
10.164536 209.512573
10.170341 208.489227
10.176146 219.592911
10.181951 221.337570
10.187755 232.583282
10.193560 236.196304
10.199365 242.435013
10.205170 244.040359
10.210975 246.421951
10.216780 250.038544
10.222585 251.761917
10.228390 459.736420
10.234195 460.963837
10.240000 254.426147
10.245805 254.570099
10.251610 254.082504
10.257415 253.094376
10.263220 251.796570
10.269025 250.335953
10.274830 248.799850
10.280635 247.413956
10.286440 246.131241
10.292245 244.833817
10.298050 243.744904
10.303855 243.050385
10.309660 242.738968
10.315465 242.772125
10.321270 243.106445
10.327075 243.826630
10.332880 490.026031
10.338685 281.865631
10.344490 285.860962
10.350295 286.763214
10.356100 281.321472
10.361905 246.499924
10.367710 244.680832
10.373515 244.009460
10.379320 272.068787
10.385125 272.488983
10.390930 4626.485352
10.396734 4716.683594
10.402539 5206.850098
10.408344 5409.378418
10.414149 5397.213379
10.419954 5301.937500
10.425759 5163.383301
10.431564 4944.729492
10.437369 4711.819336
10.443174 4681.113281
10.448979 4826.972168
10.454784 4999.173828
10.460589 5236.023438
10.466394 5444.549805
10.472199 5485.256348
10.478004 5375.216797
10.483809 5276.083984
10.489614 5266.470215
10.495420 5317.271973
10.501225 5337.143066
10.507030 5270.954590
10.512835 4875.131348
10.518640 3957.099854
10.524445 3740.586914
10.530250 3668.655273
10.536055 204.091980
10.541860 203.451035
10.547665 202.651672
10.553470 201.737564
10.559275 201.177322
10.565080 200.700043
10.570885 200.380310
10.576690 200.197205
10.582495 200.025635
10.588300 199.770432
10.594105 199.456573
10.599909 199.306747
10.605714 199.486008
10.611519 199.934158
10.617324 200.435974
10.623129 200.907898
10.628934 201.445724
10.634739 201.986160
10.640544 202.364288
10.646349 202.597946
10.652154 202.813721
10.657959 202.967117
10.663764 202.910843
10.669569 202.595016
10.675374 202.193268
10.681179 201.785355
10.686984 201.292465
10.692789 200.458740
10.698594 199.106995
10.704399 197.607178
10.710204 196.225449
10.716009 195.414520
10.721814 195.014496
10.727619 194.782761
10.733424 4315.291992
10.739229 4676.887695
10.745034 5110.172363
10.750839 5997.536133
10.756644 6399.451660
10.762449 6669.171875
10.768254 6619.071289
10.774059 6370.897461
10.779864 6242.717773
10.785669 6285.037109
10.791474 6416.872559
10.797279 6542.026855
10.803084 6575.933594
10.808888 6514.124023
10.814693 6408.045410
10.820498 6288.329102
10.826303 6135.550781
10.832108 5837.187500
10.837914 4920.311523
10.843719 4597.405273
10.849524 4540.454590
10.855329 4743.077148
10.861134 4952.919922
10.866939 198.385666
10.872744 203.179184
10.878549 202.477158
10.884354 202.356033
10.890159 202.327515
10.895964 202.288284
10.901769 202.222076
10.907574 202.230392
10.913379 224.497559
10.919184 224.636261
10.924989 224.917892
10.930794 0.000000
10.936599 122.205170
10.942404 0.000000
10.948209 194.201645
10.954014 193.824402
10.959819 257.580994
10.965624 153.695312
10.971429 153.503616
10.977234 0.000000
10.983039 194.194427
10.988844 95.966888
10.994649 801.336304
11.000454 797.108765
11.006259 790.257141
11.012063 784.715942
11.017868 193.574432
11.023673 193.726242
11.029478 97.541893
11.035283 97.541100
11.041088 97.677162
11.046893 97.826897
11.052698 97.825371
11.058503 97.774780
11.064308 97.901939
11.070113 97.962257
11.075918 97.963684
11.081723 97.993980
11.087528 196.389359
11.093333 196.387787
11.099138 97.543114
11.104943 97.411423
11.110748 97.375420
11.116553 123.800240
11.122358 123.880051
11.128163 98.465302
11.133968 98.405525
11.139773 783.541870
11.145578 784.374939
11.151383 97.862320
11.157188 97.794006
11.162993 98.579575
11.168798 98.435074
11.174603 196.780884
11.180408 196.567001
11.186213 196.228378
11.192019 762.189392
11.197824 768.213196
11.203629 122.065804
11.209434 195.281754
11.215239 195.471268
11.221043 195.592789
11.226848 196.021942
11.232653 98.281357
11.238458 98.224762
11.244263 98.151833
11.250068 195.634705
11.255873 195.659363
11.261678 97.881844
11.267483 194.949554
11.273288 194.839630
11.279093 97.884338
11.284898 97.861954
11.290703 97.850456
11.296508 195.671555
11.302313 195.699509
11.308118 98.219589
11.313923 98.353264
11.319728 98.369293
11.325533 98.304504
11.331338 98.224655
11.337143 98.162865
11.342948 98.127129
11.348753 98.151321
11.354558 98.161705
11.360363 98.088921
11.366168 97.943245
11.371973 97.864113
11.377778 97.879395
11.383583 97.889709
11.389388 97.886238
11.395193 131.839478
11.400998 131.870056
11.406803 131.941833
11.412608 98.423264
11.418413 196.102234
11.424217 196.182907
11.430022 196.204529
11.435827 196.197845
11.441632 196.240341
11.447437 98.282051
11.453242 98.233612
11.459047 195.148819
11.464852 195.155945
11.470657 195.206024
11.476462 98.268944
11.482267 98.072922
11.488072 97.797928
11.493877 97.860268
11.499682 98.082382
11.505487 98.339317
11.511292 98.417671
11.517097 98.423004
11.522902 98.442741
11.528708 196.615906
11.534513 196.742828
11.540318 98.611404
11.546123 98.606255
11.551928 98.557434
11.557733 197.157257
11.563538 196.046692
11.569343 196.668625
11.575148 197.371552
11.580953 197.393875
11.586758 196.924744
11.592563 196.321457
11.598368 195.876816
11.604173 195.784897
11.609978 196.002991
11.615783 98.263748
11.621588 98.293518
11.627392 98.335258
11.633197 98.308807
11.639002 98.248062
11.644807 98.196999
11.650612 98.147575
11.656417 98.149300
11.662222 196.254623
11.668027 196.335739
11.673832 196.350800
11.679637 196.334229
11.685442 97.926933
11.691247 97.840080
11.697052 196.105881
11.702857 196.406784
11.708662 196.996811
11.714467 197.326843
11.720272 197.135361
11.726077 196.840240
11.731882 98.247086
11.737687 98.244995
11.743492 98.245750
11.749297 98.274330
11.755102 98.322456
11.760907 98.360771
11.766712 98.339638
11.772517 98.253548
11.778322 98.143707
11.784127 98.058228
11.789932 98.081352
11.795737 98.110222
11.801542 97.951736
11.807347 97.753883
11.813152 97.617683
11.818957 97.545372
11.824762 194.465393
11.830567 194.213074
11.836371 97.828682
11.842176 194.889572
11.847981 195.245926
11.853786 195.296280
11.859591 195.303543
11.865396 98.057426
11.871202 124.062714
11.877007 98.256683
11.882812 98.195854
11.888617 197.642929
11.894422 198.039215
11.900227 197.867844
11.906032 197.495865
11.911837 197.159760
11.917642 196.912308
11.923447 196.724823
11.929252 196.625168
11.935057 196.507355
11.940862 196.200653
11.946667 98.007042
11.952472 97.922394
11.958277 195.405853
11.964082 195.090424
11.969887 194.977844
11.975692 195.315735
11.981497 195.762405
11.987302 195.569778
11.993107 195.444595
11.998912 195.478073
12.004717 195.463455
12.010522 195.441940
12.016327 195.686218
12.022132 196.197891
12.027937 158.026794
12.033742 98.370529
12.039546 196.758820
12.045351 196.781204
12.051156 97.937004
12.056961 97.714546
12.062766 97.503967
12.068571 97.592155
12.074376 792.149536
12.080181 789.855103
12.085986 790.478943
12.091791 197.009491
12.097596 196.687302
12.103401 196.495697
12.109206 196.771851
12.115011 197.200226
12.120816 197.314087
12.126621 196.875031
12.132426 196.380249
12.138231 196.294281
12.144036 98.357582
12.149841 98.447166
12.155646 98.471504
12.161451 98.427460
12.167256 196.197433
12.173061 195.916595
12.178866 195.904099
12.184671 195.787048
12.190476 197.059540
12.196281 197.369034
12.202086 196.408646
12.207891 195.972672
12.213696 195.643723
12.219501 195.451859
12.225307 121.041519
12.231112 121.139763
12.236917 196.229218
12.242722 196.638138
12.248526 197.229889
12.254331 197.561111
12.260136 785.702515
12.265941 98.792839
12.271746 98.763489
12.277551 98.638985
12.283356 98.505005
12.289161 98.423744
12.294966 196.387070
12.300771 196.586746
12.306576 196.671402
12.312381 196.385574
12.318186 196.137131
12.323991 195.902237
12.329796 195.509537
12.335601 195.166153
12.341406 187.536469
12.347211 194.939789
12.353016 194.715408
12.358821 158.896072
12.364626 196.066910
12.370431 196.450180
12.376236 196.835922
12.382041 197.063721
12.387846 98.355164
12.393651 98.311874
12.399456 98.306786
12.405261 98.346390
12.411066 98.465340
12.416871 98.564964
12.422676 98.550911
12.428481 196.874542
12.434286 98.346916
12.440091 98.362198
12.445896 98.474915
12.451700 196.762848
12.457505 196.884216
12.463310 111.594002
12.469115 111.604721
12.474920 0.000000
12.480725 100.363373
12.486530 112.974655
12.492335 112.908928
12.498140 0.000000
12.503945 0.000000
12.509750 943.850586
12.515555 950.498535
12.521360 957.713501
12.527165 794.936279
12.532970 797.188599
12.538775 793.741333
12.544580 786.575989
12.550385 784.323242
12.556190 787.520630
12.561996 198.650116
12.567801 198.392517
12.573606 195.040070
12.579411 195.350403
12.585216 196.152252
12.591021 197.023010
12.596826 196.736435
12.602631 196.136658
12.608436 195.715408
12.614241 112.014282
12.620046 111.738625
12.625851 111.411880
12.631656 148.670013
12.637461 148.513992
12.643266 1260.732056
12.649071 125.164009
12.654876 125.342621
12.660680 149.190216
12.666485 73.737938
12.672290 73.819023
12.678095 73.815376
12.683900 73.750031
12.689705 73.711502
12.695510 123.426529
12.701315 123.294891
12.707120 73.858040
12.712925 150.086685
12.718730 145.035339
12.724535 73.671982
12.730340 73.703407
12.736145 73.694138
12.741950 73.676849
12.747755 197.864838
12.753560 98.154701
12.759365 98.236588
12.765170 113.128807
12.770975 224.841705
12.776780 224.888428
12.782585 212.552017
12.788390 207.148254
12.794195 195.057327
12.800000 198.037170
12.805805 198.514893
12.811610 198.568771
12.817415 97.994125
12.823220 98.086517
12.829025 194.718338
12.834830 298.824127
12.840635 298.911682
12.846440 0.000000
12.852245 97.519234
12.858050 97.603317
12.863854 196.412460
12.869659 195.505814
12.875464 195.711029
12.881269 196.053543
12.887074 98.180923
12.892879 98.123756
12.898685 98.061348
12.904490 195.937088
12.910295 196.663742
12.916100 197.053055
12.921905 196.779419
12.927710 97.634773
12.933515 97.791443
12.939320 97.807182
12.945125 196.343033
12.950930 196.647873
12.956735 196.572479
12.962540 196.389603
12.968345 196.228638
12.974150 195.794357
12.979955 195.008911
12.985760 194.925583
12.991565 195.311249
12.997370 1768.482910
13.003175 794.813110
13.008980 792.482971
13.014785 196.506165
13.020590 196.387283
13.026395 195.702667
13.032200 195.121613
13.038005 65.189919
13.043810 0.000000
13.049615 67.744598
13.055420 197.287643
13.061225 196.763641
13.067030 196.446548
13.072834 196.087769
13.078639 195.209534
13.084444 193.653915
13.090249 130.884506
13.096054 130.937973
13.101859 130.930283
13.107664 130.806244
13.113469 196.306931
13.119274 196.098785
13.125079 98.155334
13.130884 98.121834
13.136689 98.074806
13.142494 98.068817
13.148299 98.148979
13.154104 98.198090
13.159909 98.195427
13.165714 196.357391
13.171519 196.175659
13.177324 98.197258
13.183129 98.180931
13.188934 98.097542
13.194739 97.950211
13.200544 157.670837
13.206349 157.653992
13.212154 98.003014
13.217959 98.021317
13.223764 98.204956
13.229569 131.844833
13.235374 131.836334
13.241179 131.689194
13.246984 131.387238
13.252789 131.168686
13.258595 97.990288
13.264400 180.024994
13.270205 143.673767
13.276009 130.822754
13.281814 130.766907
13.287619 98.332520
13.293424 146.309464
13.299229 146.196426
13.305034 98.239532
13.310839 98.188858
13.316644 98.150650
13.322449 98.195778
13.328254 98.273727
13.334059 98.257553
13.339864 98.181412
13.345669 98.129585
13.351474 98.101860
13.357279 98.100555
13.363084 98.116821
13.368889 98.144775
13.374694 98.159630
13.380499 98.121300
13.386304 98.021873
13.392109 219.688477
13.397914 0.000000
13.403719 0.000000
13.409524 0.000000
13.415329 86.899910
13.421134 98.336456
13.426939 98.799332
13.432744 99.114220
13.438549 99.065254
13.444354 98.681038
13.450159 98.781876
13.455964 99.170891
13.461769 99.238441
13.467574 163.524963
13.473379 98.130035
13.479183 956.001953
13.484988 955.054077
13.490793 953.033691
13.496598 149.250549
13.502403 149.216721
13.508208 149.123596
13.514013 149.060638
13.519818 149.002838
13.525623 148.870422
13.531428 148.669357
13.537233 148.534012
13.543038 0.000000
13.548843 808.427979
13.554648 803.852844
13.560453 800.796509
13.566258 796.813721
13.572063 148.463120
13.577868 148.336349
13.583673 148.037720
13.589478 147.837784
13.595284 148.247849
13.601089 145.517960
13.606894 0.000000
13.612699 195.859879
13.618504 148.348160
13.624309 148.486130
13.630114 148.444916
13.635919 148.373962
13.641724 98.315002
13.647529 196.404694
13.653334 196.059418
13.659139 195.681931
13.664944 98.077957
13.670749 98.190536
13.676554 194.565872
13.682359 148.146545
13.688163 148.060699
13.693968 147.795822
13.699773 146.869095
13.705578 146.239746
13.711383 146.934738
13.717188 147.592407
13.722993 147.916458
13.728798 148.139450
13.734603 148.056976
13.740408 147.783768
13.746213 147.597809
13.752018 147.690109
13.757823 147.837418
13.763628 147.962067
13.769433 144.974243
13.775238 145.091705
13.781043 145.731979
13.786848 146.621063
13.792653 146.563873
13.798458 146.728531
13.804263 147.548279
13.810068 97.802338
13.815873 194.903839
13.821678 147.604813
13.827483 147.394775
13.833288 147.421082
13.839093 147.575775
13.844898 147.580261
13.850703 196.090408
13.856508 196.199203
13.862313 148.635010
13.868118 148.636566
13.873923 148.982544
13.879728 129.609772
13.885533 129.894699
13.891337 98.222061
13.897142 195.152420
13.902947 98.367554
13.908752 98.258369
13.914557 98.114624
13.920362 98.072006
13.926167 98.139404
13.931973 98.204124
13.937778 98.171333
13.943583 195.438431
13.949388 195.842621
13.955193 195.461060
13.960998 156.786972
13.966803 156.755005
13.972608 196.068130
13.978413 196.117340
13.984218 196.099228
13.990023 196.020950
13.995828 97.900085
14.001633 97.780525
14.007438 112.502121
14.013243 0.000000
14.019048 0.000000
14.024853 0.000000
14.030658 88.095947
14.036463 207.449203
14.042268 200.763977
14.048073 200.959351
14.053878 200.379684
14.059683 222.458511
14.065488 198.049698
14.071293 196.314850
14.077098 196.130981
14.082903 196.426178
14.088708 196.487991
14.094513 196.448425
14.100317 196.343369
14.106122 196.415817
14.111927 196.984024
14.117732 197.913254
14.123537 198.153717
14.129342 197.855835
14.135147 111.012527
14.140952 130.737274
14.146757 299.351593
14.152562 196.945465
14.158367 197.107544
14.164172 197.040512
14.169977 196.406128
14.175782 195.558655
14.181587 195.027695
14.187392 194.790649
14.193197 97.830544
14.199002 97.892532
14.204807 98.029465
14.210612 98.143799
14.216417 98.154076
14.222222 98.140236
14.228027 98.152168
14.233832 98.139008
14.239637 130.860336
14.245442 130.605652
14.251247 98.105797
14.257052 98.042496
14.262857 98.066948
14.268662 98.135521
14.274467 98.177612
14.280272 98.187294
14.286077 98.220093
14.291883 98.298264
14.297688 98.355484
14.303492 98.339645
14.309297 98.340034
14.315102 98.370277
14.320907 98.396080
14.326712 98.467560
14.332517 98.541588
14.338322 98.526993
14.344127 98.324104
14.349932 98.084740
14.355737 97.841408
14.361542 145.577560
14.367347 145.870743
14.373152 145.991470
14.378957 98.645744
14.384762 135.671417
14.390567 97.881554
14.396372 97.928436
14.402177 98.071556
14.407982 98.208282
14.413787 98.298637
14.419592 98.366570
14.425397 98.296448
14.431202 98.169701
14.437007 98.102531
14.442812 98.118866
14.448617 146.255112
14.454422 98.146797
14.460227 97.949997
14.466032 97.926674
14.471837 130.644547
14.477642 98.184868
14.483447 98.257317
14.489252 98.242828
14.495057 98.201729
14.500862 98.073868
14.506667 97.911301
14.512471 292.783691
14.518276 98.901924
14.524081 73.775726
14.529886 98.103737
14.535691 98.173759
14.541496 98.324219
14.547301 98.420654
14.553106 98.381126
14.558911 98.316971
14.564716 98.287315
14.570521 98.296051
14.576326 98.280670
14.582131 98.215050
14.587936 98.221588
14.593741 98.327950
14.599546 98.357780
14.605351 98.272781
14.611156 98.162498
14.616961 98.131294
14.622766 98.179100
14.628572 98.250053
14.634377 98.369736
14.640182 98.525864
14.645987 98.643547
14.651792 98.684982
14.657597 203.234344
14.663402 204.705704
14.669207 205.628677
14.675012 206.388153
14.680817 221.671356
14.686622 254.010910
14.692427 253.884659
14.698232 238.426422
14.704037 238.499222
14.709842 239.171692
14.715646 241.933426
14.721451 231.127777
14.727256 257.143555
14.733061 112.967506
14.738866 123.258423
14.744671 123.333015
14.750476 197.224182
14.756281 197.109940
14.762086 132.060959
14.767891 131.701965
14.773696 196.670364
14.779501 195.951096
14.785306 195.929626
14.791111 117.945114
14.796916 145.860474
14.802721 130.010056
14.808526 200.347580
14.814331 196.027176
14.820136 195.663467
14.825941 195.616959
14.831746 167.587997
14.837551 147.041290
14.843356 165.950531
14.849161 165.731232
14.854966 146.110138
14.860771 146.516281
14.866576 147.244110
14.872381 0.000000
14.878186 111.039467
14.883991 147.380722
14.889796 147.303909
14.895601 147.164719
14.901406 177.855698
14.907211 97.629448
14.913016 144.537415
14.918821 131.767670
14.924625 123.402733
14.930430 98.518005
14.936235 98.447952
14.942040 146.380737
14.947845 146.399490
14.953650 146.508118
14.959455 98.078751
14.965261 125.921394
14.971066 121.226913
14.976871 151.915848
14.982676 158.529770
14.988481 197.902542
14.994286 198.320099
15.000091 198.464508
15.005896 213.072540
15.011701 213.111298
15.017506 172.613953
15.023311 165.858475
15.029116 165.571976
15.034921 74.043732
15.040726 74.057106
15.046531 226.404373
15.052336 226.447098
15.058141 73.869690
15.063946 73.782616
15.069751 73.855240
15.075556 74.027298
15.081361 74.092155
15.087166 74.069397
15.092971 73.982185
15.098776 73.834930
15.104581 73.775543
15.110386 73.745003
15.116191 73.721489
15.121996 145.479614
15.127800 164.716034
15.133605 164.403870
15.139410 190.193893
15.145215 189.999069
15.151020 190.296188
15.156825 190.840836
15.162630 190.957001
15.168435 73.706787
15.174240 73.789627
15.180045 0.000000
15.185850 0.000000
15.191655 74.151123
15.197460 74.136223
15.203265 74.114723
15.209070 73.960854
15.214875 213.144318
15.220680 213.601730
15.226485 213.946869
15.232290 214.004227
15.238095 73.571098
15.243900 123.378311
15.249705 113.038155
15.255510 249.763550
15.261315 250.608261
15.267120 251.114349
15.272925 0.000000
15.278730 128.362686
15.284535 220.263870
15.290340 191.429092
15.296145 191.467499
15.301950 191.638000
15.307755 197.071579
15.313560 196.770874
15.319366 196.628372
15.325171 196.573227
15.330976 196.499771
15.336780 196.320038
15.342585 196.093735
15.348390 209.453568
15.354195 208.569504
15.360000 209.417892
15.365805 114.046890
15.371610 198.023376
15.377415 198.070389
15.383220 516.137756
15.389025 399.697205
15.394830 193.234482
15.400635 112.730591
15.406440 145.671371
15.412245 145.613266
15.418050 0.000000
15.423855 0.000000
15.429660 0.000000
15.435465 130.189514
15.441270 150.915253
15.447075 151.083878
15.452880 175.034241
15.458685 196.247513
15.464490 196.482590
15.470295 196.675446
15.476100 155.295959
15.481905 134.830597
15.487710 130.408569
15.493515 130.299240
15.499320 130.186386
15.505125 130.168854
15.510930 130.323471
15.516735 130.734512
15.522540 142.648651
15.528345 131.559174
15.534150 131.285400
15.539954 130.859238
15.545759 130.809998
15.551564 130.871964
15.557369 130.886307
15.563174 65.499046
15.568979 65.446739
15.574784 65.385689
15.580589 98.108643
15.586394 98.132301
15.592199 98.117920
15.598004 195.798294
15.603809 97.986382
15.609614 123.202545
15.615419 123.024681
15.621224 130.194382
15.627029 130.710800
15.632834 130.720947
15.638639 132.835373
15.644444 133.016312
15.650249 132.859619
15.656054 132.484909
15.661860 65.905785
15.667665 112.536430
15.673470 112.776314
15.679275 112.634796
15.685080 130.430389
15.690885 130.429703
15.696690 130.374054
15.702495 130.396973
15.708300 130.518936
15.714105 110.683624
15.719910 197.421432
15.725715 197.355606
15.731520 198.509949
15.737325 200.518646
15.743129 202.634415
15.748934 193.128799
15.754739 194.939148
15.760544 195.999939
15.766349 196.388519
15.772154 197.027176
15.777959 200.021408
15.783764 201.618149
15.789569 202.405716
15.795374 166.682907
15.801179 166.377487
15.806984 210.174164
15.812789 964.729126
15.818594 98.092712
15.824399 2326.871826
15.830204 2348.173828
15.836009 2357.168945
15.841814 270.423340
15.847619 951.416504
15.853424 936.159729
15.859229 932.175659
15.865034 930.107239
15.870839 919.342102
15.876644 901.922424
15.882449 188.423904
15.888254 126.732658
15.894059 126.786621
15.899864 126.596321
15.905669 0.000000
15.911474 97.068314
15.917279 130.516602
15.923084 130.894928
15.928889 131.051773
15.934694 130.846985
15.940499 130.617340
15.946304 269.601837
15.952108 269.317993
15.957913 268.381592
15.963718 267.268890
15.969523 268.856598
15.975328 270.440155
15.981133 270.539886
15.986938 269.121033
15.992743 284.827118
15.998549 179.704636
16.004354 0.000000
16.010159 137.503403
16.015965 137.638397
16.021769 137.795502
16.027575 273.251160
16.033379 138.250366
16.039185 138.246887
16.044989 138.084305
16.050795 137.943466
16.056599 288.099274
16.062403 288.626648
16.068209 194.684998
16.074013 194.474823
16.079819 194.638351
16.085623 195.073898
16.091429 195.245697
16.097233 97.931763
16.103039 98.012810
16.108843 194.803970
16.114649 194.548050
16.120453 194.115463
16.126259 193.453491
16.132063 97.199677
16.137869 97.141380
16.143673 297.541962
16.149479 145.995285
16.155283 146.139313
16.161089 146.037231
16.166893 145.944046
16.172699 146.027283
16.178503 146.360962
16.184309 146.390564
16.190113 146.208359
16.195919 98.129578
16.201723 97.966774
16.207529 300.413940
16.213333 299.695496
16.219139 298.803253
16.224943 298.187500
16.230749 297.642761
16.236553 297.092957
16.242359 128.819824
16.248163 128.815475
16.253969 296.123505
16.259773 295.473175
16.265577 295.169861
16.271383 147.175919
16.277187 147.115295
16.282993 147.187363
16.288797 147.461823
16.294603 142.837326
16.300407 143.100327
16.306213 4092.950928
16.312017 4045.408447
16.317823 250.479477
16.323627 291.488312
16.329433 292.249176
16.335238 293.441345
16.341043 295.387421
16.346848 195.418900
16.352654 195.507889
16.358458 195.640106
16.364264 151.155838
16.370068 151.677200
16.375874 674.229065
16.381678 676.971497
16.387484 197.235336
16.393288 196.182663
16.399094 196.181625
16.404898 196.431580
16.410704 827.168030
16.416508 825.280640
16.422314 826.031860
16.428118 823.637390
16.433924 813.764709
16.439728 802.811035
16.445534 794.922485
16.451338 149.970230
16.457144 149.886078
16.462948 149.662674
16.468752 149.370941
16.474558 794.991516
16.480362 796.625671
16.486168 798.907837
16.491972 98.161552
16.497778 98.247940
16.503582 98.408005
16.509388 98.464104
16.515192 98.310684
16.520998 98.053490
16.526802 188.039017
16.532608 201.649033
16.538412 193.183884
16.544218 193.379654
16.550022 193.229828
16.555828 154.231995
16.561632 153.933945
16.567438 149.532440
16.573242 150.209839
16.579048 150.267426
16.584852 150.100174
16.590658 294.371490
16.596462 294.040466
16.602268 294.239990
16.608072 292.923737
16.613878 122.831535
16.619682 288.047455
16.625488 248.691086
16.631292 248.496918
16.637098 252.762314
16.642902 253.259140
16.648708 252.183655
16.654512 246.821274
16.660318 245.493820
16.666122 245.183960
16.671926 246.112473
16.677732 246.930954
16.683537 251.852386
16.689342 252.185226
16.695147 250.913788
16.700953 249.371857
16.706757 248.606659
16.712563 247.533188
16.718367 245.117279
16.724173 216.422562
16.729977 197.636063
16.735783 198.059677
16.741587 248.782944
16.747393 262.614471
16.753197 245.598770
16.759003 196.263260
16.764807 196.529953
16.770613 196.824051
16.776417 197.073563
16.782223 196.840210
16.788027 196.374359
16.793833 196.458618
16.799637 196.845535
16.805443 221.387573
16.811247 108.030502
16.817053 218.667969
16.822857 194.015640
16.828663 193.963150
16.834467 193.947495
16.840273 193.959229
16.846077 194.223694
16.851883 4049.030762
16.857687 4082.751709
16.863493 4260.114746
16.869297 4670.675781
16.875101 4944.349121
16.880907 5062.725098
16.886711 5250.898438
16.892517 5485.124023
16.898321 5645.673828
16.904127 5549.562988
16.909931 5368.145020
16.915737 5350.445801
16.921541 5454.829102
16.927347 5576.416016
16.933151 5660.046875
16.938957 5674.450195
16.944761 5626.478516
16.950567 5561.459961
16.956371 5449.018555
16.962177 5267.579102
16.967981 5177.821777
16.973787 5228.145020
16.979591 968.226440
16.985397 972.427368
16.991201 973.589966
16.997007 165.433884
17.002811 186.419449
17.008617 186.426178
17.014421 195.981400
17.020227 195.685806
17.026031 194.832642
17.031837 194.024536
17.037642 193.536926
17.043447 193.271820
17.049252 193.006058
17.055058 192.754364
17.060862 192.626892
17.066668 192.768143
17.072472 193.099014
17.078278 193.357758
17.084082 193.491684
17.089886 193.568314
17.095692 193.529556
17.101496 193.492828
17.107302 193.726974
17.113106 194.300446
17.118912 195.007172
17.124716 195.601273
17.130522 196.070602
17.136326 196.171295
17.142132 195.769409
17.147936 195.498123
17.153742 195.447159
17.159546 195.479858
17.165352 98.203094
17.171156 97.945625
17.176962 97.306770
17.182766 194.398773
17.188572 194.214798
17.194376 194.007004
17.200182 193.802811
17.205986 193.576920
17.211792 193.421768
17.217596 193.380753
17.223402 193.356033
17.229206 193.387863
17.235012 96.830276
17.240816 96.939529
17.246622 97.009933
17.252426 194.143234
17.258232 194.508713
17.264036 194.876770
17.269842 195.033157
17.275646 194.896469
17.281452 194.316620
17.287256 193.549088
17.293060 192.869156
17.298866 105.155281
17.304670 218.025818
17.310476 195.681183
17.316280 195.442810
17.322086 195.099884
17.327890 194.941635
17.333696 195.147919
17.339500 195.409698
17.345306 195.518021
17.351110 130.794022
17.356916 130.706223
17.362720 130.451538
17.368526 130.328232
17.374331 195.475128
17.380136 195.473434
17.385941 195.367874
17.391747 195.247360
17.397551 195.410812
17.403357 195.703690
17.409161 195.827087
17.414967 195.826019
17.420771 195.704346
17.426577 130.412399
17.432381 130.474426
17.438187 98.155792
17.443991 196.596970
17.449797 196.922775
17.455601 197.244614
17.461407 98.525230
17.467211 98.407883
17.473017 98.241295
17.478821 98.135315
17.484627 98.115715
17.490431 98.136360
17.496235 98.094040
17.502041 98.043282
17.507845 98.032646
17.513651 98.104759
17.519455 98.196419
17.525261 98.254471
17.531065 98.333389
17.536871 98.594193
17.542675 98.943382
17.548481 136.120453
17.554285 101.038658
17.560091 101.172844
17.565895 101.138031
17.571701 130.842651
17.577505 135.176392
17.583311 134.804489
17.589115 98.726768
17.594921 98.803406
17.600725 98.889778
17.606531 134.790176
17.612335 126.593315
17.618141 131.254608
17.623945 98.266930
17.629751 98.288818
17.635555 98.262505
17.641361 98.202065
17.647165 196.480316
17.652971 196.389755
17.658775 196.259155
17.664581 196.008743
17.670385 195.724915
17.676191 195.690750
17.681995 195.888153
17.687801 98.080933
17.693605 98.081467
17.699409 97.939423
17.705215 97.926422
17.711020 130.306396
17.716825 126.039421
17.722630 125.997528
17.728436 177.226700
17.734240 97.895515
17.740046 98.000465
17.745850 97.967247
17.751656 97.885101
17.757460 97.788254
17.763266 398.511353
17.769070 209.098679
17.774876 200.609451
17.780680 200.591873
17.786486 217.115891
17.792290 217.516708
17.798096 200.891998
17.803900 200.694550
17.809706 193.358078
17.815510 192.969940
17.821316 192.688171
17.827120 0.000000
17.832926 0.000000
17.838730 0.000000
17.844536 205.027008
17.850340 205.071884
17.856146 98.555923
17.861950 98.664482
17.867756 195.598358
17.873560 195.870682
17.879366 100.285233
17.885170 100.192680
17.890976 98.217537
17.896780 98.414429
17.902586 98.473221
17.908390 197.472916
17.914194 197.225220
17.920000 197.237808
17.925804 196.998749
17.931610 178.923370
17.937414 178.705582
17.943220 197.934540
17.949024 197.673813
17.954830 196.763718
17.960634 196.197571
17.966440 196.040909
17.972244 195.995987
17.978050 196.045166
17.983854 196.172958
17.989660 196.246887
17.995464 196.194168
18.001270 196.112244
18.007074 196.175934
18.012880 196.428207
18.018684 196.689896
18.024490 196.615616
18.030294 196.169556
18.036100 195.917404
18.041904 195.818619
18.047710 195.616501
18.053514 195.262177
18.059320 949.057861
18.065125 938.413696
18.070930 939.120972
18.076735 946.246948
18.082541 798.555359
18.088345 797.285889
18.094151 4877.778320
18.099955 4801.643555
18.105761 207.808319
18.111565 208.072968
18.117369 208.487732
18.123175 208.884766
18.128979 209.453247
18.134785 211.312744
18.140589 212.185501
18.146395 212.355957
18.152199 165.937912
18.158005 5167.924805
18.163809 5256.742188
18.169615 5360.816895
18.175419 5424.701172
18.181225 5437.361816
18.187029 5473.518555
18.192835 5509.000488
18.198639 167.668976
18.204445 167.475357
18.210249 65.433723
18.216055 65.469963
18.221859 65.546616
18.227665 65.776482
18.233469 196.066864
18.239275 154.036423
18.245079 148.473679
18.250885 148.463974
18.256689 219.839722
18.262495 219.471298
18.268299 218.521515
18.274105 216.473907
18.279909 139.904800
18.285715 145.154846
18.291519 145.033615
18.297325 196.190842
18.303129 196.112976
18.308935 195.968933
18.314739 195.916748
18.320543 195.861847
18.326349 195.751938
18.332153 195.680878
18.337959 130.478439
18.343763 118.636955
18.349569 196.146500
18.355373 196.247742
18.361179 124.276443
18.366983 124.278152
18.372789 0.000000
18.378593 98.355522
18.384399 260.246796
18.390203 259.439087
18.396009 258.454315
18.401814 175.896164
18.407619 175.951630
18.413424 91.294662
18.419230 91.704819
18.425034 93.291344
18.430840 282.141083
18.436644 282.073883
18.442450 282.500763
18.448254 283.721497
18.454060 285.516174
18.459864 287.433624
18.465670 289.379059
18.471474 290.532074
18.477280 293.882477
18.483084 296.715912
18.488890 299.658020
18.494694 152.054016
18.500500 126.594315
18.506304 152.794785
18.512110 152.021454
18.517914 156.747787
18.523718 163.153595
18.529524 323.946899
18.535328 322.186249
18.541134 319.278564
18.546938 316.240997
18.552744 780.977112
18.558548 785.126404
18.564354 787.783508
18.570158 788.850647
18.575964 196.536102
18.581768 196.967987
18.587574 196.700760
18.593378 196.384659
18.599184 196.218323
18.604988 196.008713
18.610794 195.708633
18.616598 195.488068
18.622404 195.433121
18.628208 195.422073
18.634014 195.477448
18.639818 195.614044
18.645624 195.743515
18.651428 195.756165
18.657234 195.610336
18.663038 195.297653
18.668844 195.024780
18.674648 97.905731
18.680454 97.943329
18.686258 97.891396
18.692064 293.231720
18.697868 297.916443
18.703674 298.361481
18.709478 298.240814
18.715284 99.048759
18.721088 98.801361
18.726892 98.634041
18.732698 98.474388
18.738503 98.328804
18.744308 97.592278
18.750113 97.799316
18.755919 98.021416
18.761723 98.185860
18.767529 98.190048
18.773333 98.148720
18.779139 98.783852
18.784943 98.661064
18.790749 98.396339
18.796553 98.274078
18.802359 98.251389
18.808163 98.316864
18.813969 98.405457
18.819773 98.522514
18.825579 98.614799
18.831383 98.658554
18.837189 98.610420
18.842993 98.594040
18.848799 99.064590
18.854603 309.043915
18.860409 308.778412
18.866213 308.329193
18.872019 307.825348
18.877823 307.309692
18.883629 306.466034
18.889433 304.817444
18.895239 303.505432
18.901043 302.522552
18.906849 301.564667
18.912653 300.414978
18.918459 298.585449
18.924263 98.459946
18.930069 98.332214
18.935873 98.297165
18.941677 98.330566
18.947483 98.455002
18.953287 98.615898
18.959093 386.346802
18.964897 149.082504
18.970703 149.252914
18.976507 297.830322
18.982313 296.992493
18.988117 148.258514
18.993923 192.778122
18.999727 192.759354
19.005533 386.201294
19.011337 202.649384
19.017143 202.437943
19.022947 215.243484
19.028753 215.405594
19.034557 215.243973
19.040363 215.169968
19.046167 174.426865
19.051973 179.173126
19.057777 195.516296
19.063583 0.000000
19.069387 263.779694
19.075193 112.319405
19.080997 112.546417
19.086803 112.599991
19.092607 112.552422
19.098413 112.474403
19.104218 98.778816
19.110023 98.631851
19.115828 253.526962
19.121634 268.284515
19.127438 199.589401
19.133244 199.546783
19.139048 199.468521
19.144852 199.505051
19.150658 252.877243
19.156462 283.049927
19.162268 282.287262
19.168072 155.277847
19.173878 155.494186
19.179682 154.444016
19.185488 153.646133
19.191292 197.181229
19.197098 196.910751
19.202902 196.566238
19.208708 195.935043
19.214512 195.228302
19.220318 194.799301
19.226122 194.466690
19.231928 194.027267
19.237732 193.332306
19.243538 192.345459
19.249342 190.463074
19.255148 189.600739
19.260952 190.169250
19.266758 193.527802
19.272562 194.298035
19.278368 194.907272
19.284172 195.107162
19.289978 195.017761
19.295782 195.277252
19.301588 196.374435
19.307392 196.407959
19.313198 297.891296
19.319002 301.176941
19.324808 303.288147
19.330612 304.483185
19.336418 306.230347
19.342222 152.984619
19.348026 305.808899
19.353832 305.449005
19.359636 304.808624
19.365442 2226.631348
19.371246 2295.034424
19.377052 2326.906738
19.382856 129.688614
19.388662 448.042786
19.394466 410.702118
19.400272 5092.756836
19.406076 5021.604980
19.411882 5016.506348
19.417686 5056.872070
19.423492 5098.900879
19.429296 5039.145996
19.435102 5015.936035
19.440907 5198.327148
19.446712 5435.677246
19.452517 5739.590332
19.458323 6191.575195
19.464127 3727.704102
19.469933 6981.852539
19.475737 322.346924
19.481543 282.535400
19.487347 282.507843
19.493153 154.118622
19.498957 103.815269
19.504763 103.863693
19.510567 104.013420
19.516373 156.662476
19.522177 156.659729
19.527983 156.388992
19.533787 155.783844
19.539593 306.047211
19.545397 304.342987
19.551201 302.893341
19.557007 301.922699
19.562811 301.423004
19.568617 301.574402
19.574421 302.282867
19.580227 304.029907
19.586031 208.044693
19.591837 315.542511
19.597641 317.438721
19.603447 321.607300
19.609251 325.700378
19.615057 329.401154
19.620861 333.259216
19.626667 166.318863
19.632471 167.109161
19.638277 168.049774
19.644081 169.016541
19.649887 84.752266
19.655691 84.854874
19.661497 135.722366
19.667301 135.673859
19.673107 112.728897
19.678911 112.743523
19.684717 337.037262
19.690521 336.804932
19.696327 336.113159
19.702131 334.940552
19.707937 2637.362793
19.713741 2660.011719
19.719547 2685.864502
19.725351 2711.197510
19.731157 2723.370361
19.736961 2712.605713
19.742767 327.955048
19.748571 327.052704
19.754377 325.112122
19.760181 323.504242
19.765985 106.716148
19.771791 2825.107910
19.777596 2811.360352
19.783401 2793.175537
19.789206 214.052231
19.795012 212.687775
19.800816 212.096558
19.806622 211.794571
19.812426 301.516571
19.818232 151.063828
19.824036 150.725372
19.829842 150.420914
19.835646 150.342529
19.841452 150.514420
19.847256 150.715393
19.853062 150.776184
19.858866 150.817261
19.864672 150.865509
19.870476 145.001083
19.876282 144.934570
19.882086 186.952652
19.887892 265.604828
19.893696 265.485199
19.899502 264.750305
19.905306 275.466705
19.911112 275.202332
19.916916 257.351898
19.922722 74.119377
19.928526 243.471710
19.934332 108.351418
19.940136 301.259308
19.945942 302.480957
19.951746 302.248383
19.957552 301.632904
19.963356 301.241089
19.969160 301.532745
19.974966 302.248810
19.980770 301.617249
19.986576 300.694946
19.992380 300.095215
19.998186 299.480377
20.003990 298.707642
20.009796 298.103851
20.015600 297.753601
20.021406 297.495453
20.027210 297.354523
20.033016 297.438934
20.038820 297.716705
20.044626 297.951447
20.050430 297.989014
20.056236 297.949493
20.062040 297.975586
20.067846 297.999390
20.073650 298.012177
20.079456 298.012268
20.085260 297.872833
20.091066 297.572845
20.096870 297.375610
20.102676 928.943726
20.108480 929.407593
20.114286 296.825714
20.120090 295.510315
20.125896 295.699615
20.131701 97.785591
20.137506 97.677521
20.143311 97.665352
20.149117 97.793480
20.154921 97.924141
20.160727 129.557922
20.166531 127.956818
20.172335 146.956985
20.178141 146.625168
20.183945 112.295914
20.189751 288.384979
20.195555 289.576202
20.201361 290.594757
20.207165 97.989151
20.212971 97.898293
20.218775 130.203201
20.224581 130.145187
20.230385 129.947235
20.236191 129.883575
20.241995 130.356537
20.247801 393.198212
20.253605 393.004028
20.259411 203.657913
20.265215 203.555664
20.271021 203.607010
20.276825 204.152328
20.282631 204.634644
20.288435 156.046112
20.294241 300.574738
20.300045 302.226532
20.305851 303.339447
20.311655 202.354523
20.317461 202.311295
20.323265 197.683823
20.329071 197.325974
20.334875 197.353729
20.340681 197.667313
20.346485 197.985001
20.352291 198.209930
20.358095 198.329590
20.363901 198.233551
20.369705 198.040359
20.375509 198.006668
20.381315 198.015060
20.387119 197.800583
20.392925 197.285248
20.398729 196.824875
20.404535 196.578552
20.410339 196.428558
20.416145 196.395935
20.421949 196.572723
20.427755 196.812164
20.433559 196.501389
20.439365 195.371735
20.445169 149.474716
20.450975 149.473679
20.456779 149.533752
20.462585 149.529892
20.468390 194.516495
20.474195 194.384628
20.480000 194.440369
20.485806 194.421387
20.491610 194.074326
20.497416 193.480042
20.503220 97.560989
20.509026 97.478561
20.514830 192.479919
20.520636 192.307373
20.526440 97.566513
20.532246 97.579239
20.538050 191.342575
20.543856 190.642685
20.549660 190.235062
20.555466 190.399704
20.561270 97.452057
20.567076 191.080887
20.572880 191.203201
20.578686 96.466530
20.584490 96.417030
20.590294 96.319939
20.596100 144.895813
20.601904 144.819794
20.607710 189.835327
20.613514 189.283859
20.619320 187.903168
20.625124 187.421936
20.630930 187.276611
20.636734 575.137390
20.642540 181.853561
20.648344 181.140427
20.654150 588.564514
20.659954 601.989990
20.665760 601.473267
20.671564 596.409180
20.677370 583.119995
20.683174 572.809204
20.688980 564.820190
20.694784 546.263977
20.700590 539.261353
20.706394 541.632996
20.712200 195.808182
20.718004 194.738892
20.723810 84.027069
20.729614 84.038132
20.735420 198.465424
20.741224 197.595276
20.747030 196.777496
20.752834 196.147354
20.758640 391.422882
20.764444 391.709167
20.770250 391.787170
20.776054 392.262421
20.781860 195.778610
20.787664 195.899887
20.793468 195.855927
20.799274 195.485184
20.805079 195.148697
20.810884 195.252289
20.816689 195.424423
20.822495 195.394608
20.828299 195.316437
20.834105 195.255615
20.839909 195.065979
20.845715 195.020844
20.851519 446.439026
20.857325 449.699860
20.863129 2415.787598
20.868935 2361.542725
20.874739 2344.825195
20.880545 2348.227295
20.886349 131.181229
20.892155 131.201447
20.897959 131.161148
20.903765 0.000000
20.909569 108.262840
20.915375 192.296432
20.921179 97.241890
20.926985 97.349472
20.932789 289.575867
20.938595 289.375458
20.944399 287.425873
20.950205 281.822052
20.956009 279.183655
20.961815 278.570557
20.967619 278.866943
20.973425 280.471710
20.979229 282.619263
20.985035 862.601013
20.990839 867.070984
20.996643 287.875977
21.002449 289.380524
21.008253 145.009491
21.014059 145.215149
21.019863 145.119186
21.025669 144.979172
21.031473 145.207733
21.037279 147.546417
21.043083 149.482361
21.048889 150.184784
21.054693 150.386978
21.060499 150.375931
21.066303 150.345886
21.072109 193.943008
21.077913 193.993591
21.083719 194.002045
21.089523 194.424713
21.095329 294.621124
21.101133 293.820038
21.106939 146.632996
21.112743 146.786957
21.118549 146.737183
21.124353 146.387299
21.130159 123.344345
21.135963 123.694809
21.141769 123.875343
21.147573 190.668274
21.153379 190.295502
21.159184 190.199936
21.164989 147.672302
21.170794 298.253204
21.176600 147.060852
21.182404 146.595001
21.188210 146.599350
21.194014 303.079407
21.199818 299.427673
21.205624 297.666077
21.211428 297.262543
21.217234 297.747101
21.223038 149.171127
21.228844 149.212677
21.234648 149.128418
21.240454 149.019455
21.246258 296.610779
21.252064 295.323853
21.257868 294.658447
21.263674 294.278351
21.269478 294.579132
21.275284 294.729858
21.281088 294.186981
21.286894 136.569626
21.292698 255.408646
21.298504 255.539215
21.304308 255.394180
21.310114 254.929825
21.315918 255.188660
21.321724 263.929962
21.327528 265.137207
21.333334 288.348999
21.339138 289.632843
21.344944 291.096985
21.350748 295.781311
21.356554 297.866394
21.362358 298.982483
21.368164 300.330109
21.373968 302.032715
21.379774 302.006744
21.385578 196.053040
21.391384 150.904190
21.397188 150.691376
21.402992 150.400131
21.408798 297.919006
21.414602 297.286591
21.420408 294.815552
21.426212 293.402222
21.432018 98.050423
21.437822 97.973007
21.443628 97.864723
21.449432 97.758125
21.455238 97.618172
21.461042 97.311928
21.466848 97.223816
21.472652 97.357285
21.478458 97.502907
21.484262 97.538269
21.490068 97.527473
21.495872 97.507111
21.501678 213.120926
21.507483 198.329971
21.513288 197.863998
21.519093 196.437698
21.524899 196.046051
21.530703 195.711075
21.536509 195.487808
21.542313 288.153534
21.548119 286.830139
21.553923 286.509125
21.559729 286.226593
21.565533 287.149200
21.571339 289.507507
21.577143 290.303558
21.582949 290.708557
21.588753 315.885315
21.594559 253.340347
21.600363 254.910461
21.606169 255.925720
21.611973 255.990158
21.617777 253.186859
21.623583 251.152847
21.629387 252.488800
21.635193 253.295410
21.640997 238.763199
21.646803 240.233109
21.652607 201.477051
21.658413 200.535339
21.664217 200.541092
21.670023 232.347488
21.675827 233.627457
21.681633 232.563950
21.687437 231.840561
21.693243 157.120224
21.699047 157.844757
21.704853 158.040390
21.710657 210.237396
21.716463 209.065933
21.722267 208.250900
21.728073 207.560699
21.733877 206.577911
21.739683 205.600998
21.745487 197.299728
21.751293 196.341431
21.757097 195.528183
21.762903 194.702484
21.768707 187.432434
21.774513 187.935120
21.780317 188.528244
21.786123 567.382385
21.791927 566.276794
21.797733 568.871094
21.803537 572.065918
21.809343 571.871216
21.815147 568.990417
21.820951 193.082367
21.826757 193.271683
21.832561 281.198334
21.838367 281.106873
21.844172 145.995316
21.849977 145.830292
21.855782 145.541519
21.861588 145.468796
21.867392 281.173340
21.873198 280.789124
21.879002 280.848755
21.884808 281.122650
21.890612 281.251099
21.896418 281.318878
21.902222 281.297028
21.908028 296.736969
21.913832 296.339783
21.919638 295.894836
21.925442 280.803192
21.931248 280.962494
21.937052 156.720215
21.942858 96.266838
21.948662 185.619186
21.954468 187.005722
21.960272 189.078583
21.966078 190.094269
21.971882 190.445084
21.977688 190.173477
21.983492 193.526657
21.989298 193.969910
21.995102 193.687057
