0.000000 5753.028320
0.005805 5762.118164
0.011610 5857.016602
0.017415 5905.129395
0.023220 5887.152344
0.029025 5906.901855
0.034830 6005.503418
0.040635 6129.448242
0.046440 6207.235840
0.052245 6224.347656
0.058050 6549.911621
0.063855 7055.523438
0.069660 6974.933105
0.075465 6572.296875
0.081270 6457.895508
0.087075 6694.769043
0.092880 6941.564941
0.098685 7121.214355
0.104490 7198.333984
0.110295 103.620232
0.116100 103.561508
0.121905 103.606781
0.127710 103.763939
0.133515 103.894356
0.139320 105.779755
0.145125 104.477951
0.150930 103.332428
0.156735 103.171577
0.162540 103.051102
0.168345 79.442772
0.174150 234.644775
0.179955 234.960083
0.185760 235.455902
0.191565 236.114990
0.197370 236.852219
0.203175 237.126785
0.208980 237.247940
0.214785 237.267639
0.220590 237.102936
0.226395 236.619827
0.232200 235.742126
0.238005 234.424942
0.243810 232.774231
0.249615 231.298569
0.255419 230.257523
0.261224 229.469040
0.267029 228.614761
0.272834 227.569962
0.278639 226.327057
0.284444 224.740158
0.290249 222.794464
0.296054 219.946762
0.301859 215.314301
0.307664 212.374985
0.313469 202.902222
0.319274 200.063828
0.325079 189.363724
0.330884 184.407928
0.336689 181.359131
0.342494 181.351135
0.348299 181.833023
0.354104 183.484863
0.359909 186.906418
0.365714 189.531021
0.371519 191.569458
0.377324 193.413681
0.383129 195.265030
0.388934 196.541321
0.394739 197.106140
0.400544 197.263702
0.406349 197.079102
0.412154 196.587448
0.417959 195.942307
0.423764 195.244858
0.429569 194.413757
0.435374 193.428253
0.441179 192.205688
0.446984 190.955582
0.452789 189.967545
0.458594 189.254837
0.464399 188.899246
0.470204 189.106247
0.476009 189.705917
0.481814 190.064072
0.487619 190.536591
0.493424 191.212814
0.499229 192.031357
0.505034 192.884872
0.510839 193.929718
0.516644 194.511856
0.522449 194.702606
0.528254 194.669037
0.534059 194.350082
0.539864 193.634521
0.545669 192.821594
0.551474 191.907288
0.557279 190.570312
0.563084 188.932983
0.568889 187.384552
0.574694 184.852921
0.580499 182.596146
0.586304 180.619720
0.592109 179.038483
0.597914 178.354492
0.603719 178.208725
0.609524 178.357544
0.615329 178.601730
0.621134 178.715164
0.626939 178.657013
0.632744 178.817490
0.638549 179.696472
0.644354 180.319504
0.650159 180.423660
0.655964 89.937965
0.661769 89.914505
0.667574 89.859322
0.673379 185.254501
0.679184 185.850723
0.684989 196.910828
0.690794 109.652840
0.696599 106.958153
0.702404 143.426285
0.708209 102.026840
0.714014 3921.490234
0.719819 3831.966553
0.725624 3943.640869
0.731429 273.821869
0.737234 280.830536
0.743039 281.148163
0.748844 6189.318359
0.754649 6150.777832
0.760454 6142.356934
0.766258 6129.025391
0.772063 6093.138672
0.777869 4013.828125
0.783673 4014.455566
0.789478 4013.544922
0.795283 4000.496094
0.801088 3989.113770
0.806893 3988.616455
0.812698 103.946510
0.818503 130.849960
0.824308 125.436493
0.830113 125.328316
0.835918 125.220474
0.841723 125.214951
0.847528 126.807884
0.853333 128.307449
0.859138 128.283157
0.864943 128.326996
0.870748 128.464539
0.876553 128.634262
0.882358 129.335495
0.888163 129.549423
0.893968 129.657822
0.899773 129.648636
0.905578 129.539291
0.911383 127.590759
0.917188 129.233490
0.922993 130.494553
0.928798 131.568649
0.934603 131.617706
0.940408 131.879791
0.946213 132.082336
0.952018 132.338470
0.957823 132.538116
0.963628 132.726089
0.969433 132.866699
0.975238 132.982437
0.981043 133.154449
0.986848 133.265793
0.992653 136.021179
0.998458 105.010132
1.004263 104.978706
1.010068 104.927170
1.015873 104.942413
1.021678 104.040916
1.027483 11908.569336
1.033288 12003.886719
1.039093 12093.811523
1.044898 12262.536133
1.050703 178.331619
1.056508 105.667580
1.062313 105.794228
1.068118 270.172760
1.073923 267.497528
1.079728 267.516266
1.085533 105.560089
1.091338 260.195618
1.097143 131.041855
1.102948 131.349442
1.108753 131.287613
1.114558 103.898132
1.120363 103.981621
1.126168 104.106499
1.131973 104.833626
1.137778 130.851700
1.143583 210.446594
1.149388 209.449524
1.155193 208.408234
1.160998 208.181717
1.166803 207.973633
1.172608 207.210007
1.178413 206.661499
1.184218 216.742020
1.190023 133.010620
1.195828 132.965561
1.201633 212.320068
1.207438 212.525116
1.213243 212.797211
1.219048 132.019470
1.224853 132.092285
1.230658 132.403870
1.236463 133.079803
1.242268 133.483917
1.248073 134.360779
1.253878 69.040962
1.259683 69.037399
1.265488 68.208931
1.271293 68.258591
1.277097 137.586060
1.282902 137.511185
1.288707 137.722885
1.294513 199.779099
1.300317 191.227280
1.306122 200.651627
1.311927 73.448570
1.317732 150.587616
1.323537 151.681595
1.329342 155.792191
1.335147 12256.955078
1.340952 156.447083
1.346757 158.680374
1.352562 162.239380
1.358367 162.054413
1.364172 160.401199
1.369977 160.124512
1.375782 160.053726
1.381587 159.678436
1.387392 158.425110
1.393197 157.432175
1.399002 156.577271
1.404807 155.973999
1.410612 155.595322
1.416417 155.523865
1.422222 155.430099
1.428027 155.044052
1.433832 154.470764
1.439637 154.335724
1.445442 154.627106
1.451247 154.914368
1.457052 155.373856
1.462857 155.883850
1.468662 156.011993
1.474467 156.011993
1.480272 157.260651
1.486077 157.221802
1.491882 156.862640
1.497687 156.108994
1.503492 155.934784
1.509297 155.641617
1.515102 155.841736
1.520907 156.453644
1.526712 156.855072
1.532517 156.656403
1.538322 156.322449
1.544127 155.983353
1.549932 155.917267
1.555737 156.117523
1.561542 156.231842
1.567347 156.317581
1.573152 156.486481
1.578957 156.898544
1.584762 158.041962
1.590567 159.866135
1.596372 159.508957
1.602177 157.972992
1.607982 157.592773
1.613787 157.676987
1.619592 157.836655
1.625397 11853.509766
1.631202 11896.763672
1.637007 11972.026367
1.642812 12075.704102
1.648617 77.661644
1.654422 77.612885
1.660227 77.492966
1.666032 161.007828
1.671837 161.465103
1.677642 162.084778
1.683447 162.830261
1.689252 163.655426
1.695057 164.691528
1.700862 167.917389
1.706667 169.027557
1.712472 170.009094
1.718277 171.111313
1.724082 173.347778
1.729887 174.410034
1.735692 175.068451
1.741497 175.621124
1.747302 175.914566
1.753107 175.701828
1.758912 175.189499
1.764717 174.758270
1.770522 174.585144
1.776327 174.034378
1.782132 173.301178
1.787936 171.797943
1.793741 171.717407
1.799546 172.180222
1.805351 173.085266
1.811157 173.727219
1.816961 173.918320
1.822766 173.802536
1.828571 173.906479
1.834376 174.534866
1.840181 175.490326
1.845986 176.242111
1.851791 176.646484
1.857596 176.986343
1.863401 177.386337
1.869206 177.471436
1.875011 176.804367
1.880816 175.876678
1.886621 175.537918
1.892426 176.003922
1.898231 181.525146
1.904036 183.450180
1.909841 185.897018
1.915646 190.965805
1.921451 198.501678
1.927256 199.196228
1.933061 199.475250
1.938866 202.482193
1.944671 98.721794
1.950476 98.683365
1.956281 97.858971
1.962086 97.803566
1.967891 99.736908
1.973696 99.583664
1.979501 99.303078
1.985306 99.228348
1.991111 99.043671
1.996916 98.519188
2.002721 98.092751
2.008526 97.854012
2.014331 97.974007
2.020136 98.193970
2.025941 97.801773
2.031746 95.143196
2.037551 92.975433
2.043356 92.951370
2.049161 92.810944
2.054966 92.093964
2.060771 91.453011
2.066576 118.527100
2.072381 117.558434
2.078186 117.004204
2.083991 116.331421
2.089796 88.213654
2.095601 88.044411
2.101406 86.331337
2.107211 86.384773
2.113016 86.778534
2.118821 87.007629
2.124626 87.201790
2.130431 87.401100
2.136236 87.444672
2.142041 87.436310
2.147846 87.722237
2.153651 87.826813
2.159456 58.011150
2.165261 115.761566
2.171066 58.741226
2.176871 85.452988
2.182676 85.334419
2.188481 85.558746
2.194286 85.663536
2.200091 85.567604
2.205896 114.839531
2.211701 116.629265
2.217506 86.262962
2.223311 86.369637
2.229116 12028.553711
2.234921 11970.411133
2.240726 12032.432617
2.246531 117.051804
2.252336 117.036911
2.258141 116.976143
2.263946 148.028809
2.269751 147.558090
2.275556 98.000641
2.281361 98.066017
2.287166 98.198692
2.292970 147.132263
2.298775 147.233398
2.304580 98.000740
2.310385 98.062103
2.316190 98.068771
2.321995 98.105415
2.327801 98.222549
2.333606 199.174667
2.339411 98.979393
2.345215 99.103683
2.351020 98.791885
2.356825 98.487022
2.362630 58.397217
2.368435 58.441746
2.374240 58.577541
2.380045 58.826897
2.385850 58.800819
2.391655 58.797386
2.397460 58.753471
2.403265 58.679180
2.409070 58.707024
2.414875 58.660885
2.420680 58.688641
2.426485 58.710751
2.432290 58.642323
2.438095 58.481609
2.443900 83.120697
2.449705 58.240761
2.455510 58.686897
2.461315 116.038483
2.467120 58.721199
2.472925 58.960140
2.478730 58.983788
2.484535 188.992828
2.490340 181.354980
2.496145 90.314117
2.501950 90.558601
2.507755 181.626251
2.513560 181.478165
2.519365 118.044830
2.525170 12331.205078
2.530975 12315.406250
2.536780 12359.332031
2.542585 12525.907227
2.548390 58.733768
2.554195 58.710701
2.560000 58.635464
2.565805 58.351521
2.571610 58.343666
2.577415 84.349434
2.583220 84.124207
2.589025 58.521950
2.594830 58.401974
2.600635 58.265770
2.606440 58.329418
2.612245 58.385822
2.618050 58.367256
2.623855 191.659912
2.629660 5127.146973
2.635465 5034.588379
2.641270 5013.418945
2.647075 5015.388184
2.652880 5019.644531
2.658685 5017.498535
2.664490 4998.917969
2.670295 4974.670898
2.676100 4974.358887
2.681905 5008.038086
2.687710 5105.352539
2.693515 5235.790527
2.699320 5266.878906
2.705125 5219.945312
2.710930 5175.510254
2.716735 5133.738770
2.722540 5036.563477
2.728345 4870.783691
2.734150 4751.933594
2.739955 4796.605469
2.745760 4859.176758
2.751565 4955.662598
2.757370 5099.750977
2.763175 5164.753418
2.768980 5129.089844
2.774785 5058.900391
2.780590 4992.431641
2.786395 191.889587
2.792200 191.427155
2.798005 204.269363
2.803810 201.037308
2.809614 199.891571
2.815419 198.928131
2.821224 73.543289
2.827029 194.322784
2.832834 187.784821
2.838639 184.935471
2.844445 183.911896
2.850250 183.741196
2.856054 184.573166
2.861859 187.550064
2.867664 192.506363
2.873469 195.232483
2.879274 98.110779
2.885079 98.216873
2.890884 197.321136
2.896689 98.192345
2.902494 5239.587891
2.908299 5159.936523
2.914104 5211.895996
2.919909 5329.802246
2.925714 5400.717285
2.931519 5364.371582
2.937324 5265.591797
2.943129 5234.694336
2.948934 5242.492676
2.954739 5185.229492
2.960544 5053.967773
2.966349 4930.344238
2.972154 4839.923828
2.977959 4811.051270
2.983764 4847.388672
2.989569 4859.351562
2.995374 4811.398438
3.001179 4737.416504
3.006984 74.079132
3.012789 73.926796
3.018594 148.670853
3.024399 148.506119
3.030204 148.450058
3.036009 296.631592
3.041814 74.041054
3.047619 74.133224
3.053424 73.696823
3.059229 73.551048
3.065034 147.673737
3.070839 293.528503
3.076644 292.918701
3.082449 279.651581
3.088254 280.248047
3.094059 280.744965
3.099864 281.174835
3.105669 6201.955566
3.111474 6157.988770
3.117279 6137.763184
3.123084 6127.163574
3.128889 6131.059082
3.134694 6142.579102
3.140499 6138.592773
3.146304 178.945312
3.152109 178.990219
3.157914 176.509460
3.163719 176.627579
3.169524 175.575699
3.175329 175.165359
3.181134 175.005951
3.186939 175.078049
3.192744 175.357925
3.198549 175.970947
3.204354 176.729950
3.210159 178.024567
3.215964 179.641541
3.221769 182.616882
3.227574 184.886703
3.233379 187.726135
3.239184 190.466599
3.244989 192.190201
3.250794 193.033783
3.256599 193.510162
3.262404 193.913116
3.268209 194.396545
3.274014 194.730698
3.279819 194.773926
3.285624 194.696960
3.291429 194.682419
3.297234 194.756912
3.303039 194.841446
3.308844 194.726273
3.314649 194.263153
3.320453 193.612473
3.326258 193.125519
3.332063 192.937378
3.337868 193.040161
3.343673 193.297012
3.349478 193.612091
3.355283 193.996796
3.361089 194.407761
3.366894 194.849792
3.372698 195.179611
3.378503 195.383804
3.384308 195.553848
3.390113 195.642639
3.395918 195.713669
3.401723 195.837128
3.407528 196.038834
3.413333 196.241333
3.419138 196.390656
3.424943 196.469009
3.430748 196.463303
3.436553 196.370636
3.442358 196.201523
3.448163 195.998428
3.453968 195.888168
3.459773 195.953735
3.465578 196.072968
3.471383 196.013550
3.477188 195.637085
3.482993 195.152100
3.488798 194.781036
3.494603 194.332169
3.500408 193.610870
3.506213 192.819992
3.512018 192.244873
3.517823 191.792603
3.523628 191.438324
3.529433 191.250061
3.535238 191.234726
3.541043 191.353226
3.546848 191.557465
3.552653 191.689331
3.558458 191.695908
3.564263 191.745773
3.570068 191.999786
3.575873 192.459717
3.581678 193.007202
3.587483 193.566696
3.593288 194.134857
3.599093 194.666519
3.604898 195.001877
3.610703 195.120453
3.616508 195.172668
3.622313 195.254211
3.628118 195.358124
3.633923 195.361679
3.639728 195.077530
3.645533 194.484085
3.651338 194.204361
3.657143 194.860046
3.662948 196.110397
3.668753 197.508026
3.674558 198.375336
3.680363 198.650558
3.686168 198.452927
3.691973 197.903732
3.697778 196.346237
3.703583 194.991867
3.709388 193.049927
3.715193 191.119263
3.720998 190.252548
3.726803 190.214249
3.732608 191.459427
3.738413 193.236252
3.744218 196.088806
3.750023 198.484222
3.755828 201.684677
3.761633 204.622864
3.767438 206.686096
3.773243 208.434525
3.779048 209.205872
3.784853 209.035324
3.790658 207.912552
3.796463 205.657074
3.802268 202.771652
3.808073 200.644745
3.813878 198.015320
3.819683 194.173065
3.825488 97.647545
3.831293 97.584442
3.837097 87.850708
3.842902 87.482750
3.848707 85.983818
3.854512 86.007973
3.860317 52.136749
3.866122 131.908035
3.871927 130.031540
3.877733 86.574860
3.883538 130.065201
3.889342 130.587112
3.895147 87.881432
3.900952 87.893547
3.906757 132.314377
3.912562 131.206863
3.918367 131.144333
3.924172 52.206165
3.929977 87.951584
3.935782 87.955460
3.941587 87.947418
3.947392 87.716850
3.953197 86.989609
3.959002 87.461472
3.964807 88.013168
3.970612 87.982361
3.976417 88.495201
3.982222 12149.562500
3.988027 12228.785156
3.993832 177.572433
3.999637 177.473694
4.005442 176.771362
4.011247 175.943008
4.017052 175.582581
4.022857 175.396912
4.028662 175.384064
4.034467 175.506149
4.040272 175.801376
4.046077 176.332077
4.051882 177.046738
4.057687 178.297958
4.063492 182.148087
4.069297 183.875351
4.075102 185.255173
4.080907 186.780457
4.086712 188.831436
4.092517 191.710037
4.098322 195.499466
4.104127 197.479294
4.109932 198.450745
4.115737 199.334503
4.121542 200.199783
4.127347 200.764984
4.133152 201.038788
4.138957 201.035583
4.144762 200.639236
4.150567 199.917145
4.156372 199.149643
4.162177 198.352600
4.167982 197.277359
4.173787 196.194351
4.179592 195.695480
4.185397 195.596466
4.191202 195.633972
4.197007 195.717331
4.202812 196.024628
4.208617 196.728210
4.214422 197.615723
4.220227 198.551193
4.226032 199.661667
4.231837 200.848129
4.237642 201.569336
4.243447 201.815475
4.249252 201.804550
4.255057 201.559189
4.260862 201.055435
4.266667 200.152740
4.272471 198.474014
4.278276 198.012894
4.284081 207.069717
4.289886 212.230362
4.295691 105.246750
4.301497 12504.483398
4.307302 12614.007812
4.313107 105.211838
4.318912 105.220078
4.324717 105.208672
4.330522 105.067375
4.336327 292.217896
4.342132 294.043884
4.347937 103.074692
4.353742 296.193512
4.359547 296.704132
4.365352 103.687737
4.371157 103.783195
4.376961 103.818871
4.382766 103.825653
4.388571 105.509239
4.394376 103.166428
4.400181 103.009399
4.405986 103.060211
4.411791 102.957405
4.417596 102.520172
4.423401 101.683113
4.429206 196.365387
4.435011 189.563782
4.440816 187.876480
4.446621 187.104660
4.452426 186.626450
4.458231 186.580597
4.464036 187.239792
4.469841 189.332428
4.475646 191.695587
4.481451 195.435562
4.487256 100.107254
4.493061 101.643028
4.498866 102.280769
4.504671 102.648834
4.510476 102.852310
4.516281 102.901001
4.522086 102.726982
4.527891 102.231590
4.533696 101.790916
4.539501 101.494141
4.545306 100.270409
4.551111 99.870064
4.556916 99.682304
4.562721 193.804916
4.568526 192.452591
4.574331 191.540131
4.580136 191.224060
4.585941 191.192978
4.591746 11980.379883
4.597551 11994.162109
4.603356 102.059799
4.609161 102.816566
4.614966 103.023056
4.620771 104.997673
4.626576 108.121819
4.632381 110.878754
4.638186 112.747833
4.643991 235.076019
4.649796 237.029587
4.655601 238.706665
4.661406 239.648010
4.667211 239.676498
4.673016 239.061935
4.678821 238.123016
4.684626 237.089615
4.690431 235.996918
4.696236 234.738220
4.702041 233.697495
4.707846 233.345901
4.713651 233.638870
4.719456 234.568497
4.725261 3266.544189
4.731066 3278.428955
4.736871 241.313629
4.742676 243.547165
4.748481 246.396088
4.754286 249.556198
4.760091 252.307907
4.765896 254.610458
4.771701 3186.429443
4.777506 3170.861816
4.783311 259.294312
4.789115 259.967316
4.794920 130.086700
4.800725 260.026672
4.806530 259.707947
4.812335 259.365662
4.818141 258.940247
4.823946 258.297638
4.829751 257.466309
4.835556 256.528809
4.841361 255.864227
4.847166 255.602951
4.852971 255.666718
4.858776 255.951279
4.864581 256.453949
4.870386 257.096558
4.876191 257.564026
4.881996 257.461639
4.887800 256.798859
4.893605 256.054993
4.899410 255.139954
4.905215 253.733063
4.911020 251.521072
4.916825 247.564316
4.922630 242.777328
4.928435 239.340485
4.934240 237.454147
4.940045 236.794525
4.945850 236.812393
4.951655 236.871964
4.957460 236.874969
4.963265 236.963318
4.969070 237.055481
4.974875 237.109100
4.980680 237.227203
4.986485 118.774475
4.992290 118.783600
4.998095 118.729599
5.003900 237.201080
5.009705 237.435196
5.015510 119.129486
5.021315 119.628151
5.027120 240.079453
5.032925 241.368088
5.038730 242.855835
5.044535 245.411377
5.050340 248.063354
5.056145 251.338211
5.061950 254.435822
5.067755 256.979401
5.073560 129.291046
5.079365 129.805283
5.085170 130.130508
5.090975 130.275299
5.096780 130.310471
5.102585 260.595001
5.108390 260.554596
5.114195 260.647339
5.120000 261.004791
5.125805 261.721771
5.131610 262.656769
5.137415 263.430054
5.143220 263.773071
5.149025 263.703247
5.154830 241.705338
5.160635 241.767044
5.166440 241.932007
5.172245 263.488342
5.178050 262.466187
5.183855 261.066620
5.189660 259.334595
5.195465 257.524048
5.201270 253.467834
5.207075 245.735428
5.212880 243.124313
5.218685 240.905334
5.224490 238.973022
5.230295 237.320663
5.236100 235.992233
5.241905 234.991806
5.247710 234.245865
5.253515 233.494797
5.259320 232.652679
5.265125 231.881241
5.270930 231.185989
5.276735 230.422485
5.282540 229.549286
5.288345 228.760849
5.294150 76.106247
5.299954 76.029884
5.305759 76.075111
5.311564 76.225639
5.317369 76.439575
5.323174 76.721756
5.328979 231.218216
5.334785 232.615112
5.340590 234.424835
5.346395 236.558655
5.352200 238.547729
5.358005 240.113815
5.363810 241.226578
5.369615 241.979385
5.375420 242.410934
5.381225 242.737610
5.387030 243.153336
5.392835 243.576401
5.398640 243.760910
5.404444 243.402618
5.410249 242.491745
5.416054 241.116013
5.421859 239.086044
5.427664 236.412552
5.433469 234.471146
5.439274 233.405197
5.445079 280.186340
5.450884 281.148773
5.456689 281.348633
5.462494 269.091248
5.468299 231.656677
5.474104 231.571838
5.479909 231.658920
5.485714 234.079926
5.491519 234.498627
5.497324 235.335663
5.503129 236.055725
5.508934 237.108658
5.514739 240.204880
5.520544 244.357330
5.526349 245.458755
5.532154 246.241043
5.537959 228.532364
5.543764 228.404739
5.549569 245.863174
5.555374 245.392807
5.561179 244.763519
5.566984 243.500031
5.572789 241.598785
5.578594 238.941177
5.584399 235.646790
5.590204 232.689606
5.596009 230.948685
5.601814 229.530182
5.607619 228.496536
5.613424 228.128296
5.619229 228.283157
5.625034 228.902451
5.630839 230.279556
5.636644 232.073761
5.642449 233.775772
5.648254 235.299011
5.654059 237.007706
5.659864 239.143143
5.665669 241.471878
5.671474 243.385147
5.677279 244.968079
5.683084 245.878311
5.688889 246.138397
5.694694 245.826477
5.700499 244.767426
5.706304 242.931808
5.712109 240.965057
5.717914 239.088074
5.723719 236.567566
5.729524 232.634415
5.735329 230.882843
5.741134 229.979477
5.746939 229.620438
5.752744 229.453522
5.758549 229.795410
5.764354 230.694580
5.770159 231.985214
5.775964 233.840302
5.781769 238.265823
5.787574 241.330048
5.793379 227.944214
5.799184 230.474045
5.804989 232.141342
5.810794 233.898895
5.816598 235.279541
5.822403 236.012741
5.828208 255.772125
5.834013 255.484848
5.839818 254.788452
5.845623 253.858856
5.851429 252.923035
5.857234 251.961700
5.863039 250.882111
5.868844 249.765961
5.874649 249.040192
5.880454 249.065781
5.886259 249.776733
5.892064 250.697128
5.897869 251.498917
5.903674 252.197708
5.909479 253.050369
5.915284 253.919235
5.921088 254.454361
5.926893 254.555740
5.932698 254.203964
5.938503 253.264130
5.944308 251.761322
5.950113 249.772110
5.955918 244.538818
5.961723 238.482910
5.967528 235.676376
5.973333 233.043488
5.979138 231.407257
5.984943 230.586838
5.990748 230.673340
5.996553 231.727066
6.002358 233.342300
6.008163 233.684799
6.013968 233.447891
6.019773 232.974838
6.025578 421.938171
6.031383 214.624985
6.037188 215.922272
6.042993 133.643784
6.048798 133.545364
6.054603 133.560364
6.060408 133.843994
6.066213 133.975235
6.072018 133.454559
6.077823 126.345833
6.083628 254.627487
6.089433 255.091644
6.095238 255.368347
6.101043 255.214661
6.106848 130.721649
6.112653 130.428619
6.118458 126.983589
6.124263 253.284149
6.130068 253.081055
6.135873 252.465012
6.141678 126.475906
6.147483 126.257835
6.153288 78.490234
6.159093 230.766632
6.164898 232.642303
6.170703 235.973526
6.176508 235.963577
6.182313 235.555313
6.188118 234.937820
6.193923 234.902374
6.199728 235.140884
6.205533 235.553207
6.211338 236.462173
6.217143 245.028641
6.222948 235.580292
6.228753 234.321091
6.234558 234.370590
6.240363 235.131866
6.246168 237.815918
6.251973 239.051422
6.257778 239.313293
6.263583 236.476379
6.269388 233.538239
6.275193 232.804138
6.280998 233.400711
6.286803 240.613617
6.292608 234.278076
6.298413 233.781967
6.304218 233.728165
6.310023 234.810394
6.315828 235.797394
6.321633 241.017105
6.327438 240.951782
6.333242 120.488190
6.339047 11876.931641
6.344852 11946.768555
6.350657 128.233459
6.356462 134.672256
6.362267 136.201614
6.368073 272.941681
6.373878 272.776764
6.379683 272.707397
6.385488 272.601471
6.391293 272.050659
6.397098 270.930603
6.402903 269.722015
6.408708 268.863953
6.414513 268.637238
6.420318 268.974548
6.426123 269.530945
6.431927 270.482361
6.437732 272.057037
6.443537 274.234253
6.449342 277.295258
6.455147 281.067902
6.460952 285.918610
6.466757 289.592651
6.472562 291.464478
6.478367 292.666901
6.484172 293.735687
6.489977 294.897736
6.495782 295.777344
6.501587 295.916534
6.507392 295.573822
6.513197 295.102203
6.519002 294.277435
6.524807 293.448578
6.530612 292.876129
6.536417 292.518280
6.542222 292.152435
6.548027 291.708069
6.553832 291.060455
6.559637 290.159973
6.565442 289.617340
6.571247 289.645721
6.577052 290.041626
6.582857 290.419983
6.588662 290.634644
6.594467 291.076508
6.600272 291.871002
6.606077 292.591156
6.611882 293.217255
6.617687 293.788025
6.623492 294.203705
6.629297 147.328003
6.635102 97.985619
6.640907 98.089203
6.646712 98.387779
6.652517 293.660980
6.658322 293.581329
6.664127 293.564636
6.669932 295.148529
6.675737 295.996338
6.681542 296.504456
6.687347 296.951996
6.693152 297.502136
6.698957 298.700745
6.704762 299.784882
6.710567 297.453613
6.716372 282.634735
6.722177 274.679840
6.727982 117.164246
6.733787 119.446564
6.739592 116.902313
6.745397 116.286888
6.751202 118.659523
6.757007 118.050682
6.762812 116.106865
6.768617 115.977684
6.774422 116.229408
6.780227 116.469810
6.786032 117.004684
6.791837 117.161758
6.797642 117.148026
6.803447 117.202782
6.809252 117.243820
6.815057 117.284409
6.820862 117.547310
6.826667 117.572990
6.832472 117.489182
6.838277 117.548180
6.844081 117.694115
6.849886 119.242180
6.855691 119.300713
6.861496 117.629166
6.867301 117.360115
6.873106 117.221703
6.878911 234.597336
6.884717 234.731796
6.890522 235.049484
6.896327 235.718857
6.902132 237.122086
6.907937 239.690369
6.913742 242.566818
6.919547 246.082840
6.925352 249.566132
6.931157 251.324310
6.936962 253.306793
6.942767 255.327560
6.948571 259.436157
6.954376 261.072174
6.960181 262.428925
6.965986 264.174133
6.971791 265.496704
6.977596 266.279907
6.983401 266.316742
6.989206 265.781128
6.995011 265.049133
7.000816 264.239471
7.006621 263.244385
7.012426 262.289948
7.018231 262.072418
7.024036 262.272614
7.029841 262.703796
7.035646 263.264130
7.041451 263.802460
7.047256 264.438416
7.053061 275.655151
7.058866 98.896881
7.064671 218.865860
7.070476 218.782089
7.076281 218.824509
7.082086 218.393127
7.087891 217.995026
7.093696 266.779755
7.099501 295.178802
7.105306 8507.509766
7.111111 8439.570312
7.116916 8494.758789
7.122721 8513.057617
7.128526 8284.277344
7.134331 7385.166992
7.140136 6707.349609
7.145941 6307.977539
7.151746 147.303574
7.157551 147.413559
7.163356 97.659042
7.169161 97.647133
7.174966 146.879517
7.180771 147.918106
7.186576 148.288849
7.192381 98.120392
7.198186 98.084389
7.203991 145.676239
7.209796 149.745422
7.215601 149.279999
7.221406 148.274460
7.227211 148.282959
7.233016 97.864731
7.238821 97.766212
7.244626 148.236862
7.250431 148.272507
7.256236 148.257965
7.262041 146.615952
7.267846 292.307434
7.273651 289.616486
7.279456 269.233368
7.285261 118.047974
7.291066 117.646332
7.296871 117.551842
7.302676 236.383942
7.308481 118.343201
7.314286 118.264229
7.320091 235.925293
7.325896 234.868149
7.331701 234.273529
7.337506 234.074432
7.343311 233.966461
7.349116 233.876312
7.354921 233.774216
7.360725 233.734543
7.366530 233.774826
7.372335 233.649414
7.378140 233.426727
7.383945 233.282242
7.389750 233.237061
7.395555 233.337418
7.401361 233.803329
7.407166 116.495583
7.412971 233.581039
7.418776 233.239197
7.424581 232.773331
7.430386 232.354309
7.436191 232.170517
7.441996 232.082092
7.447801 232.031586
7.453606 232.040390
7.459411 232.109055
7.465215 232.207718
7.471020 231.995117
7.476825 231.313736
7.482630 231.198746
7.488435 120.228394
7.494240 203.537582
7.500045 203.974365
7.505850 204.398788
7.511655 205.129257
7.517460 227.517441
7.523265 230.368866
7.529070 231.743576
7.534875 233.485443
7.540680 234.555603
7.546485 235.313171
7.552290 235.903564
7.558095 236.218613
7.563900 236.338547
7.569705 236.326950
7.575510 236.541931
7.581315 236.887527
7.587120 236.438980
7.592925 236.009674
7.598730 236.090317
7.604535 236.496185
7.610340 236.797607
7.616145 236.655212
7.621950 236.276337
7.627755 236.086624
7.633560 236.134872
7.639365 236.431778
7.645170 237.230209
7.650975 238.914078
7.656780 241.179535
7.662585 243.090942
7.668390 244.818878
7.674195 246.087097
7.680000 245.763596
7.685805 243.855927
7.691610 240.729187
7.697415 234.111664
7.703220 222.182373
7.709025 232.723770
7.714830 235.373520
7.720635 236.033340
7.726440 236.170914
7.732245 233.730026
7.738050 230.887283
7.743855 114.979355
7.749660 118.660614
7.755465 248.909943
7.761270 249.521423
7.767075 250.172195
7.772880 118.549408
7.778685 118.697411
7.784490 237.568527
7.790295 237.127075
7.796100 252.538071
7.801905 273.254059
7.807710 269.683685
7.813515 269.238159
7.819320 513.266235
7.825125 361.174347
7.830930 364.421967
7.836735 365.648224
7.842540 183.957077
7.848345 363.610870
7.854150 362.055328
7.859955 360.434631
7.865760 119.499756
7.871564 119.571915
7.877369 120.223373
7.883174 120.607307
7.888979 121.463737
7.894784 367.634552
7.900589 122.982666
7.906394 123.918365
7.912199 124.898178
7.918005 189.313248
7.923810 190.649521
7.929615 192.062454
7.935420 193.150375
7.941225 258.429565
7.947030 259.757141
7.952835 260.976044
7.958640 197.088150
7.964445 197.769730
7.970250 198.141602
7.976054 198.237366
7.981859 198.176834
7.987664 198.005920
7.993469 197.701355
7.999274 197.242218
8.005079 196.599152
8.010884 195.724213
8.016689 194.721237
8.022494 193.523422
8.028299 192.334290
8.034104 191.979263
8.039909 384.732300
8.045714 193.607544
8.051519 194.974808
8.057324 196.289963
8.063129 197.340851
8.068934 198.171417
8.074739 198.716110
8.080544 199.116608
8.086349 120.635956
8.092155 120.590393
8.097960 120.526619
8.103765 12180.195312
8.109570 12195.943359
8.115375 61.416374
8.121180 62.125931
8.126985 222.992020
8.132789 223.523453
8.138594 67.720879
8.144399 65.680794
8.150204 65.038498
8.156009 217.319550
8.161814 196.928467
8.167619 394.206665
8.173424 396.828918
8.179229 401.471893
8.185034 403.746094
8.190839 405.094116
8.196644 405.235291
8.202449 403.987396
8.208254 401.848297
8.214059 399.449860
8.219864 396.831085
8.225669 394.835266
8.231474 394.565552
8.237279 395.967224
8.243084 198.312729
8.248889 198.799438
8.254694 199.284409
8.260499 199.563385
8.266304 398.344879
8.272109 396.854736
8.277914 226.710938
8.283719 117.563385
8.289524 115.778587
8.295329 115.758362
8.301134 115.764748
8.306939 115.770065
8.312744 117.614883
8.318549 116.883682
8.324354 118.233910
8.330159 118.246750
8.335963 120.221603
8.341768 367.823761
8.347573 370.102081
8.353378 371.556061
8.359183 372.558289
8.364988 372.679626
8.370793 372.295776
8.376598 371.844330
8.382403 371.475616
8.388208 371.012054
8.394013 370.531586
8.399818 119.394234
8.405623 118.234047
8.411428 118.046928
8.417233 117.080940
8.423038 117.208992
8.428843 117.672310
8.434649 118.347542
8.440454 119.158539
8.446259 120.071083
8.452064 120.947868
8.457869 121.763100
8.463674 122.533844
8.469479 123.314491
8.475284 124.021225
8.481089 124.736420
8.486894 125.474518
8.492699 399.243408
8.498504 401.473114
8.504309 402.782593
8.510114 403.401733
8.515919 403.181641
8.521724 402.481140
8.527529 401.540131
8.533334 400.258301
8.539139 398.602600
8.544943 396.849213
8.550748 395.178833
8.556553 394.054810
8.562358 393.405518
8.568163 392.943787
8.573968 392.639282
8.579773 392.698853
8.585578 393.206757
8.591383 393.942505
8.597188 394.548889
8.602993 394.950836
8.608798 395.177704
8.614603 395.053955
8.620408 394.303009
8.626213 392.924988
8.632018 391.028107
8.637823 389.115662
8.643628 388.857544
8.649433 197.302094
8.655238 196.632538
8.661043 196.770859
8.666848 199.073456
8.672653 214.009140
8.678458 214.451035
8.684263 228.504913
8.690068 234.887070
8.695873 11967.277344
8.701678 12009.510742
8.707483 12048.208008
8.713288 87.434418
8.719093 90.559395
8.724898 90.561920
8.730703 91.462982
8.736508 91.511581
8.742313 8571.111328
8.748117 8530.731445
8.753922 8625.155273
8.759727 8652.783203
8.765532 96.401794
8.771338 399.216400
8.777143 403.075500
8.782948 409.669861
8.788753 412.732971
8.794558 413.497040
8.800363 413.211273
8.806168 412.105316
8.811973 410.470520
8.817778 409.029999
8.823583 407.972107
8.829388 406.665009
8.835193 405.028168
8.840998 403.920044
8.846803 201.813782
8.852608 202.069946
8.858413 202.396378
8.864218 202.575653
8.870023 202.530746
8.875828 202.306046
8.881633 201.978973
8.887438 403.344818
8.893243 402.700409
8.899048 402.151917
8.904853 401.612183
8.910658 400.925018
8.916463 399.887848
8.922268 398.455841
8.928073 397.008759
8.933878 396.163391
8.939683 396.605072
8.945488 398.021454
8.951293 399.837708
8.957097 401.473206
8.962902 402.802521
8.968707 404.010345
8.974512 405.049744
8.980317 202.981674
8.986122 203.118393
8.991927 202.972214
8.997732 202.418854
9.003537 201.195633
9.009342 199.414444
9.015147 196.037003
9.020952 192.689514
9.026757 190.181564
9.032562 188.132095
9.038367 370.865753
9.044172 359.853668
9.049977 353.820007
9.055782 349.831451
9.061587 347.215546
9.067392 172.859467
9.073197 172.793106
9.079002 346.379242
9.084807 347.744873
9.090612 349.890350
9.096417 352.470123
9.102222 355.289886
9.108027 358.529572
9.113832 361.999756
9.119637 182.067001
9.125443 182.154480
9.131248 90.126625
9.137053 87.620338
9.142858 87.860245
9.148663 88.925636
9.154468 88.652420
9.160272 88.049835
9.166077 104.951286
9.171882 103.940910
9.177687 204.161530
9.183492 87.925873
9.189297 87.685051
9.195102 87.445114
9.200907 205.759048
9.206712 206.913910
9.212517 102.224304
9.218322 102.124489
9.224127 101.938705
9.229932 99.860130
9.235737 98.337990
9.241542 5178.916992
9.247347 5365.475098
9.253152 5415.774414
9.258957 5410.062500
9.264762 87.386688
9.270567 87.382912
9.276372 103.324402
9.282177 99.532616
9.287982 292.447662
9.293787 293.281250
9.299592 157.059860
9.305397 157.477631
9.311202 158.459656
9.317007 159.100128
9.322812 160.356903
9.328617 322.947693
9.334422 326.410919
9.340227 329.840912
9.346032 333.694458
9.351837 337.385803
9.357642 341.001617
9.363446 343.943420
9.369251 346.721588
9.375056 174.275177
9.380861 349.609711
9.386666 350.496704
9.392471 351.579132
9.398276 351.963196
9.404081 351.635773
9.409886 350.961426
9.415691 350.341522
9.421496 174.951447
9.427301 175.089081
9.433106 175.414734
9.438911 175.737900
9.444716 352.989441
9.450521 355.214905
9.456326 358.002625
9.462132 359.819946
9.467937 359.732574
9.473742 358.484680
9.479547 86.412376
9.485352 86.372467
9.491157 6932.144531
9.496962 7200.251465
9.502767 7515.228516
9.508572 7932.259766
9.514377 8367.285156
9.520182 8685.478516
9.525987 8828.662109
9.531792 8869.672852
9.537597 8839.768555
9.543402 8762.495117
9.549207 8687.562500
9.555012 8641.098633
9.560817 8609.752930
9.566622 8586.424805
9.572426 8625.797852
9.578231 8804.035156
9.584036 9074.010742
9.589841 9328.097656
9.595646 9459.471680
9.601451 9244.033203
9.607256 8991.041016
9.613061 8896.532227
9.618866 8902.545898
9.624671 8937.037109
9.630476 8961.592773
9.636281 8936.251953
9.642086 8715.120117
9.647891 8339.347656
9.653696 8021.504883
9.659501 7711.306152
9.665306 86.470169
9.671111 86.509338
9.676916 85.778091
9.682721 158.384659
9.688526 158.773849
9.694331 158.662094
9.700136 316.551392
9.705941 315.036530
9.711746 313.042908
9.717551 155.679092
9.723356 155.171234
9.729161 154.909149
9.734966 154.951920
9.740771 155.293320
9.746576 311.905151
9.752381 314.061859
9.758186 316.530029
9.763991 318.979187
9.769796 321.678192
9.775600 324.322968
9.781405 326.413940
9.787210 327.746582
9.793015 328.616516
9.798820 329.292511
9.804626 329.764099
9.810431 329.595581
9.816236 328.582855
9.822041 326.711212
9.827846 323.810944
9.833651 319.396667
9.839456 313.823334
9.845261 308.519806
9.851066 304.284424
9.856871 2579.924072
9.862676 2624.651855
9.868481 239.932205
9.874286 102.743942
9.880091 102.857887
9.885896 297.296997
9.891701 298.517700
9.897506 300.615784
9.903311 304.518463
9.909116 2624.870605
9.914921 2619.635010
9.920726 2626.948730
9.926531 321.003876
9.932336 323.179962
9.938141 324.471497
9.943946 325.364746
9.949751 326.072083
9.955556 326.540070
9.961361 326.725739
9.967166 2672.482666
9.972971 2665.454346
9.978776 324.672424
9.984580 322.596283
9.990385 319.373474
9.996190 314.934448
10.001995 311.360046
10.007800 309.038330
10.013605 306.619995
10.019410 304.406586
10.025215 302.749084
10.031020 301.648071
10.036825 150.503754
10.042630 150.622498
10.048435 302.040192
10.054240 302.363983
10.060045 301.592224
10.065850 299.796112
10.071655 2553.894531
10.077460 2576.640625
10.083265 2618.349121
10.089070 2629.278564
10.094875 273.680969
10.100680 2614.882812
10.106485 268.066620
10.112290 266.375092
10.118095 265.490021
10.123900 265.007202
10.129705 264.644806
10.135510 264.345184
10.141315 263.906891
10.147120 262.908081
10.152925 261.910278
10.158731 261.716248
10.164536 281.308960
10.170341 280.977814
10.176146 274.020752
10.181951 6141.815430
10.187755 6137.004883
10.193560 2434.192139
10.199365 2430.094482
10.205170 2432.175049
10.210975 2437.092285
10.216780 2437.222168
10.222585 3988.660156
10.228390 3989.225342
10.234195 2435.922852
10.240000 2436.142334
10.245805 2434.481689
10.251610 2442.168457
10.257415 2452.575684
10.263220 2461.784180
10.269025 262.506165
10.274830 262.646576
10.280635 262.580719
10.286440 262.348846
10.292245 261.978333
10.298050 261.658356
10.303855 261.375488
10.309660 262.010223
10.315465 262.775452
10.321270 262.766479
10.327075 262.745056
10.332880 262.662170
10.338685 262.557526
10.344490 262.656189
10.350295 262.893280
10.356100 262.659454
10.361905 262.030426
10.367710 262.012817
10.373515 262.391815
10.379320 262.700073
10.385125 262.802490
10.390930 262.611664
10.396734 262.104401
10.402539 261.749390
10.408344 261.814331
10.414149 261.800171
10.419954 261.772064
10.425759 262.277283
10.431564 264.408691
10.437369 264.808563
10.443174 259.026245
10.448979 11908.132812
10.454784 11974.983398
10.460589 12032.676758
10.466394 12125.479492
10.472199 173.110794
10.478004 173.126129
10.483809 131.968048
10.489614 131.688766
10.495420 131.515244
10.501225 130.334259
10.507030 130.434494
10.512835 131.500046
10.518640 121.327347
10.524445 130.651199
10.530250 130.712234
10.536055 130.815384
10.541860 131.009033
10.547665 131.069855
10.553470 130.961975
10.559275 122.185341
10.565080 122.145271
10.570885 122.574066
10.576690 130.115158
10.582495 130.275970
10.588300 127.904716
10.594105 128.203659
10.599909 129.007202
10.605714 129.671158
10.611519 131.140930
10.617324 131.439392
10.623129 131.648438
10.628934 131.893784
10.634739 132.208145
10.640544 132.390472
10.646349 132.279449
10.652154 131.983078
10.657959 131.674225
10.663764 131.473648
10.669569 131.334198
10.675374 131.191757
10.681179 131.049759
10.686984 130.981583
10.692789 131.010864
10.698594 131.204086
10.704399 131.615372
10.710204 132.469482
10.716009 133.135178
10.721814 134.675797
10.727619 137.276855
10.733424 139.483688
10.739229 139.707962
10.745034 11709.881836
10.750839 11883.262695
10.756644 12023.833008
10.762449 12159.626953
10.768254 149.329376
10.774059 151.010162
10.779864 151.147507
10.785669 152.971375
10.791474 153.972275
10.797279 154.382080
10.803084 154.387817
10.808888 154.185318
10.814693 153.754868
10.820498 153.013519
10.826303 152.306671
10.832108 151.932938
10.837914 152.070297
10.843719 152.390030
10.849524 152.783417
10.855329 153.517242
10.861134 154.237228
10.866939 154.698120
10.872744 155.257126
10.878549 155.911514
10.884354 157.189911
10.890159 157.488953
10.895964 157.723602
10.901769 157.728745
10.907574 157.130615
10.913379 155.756973
10.919184 156.193192
10.924989 156.722336
10.930794 156.853989
10.936599 156.438034
10.942404 155.608063
10.948209 154.548767
10.954014 153.344131
10.959819 152.762329
10.965624 152.541443
10.971429 152.602768
10.977234 152.797775
10.983039 153.038742
10.988844 153.384613
10.994649 153.934616
11.000454 154.552002
11.006259 155.112946
11.012063 155.745895
11.017868 156.532379
11.023673 157.565475
11.029478 157.996384
11.035283 158.158356
11.041088 160.085114
11.046893 11917.949219
11.052698 11947.288086
11.058503 11999.776367
11.064308 12060.061523
11.070113 12125.246094
11.075918 156.932312
11.081723 115.933868
11.087528 106.113335
11.093333 154.084625
11.099138 154.025879
11.104943 105.633820
11.110748 105.596451
11.116553 155.064011
11.122358 105.902611
11.128163 106.530243
11.133968 107.412613
11.139773 108.697044
11.145578 165.867935
11.151383 167.768723
11.157188 169.522781
11.162993 172.402039
11.168798 173.918701
11.174603 175.246292
11.180408 176.663986
11.186213 177.240601
11.192019 177.215973
11.197824 177.130203
11.203629 176.677292
11.209434 176.245071
11.215239 175.688019
11.221043 173.830444
11.226848 172.733063
11.232653 172.128372
11.238458 171.793304
11.244263 171.697144
11.250068 171.905258
11.255873 172.657898
11.261678 173.458725
11.267483 174.129150
11.273288 174.854691
11.279093 175.461227
11.284898 175.809326
11.290703 176.188568
11.296508 176.818802
11.302313 177.421036
11.308118 177.545822
11.313923 176.907379
11.319728 195.636078
11.325533 208.844421
11.331338 196.117813
11.337143 208.639603
11.342948 209.117355
11.348753 138.644012
11.354558 94.175453
11.360363 70.110977
11.366168 69.760475
11.371973 69.410942
11.377778 68.461815
11.383583 282.608948
11.389388 282.758148
11.395193 69.299622
11.400998 210.259918
11.406803 222.205933
11.412608 99.375237
11.418413 96.578217
11.424217 93.695732
11.430022 68.699821
11.435827 208.428436
11.441632 102.034790
11.447437 285.854004
11.453242 140.031403
11.459047 69.424995
11.464852 69.355873
11.470657 139.583664
11.476462 140.270065
11.482267 284.838959
11.488072 69.616165
11.493877 69.524803
11.499682 288.220673
11.505487 288.209991
11.511292 285.896667
11.517097 283.900543
11.522902 69.488358
11.528708 290.273041
11.534513 287.004822
11.540318 287.223816
11.546123 301.379730
11.551928 298.088776
11.557733 287.612946
11.563538 287.428162
11.569343 289.016724
11.575148 288.947845
11.580953 287.965149
11.586758 290.258972
11.592563 292.834503
11.598368 291.582947
11.604173 288.649139
11.609978 287.026123
11.615783 287.747467
11.621588 291.586517
11.627392 295.671265
11.633197 296.196167
11.639002 69.635498
11.644807 290.608124
11.650612 136.307053
11.656417 141.003830
11.662222 93.064270
11.668027 69.502579
11.673832 68.813393
11.679637 69.088951
11.685442 93.729759
11.691247 93.241280
11.697052 93.255875
11.702857 93.327377
11.708662 139.253372
11.714467 137.344833
11.720272 136.816666
11.726077 69.324936
11.731882 68.583786
11.737687 68.435211
11.743492 97.106522
11.749297 100.269730
11.755102 242.723434
11.760907 227.974854
11.766712 213.385956
11.772517 213.935394
11.778322 216.051239
11.784127 218.325699
11.789932 221.171570
11.795737 222.912689
11.801542 223.900604
11.807347 225.018463
11.813152 226.309326
11.818957 227.511322
11.824762 248.561172
11.830567 249.841293
11.836371 276.007385
11.842176 250.338989
11.847981 227.195023
11.853786 311.319122
11.859591 311.307800
11.865396 225.003830
11.871202 224.198929
11.877007 223.311447
11.882812 222.843124
11.888617 223.009155
11.894422 223.366531
11.900227 223.877899
11.906032 225.012558
11.911837 226.494370
11.917642 271.472137
11.923447 249.140686
11.929252 247.712036
11.935057 232.036713
11.940862 232.553619
11.946667 76.884216
11.952472 79.452965
11.958277 79.490540
11.964082 78.063797
11.969887 238.390152
11.975692 238.261536
11.981497 238.077469
11.987302 79.488632
11.993107 79.380150
11.998912 252.378143
12.004717 236.977264
12.010522 233.688751
12.016327 228.687988
12.022132 229.076462
12.027937 76.964622
12.033742 76.314842
12.039546 77.704414
12.045351 78.222229
12.051156 76.189438
12.056961 74.663116
12.062766 74.942657
12.068571 75.176125
12.074376 77.544647
12.080181 78.007751
12.085986 152.793427
12.091791 153.027863
12.097596 257.688141
12.103401 237.901535
12.109206 238.281799
12.115011 238.864716
12.120816 239.582642
12.126621 239.894333
12.132426 239.528275
12.138231 238.609818
12.144036 237.693619
12.149841 237.134140
12.155646 236.438904
12.161451 235.448242
12.167256 233.315948
12.173061 232.489288
12.178866 232.252426
12.184671 231.547791
12.190476 230.539993
12.196281 230.049133
12.202086 230.665222
12.207891 249.020157
12.213696 61.861542
12.219501 214.852402
12.225307 214.940613
12.231112 216.260147
12.236917 226.554108
12.242722 230.705368
12.248526 235.009720
12.254331 238.869431
12.260136 238.249924
12.265941 238.531219
12.271746 239.516693
12.277551 239.994904
12.283356 240.594116
12.289161 242.149078
12.294966 232.059738
12.300771 246.726242
12.306576 249.735229
12.312381 253.184402
12.318186 254.438690
12.323991 255.495468
12.329796 256.447388
12.335601 256.988831
12.341406 258.031494
12.347211 258.822144
12.353016 258.993896
12.358821 258.927002
12.364626 257.915344
12.370431 256.607208
12.376236 256.346985
12.382041 256.348236
12.387846 256.252777
12.393651 216.232513
12.399456 216.343811
12.405261 234.708038
12.411066 234.800323
12.416871 259.968201
12.422676 277.232422
12.428481 277.032837
12.434286 138.354858
12.440091 6455.945801
12.445896 6450.215332
12.451700 6386.635742
12.457505 6355.576660
12.463310 6315.693359
12.469115 6246.612793
12.474920 6460.980469
12.480725 7009.279785
12.486530 7266.111816
12.492335 7435.622070
12.498140 7495.012207
12.503945 277.561066
12.509750 274.573578
12.515555 274.297302
12.521360 281.541290
12.527165 6254.583496
12.532970 6209.075684
12.538775 6176.717773
12.544580 6145.062012
12.550385 6126.563965
12.556190 6129.848633
12.561996 6136.880371
12.567801 6134.619629
12.573606 6132.925781
12.579411 6145.907715
12.585216 181.835724
12.591021 180.047195
12.596826 180.285675
12.602631 180.527191
12.608436 180.692123
12.614241 181.327057
12.620046 182.568436
12.625851 276.448425
12.631656 278.539001
12.637461 280.593903
12.643266 283.246582
12.649071 287.395233
12.654876 291.614349
12.660680 294.585876
12.666485 297.116699
12.672290 299.656555
12.678095 302.205414
12.683900 304.236664
12.689705 305.440094
12.695510 152.760254
12.701315 152.607269
12.707120 304.217346
12.712925 303.700378
12.718730 303.140350
12.724535 302.526459
12.730340 301.853729
12.736145 301.384796
12.741950 301.221069
12.747755 301.372009
12.753560 301.837646
12.759365 302.458527
12.765170 302.976135
12.770975 303.328705
12.776780 303.588013
12.782585 303.819550
12.788390 304.071533
12.794195 304.383667
12.800000 304.686859
12.805805 304.855377
12.811610 304.910339
12.817415 152.589752
12.823220 152.731110
12.829025 305.530334
12.834830 305.378510
12.840635 304.728302
12.846440 152.742905
12.852245 153.677521
12.858050 308.558777
12.863854 311.091583
12.869659 157.014542
12.875464 157.309662
12.881269 157.296097
12.887074 312.618317
12.892879 311.917633
12.898685 310.790863
12.904490 308.204437
12.910295 305.212036
12.916100 303.212646
12.921905 301.853943
12.927710 301.200867
12.933515 150.435638
12.939320 302.215210
12.945125 303.649628
12.950930 305.328888
12.956735 153.533936
12.962540 309.386841
12.968345 312.959167
12.974150 315.372528
12.979955 159.385330
12.985760 161.314194
12.991565 322.801605
12.997370 324.054382
13.003175 163.634933
13.008980 164.115646
13.014785 164.503586
13.020590 164.479797
13.026395 164.065826
13.032200 163.545486
13.038005 325.755188
13.043810 325.675262
13.049615 325.973724
13.055420 326.810913
13.061225 327.601227
13.067030 327.747253
13.072834 304.495087
13.078639 328.410034
13.084444 329.419678
13.090249 339.388519
13.096054 346.509003
13.101859 348.793793
13.107664 350.382294
13.113469 177.858200
13.119274 177.919373
13.125079 177.797485
13.130884 177.546494
13.136689 177.005432
13.142494 175.597610
13.148299 339.354767
13.154104 310.254395
13.159909 309.609955
13.165714 308.153870
13.171519 288.460663
13.177324 286.596252
13.183129 267.923950
13.188934 265.120300
13.194739 262.917053
13.200544 261.301819
13.206349 260.360931
13.212154 259.675903
13.217959 259.185699
13.223764 258.777557
13.229569 258.521454
13.235374 258.564270
13.241179 258.650513
13.246984 258.478973
13.252789 258.265228
13.258595 258.220093
13.264400 258.157104
13.270205 257.760376
13.276009 256.874847
13.281814 255.847076
13.287619 255.163361
13.293424 254.784058
13.299229 254.516464
13.305034 254.455566
13.310839 254.748825
13.316644 255.360779
13.322449 256.208801
13.328254 257.244293
13.334059 258.392090
13.339864 259.384521
13.345669 260.113098
13.351474 260.815735
13.357279 261.600494
13.363084 262.493683
13.368889 263.337341
13.374694 264.062073
13.380499 181.024933
13.386304 265.131531
13.392109 265.323059
13.397914 265.472473
13.403719 265.705353
13.409524 265.717804
13.415329 265.267334
13.421134 265.004608
13.426939 265.010773
13.432744 265.088928
13.438549 265.041840
13.444354 132.374786
13.450159 264.302917
13.455964 263.907532
13.461769 263.623230
13.467574 263.472473
13.473379 263.403107
13.479183 263.329895
13.484988 263.278351
13.490793 263.324738
13.496598 263.453613
13.502403 263.540131
13.508208 263.456970
13.514013 263.159790
13.519818 262.751617
13.525623 262.389740
13.531428 262.195038
13.537233 262.233948
13.543038 262.477386
13.548843 262.729858
13.554648 262.787170
13.560453 262.735748
13.566258 262.817322
13.572063 131.536285
13.577868 131.566895
13.583673 131.497879
13.589478 131.303528
13.595284 131.160172
13.601089 4613.274414
13.606894 4742.568848
13.612699 5133.047363
13.618504 5415.773926
13.624309 5722.956055
13.630114 6012.411621
13.635919 6128.754395
13.641724 6226.224121
13.647529 6312.126953
13.653334 4820.733398
13.659139 5700.739258
13.664944 2734.981445
13.670749 7826.360352
13.676554 7301.500000
13.682359 6799.536133
13.688163 238.973541
13.693968 230.369370
13.699773 223.041870
13.705578 215.260529
13.711383 215.598022
13.717188 215.415222
13.722993 215.207031
13.728798 212.881866
13.734603 0.000000
13.740408 290.103302
13.746213 291.709015
13.752018 297.527802
13.757823 298.563202
13.763628 299.086090
13.769433 298.895874
13.775238 298.371765
13.781043 297.864227
13.786848 297.079254
13.792653 295.861145
13.798458 294.132538
13.804263 292.180725
13.810068 291.378113
13.815873 291.030975
13.821678 290.807434
13.827483 290.792786
13.833288 291.025818
13.839093 291.270996
13.844898 291.359283
13.850703 291.740112
13.856508 292.732300
13.862313 293.507843
13.868118 293.697205
13.873923 293.585571
13.879728 293.332336
13.885533 292.985718
13.891337 292.362213
13.897142 291.441803
13.902947 290.847473
13.908752 290.664886
13.914557 290.472015
13.920362 290.064301
13.926167 289.618866
13.931973 289.215027
13.937778 288.928711
13.943583 288.702759
13.949388 288.511047
13.955193 288.522827
13.960998 288.774933
13.966803 288.934723
13.972608 288.900848
13.978413 288.777130
13.984218 288.526001
13.990023 288.337189
13.995828 288.645538
14.001633 289.327057
14.007438 288.468536
14.013243 287.113281
14.019048 287.132904
14.024853 287.131378
14.030658 286.892517
14.036463 287.080688
14.042268 287.551361
14.048073 287.727692
14.053878 287.585236
14.059683 287.067535
14.065488 286.369507
14.071293 286.657684
14.077098 288.124908
14.082903 289.825653
14.088708 291.602142
14.094513 293.895599
14.100317 296.357147
14.106122 298.980713
14.111927 301.031830
14.117732 302.682953
14.123537 304.183258
14.129342 305.880402
14.135147 307.150909
14.140952 307.902313
14.146757 308.387146
14.152562 308.721954
14.158367 308.830383
14.164172 308.661133
14.169977 308.250214
14.175782 307.560974
14.181587 306.861053
14.187392 306.270660
14.193197 305.776459
14.199002 305.444092
14.204807 305.427063
14.210612 305.731628
14.216417 306.307831
14.222222 307.173157
14.228027 308.269623
14.233832 309.521698
14.239637 311.128113
14.245442 312.915375
14.251247 314.803406
14.257052 316.512726
14.262857 317.637665
14.268662 318.210876
14.274467 318.467804
14.280272 318.494385
14.286077 317.990295
14.291883 317.009064
14.297688 316.217346
14.303492 315.822479
14.309297 314.630035
14.315102 311.551697
14.320907 310.888336
14.326712 310.014038
14.332517 308.608612
14.338322 307.082794
14.344127 306.052887
14.349932 305.518890
14.355737 305.369446
14.361542 305.507416
14.367347 305.969421
14.373152 307.010590
14.378957 308.647034
14.384762 310.838440
14.390567 313.644287
14.396372 316.601715
14.402177 319.850159
14.407982 322.521881
14.413787 323.808411
14.419592 324.234283
14.425397 324.178040
14.431202 323.691772
14.437007 322.805542
14.442812 321.735443
14.448617 320.175690
14.454422 318.123779
14.460227 315.856567
14.466032 313.978485
14.471837 313.072906
14.477642 312.430847
14.483447 311.753571
14.489252 311.226654
14.495057 310.994568
14.500862 311.156921
14.506667 311.736420
14.512471 312.638672
14.518276 314.043762
14.524081 316.200653
14.529886 318.575714
14.535691 320.725220
14.541496 322.052917
14.547301 323.045715
14.553106 323.821716
14.558911 323.975555
14.564716 215.610260
14.570521 213.022781
14.576326 211.657242
14.582131 209.730148
14.587936 208.148376
14.593741 207.356384
14.599546 207.504028
14.605351 312.181305
14.611156 313.407349
14.616961 316.074982
14.622766 162.314713
14.628572 325.801239
14.634377 331.373383
14.640182 334.898376
14.645987 338.679962
14.651792 341.932617
14.657597 344.750000
14.663402 347.342133
14.669207 349.717804
14.675012 351.697327
14.680817 353.267731
14.686622 354.276367
14.692427 354.414307
14.698232 354.193390
14.704037 354.261688
14.709842 354.499298
14.715646 354.281067
14.721451 353.343414
14.727256 352.462738
14.733061 352.518036
14.738866 353.280579
14.744671 354.056885
14.750476 354.634674
14.756281 354.517883
14.762086 173.167297
14.767891 172.418869
14.773696 172.064117
14.779501 172.088837
14.785306 167.223282
14.791111 162.076218
14.796916 4226.291016
14.802721 4207.882324
14.808526 4202.546875
14.814331 4225.541992
14.820136 4307.374512
14.825941 4446.005859
14.831746 4574.265625
14.837551 4639.001953
14.843356 4618.461426
14.849161 103.723000
14.854966 103.685883
14.860771 273.767303
14.866576 273.932556
14.872381 274.308197
14.878186 274.751404
14.883991 274.430664
14.889796 6139.282227
14.895601 6121.034180
14.901406 6093.436523
14.907211 6089.951172
14.913016 230.445511
14.918821 230.818130
14.924625 218.521820
14.930430 226.690353
14.936235 226.433533
14.942040 226.372910
14.947845 226.729462
14.953650 227.359497
14.959455 231.496307
14.965261 236.160156
14.971066 240.164688
14.976871 241.155975
14.982676 245.910385
14.988481 251.818527
14.994286 253.468842
15.000091 254.595215
15.005896 255.852020
15.011701 256.609467
15.017506 257.493744
15.023311 258.376068
15.029116 258.739258
15.034921 129.342178
15.040726 129.277573
15.046531 258.244232
15.052336 257.938660
15.058141 257.595581
15.063946 257.270203
15.069751 257.176849
15.075556 257.463593
15.081361 257.936646
15.087166 258.367096
15.092971 258.664398
15.098776 258.743500
15.104581 258.514648
15.110386 257.995331
15.116191 230.266312
15.121996 104.287453
15.127800 104.116829
15.133605 104.016670
15.139410 322.146271
15.145215 6201.973145
15.151020 6208.953613
15.156825 266.064240
15.162630 265.926270
15.168435 266.022827
15.174240 289.340027
15.180045 265.316650
15.185850 261.300079
15.191655 260.723999
15.197460 260.050262
15.203265 259.506714
15.209070 128.909866
15.214875 128.936691
15.220680 155.122437
15.226485 153.669739
15.232290 154.199310
15.238095 304.428497
15.243900 306.896912
15.249705 309.553741
15.255510 312.282013
15.261315 313.751312
15.267120 314.311554
15.272925 4957.595215
15.278730 4976.450195
15.284535 5034.164062
15.290340 5209.733398
15.296145 5209.101074
15.301950 5085.412109
15.307755 5004.179688
15.313560 4984.085449
15.319366 5011.365723
15.325171 5014.081055
15.330976 4996.651367
15.336780 4983.247559
15.342585 4989.202148
15.348390 305.746063
15.354195 308.434479
15.360000 311.338867
15.365805 312.117676
15.371610 311.871613
15.377415 311.238647
15.383220 311.205475
15.389025 311.808960
15.394830 312.341614
15.400635 312.296387
15.406440 311.906097
15.412245 311.735077
15.418050 312.007935
15.423855 312.513031
15.429660 307.863525
15.435465 305.133911
15.441270 304.514313
15.447075 303.373657
15.452880 280.844025
15.458685 276.108429
15.464490 268.976105
15.470295 268.621460
15.476100 264.492004
15.481905 264.886383
15.487710 264.349030
15.493515 264.201782
15.499320 264.286987
15.505125 264.287964
15.510930 264.051910
15.516735 263.966614
15.522540 264.575073
15.528345 265.432343
15.534150 265.486389
15.539954 265.300323
15.545759 265.456299
15.551564 265.785675
15.557369 266.275879
15.563174 267.951050
15.568979 285.292908
15.574784 294.279327
15.580589 309.285339
15.586394 310.384064
15.592199 309.241119
15.598004 308.154572
15.603809 307.818909
15.609614 155.796387
15.615419 155.419403
15.621224 103.298485
15.627029 103.960571
15.632834 104.246696
15.638639 104.260986
15.644444 104.311264
15.650249 102.630928
15.656054 4030.490723
15.661860 3952.197510
15.667665 3856.705566
15.673470 3834.219727
15.679275 3841.900146
15.685080 3864.732178
15.690885 3881.120850
15.696690 3842.529297
15.702495 3750.010254
15.708300 3653.545410
15.714105 3644.866455
15.719910 3712.637695
15.725715 3760.274170
15.731520 3718.687012
15.737325 3686.116699
15.743129 3734.491211
15.748934 3828.280518
15.754739 3893.420898
15.760544 3905.980957
15.766349 3903.283447
15.772154 3890.284180
15.777959 121.851189
15.783764 121.736771
15.789569 120.778175
15.795374 116.428520
15.801179 116.528938
15.806984 116.608337
15.812789 116.583092
15.818594 116.527496
15.824399 116.512268
15.830204 116.433380
15.836009 116.284447
15.841814 112.180565
15.847619 112.121239
15.853424 116.119530
15.859229 116.016266
15.865034 115.827438
15.870839 115.613304
15.876644 230.821808
15.882449 231.370239
15.888254 232.523331
15.894059 233.569763
15.899864 234.389893
15.905669 235.059326
15.911474 235.672821
15.917279 236.377441
15.923084 237.088745
15.928889 237.425064
15.934694 237.484985
15.940499 237.508591
15.946304 237.715683
15.952108 237.921295
15.957913 237.400284
15.963718 236.509933
15.969523 235.779663
15.975328 235.606979
15.981133 235.896729
15.986938 235.689499
15.992743 234.654572
15.998549 233.741272
16.004354 233.466721
16.010159 233.413681
16.015965 233.427032
16.021769 233.659637
16.027575 234.207047
16.033379 235.187592
16.039185 236.855042
16.044989 237.641647
16.050795 236.479996
16.056599 217.911865
16.062403 219.262268
16.068209 232.273560
16.074013 84.052963
16.079819 241.461914
16.085623 232.170242
16.091429 241.167236
16.097233 241.243851
16.103039 240.809555
16.108843 240.177444
16.114649 239.679672
16.120453 239.621613
16.126259 240.122467
16.132063 240.662994
16.137869 240.614670
16.143673 239.438126
16.149479 237.371185
16.155283 117.399612
16.161089 98.472641
16.166893 98.471512
16.172699 98.342529
16.178503 98.107506
16.184309 97.999626
16.190113 98.047989
16.195919 96.872734
16.201723 96.598999
16.207529 96.702759
16.213333 96.858994
16.219139 96.831161
16.224943 96.206566
16.230749 96.182320
16.236553 96.237617
16.242359 114.173096
16.248163 95.614624
16.253969 94.373978
16.259773 180.209335
16.265577 177.461456
16.271383 173.197159
16.277187 170.805054
16.282993 169.400757
16.288797 168.193146
16.294603 115.880737
16.300407 163.932617
16.306213 166.645950
16.312017 167.620255
16.317823 100.199615
16.323627 100.201111
16.329433 99.642021
16.335238 178.751663
16.341043 90.805244
16.346848 183.364792
16.352654 94.799736
16.358458 191.533859
16.364264 95.479500
16.370068 96.287453
16.375874 97.050568
16.381678 97.198654
16.387484 97.604340
16.393288 97.681183
16.399094 97.673981
16.404898 194.722153
16.410704 194.087021
16.416508 193.145386
16.422314 95.978477
16.428118 96.014343
16.433924 96.072075
16.439728 95.844841
16.445534 96.052094
16.451338 97.197708
16.457144 98.124710
16.462948 97.614342
16.468752 97.649963
16.474558 97.844711
16.480362 97.863953
16.486168 97.648697
16.491972 97.384567
16.497778 97.098557
16.503582 96.888855
16.509388 192.669342
16.515192 204.349121
16.520998 206.731750
16.526802 207.265167
16.532608 114.369919
16.538412 116.599014
16.544218 183.049088
16.550022 181.014938
16.555828 93.258591
16.561632 94.735146
16.567438 95.546631
16.573242 94.891891
16.579048 94.021828
16.584852 93.188675
16.590658 92.577454
16.596462 119.053078
16.602268 118.842667
16.608072 91.455177
16.613878 91.598152
16.619682 91.717751
16.625488 91.954948
16.631292 92.704834
16.637098 93.719856
16.642902 94.437698
16.648708 93.259857
16.654512 12253.456055
16.660318 12347.601562
16.666122 12406.652344
16.671926 12487.955078
16.677732 91.472977
16.683537 91.460304
16.689342 91.250160
16.695147 91.000847
16.700953 90.604591
16.706757 90.181206
16.712563 89.896812
16.718367 89.708237
16.724173 177.179688
16.729977 176.740936
16.735783 176.458206
16.741587 176.378937
16.747393 90.542946
16.753197 88.997345
16.759003 89.430359
16.764807 89.963539
16.770613 91.240189
16.776417 91.815796
16.782223 92.922691
16.788027 93.540810
16.793833 188.310852
16.799637 189.788177
16.805443 192.303192
16.811247 192.941040
16.817053 195.958038
16.822857 197.458450
16.828663 198.246521
16.834467 198.807404
16.840273 198.933212
16.846077 198.812622
16.851883 198.481934
16.857687 197.680023
16.863493 196.886261
16.869297 195.887024
16.875101 193.946136
16.880907 193.010574
16.886711 192.783020
16.892517 192.677887
16.898321 192.722198
16.904127 193.116455
16.909931 193.611908
16.915737 194.134720
16.921541 194.464844
16.927347 194.923477
16.933151 195.911469
16.938957 197.025436
16.944761 199.419403
16.950567 196.479248
16.956371 193.432510
16.962177 190.793930
16.967981 187.679611
16.973787 87.825661
16.979591 87.749397
16.985397 85.662956
16.991201 171.357056
16.997007 232.540512
17.002811 171.448364
17.008617 171.646881
17.014421 172.362869
17.020227 173.422287
17.026031 174.306244
17.031837 174.810577
17.037642 175.105759
17.043447 175.172958
17.049252 175.110580
17.055058 174.980576
17.060862 174.766968
17.066668 174.383438
17.072472 173.919220
17.078278 173.866974
17.084082 173.504700
17.089886 172.270935
17.095692 171.469849
17.101496 171.089554
17.107302 170.991074
17.113106 171.183456
17.118912 178.323990
17.124716 187.011246
17.130522 189.196640
17.136326 86.116745
17.142132 86.060379
17.147936 171.456070
17.153742 171.609146
17.159546 173.887848
17.165352 177.178436
17.171156 183.372589
17.176962 602.957886
17.182766 604.522278
17.188572 610.227295
17.194376 617.625610
17.200182 169.673859
17.205986 535.487610
17.211792 537.041809
17.217596 539.185669
17.223402 279.512299
17.229206 614.541016
17.235012 616.668518
17.240816 291.255402
17.246622 293.295715
17.252426 294.183044
17.258232 299.051727
17.264036 299.445312
17.269842 299.890320
17.275646 301.435364
17.281452 302.897095
17.287256 151.681824
17.293060 151.916946
17.298866 304.400452
17.304670 304.223907
17.310476 304.257996
17.316280 304.464294
17.322086 304.429382
17.327890 303.966400
17.333696 303.372864
17.339500 121.097878
17.345306 120.865891
17.351110 301.736664
17.356916 301.040710
17.362720 300.337097
17.368526 299.931091
17.374331 299.858582
17.380136 299.906158
17.385941 299.493866
17.391747 298.530457
17.397551 297.387421
17.403357 296.264435
17.409161 294.633545
17.414967 76.527435
17.420771 76.646141
17.426577 62.835327
17.432381 78.562462
17.438187 77.861923
17.443991 77.914261
17.449797 123.116898
17.455601 77.998840
17.461407 77.782906
17.467211 104.106209
17.473017 62.816330
17.478821 62.557255
17.484627 157.703491
17.490431 157.566284
17.496235 77.691086
17.502041 77.796913
17.507845 78.280685
17.513651 59.909515
17.519455 12089.969727
17.525261 12070.895508
17.531065 12133.372070
17.536871 156.298920
17.542675 156.382629
17.548481 77.720779
17.554285 265.482910
17.560091 266.007965
17.565895 265.452545
17.571701 264.504761
17.577505 263.511566
17.583311 262.334686
17.589115 260.922302
17.594921 259.435638
17.600725 257.893524
17.606531 256.409119
17.612335 255.325394
17.618141 254.781631
17.623945 254.744202
17.629751 255.227966
17.635555 256.172607
17.641361 257.055847
17.647165 257.266083
17.652971 256.471619
17.658775 254.704819
17.664581 251.367706
17.670385 246.100983
17.676191 240.962372
17.681995 232.877686
17.687801 229.579544
17.693605 228.604340
17.699409 228.540466
17.705215 228.942719
17.711020 229.605957
17.716825 230.618912
17.722630 231.982178
17.728436 233.021103
17.734240 233.416489
17.740046 233.544754
17.745850 233.567520
17.751656 233.423248
17.757460 233.032516
17.763266 232.339508
17.769070 231.336090
17.774876 230.151443
17.780680 229.064743
17.786486 228.153458
17.792290 227.384155
17.798096 226.703827
17.803900 226.225113
17.809706 226.370316
17.815510 227.628983
17.821316 228.517319
17.827120 236.609573
17.832926 237.963852
17.838730 245.803574
17.844536 249.104080
17.850340 253.197571
17.856146 258.128540
17.861950 260.671143
17.867756 262.014709
17.873560 262.414764
17.879366 261.959229
17.885170 260.737244
17.890976 258.991180
17.896780 257.029602
17.902586 255.377182
17.908390 254.253159
17.914194 253.834579
17.920000 254.216660
17.925804 255.616806
17.931610 258.525024
17.937414 263.262695
17.943220 268.801147
17.949024 271.961121
17.954830 274.023590
17.960634 274.960785
17.966440 274.812927
17.972244 272.069580
17.978050 65.394104
17.983854 153.272064
17.989660 153.247940
17.995464 66.977921
18.001270 66.277390
18.007074 65.733513
18.012880 97.386383
18.018684 97.426674
18.024490 97.434944
18.030294 158.727600
18.036100 158.367035
18.041904 154.844238
18.047710 154.943985
18.053514 155.261292
18.059320 155.688873
18.065125 65.805420
18.070930 222.806091
18.076735 225.496826
18.082541 225.563782
18.088345 94.700043
18.094151 94.408638
18.099955 94.368355
18.105761 154.296280
18.111565 12108.244141
18.117369 11947.277344
18.123175 11942.017578
18.128979 11959.561523
18.134785 11976.440430
18.140589 12036.430664
18.146395 12231.603516
18.152199 51.331970
18.158005 126.983353
18.163809 127.684196
18.169615 142.546799
18.175419 0.000000
18.181225 2719.123535
18.187029 2696.170410
18.192835 2694.152832
18.198639 258.894470
18.204445 260.604980
18.210249 261.102142
18.216055 260.513611
18.221859 259.279266
18.227665 258.196533
18.233469 257.564850
18.239275 257.279327
18.245079 257.362244
18.250885 257.830597
18.256689 258.713684
18.262495 260.136414
18.268299 262.181702
18.274105 264.658234
18.279909 267.611816
18.285715 2843.650879
18.291519 277.765381
18.297325 280.837006
18.303129 282.657806
18.308935 284.275208
18.314739 285.929749
18.320543 287.374847
18.326349 288.312958
18.332153 288.739197
18.337959 288.810547
18.343763 288.733154
18.349569 288.657898
18.355373 288.555725
18.361179 288.358856
18.366983 288.126038
18.372789 287.997192
18.378593 288.036316
18.384399 288.306183
18.390203 288.934021
18.396009 289.872009
18.401814 290.627777
18.407619 291.009766
18.413424 291.026642
18.419230 290.787811
18.425034 290.352875
18.430840 289.563782
18.436644 287.952026
18.442450 286.023834
18.448254 283.485748
18.454060 272.130096
18.459864 266.881653
18.465670 263.389740
18.471474 259.645294
18.477280 258.421692
18.483084 258.940277
18.488890 260.040314
18.494694 260.885773
18.500500 261.534454
18.506304 262.002808
18.512110 262.241272
18.517914 262.192902
18.523718 261.498657
18.529524 260.160828
18.535328 258.711212
18.541134 256.920624
18.546938 104.728386
18.552744 104.661407
18.558548 104.609734
18.564354 104.971970
18.570158 4574.428223
18.575964 4939.260742
18.581768 5092.470215
18.587574 5191.855469
18.593378 5286.960938
18.599184 5371.032715
18.604988 5425.645020
18.610794 5463.659668
18.616598 5507.830566
18.622404 5537.135254
18.628208 5505.678223
18.634014 5478.091797
18.639818 5531.748047
18.645624 5629.075195
18.651428 5676.315918
18.657234 5587.362305
18.663038 5458.885254
18.668844 5409.416992
18.674648 5396.226562
18.680454 5380.539062
18.686258 104.236710
18.692064 240.627411
18.697868 239.700806
18.703674 238.832260
18.709478 236.422104
18.715284 234.938187
18.721088 230.898865
18.726892 229.576096
18.732698 225.512772
18.738503 225.524078
18.744308 226.701157
18.750113 229.663025
18.755919 231.990845
18.761723 234.561371
18.767529 238.593765
18.773333 241.978882
18.779139 244.482788
18.784943 245.967163
18.790749 247.023819
18.796553 247.954117
18.802359 5432.353516
18.808163 5521.808105
18.813969 5606.918945
18.819773 5728.483398
18.825579 7022.118164
18.831383 7686.993652
18.837189 7813.022949
18.842993 7861.484375
18.848799 7844.210449
18.854603 7606.841309
18.860409 7346.342285
18.866213 153.186920
18.872019 153.250732
18.877823 162.023849
18.883629 159.036972
18.889433 159.219543
18.895239 155.012894
18.901043 154.830673
18.906849 157.806702
18.912653 157.741638
18.918459 155.799500
18.924263 156.010529
18.930069 156.099838
18.935873 155.964539
18.941677 7619.297852
18.947483 158.577423
18.953287 150.983795
18.959093 151.201050
18.964897 154.729355
18.970703 158.082626
18.976507 157.659332
18.982313 157.531204
18.988117 157.731827
18.993923 158.031143
18.999727 158.011978
19.005533 231.381180
19.011337 231.460098
19.017143 230.994537
19.022947 230.402313
19.028753 230.055450
19.034557 229.845886
19.040363 229.788513
19.046167 229.788330
19.051973 229.724762
19.057777 229.762451
19.063583 230.205475
19.069387 231.254959
19.075193 232.879715
19.080997 234.853241
19.086803 236.909714
19.092607 239.172668
19.098413 241.324173
19.104218 243.405014
19.110023 245.566528
19.115828 248.316345
19.121634 250.734497
19.127438 253.106354
19.133244 255.651901
19.139048 258.073608
19.144852 260.032349
19.150658 261.333832
19.156462 262.192322
19.162268 262.709473
19.168072 262.968170
19.173878 262.896027
19.179682 262.381500
19.185488 261.301483
19.191292 259.520844
19.197098 257.413361
19.202902 255.908356
19.208708 254.992172
19.214512 254.726059
19.220318 254.981369
19.226122 255.639008
19.231928 256.701233
19.237732 258.205933
19.243538 259.740784
19.249342 260.719604
19.255148 261.072113
19.260952 260.939880
19.266758 260.152191
19.272562 258.393463
19.278368 255.647293
19.284172 226.911240
19.289978 238.914429
19.295782 235.683990
19.301588 231.431732
19.307392 229.740509
19.313198 227.879929
19.319002 226.980881
19.324808 226.539337
19.330612 226.384048
19.336418 226.416641
19.342222 226.520996
19.348026 226.365021
19.353832 225.673889
19.359636 224.551575
19.365442 223.278412
19.371246 221.832977
19.377052 127.162621
19.382856 126.903854
19.388662 126.298988
19.394466 201.100082
19.400272 199.240097
19.406076 198.438309
19.411882 198.307281
19.417686 66.176956
19.423492 198.636368
19.429296 198.651062
19.435102 198.757706
19.440907 198.802567
19.446712 99.691650
19.452517 99.719208
19.458323 99.611565
19.464127 99.034042
19.469933 194.664749
19.475737 193.995636
19.481543 191.188965
19.487347 265.348053
19.493153 156.974030
19.498957 156.916992
19.504763 156.468994
19.510567 263.284912
19.516373 131.311142
19.522177 156.106369
19.527983 156.705307
19.533787 156.961487
19.539593 108.502556
19.545397 104.604965
19.551201 104.537460
19.557007 104.371857
19.562811 104.300064
19.568617 104.262321
19.574421 490.200134
19.580227 490.651428
19.586031 281.198639
19.591837 614.098877
19.597641 6171.391113
19.603447 6161.361816
19.609251 6142.051758
19.615057 6103.789551
19.620861 6076.468262
19.626667 4001.679688
19.632471 4003.000488
19.638277 4002.174805
19.644081 4003.463135
19.649887 103.058327
19.655691 104.873550
19.661497 130.777039
19.667301 132.173080
19.673107 131.944565
19.678911 127.558083
19.684717 127.290611
19.690521 128.585739
19.696327 128.521500
19.702131 128.621216
19.707937 128.757477
19.713741 128.727463
19.719547 128.795639
19.725351 129.055038
19.731157 129.196625
19.736961 129.281326
19.742767 129.235306
19.748571 127.818626
19.754377 127.904846
19.760181 128.871994
19.765985 129.766815
19.771791 130.399368
19.777596 130.952576
19.783401 131.565521
19.789206 131.695496
19.795012 132.081421
19.800816 132.440903
19.806622 132.595764
19.812426 132.772385
19.818232 132.958359
19.824036 133.082764
19.829842 132.896439
19.835646 130.932373
19.841452 130.711365
19.847256 130.574753
19.853062 130.476822
19.858866 129.817413
19.864672 11720.441406
19.870476 11838.613281
19.876282 11896.716797
19.882086 11940.809570
19.887892 12017.517578
19.893696 260.681610
19.899502 261.203461
19.905306 260.945343
19.911112 265.136322
19.916916 265.190491
19.922722 260.713593
19.928526 259.604279
19.934332 259.678009
19.940136 260.333893
19.945942 131.175629
19.951746 131.261826
19.957552 131.417465
19.963356 131.501373
19.969160 131.392746
19.974966 131.187775
19.980770 131.111832
19.986576 131.652527
19.992380 131.859955
19.998186 130.862457
20.003990 130.123627
20.009796 133.105362
20.015600 133.183105
20.021406 133.016556
20.027210 132.770432
20.033016 132.450378
20.038820 132.328629
20.044626 132.260574
20.050430 132.118332
20.056236 131.994461
20.062040 131.899597
20.067846 131.785934
20.073650 131.825348
20.079456 132.465515
20.085260 173.615753
20.091066 173.858810
20.096870 106.036964
20.102676 101.396255
20.108480 101.613380
20.114286 134.340347
20.120090 136.672302
20.125896 136.754227
20.131701 136.939636
20.137506 172.782715
20.143311 161.684113
20.149117 161.049927
20.154921 151.936264
20.160727 151.710892
20.166531 312.902435
20.172335 156.359253
20.178141 12400.859375
20.183945 156.504364
20.189751 158.589203
20.195555 160.459167
20.201361 160.338516
20.207165 159.976410
20.212971 159.649689
20.218775 159.384064
20.224581 158.536819
20.230385 157.771194
20.236191 157.308716
20.241995 156.584427
20.247801 155.820328
20.253605 155.476440
20.259411 155.551086
20.265215 155.601608
20.271021 155.399506
20.276825 155.243561
20.282631 155.686432
20.288435 157.482162
20.294241 157.634903
20.300045 157.939957
20.305851 157.972733
20.311655 157.785049
20.317461 157.767853
20.323265 157.781372
20.329071 159.107697
20.334875 157.647736
20.340681 157.562714
20.346485 157.652588
20.352291 157.681961
20.358095 157.835663
20.363901 158.068558
20.369705 157.712936
20.375509 157.157318
20.381315 156.721130
20.387119 156.027374
20.392925 155.543335
20.398729 155.879013
20.404535 156.344772
20.410339 156.281784
20.416145 156.944489
20.421949 157.888123
20.427755 157.895966
20.433559 157.615417
20.439365 157.582565
20.445169 157.626907
20.450975 157.618027
20.456779 157.810257
20.462585 157.961090
20.468390 11887.935547
20.474195 11893.914062
20.480000 11938.488281
20.485806 12046.816406
20.491610 105.255135
20.497416 105.924202
20.503220 105.912048
20.509026 155.367050
20.514830 160.105942
20.520636 160.265686
20.526440 161.223785
20.532246 163.806137
20.538050 166.516541
20.543856 168.166153
20.549660 169.435364
20.555466 170.201096
20.561270 170.813950
20.567076 175.097015
20.572880 175.484665
20.578686 175.658859
20.584490 176.047958
20.590294 176.305847
20.596100 175.889557
20.601904 174.888000
20.607710 174.450516
20.613514 174.313690
20.619320 173.043793
20.625124 173.010422
20.630930 172.889755
20.636734 172.568115
20.642540 172.863068
20.648344 173.363586
20.654150 173.793671
20.659954 174.007858
20.665760 174.169510
20.671564 174.529312
20.677370 175.088058
20.683174 175.609039
20.688980 175.996872
20.694784 176.237503
20.700590 176.487701
20.706394 176.990997
20.712200 177.427948
20.718004 177.619507
20.723810 177.710480
20.729614 178.290390
20.735420 179.770813
20.741224 182.499008
20.747030 185.692795
20.752834 187.659241
20.758640 189.456985
20.764444 191.732819
20.770250 196.002747
20.776054 198.991470
20.781860 195.949127
20.787664 195.894943
20.793468 97.998116
20.799274 97.793427
20.805079 97.667854
20.810884 97.654175
20.816689 97.703056
20.822495 97.897079
20.828299 98.407875
20.834105 99.097343
20.839909 99.106613
20.845715 98.605682
20.851519 98.046013
20.857325 97.980202
20.863129 97.953552
20.868935 97.520340
20.874739 95.759071
20.880545 95.369278
20.886349 92.988174
20.892155 92.903595
20.897959 92.286797
20.903765 90.639984
20.909569 117.854500
20.915375 117.363075
20.921179 117.050026
20.926985 116.292244
20.932789 116.246010
20.938595 116.218018
20.944399 86.230637
20.950205 87.562103
20.956009 87.599274
20.961815 178.648315
20.967619 87.471649
20.973425 87.521980
20.979229 116.879768
20.985035 116.767838
20.990839 116.534637
20.996643 178.983185
21.002449 88.074547
21.008253 88.119774
21.014059 98.426018
21.019863 111.176491
21.025669 116.499763
21.031473 116.800598
21.037279 98.566536
21.043083 98.735786
21.048889 98.770874
21.054693 98.306343
21.060499 115.477943
21.066303 114.538353
21.072109 11951.671875
21.077913 11879.554688
21.083719 11886.833984
21.089523 184.447220
21.095329 184.582306
21.101133 184.803253
21.106939 99.055435
21.112743 98.817352
21.118549 98.885811
21.124353 98.766731
21.130159 98.452858
21.135963 98.108315
21.141769 98.190552
21.147573 98.456108
21.153379 111.560364
21.159184 98.346008
21.164989 94.804413
21.170794 95.125717
21.176600 95.449364
21.182404 189.512161
21.188210 193.536911
21.194014 196.711334
21.199818 203.770355
21.205624 208.061249
21.211428 215.032227
21.217234 215.613281
21.223038 101.519821
21.228844 97.535027
21.234648 93.218262
21.240454 95.318710
21.246258 98.218086
21.252064 101.897591
21.257868 106.275604
21.263674 94.875282
21.269478 94.141235
21.275284 94.142403
21.281088 94.574791
21.286894 94.878372
21.292698 95.047173
21.298504 98.418938
21.304308 98.173317
21.310114 97.477348
21.315918 95.389397
21.321724 95.383018
21.327528 95.052658
21.333334 93.653877
21.339138 92.926453
21.344944 90.918571
21.350748 117.834442
21.356554 117.909203
21.362358 118.009560
21.368164 118.209526
21.373968 92.689255
21.379774 92.785912
21.385578 92.845985
21.391384 92.844810
21.397188 92.157204
21.402992 91.596283
21.408798 114.447342
21.414602 115.081596
21.420408 58.088425
21.426212 91.256805
21.432018 92.634254
21.437822 94.956558
21.443628 94.913979
21.449432 92.927460
21.455238 4987.332031
21.461042 115.672958
21.466848 4960.791992
21.472652 4999.737305
21.478458 5152.262207
21.484262 5237.244141
21.490068 5222.897949
21.495872 5200.633301
21.501678 5304.551758
21.507483 5582.329102
21.513288 5877.317871
21.519093 5674.342285
21.524899 5473.121582
21.530703 5392.802246
21.536509 5338.783203
21.542313 5329.695312
21.548119 5398.703125
21.553923 5442.700684
21.559729 5414.423340
21.565533 5425.088379
21.571339 5485.331543
21.577143 5522.589844
21.582949 5489.729980
21.588753 5416.791992
21.594559 5352.628418
21.600363 5305.991211
21.606169 5273.394043
21.611973 201.646744
21.617777 201.727707
21.623583 90.364609
21.629387 84.675140
21.635193 229.561172
21.640997 229.777466
21.646803 230.270355
21.652607 250.740433
21.658413 250.189026
21.664217 250.228531
21.670023 250.795120
21.675827 125.720589
21.681633 64.753059
21.687437 65.838432
21.693243 65.822319
21.699047 145.053635
21.704853 145.153702
21.710657 147.775879
21.716463 147.864136
21.722267 4966.211426
21.728073 5081.850586
21.733877 5054.216309
21.739683 195.661896
21.745487 195.383591
21.751293 6527.502930
21.757097 6486.092773
21.762903 6620.000488
21.768707 198.345779
21.774513 205.118362
21.780317 192.411377
21.786123 146.162476
21.791927 148.634338
21.797733 4605.215820
21.803537 4616.242676
21.809343 4591.082031
21.815147 4559.781250
21.820951 148.584320
21.826757 148.171844
21.832561 147.839203
21.838367 147.810226
21.844172 147.755569
21.849977 147.642654
21.855782 147.158554
21.861588 146.587234
21.867392 149.455017
21.873198 149.553543
21.879002 571.281250
21.884808 571.596924
21.890612 571.894836
21.896418 118.026291
21.902222 146.643295
21.908028 146.984299
21.913832 147.298019
21.919638 147.559570
21.925442 294.382538
21.931248 280.726532
21.937052 281.369202
21.942858 281.506653
21.948662 6165.645996
21.954468 6141.345703
21.960272 6136.487793
21.966078 6126.562500
21.971882 6123.561523
21.977688 6135.058105
21.983492 6143.521484
21.989298 6145.521973
21.995102 260.555267
22.000908 260.381012
22.006712 255.805634
22.012518 256.312653
22.018322 262.049652
22.024126 262.099182
22.029932 262.367859
22.035736 267.228394
22.041542 268.914703
22.047346 271.687195
22.053152 274.638702
22.058956 279.373077
22.064762 283.720551
22.070566 287.460175
22.076372 290.587158
22.082176 292.937469
22.087982 294.679749
22.093786 296.602386
22.099592 299.073792
22.105396 300.786285
22.111202 302.273987
22.117006 303.464081
22.122812 304.191925
22.128616 304.581329
22.134422 304.825714
22.140226 305.086761
22.146032 305.424713
22.151836 305.804413
22.157642 306.199860
22.163446 306.512360
22.169252 306.640137
22.175056 306.677826
22.180862 306.756775
22.186666 306.867004
22.192472 306.911377
22.198277 306.813934
22.204082 306.573486
22.209887 306.461212
22.215693 306.840912
22.221497 307.706268
22.227301 308.823761
22.233107 309.616974
22.238911 309.436005
22.244717 309.114777
22.250521 309.139526
22.256327 309.349274
22.262131 309.568054
22.267937 309.625397
22.273741 309.547607
22.279547 309.464752
22.285351 309.415527
22.291157 309.257019
22.296961 308.912659
22.302767 308.480621
22.308571 308.022552
22.314377 307.500061
22.320181 306.937103
22.325987 306.442871
22.331791 306.019470
22.337597 305.722168
22.343401 305.671021
22.349207 305.888824
22.355011 306.145355
22.360817 306.199249
22.366621 305.995300
22.372427 305.570038
22.378231 305.036896
22.384037 304.651733
22.389841 304.579651
22.395647 304.916504
22.401451 305.677551
22.407257 306.600739
22.413061 307.510345
22.418867 308.224487
22.424671 308.695068
22.430477 309.037231
22.436281 309.358917
22.442085 309.652924
22.447891 309.819794
22.453695 309.796051
22.459501 309.696686
22.465305 309.700409
22.471111 309.823792
22.476915 310.044159
22.482721 310.854797
22.488525 312.991119
22.494331 315.322357
22.500135 317.620239
22.505941 318.936157
22.511745 319.432648
22.517551 319.514801
22.523355 319.353027
22.529161 318.911743
22.534966 157.088028
22.540771 156.311584
22.546576 155.285095
22.552382 308.810120
22.558186 306.732422
22.563992 152.421814
22.569796 151.674820
22.575602 151.403656
22.581406 151.627823
22.587212 152.447739
22.593016 153.475204
22.598822 154.405914
22.604626 155.446579
22.610432 156.927765
22.616236 158.639084
22.622042 160.223557
22.627846 161.313004
22.633652 161.917511
22.639456 162.103500
22.645260 161.990021
22.651066 161.541412
22.656870 160.470566
22.662676 158.773315
22.668480 156.963867
22.674286 155.178345
22.680090 153.399414
22.685896 151.280655
22.691700 149.615845
22.697506 145.400482
22.703310 144.570923
22.709116 149.356979
22.714920 155.931061
22.720726 87.436226
22.726530 87.375900
22.732336 87.449982
22.738140 89.031799
22.743946 88.784943
22.749750 89.105484
22.755556 89.233704
22.761360 89.315353
22.767166 194.291306
22.772970 181.619858
22.778776 182.049561
22.784580 156.842407
22.790386 87.027893
22.796190 142.619797
22.801996 143.489746
22.807800 147.344131
22.813606 150.170517
22.819410 152.035858
22.825216 155.882782
22.831020 155.900848
22.836826 155.991409
22.842630 156.263870
22.848434 312.725952
22.854240 156.614868
22.860044 156.214111
22.865850 155.694916
22.871655 155.275162
22.877460 155.089706
22.883265 155.128082
22.889071 155.319031
22.894875 155.700043
22.900681 313.042175
22.906485 157.824310
22.912291 159.079437
22.918095 160.183853
22.923901 161.553299
22.929705 163.235229
22.935511 164.603149
22.941315 165.717072
22.947121 167.076935
22.952925 168.629089
22.958731 169.839127
22.964535 170.599518
22.970341 171.088745
22.976145 171.603195
22.981951 172.089676
22.987755 172.306412
22.993561 172.257446
22.999365 172.059555
