0.000000 1234.994507
0.005805 1265.174805
0.011610 1281.286987
0.017415 1291.882935
0.023220 295.073608
0.029025 294.895416
0.034830 294.655731
0.040635 294.812592
0.046440 295.595367
0.052245 296.327881
0.058050 296.589050
0.063855 296.371185
0.069660 296.096527
0.075465 295.961426
0.081270 295.789124
0.087075 295.626495
0.092880 295.813995
0.098685 296.210907
0.104490 296.642914
0.110295 297.262939
0.116100 298.233368
0.121905 298.645050
0.127710 298.053406
0.133515 297.131561
0.139320 586.570190
0.145125 589.364990
0.150930 594.178528
0.156735 598.935059
0.162540 602.691528
0.168345 296.125885
0.174150 296.408417
0.179955 267.088867
0.185760 266.423065
0.191565 265.412964
0.197370 264.193268
0.203175 263.551453
0.208980 263.680695
0.214785 263.720062
0.220590 263.479431
0.226395 263.242401
0.232200 263.218414
0.238005 263.353577
0.243810 263.480896
0.249615 263.662445
0.255419 263.840515
0.261224 263.756531
0.267029 263.240814
0.272834 262.633942
0.278639 262.565308
0.284444 262.852600
0.290249 263.121155
0.296054 263.348969
0.301859 263.604462
0.307664 263.760376
0.313469 263.483917
0.319274 263.025696
0.325079 262.973114
0.330884 262.784943
0.336689 262.270020
0.342494 262.080139
0.348299 262.531189
0.354104 263.510681
0.359909 264.181244
0.365714 264.169159
0.371519 263.750183
0.377324 263.680634
0.383129 264.572723
0.388934 265.246765
0.394739 265.514679
0.400544 265.794556
0.406349 176.814362
0.412154 177.946777
0.417959 179.836700
0.423764 179.552353
0.429569 179.000763
0.435374 178.555801
0.441179 129.331802
0.446984 117.366302
0.452789 117.626350
0.458594 117.824188
0.464399 117.929276
0.470204 117.912109
0.476009 117.806107
0.481814 117.630951
0.487619 117.417137
0.493424 117.216080
0.499229 117.086700
0.505034 234.233917
0.510839 466.981140
0.516644 466.549744
0.522449 466.675903
0.528254 467.535645
0.534059 232.898575
0.539864 233.053772
0.545669 233.266983
0.551474 233.392929
0.557279 233.569305
0.563084 233.760803
0.568889 233.811493
0.574694 233.699402
0.580499 233.684814
0.586304 233.939850
0.592109 234.199982
0.597914 234.148544
0.603719 494.190308
0.609524 494.588928
0.615329 522.145386
0.621134 529.117554
0.626939 529.826294
0.632744 528.684021
0.638549 524.342041
0.644354 147.795212
0.650159 147.819733
0.655964 147.577789
0.661769 147.208969
0.667574 147.008484
0.673379 147.196121
0.679184 148.676849
0.684989 148.745331
0.690794 148.381409
0.696599 147.894119
0.702404 147.720230
0.708209 147.674774
0.714014 147.592041
0.719819 147.489426
0.725624 147.407227
0.731429 147.310303
0.737234 147.260757
0.743039 147.192657
0.748844 146.968842
0.754649 146.739441
0.760454 146.700333
0.766258 146.858398
0.772063 147.013916
0.777869 147.064011
0.783673 147.074707
0.789478 147.148895
0.795283 147.414642
0.801088 147.575775
0.806893 147.587509
0.812698 147.570892
0.818503 147.498566
0.824308 2793.157959
0.830113 147.417816
0.835918 147.635651
0.841723 147.915802
0.847528 147.980911
0.853333 147.926575
0.859138 147.978653
0.864943 148.326172
0.870748 242.887726
0.876553 244.619644
0.882358 246.831635
0.888163 0.000000
0.893968 197.413574
0.899773 78.964172
0.905578 157.581635
0.911383 157.271713
0.917188 156.518646
0.922993 131.539536
0.928798 131.252686
0.934603 124.506409
0.940408 98.676140
0.946213 98.673073
0.952018 98.562225
0.957823 98.572845
0.963628 98.652916
0.969433 98.687271
0.975238 98.619118
0.981043 98.451416
0.986848 196.565979
0.992653 196.503525
0.998458 196.433792
1.004263 196.224747
1.010068 196.075012
1.015873 196.065704
1.021678 195.932373
1.027483 195.826157
1.033288 195.933945
1.039093 196.251602
1.044898 196.600052
1.050703 196.730179
1.056508 196.749908
1.062313 197.124527
1.068118 197.654526
1.073923 197.755447
1.079728 197.599258
1.085533 197.412140
1.091338 197.528381
1.097143 198.048447
1.102948 596.139709
1.108753 198.106796
1.114558 235.438614
1.120363 235.573334
1.126168 235.225159
1.131973 234.726013
1.137778 234.627747
1.143583 235.185989
1.149388 235.765198
1.155193 236.103714
1.160998 236.313080
1.166803 236.232193
1.172608 235.616928
1.178413 235.038010
1.184218 234.991745
1.190023 234.911758
1.195828 234.523041
1.201633 233.991180
1.207438 233.642410
1.213243 233.575745
1.219048 233.580963
1.224853 233.474854
1.230658 233.342712
1.236463 233.318588
1.242268 233.461670
1.248073 233.601654
1.253878 233.647263
1.259683 233.673767
1.265488 233.731110
1.271293 233.842484
1.277097 233.934006
1.282902 233.998734
1.288707 234.297119
1.294513 235.057739
1.300317 235.679611
1.306122 235.826141
1.311927 235.825546
1.317732 235.829224
1.323537 235.782043
1.329342 235.755127
1.335147 235.588028
1.340952 156.613358
1.346757 156.348831
1.352562 156.105331
1.358367 156.508896
1.364172 220.677307
1.369977 220.872757
1.375782 220.937744
1.381587 146.202164
1.387392 145.983078
1.393197 110.558075
1.399002 110.881104
1.404807 111.117432
1.410612 110.953636
1.416417 110.823067
1.422222 110.846092
1.428027 110.871361
1.433832 221.542526
1.439637 221.224747
1.445442 221.060791
1.451247 220.787308
1.457052 220.371948
1.462857 220.206375
1.468662 220.270111
1.474467 220.354858
1.480272 220.492554
1.486077 220.713974
1.491882 220.854736
1.497687 220.893661
1.503492 220.995819
1.509297 221.203781
1.515102 221.399612
1.520907 221.476837
1.526712 221.616943
1.532517 221.879669
1.538322 222.062668
1.544127 221.836533
1.549932 221.190857
1.555737 441.369263
1.561542 442.227234
1.567347 445.360535
1.573152 223.391037
1.578957 222.617615
1.584762 237.831711
1.590567 172.929459
1.596372 148.583420
1.602177 236.554489
1.607982 236.286865
1.613787 293.446777
1.619592 293.327545
1.625397 2849.828613
1.631202 119.226845
1.637007 148.677612
1.642812 148.779922
1.648617 148.480728
1.654422 147.857422
1.660227 147.676254
1.666032 167.035416
1.671837 147.467850
1.677642 147.376129
1.683447 147.275238
1.689252 147.020737
1.695057 173.330673
1.700862 172.504410
1.706667 172.314651
1.712472 147.080978
1.718277 147.153046
1.724082 147.184326
1.729887 167.145157
1.735692 147.828537
1.741497 148.041306
1.747302 148.091354
1.753107 148.091995
1.758912 177.299606
1.764717 177.314972
1.770522 177.576538
1.776327 77.101357
1.782132 74.981117
1.787936 149.159531
1.793741 221.103867
1.799546 221.168091
1.805351 110.322945
1.811157 72.004501
1.816961 202.541595
1.822766 202.393097
1.828571 234.651672
1.834376 236.064301
1.840181 176.692596
1.845986 176.889862
1.851791 176.643906
1.857596 149.502350
1.863401 128.892487
1.869206 129.353104
1.875011 125.132957
1.880816 116.511673
1.886621 99.753311
1.892426 87.511002
1.898231 87.516418
1.904036 87.493233
1.909841 87.555946
1.915646 87.775482
1.921451 87.777832
1.927256 175.321594
1.933061 175.370209
1.938866 175.362808
1.944671 175.371017
1.950476 175.473038
1.956281 175.604874
1.962086 175.747009
1.967891 175.926483
1.973696 176.132019
1.979501 176.262802
1.985306 176.267517
1.991111 176.336288
1.996916 176.437546
2.002721 176.417084
2.008526 176.272934
2.014331 176.084259
2.020136 175.835953
2.025941 175.583771
2.031746 175.584290
2.037551 175.902222
2.043356 176.263306
2.049161 174.950851
2.054966 182.073227
2.060771 182.897095
2.066576 183.353394
2.072381 196.926056
2.078186 197.467346
2.083991 198.524399
2.089796 198.999283
2.095601 198.963577
2.101406 198.749207
2.107211 198.528793
2.113016 198.232269
2.118821 197.831375
2.124626 197.612564
2.130431 197.696777
2.136236 197.979858
2.142041 197.918091
2.147846 197.215363
2.153651 196.808350
2.159456 196.794678
2.165261 196.904892
2.171066 196.910156
2.176871 196.615417
2.182676 196.165497
2.188481 195.852173
2.194286 195.837067
2.200091 195.980057
2.205896 196.135254
2.211701 196.347092
2.217506 196.628403
2.223311 196.857498
2.229116 197.056366
2.234921 197.240311
2.240726 197.312439
2.246531 197.432297
2.252336 197.639145
2.258141 197.845398
2.263946 197.930649
2.269751 99.756561
2.275556 100.035278
2.281361 353.475616
2.287166 352.732971
2.292970 0.000000
2.298775 175.667007
2.304580 156.346146
2.310385 136.137939
2.316190 130.142059
2.321995 130.877274
2.327801 130.812943
2.333606 130.718048
2.339411 130.839066
2.345215 105.185478
2.351020 99.414444
2.356825 99.421173
2.362630 93.472031
2.368435 93.583893
2.374240 93.862411
2.380045 87.350105
2.385850 79.421082
2.391655 79.445610
2.397460 79.365326
2.403265 79.186562
2.409070 78.298965
2.414875 78.307663
2.420680 78.379494
2.426485 78.682030
2.432290 65.391899
2.438095 65.542221
2.443900 65.754364
2.449705 65.941193
2.455510 65.043976
2.461315 64.906052
2.467120 64.987099
2.472925 65.124672
2.478730 65.270622
2.484535 61.447285
2.490340 61.427269
2.496145 65.262558
2.501950 66.197182
2.507755 79.171005
2.513560 199.342606
2.519365 198.945984
2.525170 390.154999
2.530975 197.401489
2.536780 197.168167
2.542585 197.155197
2.548390 197.199341
2.554195 197.346970
2.560000 197.629272
2.565805 197.820404
2.571610 197.729721
2.577415 197.518494
2.583220 197.388550
2.589025 197.403458
2.594830 197.541443
2.600635 197.704651
2.606440 197.773041
2.612245 197.533417
2.618050 196.928192
2.623855 196.603867
2.629660 196.590271
2.635465 196.644592
2.641270 196.664169
2.647075 196.515823
2.652880 196.119171
2.658685 195.869553
2.664490 195.906784
2.670295 196.077820
2.676100 196.264633
2.681905 196.352966
2.687710 196.296509
2.693515 196.198212
2.699320 196.248718
2.705125 196.538376
2.710930 196.854904
2.716735 197.089066
2.722540 197.404129
2.728345 197.748703
2.734150 197.975464
2.739955 198.339737
2.745760 398.585938
2.751565 222.100784
2.757370 221.533997
2.763175 220.644180
2.768980 168.446915
2.774785 168.642822
2.780590 156.169296
2.786395 150.284317
2.792200 138.297165
2.798005 138.016449
2.803810 128.976257
2.809614 121.978142
2.815419 111.854675
2.821224 108.631531
2.827029 108.582077
2.832834 98.431328
2.838639 98.470390
2.844445 87.545547
2.850250 87.738342
2.856054 87.905319
2.861859 87.835564
2.867664 82.084412
2.873469 77.862106
2.879274 76.336632
2.885079 78.724243
2.890884 78.826248
2.896689 77.963081
2.902494 65.019516
2.908299 65.205154
2.914104 65.362396
2.919909 65.440475
2.925714 65.983124
2.931519 66.145615
2.937324 66.372520
2.943129 66.474968
2.948934 66.415810
2.954739 66.193863
2.960544 66.069649
2.966349 66.061089
2.972154 65.943901
2.977959 395.903839
2.983764 0.000000
2.989569 198.811096
2.995374 199.065872
3.001179 197.169403
3.006984 195.604660
3.012789 195.372391
3.018594 198.955566
3.024399 198.943878
3.030204 198.567444
3.036009 198.048126
3.041814 197.705811
3.047619 197.631531
3.053424 197.697571
3.059229 197.849625
3.065034 197.957062
3.070839 197.942001
3.076644 197.819000
3.082449 197.674866
3.088254 197.520432
3.094059 197.338608
3.099864 197.108276
3.105669 196.761063
3.111474 196.299194
3.117279 195.914078
3.123084 195.705658
3.128889 195.577118
3.134694 195.585220
3.140499 195.751831
3.146304 196.008347
3.152109 196.230911
3.157914 196.193878
3.163719 196.032333
3.169524 195.929398
3.175329 195.956787
3.181134 196.333145
3.186939 196.890945
3.192744 197.272842
3.198549 197.479065
3.204354 197.541504
3.210159 197.169510
3.215964 130.814545
3.221769 148.068863
3.227574 148.205673
3.233379 149.446945
3.239184 152.898026
3.244989 396.179962
3.250794 396.627441
3.256599 478.351379
3.262404 479.680389
3.268209 479.056122
3.274014 77.735565
3.279819 0.000000
3.285624 130.397675
3.291429 131.583923
3.297234 395.080841
3.303039 395.775635
3.308844 395.929138
3.314649 395.870728
3.320453 395.830780
3.326258 78.475121
3.332063 98.449440
3.337868 98.627907
3.343673 98.823387
3.349478 197.886475
3.355283 197.851318
3.361089 197.805634
3.366894 197.783478
3.372698 197.750275
3.378503 593.553040
3.384308 593.077393
3.390113 593.227783
3.395918 594.548218
3.401723 196.131348
3.407528 197.453583
3.413333 197.861435
3.419138 198.002029
3.424943 198.187866
3.430748 397.350525
3.436553 198.538712
3.442358 198.163101
3.448163 197.740738
3.453968 0.000000
3.459773 0.000000
3.465578 197.239105
3.471383 197.788086
3.477188 233.292633
3.482993 197.432022
3.488798 197.211121
3.494603 197.411758
3.500408 198.090500
3.506213 198.508179
3.512018 1193.522583
3.517823 1180.737427
3.523628 1176.068237
3.529433 1179.312866
3.535238 1187.423096
3.541043 1192.556519
3.546848 197.900787
3.552653 197.272507
3.558458 197.195374
3.564263 197.132324
3.570068 196.886063
3.575873 196.521667
3.581678 196.259888
3.587483 196.019897
3.593288 195.572769
3.599093 195.283005
3.604898 195.541626
3.610703 195.812408
3.616508 195.996902
3.622313 196.207672
3.628118 196.499252
3.633923 196.781052
3.639728 196.964951
3.645533 197.095963
3.651338 197.303543
3.657143 197.652328
3.662948 198.073532
3.668753 198.501068
3.674558 198.698471
3.680363 198.367569
3.686168 197.863174
3.691973 99.378975
3.697778 205.872238
3.703583 206.909058
3.709388 206.931564
3.715193 220.183350
3.720998 93.332642
3.726803 159.460373
3.732608 158.619476
3.738413 158.269455
3.744218 158.327194
3.750023 116.052193
3.755828 0.000000
3.761633 1178.812866
3.767438 219.359039
3.773243 233.160172
3.779048 234.955139
3.784853 236.010727
3.790658 235.998871
3.796463 236.320480
3.802268 237.696274
3.808073 238.446304
3.813878 235.201584
3.819683 231.886017
3.825488 231.077896
3.831293 219.304810
3.837097 171.880127
3.842902 171.607376
3.848707 801.941772
3.854512 159.207169
3.860317 158.908875
3.866122 116.117012
3.871927 173.578354
3.877733 173.600266
3.883538 215.205215
3.889342 822.905823
3.895147 813.012451
3.900952 814.066223
3.906757 826.425537
3.912562 241.216278
3.918367 196.856491
3.924172 196.887802
3.929977 298.108276
3.935782 296.253174
3.941587 99.545212
3.947392 196.861237
3.953197 196.900558
3.959002 197.933807
3.964807 198.975449
3.970612 199.342255
3.976417 199.201431
3.982222 198.695816
3.988027 198.340454
3.993832 198.260681
3.999637 198.156235
4.005442 198.017776
4.011247 197.955063
4.017052 197.892395
4.022857 197.773895
4.028662 197.599197
4.034467 197.380295
4.040272 197.157944
4.046077 197.405655
4.051882 130.557907
4.057687 206.345352
4.063492 206.681061
4.069297 209.783554
4.075102 80.485275
4.080907 185.491623
4.086712 79.366600
4.092517 400.179749
4.098322 198.694244
4.104127 198.040466
4.109932 98.631096
4.115737 98.287239
4.121542 97.834801
4.127347 77.432716
4.133152 77.827820
4.138957 77.912674
4.144762 159.987045
4.150567 158.419174
4.156372 78.630798
4.162177 78.580971
4.167982 177.988144
4.173787 152.955444
4.179592 161.696182
4.185397 156.803238
4.191202 156.635330
4.197007 119.414795
4.202812 119.427704
4.208617 119.738632
4.214422 116.230476
4.220227 113.279053
4.226032 110.563675
4.231837 100.800240
4.237642 98.634766
4.243447 93.916206
4.249252 93.917549
4.255057 78.698708
4.260862 78.701393
4.266667 96.971451
4.272471 77.970146
4.278276 77.969696
4.284081 77.964706
4.289886 78.769524
4.295691 5624.933105
4.301497 5246.194336
4.307302 4872.471680
4.313107 4709.087891
4.318912 4668.303711
4.324717 4722.442871
4.330522 4814.643555
4.336327 4901.058105
4.342132 4998.065430
4.347937 5112.253906
4.353742 479.910461
4.359547 477.353455
4.365352 475.702637
4.371157 179.844376
4.376961 180.985718
4.382766 182.082642
4.388571 184.613297
4.394376 191.281647
4.400181 193.011093
4.405986 194.572144
4.411791 195.982620
4.417596 196.869644
4.423401 197.439255
4.429206 198.146835
4.435011 199.697586
4.440816 202.662018
4.446621 1533.612549
4.452426 1529.935791
4.458231 213.972672
4.464036 216.505676
4.469841 219.323715
4.475646 224.185471
4.481451 226.948105
4.487256 229.539078
4.493061 231.849808
4.498866 233.548431
4.504671 234.739655
4.510476 235.447159
4.516281 235.728912
4.522086 235.724823
4.527891 235.603973
4.533696 235.265579
4.539501 234.182999
4.545306 231.697586
4.551111 228.344406
4.556916 224.883438
4.562721 221.055374
4.568526 219.743256
4.574331 219.609161
4.580136 219.742905
4.585941 218.999100
4.591746 217.100677
4.597551 216.437881
4.603356 216.479355
4.609161 216.750626
4.614966 216.858490
4.620771 216.638596
4.626576 216.108139
4.632381 215.918228
4.638186 216.236526
4.643991 216.477783
4.649796 216.427032
4.655601 216.450729
4.661406 108.478981
4.667211 108.957863
4.673016 109.252106
4.678821 109.217705
4.684626 108.926659
4.690431 108.697647
4.696236 108.633858
4.702041 108.696045
4.707846 108.861328
4.713651 218.207947
4.719456 218.528809
4.725261 218.815903
4.731066 219.091125
4.736871 219.362167
4.742676 219.701828
4.748481 220.166718
4.754286 220.727554
4.760091 221.329773
4.765896 221.836090
4.771701 222.252075
4.777506 222.538574
4.783311 222.683411
4.789115 222.658798
4.794920 222.445465
4.800725 221.950867
4.806530 221.059418
4.812335 217.387009
4.818141 220.024475
4.823946 220.675293
4.829751 220.428009
4.835556 218.443787
4.841361 217.415375
4.847166 217.638290
4.852971 224.629700
4.858776 225.465027
4.864581 678.288452
4.870386 679.111511
4.876191 229.264236
4.881996 230.136902
4.887800 230.550323
4.893605 230.660400
4.899410 230.503799
4.905215 229.960983
4.911020 228.847855
4.916825 227.418991
4.922630 226.308411
4.928435 225.532745
4.934240 224.909348
4.940045 224.318954
4.945850 223.800354
4.951655 223.480484
4.957460 223.389191
4.963265 223.515747
4.969070 223.970459
4.974875 225.258209
4.980680 233.374847
4.986485 234.386108
4.992290 110.048820
4.998095 109.746422
5.003900 129.372635
5.009705 163.322250
5.015510 233.063828
5.021315 231.338776
5.027120 229.087692
5.032925 226.123520
5.038730 220.860703
5.044535 219.436783
5.050340 222.443497
5.056145 224.340485
5.061950 225.087875
5.067755 225.853821
5.073560 227.085129
5.079365 229.528076
5.085170 231.815216
5.090975 155.107086
5.096780 155.350388
5.102585 155.678909
5.108390 159.259445
5.114195 161.330872
5.120000 157.770920
5.125805 155.874054
5.131610 154.345108
5.137415 116.408096
5.143220 116.339813
5.149025 116.040276
5.154830 115.608582
5.160635 115.198936
5.166440 115.061646
5.172245 115.068382
5.178050 114.989365
5.183855 91.046669
5.189660 492.110779
5.195465 114.447540
5.201270 114.787750
5.207075 76.598816
5.212880 76.656609
5.218685 76.640938
5.224490 226.413254
5.230295 225.104340
5.236100 223.967560
5.241905 222.823441
5.247710 221.994492
5.253515 221.555893
5.259320 221.094452
5.265125 220.243652
5.270930 219.002594
5.276735 218.001968
5.282540 217.617111
5.288345 217.716736
5.294150 218.258362
5.299954 219.075348
5.305759 219.476212
5.311564 219.000580
5.317369 218.343155
5.323174 217.950562
5.328979 217.639084
5.334785 217.165878
5.340590 216.469238
5.346395 215.749420
5.352200 215.162125
5.358005 214.656555
5.363810 214.174210
5.369615 213.912827
5.375420 214.208679
5.381225 215.216537
5.387030 216.552246
5.392835 217.652802
5.398640 218.556885
5.404444 219.620789
5.410249 220.795151
5.416054 221.750168
5.421859 222.604980
5.427664 223.410812
5.433469 223.526962
5.439274 222.769226
5.445079 221.721863
5.450884 220.461639
5.456689 218.815170
5.462494 217.375626
5.468299 127.594894
5.474104 218.002914
5.479909 170.899918
5.485714 178.706726
5.491519 3794.285156
5.497324 3717.977295
5.503129 3690.627197
5.508934 3707.406738
5.514739 3752.669678
5.520544 3765.189941
5.526349 3703.842285
5.532154 3623.029785
5.537959 3584.092285
5.543764 203.642410
5.549569 214.502411
5.555374 215.697357
5.561179 219.413391
5.566984 220.266953
5.572789 220.184814
5.578594 219.583572
5.584399 219.228561
5.590204 148.325424
5.596009 148.456070
5.601814 148.448471
5.607619 146.496414
5.613424 110.648262
5.619229 110.354774
5.625034 109.949799
5.630839 109.726570
5.636644 109.644020
5.642449 109.669815
5.648254 109.832939
5.654059 110.125061
5.659864 110.426270
5.665669 110.562477
5.671474 110.569504
5.677279 221.186096
5.683084 221.260483
5.688889 221.272919
5.694694 221.118973
5.700499 220.821716
5.706304 220.453735
5.712109 220.048157
5.717914 219.546707
5.723719 218.915390
5.729524 217.937820
5.735329 216.637177
5.741134 216.550446
5.746939 218.010254
5.752744 218.743988
5.758549 218.820831
5.764354 218.621643
5.770159 219.532013
5.775964 222.090118
5.781769 224.152054
5.787574 225.576340
5.793379 226.651596
5.799184 227.306213
5.804989 227.504150
5.810794 227.492599
5.816598 227.501144
5.822403 227.577423
5.828208 227.677307
5.834013 227.824615
5.839818 228.026291
5.845623 228.114380
5.851429 227.998764
5.857234 227.878204
5.863039 227.815857
5.868844 227.544662
5.874649 226.473083
5.880454 222.885864
5.886259 221.853912
5.892064 43.066406
5.897869 167.534012
5.903674 166.948868
5.909479 92.917870
5.915284 92.841805
5.921088 188.865875
5.926893 43.090767
5.932698 43.066406
5.938503 204.224380
5.944308 198.874924
5.950113 197.706985
5.955918 198.396576
5.961723 100.374962
5.967528 194.546829
5.973333 196.973389
5.979138 201.855438
5.984943 215.689026
5.990748 219.217590
5.996553 222.003326
6.002358 225.340073
6.008163 228.591827
6.013968 230.356812
6.019773 231.361710
6.025578 231.684418
6.031383 231.273346
6.037188 230.989319
6.042993 231.500198
6.048798 232.056580
6.054603 174.284592
6.060408 231.197113
6.066213 139.997040
6.072018 115.453491
6.077823 115.392410
6.083628 115.381393
6.089433 115.268501
6.095238 114.974075
6.101043 114.805748
6.106848 115.031807
6.112653 115.429237
6.118458 115.482742
6.124263 115.361664
6.130068 115.271439
6.135873 115.259750
6.141678 230.781433
6.147483 77.043396
6.153288 77.065842
6.159093 230.845749
6.164898 230.230667
6.170703 229.586182
6.176508 229.091461
6.182313 228.568634
6.188118 227.737228
6.193923 226.475922
6.199728 225.037704
6.205533 223.541351
6.211338 222.280838
6.217143 221.517853
6.222948 221.136948
6.228753 220.704483
6.234558 219.857101
6.240363 218.696274
6.246168 217.828598
6.251973 217.437149
6.257778 216.960266
6.263583 216.412262
6.269388 216.225616
6.275193 216.201736
6.280998 215.946854
6.286803 215.578781
6.292608 215.496841
6.298413 215.791672
6.304218 216.245346
6.310023 216.726166
6.315828 217.279251
6.321633 217.893051
6.327438 218.439987
6.333242 218.751953
6.339047 218.804962
6.344852 218.801239
6.350657 218.962982
6.356462 219.265732
6.362267 219.494370
6.368073 219.521393
6.373878 219.516327
6.379683 220.137299
6.385488 220.438843
6.391293 220.165985
6.397098 220.090622
6.402903 220.461563
6.408708 221.097702
6.414513 221.435669
6.420318 221.239426
6.426123 220.791962
6.431927 220.551956
6.437732 220.355087
6.443537 219.868683
6.449342 219.121216
6.455147 218.459091
6.460952 217.592590
6.466757 216.551926
6.472562 215.630737
6.478367 213.591812
6.484172 213.698486
6.489977 233.482605
6.495782 215.379135
6.501587 215.809357
6.507392 215.865875
6.513197 215.419998
6.519002 214.233490
6.524807 212.945648
6.530612 212.474243
6.536417 212.515060
6.542222 125.943008
6.548027 123.858139
6.553832 107.603210
6.559637 107.763794
6.565442 107.849564
6.571247 107.815948
6.577052 107.630783
6.582857 107.407791
6.588662 107.303200
6.594467 107.323875
6.600272 214.941437
6.606077 215.241425
6.611882 215.667130
6.617687 216.371185
6.623492 217.502975
6.629297 219.090836
6.635102 221.560516
6.640907 225.757004
6.646712 229.597076
6.652517 232.368652
6.658322 234.962128
6.664127 237.444412
6.669932 239.546204
6.675737 241.405487
6.681542 243.156448
6.687347 244.580566
6.693152 245.389145
6.698957 245.391342
6.704762 244.386551
6.710567 242.573929
6.716372 240.589737
6.722177 238.346588
6.727982 235.090408
6.733787 230.615891
6.739592 226.021576
6.745397 220.775650
6.751202 216.395279
6.757007 210.948975
6.762812 208.381836
6.768617 206.135727
6.774422 204.261551
6.780227 203.685684
6.786032 204.140060
6.791837 208.570480
6.797642 211.299576
6.803447 216.087128
6.809252 218.248856
6.815057 220.291153
6.820862 222.814301
6.826667 226.100922
6.832472 229.533936
6.838277 232.678146
6.844081 235.073837
6.849886 236.671509
6.855691 237.408203
6.861496 237.071976
6.867301 235.871872
6.873106 234.039856
6.878911 231.342072
6.884717 226.942688
6.890522 220.436493
6.896327 217.225052
6.902132 215.508881
6.907937 213.981873
6.913742 212.643158
6.919547 211.980408
6.925352 211.839386
6.931157 211.876266
6.936962 212.240997
6.942767 213.228912
6.948571 214.982040
6.954376 217.326050
6.960181 219.559326
6.965986 221.231064
6.971791 221.955811
6.977596 222.294769
6.983401 222.846649
6.989206 84.624954
6.995011 161.542084
7.000816 147.998398
7.006621 133.540527
7.012426 127.636070
7.018231 120.251160
7.024036 115.553474
7.029841 109.833488
7.035646 107.458359
7.041451 100.034683
7.047256 95.427231
7.053061 94.811424
7.058866 94.153671
7.064671 88.337547
7.070476 83.441406
7.076281 83.536674
7.082086 83.723129
7.087891 75.496468
7.093696 72.065697
7.099501 72.389160
7.105306 72.763901
7.111111 85.190315
7.116916 110.973381
7.122721 227.907257
7.128526 231.211365
7.134331 234.207214
7.140136 237.039291
7.145941 239.049240
7.151746 240.594788
7.157551 242.272690
7.163356 244.024826
7.169161 245.149780
7.174966 245.414810
7.180771 244.697418
7.186576 243.052383
7.192381 241.224167
7.198186 239.154434
7.203991 0.000000
7.209796 186.615921
7.215601 57.499706
7.221406 57.511490
7.227211 57.672585
7.233016 58.039841
7.238821 58.052559
7.244626 58.175972
7.250431 58.221794
7.256236 58.151691
7.262041 58.217773
7.267846 58.360294
7.273651 58.374641
7.279456 58.518265
7.285261 58.475056
7.291066 58.509239
7.296871 58.715034
7.302676 58.647842
7.308481 58.178463
7.314286 58.264458
7.320091 58.463619
7.325896 58.768444
7.331701 59.064499
7.337506 58.861568
7.343311 58.690582
7.349116 58.575249
7.354921 58.218952
7.360725 58.131641
7.366530 58.979675
7.372335 59.004139
7.378140 58.874603
7.383945 215.996246
7.389750 58.483906
7.395555 58.415073
7.401361 214.062439
7.407166 58.518299
7.412971 58.630779
7.418776 58.971550
7.424581 58.964230
7.430386 112.377083
7.436191 118.228142
7.441996 206.046326
7.447801 206.378281
7.453606 206.635406
7.459411 173.092316
7.465215 171.889191
7.471020 109.659134
7.476825 109.654617
7.482630 110.335808
7.488435 111.167145
7.494240 111.127853
7.500045 110.693443
7.505850 109.972794
7.511655 109.995186
7.517460 110.127159
7.523265 110.111565
7.529070 109.832062
7.534875 109.384293
7.540680 109.437126
7.546485 109.687164
7.552290 109.595604
7.558095 109.374550
7.563900 109.323853
7.569705 109.326088
7.575510 109.325310
7.581315 109.381294
7.587120 109.523689
7.592925 109.699478
7.598730 109.794594
7.604535 109.738106
7.610340 109.652527
7.616145 109.764221
7.621950 110.050056
7.627755 110.224434
7.633560 110.248581
7.639365 110.260460
7.645170 110.341072
7.650975 110.414375
7.656780 110.449120
7.662585 110.577156
7.668390 110.876770
7.674195 111.338303
7.680000 165.424515
7.685805 57.612270
7.691610 57.634739
7.697415 57.724594
7.703220 57.895012
7.709025 57.894058
7.714830 57.999832
7.720635 58.121620
7.726440 58.117027
7.732245 58.314732
7.738050 58.427879
7.743855 58.421043
7.749660 58.593849
7.755465 58.549911
7.761270 58.552464
7.767075 58.699482
7.772880 58.460239
7.778685 58.410488
7.784490 58.598129
7.790295 58.431259
7.796100 58.425697
7.801905 58.649445
7.807710 58.453777
7.813515 58.434685
7.819320 58.646149
7.825125 58.357063
7.830930 58.271046
7.836735 58.519985
7.842540 58.398174
7.848345 58.426144
7.854150 58.831081
7.859955 58.775593
7.865760 58.753468
7.871564 58.838360
7.877369 58.643440
7.883174 58.644859
7.888979 58.823883
7.894784 59.023331
7.900589 0.000000
7.906394 0.000000
7.912199 0.000000
7.918005 84.528305
7.923810 175.000778
7.929615 161.482559
7.935420 161.677277
7.941225 142.853806
7.947030 127.564987
7.952835 127.182915
7.958640 122.014084
7.964445 115.602684
7.970250 109.789375
7.976054 104.549721
7.981859 101.918648
7.987664 97.345245
7.993469 92.967354
7.999274 87.603790
8.005079 84.822968
8.010884 83.705055
8.016689 83.502686
8.022494 79.628601
8.028299 79.426018
8.034104 79.119331
8.039909 79.187691
8.045714 86.548172
8.051519 87.268929
8.057324 175.645905
8.063129 178.724243
8.068934 181.422928
8.074739 183.221710
8.080544 185.560745
8.086349 188.396484
8.092155 216.294022
8.097960 217.819992
8.103765 217.854568
8.109570 217.026047
8.115375 215.740585
8.121180 216.527252
8.126985 218.301926
8.132789 219.239975
8.138594 220.126022
8.144399 444.409760
8.150204 447.488678
8.156009 222.960709
8.161814 222.216354
8.167619 221.790085
8.173424 221.697861
8.179229 221.681641
8.185034 221.662796
8.190839 221.645386
8.196644 221.620209
8.202449 221.647919
8.208254 221.789444
8.214059 221.985779
8.219864 222.143417
8.225669 222.432098
8.231474 223.021210
8.237279 223.664200
8.243084 223.955856
8.248889 223.989929
8.254694 223.998718
8.260499 224.003265
8.266304 223.859833
8.272109 223.437714
8.277914 222.765488
8.283719 222.048187
8.289524 221.528732
8.295329 221.007599
8.301134 220.203964
8.306939 219.252304
8.312744 218.613388
8.318549 218.462463
8.324354 218.635330
8.330159 218.930481
8.335963 219.264862
8.341768 219.677704
8.347573 220.192307
8.353378 220.705414
8.359183 221.111786
8.364988 221.729034
8.370793 222.731400
8.376598 223.452164
8.382403 223.779968
8.388208 223.679520
8.394013 223.338364
8.399818 223.286606
8.405623 223.426926
8.411428 143.802246
8.417233 111.606354
8.423038 111.716515
8.428843 111.702065
8.434649 111.573318
8.440454 111.444672
8.446259 111.334106
8.452064 111.197487
8.457869 111.045639
8.463674 110.903336
8.469479 110.719124
8.475284 220.851929
8.481089 430.967834
8.486894 427.966888
8.492699 425.048065
8.498504 424.283112
8.504309 87.373924
8.510114 88.129463
8.515919 88.289406
8.521724 220.134979
8.527529 220.727295
8.533334 221.241119
8.539139 215.754807
8.544943 214.967224
8.550748 214.456070
8.556553 214.374893
8.562358 219.088043
8.568163 218.897491
8.573968 218.342026
8.579773 216.404251
8.585578 216.113846
8.591383 215.533508
8.597188 217.083542
8.602993 224.140533
8.608798 230.804352
8.614603 509.620850
8.620408 512.646667
8.626213 514.695923
8.632018 235.037766
8.637823 234.614532
8.643628 233.923233
8.649433 233.228149
8.655238 232.540359
8.661043 232.004990
8.666848 231.819778
8.672653 231.977554
8.678458 232.374329
8.684263 232.898010
8.690068 233.290222
8.695873 233.224274
8.701678 232.477737
8.707483 230.508453
8.713288 226.152924
8.719093 144.124786
8.724898 143.843582
8.730703 136.714600
8.736508 135.977417
8.742313 51.209641
8.748117 50.837757
8.753922 165.298050
8.759727 218.524109
8.765532 220.938278
8.771338 110.592049
8.777143 145.052185
8.782948 148.577377
8.788753 148.461609
8.794558 148.318329
8.800363 2865.296143
8.806168 2676.061279
8.811973 5655.958008
8.817778 225.885513
8.823583 1210.300171
8.829388 2774.333496
8.835193 2692.753906
8.840998 0.000000
8.846803 0.000000
8.852608 0.000000
8.858413 164.781082
8.864218 177.267273
8.870023 247.823685
8.875828 247.854736
8.881633 124.605911
8.887438 121.816414
8.893243 121.238968
8.899048 120.449257
8.904853 119.387283
8.910658 118.364944
8.916463 117.781967
8.922268 117.435669
8.928073 117.165512
8.933878 234.015778
8.939683 233.695755
8.945488 233.701141
8.951293 234.104599
8.957097 234.791534
8.962902 235.580246
8.968707 236.264481
8.974512 236.813446
8.980317 237.352844
8.986122 238.041916
8.991927 238.763031
8.997732 239.386871
9.003537 239.833786
9.009342 239.887085
9.015147 239.364197
9.020952 238.454544
9.026757 237.401184
9.032562 236.350464
9.038367 235.443985
9.044172 234.701248
9.049977 234.198883
9.055782 233.819046
9.061587 232.836227
9.067392 225.652710
9.073197 223.664673
9.079002 223.541428
9.084807 224.251160
9.090612 224.517181
9.096417 224.275375
9.102222 223.615036
9.108027 222.415436
9.113832 220.937180
9.119637 219.916504
9.125443 219.362625
9.131248 218.937286
9.137053 218.683365
9.142858 218.735748
9.148663 219.024612
9.154468 219.401382
9.160272 219.733566
9.166077 219.861481
9.171882 219.777039
9.177687 219.676651
9.183492 219.714737
9.189297 219.861862
9.195102 220.011856
9.200907 220.148270
9.206712 220.296951
9.212517 220.259766
9.218322 219.653320
9.224127 218.320511
9.229932 216.572479
9.235737 215.295654
9.241542 215.822571
9.247347 217.940643
9.253152 168.172623
9.258957 168.550720
9.264762 92.445923
9.270567 163.086761
9.276372 161.977005
9.282177 43.096722
9.287982 94.278534
9.293787 196.113190
9.299592 196.955429
9.305397 0.000000
9.311202 251.481476
9.317007 250.769089
9.322812 218.834473
9.328617 217.750626
9.334422 172.484634
9.340227 163.157791
9.346032 155.489746
9.351837 136.911942
9.357642 128.660873
9.363446 116.698608
9.369251 117.113266
9.375056 110.657013
9.380861 108.749214
9.386666 97.526749
9.392471 97.391319
9.398276 87.204643
9.404081 86.944649
9.409886 86.923409
9.415691 87.239906
9.421496 87.492973
9.427301 78.066101
9.433106 78.108078
9.438911 78.498871
9.444716 78.759850
9.450521 78.919426
9.456326 1414.439331
9.462132 1407.133667
9.467937 238.113968
9.473742 238.842346
9.479547 239.495560
9.485352 239.865524
9.491157 239.577637
9.496962 238.804214
9.502767 237.942993
9.508572 118.580849
9.514377 181.588028
9.520182 183.623642
9.525987 185.145615
9.531792 1370.051636
9.537597 194.176224
9.543402 195.701736
9.549207 196.992233
9.555012 198.563843
9.560817 200.857590
9.566622 203.624969
9.572426 1446.967041
9.578231 210.891556
9.584036 215.016418
9.589841 218.908401
9.595646 222.216797
9.601451 225.546936
9.607256 228.113922
9.613061 229.997711
9.618866 231.715500
9.624671 233.271881
9.630476 234.820679
9.636281 236.498840
9.642086 237.900528
9.647891 238.918533
9.653696 240.002731
9.659501 241.245972
9.665306 241.944382
9.671111 241.543762
9.676916 240.635605
9.682721 239.538254
9.688526 90.835213
9.694331 156.102768
9.700136 156.247574
9.705941 43.066406
9.711746 43.066406
9.717551 155.135330
9.723356 171.338425
9.729161 171.981033
9.734966 194.335800
9.740771 196.031708
9.746576 203.124664
9.752381 220.905441
9.758186 227.441299
9.763991 229.140533
9.769796 230.499924
9.775600 231.740952
9.781405 232.646759
9.787210 233.264221
9.793015 233.585526
9.798820 233.804138
9.804626 234.359589
9.810431 235.210434
9.816236 235.762878
9.822041 117.830452
9.827846 117.415680
9.833651 116.917625
9.839456 116.543945
9.845261 116.357124
9.851066 116.324791
9.856871 116.415230
9.862676 116.636780
9.868481 116.930298
9.874286 117.156532
9.880091 234.596252
9.885896 234.724930
9.891701 234.926132
9.897506 235.171555
9.903311 235.310303
9.909116 235.215912
9.914921 234.851730
9.920726 234.172897
9.926531 233.016632
9.932336 231.337112
9.938141 229.552444
9.943946 227.916519
9.949751 225.977402
9.955556 223.009842
9.961361 219.761444
9.967166 218.828369
9.972971 586.776367
9.978776 193.560898
9.984580 193.698502
9.990385 226.741409
9.996190 226.711243
10.001995 226.557327
10.007800 287.018707
10.013605 139.181427
10.019410 175.288055
10.025215 174.824448
10.031020 173.858902
10.036825 172.190292
10.042630 170.961258
10.048435 170.338470
10.054240 170.091599
10.060045 170.070221
10.065850 170.293152
10.071655 52.144398
10.077460 231.584259
10.083265 233.409180
10.089070 233.895157
10.094875 234.002213
10.100680 233.838806
10.106485 233.555283
10.112290 233.443893
10.118095 233.539719
10.123900 233.621277
10.129705 233.542206
10.135510 233.438766
10.141315 233.528854
10.147120 233.883194
10.152925 234.288940
10.158731 234.526688
10.164536 234.697983
10.170341 234.834473
10.176146 234.642731
10.181951 234.108841
10.187755 233.619431
10.193560 233.266464
10.199365 232.890091
10.205170 220.499878
10.210975 220.563141
10.216780 221.051285
10.222585 222.773453
10.228390 225.988449
10.234195 227.200775
10.240000 226.139511
10.245805 221.764374
10.251610 220.194061
10.257415 219.830795
10.263220 220.109985
10.269025 220.713699
10.274830 221.162735
10.280635 221.126266
10.286440 110.378029
10.292245 110.122086
10.298050 109.875137
10.303855 109.642105
10.309660 109.598213
10.315465 109.988632
10.321270 110.344452
10.327075 110.480972
10.332880 110.487663
10.338685 110.538338
10.344490 110.635704
10.350295 1483.963623
10.356100 1469.274292
10.361905 220.933578
10.367710 220.815659
10.373515 1377.077271
10.379320 1363.242676
10.385125 1349.464844
10.390930 1313.524414
10.396734 178.926575
10.402539 178.642731
10.408344 217.123688
10.414149 219.554565
10.419954 220.264893
10.425759 220.518524
10.431564 220.367767
10.437369 219.869766
10.443174 219.607132
10.448979 219.855957
10.454784 220.095093
10.460589 220.181686
10.466394 220.609161
10.472199 221.457245
10.478004 222.937958
10.483809 317.336395
10.489614 318.748291
10.495420 318.482697
10.501225 316.447418
10.507030 314.265076
10.512835 313.379669
10.518640 313.276733
10.524445 313.134888
10.530250 312.884796
10.536055 312.488647
10.541860 311.858185
10.547665 311.177948
10.553470 310.650177
10.559275 310.325653
10.565080 310.144684
10.570885 310.005798
10.576690 309.811401
10.582495 309.729736
10.588300 309.844391
10.594105 154.987885
10.599909 154.944153
10.605714 155.033997
10.611519 155.291916
10.617324 155.524094
10.623129 155.697983
10.628934 311.959381
10.634739 312.864746
10.640544 313.604828
10.646349 156.941406
10.652154 156.958694
10.657959 313.859528
10.663764 314.037292
10.669569 314.326843
10.675374 314.532257
10.681179 314.765167
10.686984 315.134552
10.692789 315.372711
10.698594 315.182953
10.704399 314.333954
10.710204 312.883362
10.716009 311.448303
10.721814 155.842651
10.727619 297.919891
10.733424 146.949158
10.739229 146.857193
10.745034 146.764084
10.750839 146.893341
10.756644 146.985336
10.762449 146.700806
10.768254 146.323944
10.774059 146.214600
10.779864 97.745621
10.785669 97.877312
10.791474 98.048477
10.797279 98.130928
10.803084 98.122597
10.808888 98.115334
10.814693 98.171585
10.820498 295.367310
10.826303 295.404572
10.832108 295.466339
10.837914 295.728882
10.843719 296.354370
10.849524 297.268799
10.855329 297.698730
10.861134 297.738922
10.866939 298.151306
10.872744 298.895660
10.878549 299.069061
10.884354 298.465881
10.890159 297.523773
10.895964 296.658356
10.901769 295.875641
10.907574 295.258301
10.913379 295.098907
10.919184 294.965240
10.924989 294.529327
10.930794 294.122925
10.936599 293.701660
10.942404 292.795258
10.948209 291.571564
10.954014 291.083801
10.959819 291.815887
10.965624 292.781372
10.971429 146.555801
10.977234 294.438660
10.983039 294.713074
10.988844 295.399017
10.994649 297.002045
11.000454 298.871582
11.006259 299.455597
11.012063 298.632996
11.017868 297.852386
11.023673 297.895996
11.029478 298.829681
11.035283 299.956848
11.041088 300.432739
11.046893 300.535858
11.052698 300.685883
11.058503 299.931915
11.064308 297.934326
11.070113 296.880798
11.075918 296.255524
11.081723 295.827179
11.087528 295.466675
11.093333 294.538452
11.099138 293.458374
11.104943 293.459198
11.110748 294.505585
11.116553 295.156494
11.122358 294.901703
11.128163 146.943802
11.133968 297.974609
11.139773 301.208588
11.145578 304.072235
11.151383 306.475708
11.157188 59.195625
11.162993 305.253906
11.168798 300.626709
11.174603 299.805756
11.180408 301.117340
11.186213 249.612564
11.192019 247.772141
11.197824 231.825882
11.203629 218.177216
11.209434 163.461441
11.215239 162.910141
11.221043 110.722641
11.226848 110.865189
11.232653 110.689537
11.238458 110.726639
11.244263 110.529182
11.250068 109.963135
11.255873 109.870003
11.261678 110.159164
11.267483 110.088249
11.273288 109.875557
11.279093 110.098541
11.284898 110.513847
11.290703 110.597313
11.296508 110.393623
11.302313 110.390854
11.308118 110.310066
11.313923 109.828880
11.319728 109.437233
11.325533 109.455635
11.331338 109.443886
11.337143 109.007591
11.342948 108.576454
11.348753 108.456497
11.354558 108.481659
11.360363 108.547798
11.366168 108.827377
11.371973 111.465515
11.377778 111.692551
11.383583 111.783432
11.389388 111.897995
11.395193 111.982346
11.400998 111.850166
11.406803 111.605675
11.412608 111.422981
11.418413 111.200813
11.424217 110.924545
11.430022 110.761154
11.435827 286.466492
11.441632 57.813034
11.447437 57.930042
11.453242 58.096313
11.459047 58.051949
11.464852 58.225266
11.470657 58.251343
11.476462 57.968582
11.482267 58.069172
11.488072 58.710873
11.493877 58.832069
11.499682 59.101994
11.505487 59.225986
11.511292 58.138702
11.517097 59.820538
11.522902 58.187889
11.528708 58.471333
11.534513 58.551510
11.540318 58.491188
11.546123 58.603348
11.551928 58.827045
11.557733 58.739178
11.563538 58.685127
11.569343 58.665180
11.575148 58.427521
11.580953 58.312290
11.586758 58.480328
11.592563 58.557659
11.598368 58.531254
11.604173 58.781898
11.609978 58.774292
11.615783 58.771168
11.621588 59.087818
11.627392 58.957344
11.633197 58.831345
11.639002 59.143654
11.644807 59.202351
11.650612 59.194637
11.656417 94.800606
11.662222 92.441643
11.668027 274.818176
11.673832 274.497620
11.679637 275.723022
11.685442 163.598541
11.691247 119.055870
11.697052 119.112679
11.702857 118.903069
11.708662 115.039879
11.714467 109.872681
11.720272 105.999321
11.726077 105.202629
11.731882 105.558807
11.737687 106.827393
11.743492 125.616920
11.749297 126.395241
11.755102 66.563812
11.760907 66.536865
11.766712 67.086685
11.772517 43.091824
11.778322 113.308334
11.784127 87.599121
11.789932 87.296280
11.795737 74.805733
11.801542 87.481766
11.807347 87.616768
11.813152 87.295921
11.818957 106.704338
11.824762 111.633141
11.830567 88.221680
11.836371 88.061867
11.842176 174.312225
11.847981 174.901169
11.853786 186.118454
11.859591 190.137787
11.865396 191.999451
11.871202 192.949463
11.877007 194.451843
11.882812 207.873077
11.888617 211.014420
11.894422 216.059418
11.900227 223.562881
11.906032 225.401077
11.911837 225.478424
11.917642 224.847412
11.923447 223.907776
11.929252 222.933289
11.935057 221.998154
11.940862 221.174179
11.946667 220.446426
11.952472 219.755676
11.958277 219.100876
11.964082 218.463943
11.969887 217.990204
11.975692 217.893463
11.981497 218.185532
11.987302 218.529556
11.993107 218.709518
11.998912 218.933182
12.004717 219.351257
12.010522 219.748215
12.016327 219.797714
12.022132 219.512817
12.027937 219.101151
12.033742 218.666870
12.039546 218.157089
12.045351 217.531082
12.051156 216.985489
12.056961 216.630295
12.062766 216.492630
12.068571 216.615784
12.074376 217.070801
12.080181 217.976181
12.085986 219.469284
12.091791 221.584183
12.097596 223.910278
12.103401 226.157974
12.109206 228.225311
12.115011 229.566589
12.120816 229.787827
12.126621 228.676483
12.132426 226.292191
12.138231 224.451370
12.144036 223.742950
12.149841 223.572144
12.155646 223.446487
12.161451 223.018204
12.167256 222.191254
12.173061 221.572342
12.178866 221.499313
12.184671 221.672501
12.190476 221.731812
12.196281 221.455490
12.202086 220.902023
12.207891 220.335175
12.213696 219.807770
12.219501 219.347687
12.225307 218.951370
12.231112 218.615707
12.236917 218.449432
12.242722 218.649857
12.248526 219.375809
12.254331 220.453506
12.260136 221.438736
12.265941 222.212326
12.271746 222.948502
12.277551 223.654129
12.283356 224.089752
12.289161 224.232224
12.294966 224.155090
12.300771 223.911560
12.306576 223.509659
12.312381 222.967545
12.318186 222.371201
12.323991 222.071091
12.329796 221.927338
12.335601 222.031586
12.341406 222.699310
12.347211 225.191193
12.353016 228.330200
12.358821 230.456253
12.364626 231.588104
12.370431 232.206696
12.376236 116.278221
12.382041 116.411377
12.387846 232.983917
12.393651 233.231796
12.399456 233.519745
12.405261 233.651886
12.411066 233.429977
12.416871 232.801544
12.422676 231.443710
12.428481 229.059448
12.434286 226.887390
12.440091 224.774200
12.445896 222.837250
12.451700 216.489059
12.457505 217.430756
12.463310 108.805511
12.469115 108.874084
12.474920 3632.579590
12.480725 3594.009766
12.486530 3564.307617
12.492335 3586.831055
12.498140 3702.497070
12.503945 209.634430
12.509750 219.103867
12.515555 73.055412
12.521360 73.261024
12.527165 154.987396
12.532970 156.212204
12.538775 156.544083
12.544580 72.595093
12.550385 82.226509
12.556190 83.267448
12.561996 3705.682129
12.567801 3762.768555
12.573606 3800.085693
12.579411 3772.470703
12.585216 237.087830
12.591021 241.259216
12.596826 243.001175
12.602631 243.613266
12.608436 243.642670
12.614241 243.036240
12.620046 242.054413
12.625851 241.111603
12.631656 240.054932
12.637461 238.843018
12.643266 238.091232
12.649071 119.152916
12.654876 119.345238
12.660680 119.426483
12.666485 238.324692
12.672290 237.807053
12.678095 237.289627
12.683900 236.753296
12.689705 236.141342
12.695510 235.308716
12.701315 234.217728
12.707120 233.363495
12.712925 232.814713
12.718730 232.220215
12.724535 231.463104
12.730340 230.626678
12.736145 229.597733
12.741950 226.143570
12.747755 224.243530
12.753560 224.724915
12.759365 225.138504
12.765170 225.208817
12.770975 225.100815
12.776780 121.551659
12.782585 70.097046
12.788390 7611.571777
12.794195 7650.490234
12.800000 7655.287598
12.805805 7604.994141
12.811610 7496.425293
12.817415 7355.032715
12.823220 7284.783691
12.829025 7276.102051
12.834830 7221.136719
12.840635 122.110062
12.846440 218.313110
12.852245 218.001999
12.858050 219.012878
12.863854 219.930771
12.869659 221.003769
12.875464 222.723160
12.881269 223.828461
12.887074 224.462479
12.892879 224.694611
12.898685 224.226944
12.904490 223.237000
12.910295 222.796127
12.916100 222.105057
12.921905 221.478256
12.927710 221.283417
12.933515 221.471909
12.939320 221.745148
12.945125 221.726013
12.950930 221.322281
12.956735 220.839203
12.962540 220.673508
12.968345 220.807358
12.974150 221.057068
12.979955 221.196243
12.985760 221.152893
12.991565 220.978043
12.997370 220.812256
13.003175 220.751480
13.008980 220.737274
13.014785 220.621933
13.020590 220.402725
13.026395 220.174835
13.032200 219.949860
13.038005 219.728165
13.043810 220.029434
13.049615 220.803268
13.055420 220.779816
13.061225 220.227905
13.067030 219.378784
13.072834 218.426132
13.078639 217.710785
13.084444 217.294662
13.090249 217.080414
13.096054 217.005646
13.101859 217.009430
13.107664 217.126038
13.113469 217.315445
13.119274 217.510086
13.125079 217.737091
13.130884 217.905334
13.136689 217.874222
13.142494 217.748016
13.148299 217.839127
13.154104 218.225250
13.159909 218.815414
13.165714 219.579102
13.171519 220.518860
13.177324 221.601501
13.183129 222.554031
13.188934 223.214081
13.194739 223.650269
13.200544 223.868408
13.206349 223.902618
13.212154 223.829285
13.217959 223.751373
13.223764 223.752319
13.229569 223.777924
13.235374 223.700363
13.241179 223.468521
13.246984 223.071533
13.252789 222.485336
13.258595 221.648926
13.264400 221.441528
13.270205 221.786682
13.276009 221.805771
13.281814 221.751785
13.287619 221.705978
13.293424 222.078140
13.299229 121.489822
13.305034 121.080940
13.310839 223.800964
13.316644 224.738281
13.322449 225.645813
13.328254 226.593445
13.334059 227.615067
13.339864 228.468277
13.345669 228.953186
13.351474 229.213745
13.357279 229.351288
13.363084 229.390717
13.368889 229.290726
13.374694 228.970596
13.380499 228.374588
13.386304 43.267208
13.392109 43.242626
13.397914 205.784760
13.403719 187.810501
13.409524 62.215488
13.415329 62.331673
13.421134 142.165161
13.426939 76.304939
13.432744 43.106689
13.438549 97.174622
13.444354 185.817856
13.450159 185.305298
13.455964 43.307671
13.461769 43.331715
13.467574 160.146362
13.473379 159.683243
13.479183 3203.439209
13.484988 3177.442871
13.490793 6169.839844
13.496598 6222.900391
13.502403 6247.590332
13.508208 3289.861084
13.514013 3313.154541
13.519818 3335.929199
13.525623 43.066406
13.531428 180.244064
13.537233 190.750122
13.543038 199.342743
13.548843 116.973640
13.554648 242.967422
13.560453 244.383682
13.566258 244.965546
13.572063 244.780960
13.577868 243.874252
13.583673 242.777496
13.589478 241.847946
13.595284 240.858856
13.601089 239.463104
13.606894 237.899246
13.612699 236.812149
13.618504 236.004257
13.624309 235.170532
13.630114 234.498779
13.635919 234.193573
13.641724 234.038589
13.647529 233.918259
13.653334 233.855621
13.659139 233.807617
13.664944 233.639175
13.670749 233.230011
13.676554 232.543518
13.682359 231.740494
13.688163 231.094131
13.693968 230.685928
13.699773 230.142624
13.705578 228.790268
13.711383 226.599976
13.717188 225.040604
13.722993 224.125290
13.728798 217.685211
13.734603 212.079941
13.740408 205.970261
13.746213 205.166458
13.752018 204.748901
13.757823 204.630951
13.763628 207.106934
13.769433 213.979752
13.775238 217.541992
13.781043 218.904510
13.786848 219.093521
13.792653 218.956726
13.798458 218.764252
13.804263 218.471237
13.810068 217.828171
13.815873 216.691483
13.821678 215.576767
13.827483 215.415649
13.833288 215.883652
13.839093 216.185669
13.844898 216.212982
13.850703 216.282715
13.856508 216.714386
13.862313 217.537094
13.868118 218.590988
13.873923 219.955109
13.879728 221.520905
13.885533 222.604523
13.891337 223.145309
13.897142 223.284546
13.902947 222.984207
13.908752 222.503189
13.914557 222.085297
13.920362 221.673431
13.926167 220.923050
13.931973 219.645599
13.937778 220.701996
13.943583 51.301105
13.949388 51.351093
13.955193 162.131424
13.960998 162.968826
13.966803 163.266937
13.972608 51.419689
13.978413 51.626595
13.984218 4660.914062
13.990023 4568.659668
13.995828 52.591217
14.001633 251.383621
14.007438 252.324844
14.013243 207.344208
14.019048 206.354233
14.024853 198.480087
14.030658 226.262421
14.036463 227.597794
14.042268 262.308319
14.048073 265.446960
14.053878 267.747375
14.059683 269.472137
14.065488 271.004089
14.071293 272.497070
14.077098 273.930023
14.082903 275.002686
14.088708 137.921783
14.094513 137.844528
14.100317 274.951111
14.106122 274.373322
14.111927 274.090057
14.117732 273.963074
14.123537 273.647949
14.129342 273.307037
14.135147 273.311401
14.140952 273.946136
14.146757 275.396790
14.152562 277.044098
14.158367 278.359436
14.164172 279.445679
14.169977 280.645813
14.175782 282.342560
14.181587 284.588959
14.187392 286.537201
14.193197 287.854370
14.199002 288.689026
14.204807 289.039673
14.210612 288.694061
14.216417 287.564026
14.222222 285.794342
14.228027 283.526001
14.233832 280.879913
14.239637 278.186035
14.245442 275.463745
14.251247 272.350586
14.257052 269.021790
14.262857 265.664551
14.268662 262.497284
14.274467 260.712616
14.280272 260.040100
14.286077 259.757660
14.291883 259.586853
14.297688 259.683136
14.303492 260.477356
14.309297 261.863678
14.315102 263.684479
14.320907 266.178345
14.326712 269.257782
14.332517 272.435822
14.338322 275.389801
14.344127 277.870392
14.349932 279.646545
14.355737 280.465454
14.361542 280.617065
14.367347 280.565369
14.373152 280.248322
14.378957 279.354645
14.384762 277.628662
14.390567 275.076416
14.396372 271.802460
14.402177 267.501221
14.407982 262.207916
14.413787 256.665131
14.419592 251.673782
14.425397 248.028809
14.431202 246.105194
14.437007 245.163773
14.442812 244.212677
14.448617 242.832977
14.454422 241.747238
14.460227 242.232758
14.466032 244.206863
14.471837 246.363968
14.477642 505.959473
14.483447 511.499756
14.489252 518.504150
14.495057 264.410553
14.500862 271.847015
14.506667 139.378952
14.512471 140.185425
14.518276 141.066147
14.524081 284.282867
14.529886 284.613007
14.535691 284.042542
14.541496 282.828827
14.547301 281.269073
14.553106 140.094818
14.558911 277.923920
14.564716 275.677429
14.570521 272.484222
14.576326 267.159149
14.582131 262.283966
14.587936 260.484528
14.593741 260.693542
14.599546 260.705292
14.605351 259.738983
14.611156 261.105835
14.616961 269.721680
14.622766 272.371277
14.628572 274.039642
14.634377 275.448181
14.640182 276.912018
14.645987 278.338928
14.651792 279.816223
14.657597 281.680786
14.663402 284.184845
14.669207 286.518646
14.675012 287.846985
14.680817 288.228180
14.686622 288.042419
14.692427 287.347229
14.698232 286.632935
14.704037 285.635712
14.709842 177.359390
14.715646 57.566689
14.721451 57.567120
14.727256 57.604805
14.733061 57.834236
14.738866 57.851982
14.744671 57.854748
14.750476 58.153252
14.756281 58.260384
14.762086 58.394814
14.767891 58.460659
14.773696 58.353188
14.779501 58.480938
14.785306 58.589108
14.791111 58.506443
14.796916 58.678989
14.802721 58.793709
14.808526 58.693665
14.814331 58.631958
14.820136 57.911041
14.825941 57.650291
14.831746 190.782608
14.837551 57.173336
14.843356 56.893284
14.849161 58.506542
14.854966 58.590111
14.860771 58.412815
14.866576 58.565998
14.872381 58.683270
14.878186 58.478523
14.883991 58.435410
14.889796 58.443825
14.895601 58.602306
14.901406 239.860535
14.907211 59.459312
14.913016 121.713806
14.918821 59.694466
14.924625 59.583336
14.930430 125.906425
14.936235 142.248840
14.942040 143.572983
14.947845 94.371712
14.953650 94.232422
14.959455 109.555382
14.965261 110.050186
14.971066 110.192276
14.976871 110.118401
14.982676 109.940941
14.988481 109.947647
14.994286 110.379875
15.000091 110.634613
15.005896 110.694405
15.011701 110.630859
15.017506 110.283936
15.023311 110.050743
15.029116 110.208580
15.034921 110.438263
15.040726 110.235420
15.046531 109.780128
15.052336 109.614021
15.058141 109.653900
15.063946 109.599884
15.069751 109.532310
15.075556 109.562820
15.081361 109.630241
15.087166 109.630157
15.092971 109.624428
15.098776 109.653442
15.104581 109.666504
15.110386 109.650444
15.116191 109.748779
15.121996 110.005447
15.127800 110.214508
15.133605 110.251915
15.139410 110.261780
15.145215 110.462036
15.151020 110.718658
15.156825 110.767601
15.162630 110.681427
15.168435 110.637131
15.174240 110.476509
15.180045 176.033585
15.185850 172.981171
15.191655 57.676640
15.197460 57.757626
15.203265 57.914867
15.209070 57.912815
15.214875 58.010387
15.220680 58.143116
15.226485 58.121078
15.232290 58.285435
15.238095 58.463215
15.243900 58.437962
15.249705 58.607494
15.255510 58.625843
15.261315 58.603363
15.267120 58.772232
15.272925 58.461327
15.278730 58.337669
15.284535 58.598351
15.290340 58.519878
15.296145 58.463753
15.301950 58.776974
15.307755 58.529335
15.313560 58.345951
15.319366 58.573971
15.325171 58.296009
15.330976 58.184353
15.336780 58.658531
15.342585 58.539356
15.348390 58.497417
15.354195 58.773804
15.360000 58.600117
15.365805 58.631714
15.371610 58.818325
15.377415 58.563232
15.383220 58.587433
15.389025 59.050442
15.394830 59.066689
15.400635 58.924164
15.406440 89.319435
15.412245 90.457726
15.418050 134.890289
15.423855 135.660660
15.429660 0.000000
15.435465 62.978062
15.441270 63.493328
15.447075 66.234673
15.452880 59.988796
15.458685 60.014458
15.464490 0.000000
15.470295 0.000000
15.476100 135.363678
15.481905 137.564270
15.487710 57.762012
15.493515 60.156429
15.499320 62.612923
15.505125 0.000000
15.510930 44.097431
15.516735 0.000000
15.522540 72.463135
15.528345 0.000000
15.534150 86.361351
15.539954 86.424141
15.545759 278.123291
15.551564 278.490875
15.557369 321.713013
15.563174 64.110794
15.568979 0.000000
15.574784 62.494652
15.580589 62.481144
15.586394 257.038605
15.592199 257.522461
15.598004 256.745911
15.603809 255.901199
15.609614 242.385376
15.615419 240.371323
15.621224 239.769653
15.627029 245.995377
15.632834 247.167221
15.638639 249.233521
15.644444 1556.688354
15.650249 221.934311
15.656054 112.699524
15.661860 112.934883
15.667665 1496.817749
15.673470 547.843445
15.679275 550.692200
15.685080 554.561157
15.690885 558.801697
15.696690 223.414383
15.702495 223.172379
15.708300 223.078186
15.714105 222.960571
15.719910 223.391083
15.725715 225.057053
15.731520 227.050262
15.737325 227.146667
15.743129 224.634384
15.748934 222.579803
15.754739 221.763443
15.760544 221.358002
15.766349 221.077515
15.772154 220.822922
15.777959 220.647430
15.783764 220.703003
15.789569 220.938492
15.795374 221.159683
15.801179 221.355331
15.806984 221.380081
15.812789 221.173019
15.818594 220.960785
15.824399 220.877151
15.830204 220.864655
15.836009 220.982559
15.841814 221.330322
15.847619 221.667816
15.853424 221.716629
15.859229 221.724258
15.865034 221.766541
15.870839 221.777222
15.876644 260.917419
15.882449 261.687073
15.888254 263.349426
15.894059 264.179443
15.899864 263.459595
15.905669 262.625854
15.911474 262.408173
15.917279 262.328705
15.923084 262.302795
15.928889 262.431488
15.934694 262.581909
15.940499 262.536926
15.946304 262.185699
15.952108 261.791290
15.957913 261.690216
15.963718 261.726288
15.969523 261.294342
15.975328 260.443817
15.981133 259.800323
15.986938 259.592072
15.992743 259.729889
15.998549 260.093262
16.004354 260.432831
16.010159 260.545563
16.015965 260.533386
16.021769 260.533661
16.027575 260.628204
16.033379 260.677307
16.039185 260.449493
16.044989 260.136871
16.050795 260.001038
16.056599 260.049042
16.062403 260.250885
16.068209 260.914001
16.074013 261.898438
16.079819 261.795227
16.085623 261.326111
16.091429 261.229462
16.097233 261.863373
16.103039 263.805267
16.108843 279.156342
16.114649 280.547638
16.120453 282.107697
16.126259 734.284546
16.132063 145.459381
16.137869 291.023590
16.143673 291.265503
16.149479 291.481049
16.155283 291.664795
16.161089 291.886871
16.166893 292.001801
16.172699 291.732941
16.178503 291.322601
16.184309 291.346069
16.190113 291.930573
16.195919 292.875854
16.201723 293.920288
16.207529 294.468719
16.213333 294.583405
16.219139 294.806580
16.224943 147.280533
16.230749 220.724136
16.236553 220.929153
16.242359 110.700310
16.248163 145.339081
16.253969 145.800247
16.259773 146.542892
16.265577 146.978760
16.271383 221.047699
16.277187 73.622429
16.282993 73.707779
16.288797 221.102112
16.294603 221.241470
16.300407 221.322815
16.306213 221.254486
16.312017 146.450241
16.317823 147.652344
16.323627 111.084145
16.329433 111.001114
16.335238 148.669952
16.341043 148.585922
16.346848 148.830048
16.352654 307.773438
16.358458 582.854858
16.364264 570.479980
16.370068 270.700531
16.375874 560.871155
16.381678 141.736588
16.387484 141.578613
16.393288 142.022278
16.399094 112.705032
16.404898 223.132843
16.410704 222.006866
16.416508 221.271957
16.422314 220.309280
16.428118 219.543732
16.433924 219.089920
16.439728 218.834427
16.445534 219.018280
16.451338 219.500793
16.457144 219.849579
16.462948 220.019775
16.468752 220.220337
16.474558 220.527969
16.480362 220.619034
16.486168 219.761124
16.491972 217.974380
16.497778 216.716080
16.503582 216.818359
16.509388 218.074280
16.515192 218.974472
16.520998 219.354889
16.526802 219.791855
16.532608 185.998703
16.538412 184.741699
16.544218 102.435501
16.550022 170.436417
16.555828 235.294739
16.561632 145.259338
16.567438 145.427795
16.573242 146.059387
16.579048 96.074379
16.584852 0.000000
16.590658 0.000000
16.596462 126.285667
16.602268 129.713104
16.608072 131.583588
16.613878 132.344833
16.619682 132.559906
16.625488 132.336929
16.631292 131.885452
16.637098 131.514099
16.642902 131.156937
16.648708 130.847519
16.654512 130.789993
16.660318 130.803574
16.666122 130.721405
16.671926 130.696930
16.677732 130.736679
16.683537 130.751297
16.689342 130.831421
16.695147 131.009872
16.700953 131.060837
16.706757 130.931564
16.712563 130.787689
16.718367 130.642960
16.724173 130.527725
16.729977 130.538712
16.735783 130.690872
16.741587 130.867859
16.747393 131.100433
16.753197 163.441666
16.759003 162.949951
16.764807 162.454544
16.770613 43.305679
16.776417 173.368973
16.782223 184.655884
16.788027 43.091114
16.793833 43.066406
16.799637 130.454117
16.805443 172.991974
16.811247 251.577713
16.817053 250.178009
16.822857 222.584106
16.828663 222.000916
16.834467 0.000000
16.840273 0.000000
16.846077 160.414200
16.851883 159.869858
16.857687 159.771973
16.863493 0.000000
16.869297 0.000000
16.875101 174.675110
16.880907 174.490341
16.886711 857.497009
16.892517 846.822693
16.898321 849.620056
16.904127 744.651978
16.909931 99.571228
16.915737 99.696960
16.921541 100.061798
16.927347 81.857231
16.933151 82.095367
16.938957 82.240578
16.944761 222.808716
16.950567 222.017868
16.956371 221.249054
16.962177 220.770294
16.967981 220.124573
16.973787 218.545410
16.979591 216.974014
16.985397 217.135117
16.991201 262.002136
16.997007 260.723053
17.002811 130.587067
17.008617 314.026398
17.014421 130.819717
17.020227 167.092972
17.026031 167.153625
17.031837 177.503387
17.037642 177.809204
17.043447 666.626770
17.049252 201.509598
17.055058 203.375305
17.060862 205.667633
17.066668 210.738861
17.072472 212.733704
17.078278 213.411423
17.084082 213.723984
17.089886 214.046173
17.095692 214.667679
17.101496 215.721115
17.107302 217.189850
17.113106 218.764679
17.118912 220.167557
17.124716 221.661484
17.130522 223.790375
17.136326 226.367935
17.142132 228.816864
17.147936 230.884064
17.153742 232.715790
17.159546 234.117783
17.165352 235.057114
17.171156 235.598419
17.176962 235.536285
17.182766 234.504486
17.188572 231.600174
17.194376 229.866394
17.200182 228.689087
17.205986 223.913681
17.211792 43.066406
17.217596 3916.170898
17.223402 3929.215332
17.229206 4000.223633
17.235012 4064.707031
17.240816 4121.721191
17.246622 4170.810547
17.252426 4172.084473
17.258232 4132.629395
17.264036 4152.916992
17.269842 4232.430664
17.275646 4296.880859
17.281452 4332.929688
17.287256 4334.324219
17.293060 4290.914062
17.298866 4226.100586
17.304670 4146.354004
17.310476 230.463348
17.316280 230.557587
17.322086 230.774261
17.327890 231.239502
17.333696 231.762238
17.339500 231.949783
17.345306 231.635880
17.351110 230.815369
17.356916 229.762756
17.362720 228.825516
17.368526 228.103668
17.374331 227.390518
17.380136 226.592545
17.385941 225.949249
17.391747 225.727539
17.397551 226.098785
17.403357 226.851181
17.409161 227.674545
17.414967 228.632050
17.420771 229.776382
17.426577 230.813705
17.432381 231.411926
17.438187 231.657455
17.443991 231.659851
17.449797 231.333115
17.455601 230.529007
17.461407 229.114777
17.467211 227.260193
17.473017 225.296890
17.478821 222.893082
17.484627 220.315628
17.490431 218.336166
17.496235 443.291504
17.502041 441.946350
17.507845 196.638290
17.513651 92.840187
17.519455 178.557892
17.525261 178.507507
17.531065 170.092957
17.536871 169.431534
17.542675 168.775909
17.548481 167.987213
17.554285 167.337753
17.560091 167.004929
17.565895 166.947723
17.571701 167.161118
17.577505 167.735413
17.583311 168.479385
17.589115 169.073242
17.594921 169.562927
17.600725 170.095810
17.606531 170.618332
17.612335 170.887680
17.618141 170.817108
17.623945 170.146118
17.629751 169.478836
17.635555 52.192287
17.641361 187.533905
17.647165 51.829414
17.652971 51.849010
17.658775 208.859802
17.664581 6909.204590
17.670385 6985.043945
17.676191 7047.458008
17.681995 7099.125488
17.687801 7180.594727
17.693605 7264.325195
17.699409 7249.148926
17.705215 7044.358887
17.711020 6744.395996
17.716825 6462.087891
17.722630 6130.707520
17.728436 53.071568
17.734240 0.000000
17.740046 181.838654
17.745850 180.679001
17.751656 253.049835
17.757460 249.687027
17.763266 248.339645
17.769070 247.178207
17.774876 168.761978
17.780680 165.397354
17.786486 164.728500
17.792290 164.265121
17.798096 164.032974
17.803900 164.379242
17.809706 166.431656
17.815510 167.902756
17.821316 168.549957
17.827120 169.366898
17.832926 170.292725
17.838730 171.241806
17.844536 172.266983
17.850340 173.603302
17.856146 175.408112
17.861950 177.636597
17.867756 179.144638
17.873560 180.286148
17.879366 181.440460
17.885170 182.125656
17.890976 182.067245
17.896780 181.289703
17.902586 179.534515
17.908390 177.640717
17.914194 176.515961
17.920000 175.608002
17.925804 168.888245
17.931610 167.720734
17.937414 168.467850
17.943220 176.125610
17.949024 175.181625
17.954830 171.113693
17.960634 171.279587
17.966440 86.839546
17.972244 180.419571
17.978050 181.070496
17.983854 377.184784
17.989660 375.951935
17.995464 375.804138
18.001270 374.905365
18.007074 184.334015
18.012880 185.157593
18.018684 186.750854
18.024490 189.123566
18.030294 189.362991
18.036100 188.909882
18.041904 188.465469
18.047710 187.960587
18.053514 187.201233
18.059320 185.754349
18.065125 183.415039
18.070930 180.964813
18.076735 172.963333
18.082541 172.189880
18.088345 171.518951
18.094151 171.002930
18.099955 170.892700
18.105761 171.146744
18.111565 171.825745
18.117369 172.845505
18.123175 173.868881
18.128979 175.055130
18.134785 176.417191
18.140589 177.742508
18.146395 179.129059
18.152199 180.745712
18.158005 182.284744
18.163809 183.479172
18.169615 184.520462
18.175419 185.380859
18.181225 186.052261
18.187029 186.455948
18.192835 186.551041
18.198639 186.473053
18.204445 186.323868
18.210249 186.050095
18.216055 185.602249
18.221859 185.132431
18.227665 184.574951
18.233469 183.608444
18.239275 182.212769
18.245079 180.747635
18.250885 179.564926
18.256689 178.749588
18.262495 178.127380
18.268299 177.570358
18.274105 177.176071
18.279909 177.119110
18.285715 177.361755
18.291519 177.502045
18.297325 177.217880
18.303129 176.826706
18.308935 176.881302
18.314739 177.582382
18.320543 178.615204
18.326349 179.667603
18.332153 181.185165
18.337959 183.247711
18.343763 185.394379
18.349569 187.623917
18.355373 189.206207
18.361179 190.248047
18.366983 191.178162
18.372789 191.828705
18.378593 191.801300
18.384399 191.364227
18.390203 191.160767
18.396009 191.367111
18.401814 191.279938
18.407619 190.316208
18.413424 188.794083
18.419230 187.087021
18.425034 185.325165
18.430840 183.483185
18.436644 181.052948
18.442450 178.600800
18.448254 176.296051
18.454060 175.022842
18.459864 175.221420
18.465670 175.702011
18.471474 176.199478
18.477280 177.634109
18.483084 180.288513
18.488890 182.715927
18.494694 184.240036
18.500500 185.503799
18.506304 186.447418
18.512110 187.016098
18.517914 187.250336
18.523718 187.610947
18.529524 189.053589
18.535328 191.720337
18.541134 192.308029
18.546938 190.332474
18.552744 187.876541
18.558548 186.481522
18.564354 186.809296
18.570158 186.931107
18.575964 186.695587
18.581768 176.481232
18.587574 176.305466
18.593378 173.710297
18.599184 172.584641
18.604988 135.726334
18.610794 134.811813
18.616598 124.190300
18.622404 123.374466
18.628208 119.873955
18.634014 110.719749
18.639818 106.499931
18.645624 103.879974
18.651428 92.434395
18.657234 92.381531
18.663038 92.588089
18.668844 92.650848
18.674648 92.343819
18.680454 90.487167
18.686258 87.796234
18.692064 276.390015
18.697868 280.597961
18.703674 283.380676
18.709478 109.646805
18.715284 109.708961
18.721088 109.841209
18.726892 110.092842
18.732698 110.345367
18.738503 110.433418
18.744308 110.283081
18.750113 110.156937
18.755919 110.018738
18.761723 109.930260
18.767529 109.783928
18.773333 109.520218
18.779139 109.407692
18.784943 109.520470
18.790749 109.693855
18.796553 109.839249
18.802359 109.979897
18.808163 110.018593
18.813969 109.870483
18.819773 109.661339
18.825579 109.637054
18.831383 109.631287
18.837189 109.498764
18.842993 109.432037
18.848799 109.588135
18.854603 109.656326
18.860409 109.690636
18.866213 109.961975
18.872019 110.183098
18.877823 110.272285
18.883629 110.415848
18.889433 110.379974
18.895239 110.232414
18.901043 110.472816
18.906849 110.804222
18.912653 110.764153
18.918459 111.400856
18.924263 188.643677
18.930069 188.843643
18.935873 189.266693
18.941677 175.779999
18.947483 174.964279
18.953287 174.097504
18.959093 135.193619
18.964897 128.295883
18.970703 127.209831
18.976507 123.834091
18.982313 113.024071
18.988117 109.573273
18.993923 108.075546
18.999727 97.727173
19.005533 92.726334
19.011337 91.190269
19.017143 88.008400
19.022947 85.614891
19.028753 85.008141
19.034557 83.139236
19.040363 81.699417
19.046167 79.130470
19.051973 81.718277
19.057777 81.685661
19.063583 57.994617
19.069387 58.240559
19.075193 58.503819
19.080997 58.221844
19.086803 58.471104
19.092607 58.546967
19.098413 58.581322
19.104218 59.120060
19.110023 58.967834
19.115828 58.927433
19.121634 59.107700
19.127438 58.979939
19.133244 58.673050
19.139048 58.493382
19.144852 58.244705
19.150658 0.000000
19.156462 0.000000
19.162268 0.000000
19.168072 188.932465
19.173878 191.268265
19.179682 189.577896
19.185488 147.969193
19.191292 148.108078
19.197098 148.336197
19.202902 116.396782
19.208708 116.283546
19.214512 116.280739
19.220318 112.243896
19.226122 112.132614
19.231928 110.803116
19.237732 110.826752
19.243538 89.031830
19.249342 88.670067
19.255148 88.599098
19.260952 87.326828
19.266758 87.373550
19.272562 87.459152
19.278368 87.549110
19.284172 73.312866
19.289978 73.296387
19.295782 73.288254
19.301588 86.359055
19.307392 86.339592
19.313198 86.300285
19.319002 74.191734
19.324808 74.120277
19.330612 74.053284
19.336418 74.013344
19.342222 87.623093
19.348026 73.474945
19.353832 87.688148
19.359636 356.825714
19.365442 357.551758
19.371246 357.937805
19.377052 358.235168
19.382856 216.775650
19.388662 216.746994
19.394466 217.094086
19.400272 217.635712
19.406076 218.124237
19.411882 218.407425
19.417686 217.821030
19.423492 216.898254
19.429296 216.403275
19.435102 216.073135
19.440907 215.750244
19.446712 215.444580
19.452517 215.318970
19.458323 215.390182
19.464127 215.649323
19.469933 216.024094
19.475737 216.524139
19.481543 217.200317
19.487347 218.075699
19.493153 219.424210
19.498957 220.938492
19.504763 221.545624
19.510567 221.940826
19.516373 222.272247
19.522177 222.601273
19.527983 222.985931
19.533787 223.033783
19.539593 222.460587
19.545397 221.297134
19.551201 220.292725
19.557007 220.915787
19.562811 221.125427
19.568617 220.981430
19.574421 220.829346
19.580227 220.966873
19.586031 221.152298
19.591837 221.243530
19.597641 221.571503
19.603447 222.699280
19.609251 224.012115
19.615057 224.022568
19.620861 223.263565
19.626667 221.916214
19.632471 220.361023
19.638277 219.875473
19.644081 220.133911
19.649887 220.381500
19.655691 219.804581
19.661497 72.986809
19.667301 72.873665
19.673107 108.930542
19.678911 108.845322
19.684717 108.919098
19.690521 109.069153
19.696327 109.310532
19.702131 109.609383
19.707937 109.796837
19.713741 109.840164
19.719547 109.772278
19.725351 219.300507
19.731157 218.734344
19.736961 218.244034
19.742767 217.919220
19.748571 217.737335
19.754377 217.666168
19.760181 217.697479
19.765985 217.754639
19.771791 217.678604
19.777596 217.472137
19.783401 217.352188
19.789206 217.403442
19.795012 217.434906
19.800816 217.249115
19.806622 71.447395
19.812426 71.804108
19.818232 71.869781
19.824036 71.864662
19.829842 71.839165
19.835646 71.948845
19.841452 72.492287
19.847256 73.521576
19.853062 73.631966
19.858866 693.889954
19.864672 232.975784
19.870476 234.272873
19.876282 235.170395
19.882086 235.518707
19.887892 235.725235
19.893696 235.905685
19.899502 236.002090
19.905306 235.946991
19.911112 235.642868
19.916916 234.595978
19.922722 232.405853
19.928526 231.335556
19.934332 231.041519
19.940136 231.108292
19.945942 231.123566
19.951746 230.570740
19.957552 222.466461
19.963356 221.835663
19.969160 166.510742
19.974966 166.554626
19.980770 136.748856
19.986576 140.279556
19.992380 140.702682
19.998186 111.181526
20.003990 111.192268
20.009796 148.796570
20.015600 148.840454
20.021406 112.096848
20.027210 111.986633
20.033016 111.901314
20.038820 147.090347
20.044626 222.466385
20.050430 110.973671
20.056236 110.814209
20.062040 147.642212
20.067846 147.906403
20.073650 220.531540
20.079456 220.783691
20.085260 221.318390
20.091066 221.778702
20.096870 222.067017
20.102676 222.161377
20.108480 221.552795
20.114286 83.219719
20.120090 124.675453
20.125896 124.463226
20.131701 124.198212
20.137506 123.942894
20.143311 123.738617
20.149117 123.542198
20.154921 123.335014
20.160727 123.124199
20.166531 117.351173
20.172335 122.310493
20.178141 121.835243
20.183945 81.051773
20.189751 80.856972
20.195555 80.715645
20.201361 80.669960
20.207165 80.756104
20.212971 73.192596
20.218775 72.777870
20.224581 72.543167
20.230385 72.506401
20.236191 72.520096
20.241995 72.505402
20.247801 72.466209
20.253605 72.411255
20.259411 72.357422
20.265215 65.607025
20.271021 65.580025
20.276825 65.544785
20.282631 65.511253
20.288435 65.517235
20.294241 65.553024
20.300045 65.622658
20.305851 67.945190
20.311655 68.252487
20.317461 69.621529
20.323265 216.926682
20.329071 218.713562
20.334875 219.868896
20.340681 221.014282
20.346485 221.811462
20.352291 222.242218
20.358095 222.417343
20.363901 222.328827
20.369705 221.751297
20.375509 221.015320
20.381315 220.359573
20.387119 219.559998
20.392925 218.631210
20.398729 217.866547
20.404535 217.483688
20.410339 217.682602
20.416145 218.519653
20.421949 218.981735
20.427755 218.817123
20.433559 218.874344
20.439365 219.189865
20.445169 218.909607
20.450975 218.161102
20.456779 217.177933
20.462585 215.305267
20.468390 212.907883
20.474195 210.745056
20.480000 209.045578
20.485806 208.804428
20.491610 209.787384
20.497416 211.649826
20.503220 202.898804
20.509026 203.149399
20.514830 204.285599
20.520636 195.603912
20.526440 195.911530
20.532246 204.431488
20.538050 207.224136
20.543856 209.612030
20.549660 210.243408
20.555466 221.081070
20.561270 222.456924
20.567076 252.248428
20.572880 252.165588
20.578686 221.866882
20.584490 221.180649
20.590294 220.842422
20.596100 220.921143
20.601904 145.814163
20.607710 147.002670
20.613514 110.680214
20.619320 110.529922
20.625124 110.375099
20.630930 110.182617
20.636734 109.853554
20.642540 109.591995
20.648344 109.612541
20.654150 109.836098
20.659954 220.257706
20.665760 220.033951
20.671564 219.558914
20.677370 219.181305
20.683174 218.777496
20.688980 218.218536
20.694784 217.630173
20.700590 217.301788
20.706394 217.189972
20.712200 217.049164
20.718004 216.702087
20.723810 216.274780
20.729614 215.990356
20.735420 215.812698
20.741224 215.768051
20.747030 216.056610
20.752834 74.974350
20.758640 72.088722
20.764444 72.148811
20.770250 495.504944
20.776054 219.986160
20.781860 221.240799
20.787664 222.252792
20.793468 223.134232
20.799274 223.928680
20.805079 224.561310
20.810884 224.789749
20.816689 224.503082
20.822495 224.152496
20.828299 224.285095
20.834105 224.529175
20.839909 224.547043
20.845715 224.592850
20.851519 224.953323
20.857325 225.495087
20.863129 226.005905
20.868935 226.194946
20.874739 226.130432
20.880545 225.996078
20.886349 225.695358
20.892155 224.890030
20.897959 223.623108
20.903765 222.539993
20.909569 221.791290
20.915375 221.335480
20.921179 220.763611
20.926985 209.513809
20.932789 43.240028
20.938595 209.602829
20.944399 210.280838
20.950205 205.693695
20.956009 43.066406
20.961815 141.352921
20.967619 142.077042
20.973425 157.071274
20.979229 178.001389
20.985035 199.310715
20.990839 192.652252
20.996643 199.586655
21.002449 203.803940
21.008253 214.448944
21.014059 216.515579
21.019863 218.647217
21.025669 221.939621
21.031473 223.823303
21.037279 224.416031
21.043083 224.237625
21.048889 223.638138
21.054693 224.297195
21.060499 143.513031
21.066303 142.757187
21.072109 114.456963
21.077913 115.393410
21.083719 115.864326
21.089523 115.799294
21.095329 115.411369
21.101133 114.792854
21.106939 114.073517
21.112743 113.512474
21.118549 113.281509
21.124353 226.368881
21.130159 226.064957
21.135963 225.878464
21.141769 225.975616
21.147573 226.278961
21.153379 226.424667
21.159184 226.097672
21.164989 225.521393
21.170794 225.275360
21.176600 225.381134
21.182404 225.176758
21.188210 224.072052
21.194014 222.330978
21.199818 220.641052
21.205624 548.912842
21.211428 62.301605
21.217234 62.725624
21.223038 62.915886
21.228844 65.714653
21.234648 65.524612
21.240454 65.281769
21.246258 63.622147
21.252064 63.494926
21.257868 73.802773
21.263674 386.616943
21.269478 384.956238
21.275284 383.796051
21.281088 223.340240
21.286894 223.377609
21.292698 223.196472
21.298504 223.277100
21.304308 223.721039
21.310114 223.992950
21.315918 223.002945
21.321724 222.381485
21.327528 223.155167
21.333334 224.726166
21.339138 224.727493
21.344944 224.377625
21.350748 224.269974
21.356554 224.401749
21.362358 224.590210
21.368164 224.455872
21.373968 223.749680
21.379774 222.907394
21.385578 222.154449
21.391384 221.564453
21.397188 221.179901
21.402992 220.774673
21.408798 219.940933
21.414602 218.376450
21.420408 217.169510
21.426212 216.866791
21.432018 218.089371
21.437822 52.162392
21.443628 51.918926
21.449432 212.070740
21.455238 211.922577
21.461042 213.055298
21.466848 220.180038
21.472652 226.367386
21.478458 230.074722
21.484262 231.396866
21.490068 230.863358
21.495872 228.562012
21.501678 226.868271
21.507483 226.231628
21.513288 112.700081
21.519093 225.056015
21.524899 224.479141
21.530703 223.968124
21.536509 223.380585
21.542313 74.080734
21.548119 138.141068
21.553923 127.890717
21.559729 127.663605
21.565533 110.288719
21.571339 109.675652
21.577143 109.004417
21.582949 108.430168
21.588753 216.186111
21.594559 215.402817
21.600363 107.148819
21.606169 106.971268
21.611973 106.890999
21.617777 213.969009
21.623583 214.060135
21.629387 214.190811
21.635193 214.429291
21.640997 215.005341
21.646803 216.004166
21.652607 217.298141
21.658413 218.772110
21.664217 220.479767
21.670023 222.637543
21.675827 224.863220
21.681633 226.838501
21.687437 229.028442
21.693243 230.823257
21.699047 231.651215
21.704853 231.667801
21.710657 231.028839
21.716463 229.787704
21.722267 227.886078
21.728073 225.524582
21.733877 223.210724
21.739683 221.101746
21.745487 220.024841
21.751293 219.646515
21.757097 212.601318
21.762903 211.701462
21.768707 211.326416
21.774513 211.256775
21.780317 211.358429
21.786123 211.780075
21.791927 213.694427
21.797733 217.513565
21.803537 218.971664
21.809343 221.157654
21.815147 222.367004
21.820951 223.426697
21.826757 224.968506
21.832561 227.012604
21.838367 228.612671
21.844172 229.769287
21.849977 230.708420
21.855782 231.347046
21.861588 231.658783
21.867392 231.721878
21.873198 231.713516
21.879002 231.363297
21.884808 229.935150
21.890612 227.973816
21.896418 226.131866
21.902222 223.933395
21.908028 221.723190
21.913832 219.309341
21.919638 217.536011
21.925442 216.944168
21.931248 217.439270
21.937052 218.715149
21.942858 220.426987
21.948662 221.914871
21.954468 223.154297
21.960272 223.971069
21.966078 222.351471
21.971882 221.339737
21.977688 220.746719
21.983492 219.979919
21.989298 218.772171
21.995102 75.656334
22.000908 75.657974
22.006712 112.869202
22.012518 118.131744
22.018322 117.449745
22.024126 115.102882
22.029932 111.320183
22.035736 110.061386
22.041542 108.650002
22.047346 107.956734
22.053152 107.814758
22.058956 107.791519
22.064762 87.060966
22.070566 86.375237
22.076372 86.124771
22.082176 86.810387
22.087982 89.449165
22.093786 71.211296
22.099592 71.239983
22.105396 71.318092
22.111202 71.367920
22.117006 71.466469
22.122812 71.678322
22.128616 68.736137
22.134422 69.074890
22.140226 69.284912
22.146032 62.412510
22.151836 65.412010
22.157642 65.587753
22.163446 66.349640
22.169252 64.261528
22.175056 64.666298
22.180862 64.735870
22.186666 64.849152
22.192472 67.189667
22.198277 76.500420
22.204082 418.649963
22.209887 418.855774
22.215693 173.442688
22.221497 173.722458
22.227301 4121.903809
22.233107 4120.106934
22.238911 4129.187012
22.244717 4116.978516
22.250521 4074.393311
22.256327 4043.797607
22.262131 4084.513428
22.267937 4173.550781
22.273741 4239.843262
22.279547 4280.704102
22.285351 58.748302
22.291157 57.876606
22.296961 58.644596
22.302767 58.695797
22.308571 58.720573
22.314377 59.760742
22.320181 58.040230
22.325987 58.054817
22.331791 220.351334
22.337597 220.628433
22.343401 57.969685
22.349207 58.538132
22.355011 58.532433
22.360817 58.074257
22.366621 58.162685
22.372427 58.584476
22.378231 58.579979
22.384037 224.178802
22.389841 59.034901
22.395647 58.885315
22.401451 221.081390
22.407257 58.867146
22.413061 58.740799
22.418867 59.092247
22.424671 59.219505
22.430477 138.595200
22.436281 259.850281
22.442085 211.517471
22.447891 210.807098
22.453695 108.557533
22.459501 108.508842
22.465305 160.874481
22.471111 157.257812
22.476915 157.321609
22.482721 111.097977
22.488525 111.298225
22.494331 111.263687
22.500135 111.317047
22.505941 111.438690
22.511745 111.684212
22.517551 111.875671
22.523355 111.916550
22.529161 112.184624
22.534966 112.543388
22.540771 107.970139
22.546576 108.067177
22.552382 111.496925
22.558186 111.990440
22.563992 112.286400
22.569796 112.160294
22.575602 111.951019
22.581406 112.067833
22.587212 473.004730
22.593016 473.161316
22.598822 471.557526
22.604626 111.885574
22.610432 111.991592
22.616236 112.251198
22.622042 112.981339
22.627846 112.738220
22.633652 112.214798
22.639456 112.056442
22.645260 112.105835
22.651066 112.373283
22.656870 112.619560
22.662676 112.898567
22.668480 113.298058
22.674286 114.240982
22.680090 412.878448
22.685896 173.414856
22.691700 166.930344
22.697506 161.077591
22.703310 4284.790039
22.709116 4191.988281
22.714920 4167.679199
22.720726 4189.533203
22.726530 4226.607422
22.732336 4282.453613
22.738140 58.603409
22.743946 58.682644
22.749750 58.797283
22.755556 58.772800
22.761360 58.680599
22.767166 58.570274
22.772970 58.513336
22.778776 58.594872
22.784580 58.641205
22.790386 58.659630
22.796190 58.667591
22.801996 116.880806
22.807800 116.914764
22.813606 117.509506
22.819410 117.696449
22.825216 117.543526
22.831020 58.758705
22.836826 115.427597
22.842630 115.471535
22.848434 58.713192
22.854240 117.179657
22.860044 117.296181
22.865850 117.653564
22.871655 117.810493
22.877460 117.766815
22.883265 117.659569
22.889071 118.049065
22.894875 58.756454
22.900681 115.875885
22.906485 0.000000
22.912291 0.000000
22.918095 0.000000
22.923901 176.178665
22.929705 176.451019
22.935511 166.560822
22.941315 148.051346
22.947121 116.655807
22.952925 116.643776
22.958731 116.561455
22.964535 116.440567
22.970341 111.408302
22.976145 111.541206
22.981951 111.558968
22.987755 88.990822
22.993561 88.656769
22.999365 88.443138
23.005171 88.394119
23.010975 88.346802
23.016781 88.270988
23.022585 88.208786
23.028391 88.195045
23.034195 450.215698
23.040001 88.418076
23.045805 88.563400
23.051609 88.601463
23.057415 361.898834
23.063219 361.677460
23.069025 73.641190
23.074829 73.576736
23.080635 73.588707
23.086439 449.215088
23.092245 365.008179
23.098049 364.454803
23.103855 363.602020
23.109659 363.503448
23.115465 87.584442
23.121269 87.685738
23.127075 87.613243
23.132879 183.971985
23.138685 176.210236
23.144489 176.254333
23.150295 0.000000
23.156099 105.819351
23.161905 212.039566
23.167709 212.072235
23.173515 212.443710
23.179319 214.296844
23.185125 216.470078
23.190929 216.807251
23.196735 217.055862
23.202539 217.112106
23.208345 216.979736
23.214149 216.939789
23.219955 217.169052
23.225760 217.586288
23.231565 217.819427
23.237370 217.625046
23.243176 217.529129
23.248980 218.051788
23.254784 218.504013
23.260590 218.694412
23.266394 219.071732
23.272200 219.528748
23.278004 219.774460
23.283810 219.777115
23.289614 219.718079
23.295420 219.932053
23.301224 220.020355
23.307030 219.239151
23.312834 217.633301
23.318640 216.715591
23.324444 437.911224
23.330250 440.461334
23.336054 441.778900
23.341860 221.507736
23.347664 110.932472
23.353470 450.890472
23.359274 459.540161
23.365080 463.163635
23.370884 223.477142
23.376690 222.222458
23.382494 220.840805
23.388300 220.029465
23.394104 219.762802
23.399910 220.269150
23.405714 221.231094
23.411520 222.031647
23.417324 222.698471
23.423130 111.512383
23.428934 111.725342
23.434740 111.792961
23.440544 111.750450
23.446350 111.678535
23.452154 111.594322
23.457960 111.435997
23.463764 111.161171
23.469568 221.605148
23.475374 220.793518
23.481178 219.752457
23.486984 218.544647
23.492788 108.780624
23.498594 87.208534
23.504398 87.389297
23.510204 88.065659
23.516008 73.827812
23.521814 73.640030
23.527618 70.539093
23.533424 72.727142
23.539228 72.249451
23.545034 71.952545
23.550838 71.589882
23.556644 70.014725
23.562449 70.025032
23.568254 70.150101
23.574059 71.534584
23.579865 72.849365
23.585669 221.121597
23.591475 223.047318
23.597279 225.960388
23.603085 228.022797
23.608889 227.862976
23.614695 227.665909
23.620499 227.454788
23.626305 226.850555
23.632109 225.877869
23.637915 225.118057
23.643719 224.875198
23.649525 225.059769
23.655329 225.529846
23.661135 226.127197
23.666939 226.708344
23.672743 227.360748
23.678549 227.834351
23.684353 228.281631
23.690159 228.931274
23.695963 229.525162
23.701769 229.661148
23.707573 229.524521
23.713379 229.433777
23.719183 229.412659
23.724989 229.273071
23.730793 228.831543
23.736599 228.013962
23.742403 226.554871
23.748209 224.409760
23.754013 223.569443
23.759819 142.722260
23.765623 142.390778
23.771429 148.491852
23.777233 147.586533
23.783039 147.267242
23.788843 146.825607
23.794649 218.890350
23.800453 142.130676
23.806259 147.395203
23.812063 147.324921
23.817869 144.011780
23.823673 145.165665
23.829479 88.822990
23.835283 222.948349
23.841089 222.413223
23.846893 222.614349
23.852699 224.552383
23.858503 228.072083
23.864309 229.526703
23.870113 229.702927
23.875917 228.811249
23.881723 227.579819
23.887527 113.316940
23.893333 112.932274
23.899137 112.579361
23.904943 112.133911
23.910748 111.693291
23.916553 111.465782
23.922358 111.487083
23.928164 111.663437
23.933968 224.047440
23.939774 224.645828
23.945578 225.219833
23.951384 225.769730
23.957188 226.399979
23.962994 227.244125
23.968798 228.218384
23.974604 228.981552
23.980408 229.352707
23.986214 229.489609
23.992018 229.583115
23.997824 229.693390
24.003628 229.739456
24.009434 229.622238
24.015238 229.576355
24.021044 229.949600
24.026848 230.764267
24.032654 231.087021
24.038458 229.435867
24.044264 227.119217
24.050068 225.536133
24.055874 224.115875
24.061678 224.709412
24.067484 227.615265
24.073288 230.928375
24.079092 232.310074
24.084898 231.899261
24.090702 230.862030
24.096508 229.490692
24.102312 225.419083
24.108118 224.893463
24.113922 224.732788
24.119728 224.254807
24.125532 223.008698
24.131338 222.546936
24.137142 222.797531
24.142948 223.292526
24.148752 223.769714
24.154558 224.144638
24.160362 224.512177
24.166168 224.953369
24.171972 225.509109
24.177778 226.059418
24.183582 226.401154
24.189388 226.565598
24.195192 226.364243
24.200998 224.584824
24.206802 223.210999
24.212608 222.759705
24.218412 224.749420
24.224218 225.592468
24.230022 225.986877
24.235828 43.809338
24.241632 43.066406
24.247438 147.339127
24.253242 147.576187
24.259048 43.271877
24.264853 43.285072
24.270658 173.462067
24.276463 174.248138
24.282269 43.428085
24.288073 43.097382
24.293877 166.334610
24.299683 163.196884
24.305487 43.066406
24.311293 212.451035
24.317097 212.483078
24.322903 212.511780
24.328707 212.333694
24.334513 171.596436
24.340317 171.822479
24.346123 148.877808
24.351927 140.826691
24.357733 141.253357
24.363537 130.407303
24.369343 130.042831
24.375147 127.206703
24.380953 111.712967
24.386757 111.408043
24.392563 111.062332
24.398367 99.692726
24.404173 99.792366
24.409977 99.824295
24.415783 89.152313
24.421587 89.116188
24.427393 81.748146
24.433197 81.956291
24.439003 75.548622
24.444807 75.905884
24.450613 76.300331
24.456417 966.797546
24.462223 76.327827
24.468027 76.235283
24.473833 76.394882
24.479637 76.532898
24.485443 68.942955
24.491247 68.677872
24.497051 59.785610
24.502857 59.755390
24.508661 181.436615
24.514467 190.821152
24.520271 192.134720
24.526077 200.254089
24.531881 206.424911
24.537687 208.755707
24.543491 210.777725
24.549297 213.122910
24.555101 216.496765
24.560907 219.540115
24.566711 221.959625
24.572517 223.417847
24.578321 224.265457
24.584127 224.513290
24.589931 234.728638
24.595737 235.219757
24.601542 235.432144
24.607347 235.296463
24.613152 235.048767
24.618958 235.182098
24.624762 225.269424
24.630568 140.238235
24.636372 157.584946
24.642178 165.028900
24.647982 172.269470
24.653788 171.933319
24.659592 113.410728
24.665398 113.320915
24.671202 179.612091
24.677008 179.345612
24.682812 4364.532227
24.688618 4354.593750
24.694422 174.270004
24.700226 43.223537
24.706032 43.245331
24.711836 43.066406
24.717642 157.446686
24.723446 149.549469
24.729252 43.511078
24.735056 4380.778320
24.740862 4299.929199
24.746666 4145.197266
24.752472 43.190880
24.758276 0.000000
24.764082 227.805115
24.769886 233.487534
24.775692 234.458023
24.781496 235.429047
24.787302 236.629578
24.793106 237.770233
24.798912 238.770416
24.804716 162.571350
24.810522 162.922211
24.816326 118.923531
24.822132 118.133987
24.827936 116.438705
24.833742 116.092842
24.839546 115.913445
24.845352 115.761307
24.851156 111.693245
24.856962 112.231308
24.862766 112.646042
24.868572 117.497078
24.874376 117.496666
24.880182 115.913498
24.885986 115.821838
24.891792 231.685516
24.897596 231.819855
24.903400 231.909805
24.909206 231.915436
24.915010 231.954666
24.920816 232.139679
24.926620 232.435471
24.932426 232.508072
24.938231 232.373413
24.944036 232.519516
24.949841 233.252991
24.955647 233.859222
24.961451 233.766678
24.967257 233.605270
24.973061 233.967712
24.978867 235.797073
24.984671 237.905090
24.990477 236.573578
24.996281 232.384903
25.002087 230.936081
25.007891 230.054398
25.013697 230.049088
25.019501 234.190720
25.025307 0.000000
25.031111 201.114044
25.036917 200.962997
25.042721 200.926682
25.048527 222.336731
25.054331 222.388824
25.060137 3931.303223
25.065941 3966.009033
25.071747 3970.361816
25.077551 3922.051025
25.083357 218.721420
25.089161 231.801987
25.094967 230.962341
25.100771 230.649399
25.106575 230.716476
25.112381 231.204361
25.118185 231.857315
25.123991 232.011444
25.129795 231.559891
25.135601 231.391052
25.141405 231.734451
25.147211 232.163040
25.153015 232.355255
25.158821 232.345932
25.164625 232.952530
25.170431 241.839081
25.176235 241.662216
25.182041 231.789948
25.187845 230.384262
25.193651 221.626846
25.199455 219.662582
25.205261 219.379791
25.211065 219.470078
25.216871 219.534012
25.222675 219.982956
25.228481 220.630859
25.234285 219.948990
25.240091 218.736801
25.245895 217.499603
25.251701 216.461075
25.257505 215.929977
25.263311 216.195358
25.269115 216.566467
25.274921 216.390625
25.280725 172.596069
25.286531 145.988251
25.292336 146.032639
25.298141 145.914291
25.303946 110.740105
25.309752 110.518265
25.315556 110.294518
25.321360 110.151939
25.327166 110.107452
25.332970 109.969353
25.338776 109.781456
25.344580 219.563858
25.350386 219.946960
25.356190 220.220154
25.361996 219.984528
25.367800 219.827347
25.373606 220.516083
25.379410 221.526047
25.385216 73.930038
25.391020 74.211693
25.396826 77.314018
25.402630 70.321350
25.408436 70.449509
25.414240 70.805298
25.420046 70.757347
25.425850 70.294342
25.431656 62.637543
25.437460 64.688164
25.443266 8775.342773
25.449070 8693.299805
25.454876 8635.578125
25.460680 8571.937500
25.466486 62.091732
25.472290 65.009583
25.478096 67.320267
25.483900 343.387970
25.489706 345.876068
25.495510 216.108231
25.501316 219.312836
25.507120 221.516357
25.512926 222.454788
25.518730 223.208954
25.524534 223.169571
25.530340 221.932068
25.536144 308.864807
25.541950 308.686035
25.547754 308.146851
25.553560 308.131897
25.559364 309.337952
25.565170 310.762695
25.570974 311.597137
25.576780 311.765961
25.582584 311.908875
25.588390 312.231293
25.594194 312.513000
25.600000 312.692841
25.605804 312.853943
25.611610 313.267914
25.617414 313.899689
25.623220 313.925201
25.629025 312.697052
25.634830 311.176117
25.640635 310.404297
25.646441 309.738098
25.652245 306.896667
25.658051 298.196259
25.663855 294.110229
25.669661 293.449677
25.675465 293.175201
25.681271 292.587738
25.687075 292.140747
25.692881 292.353394
25.698685 293.679474
25.704491 295.473358
25.710295 296.155426
25.716101 295.836609
25.721905 295.406708
25.727709 147.188538
25.733515 147.347351
25.739319 147.736389
25.745125 147.857681
25.750929 147.567047
25.756735 147.083496
25.762539 146.606949
25.768345 146.447342
25.774149 146.466705
25.779955 97.648087
25.785759 97.472961
25.791565 97.432442
25.797369 97.343567
25.803175 97.043251
25.808979 96.839500
25.814785 290.751709
25.820589 290.470032
25.826395 290.241241
25.832199 290.202789
25.838005 290.383606
25.843809 290.709015
25.849615 291.027344
25.855419 291.297638
25.861225 292.164825
25.867029 293.735718
25.872835 295.046417
25.878639 295.820953
25.884445 296.235474
25.890249 296.679352
25.896055 297.464600
25.901859 298.322479
25.907665 298.327637
25.913469 297.271667
25.919275 296.913605
25.925079 297.577026
25.930883 298.546600
25.936689 299.190460
25.942493 299.376617
25.948299 299.018707
25.954103 297.849091
25.959909 296.228271
25.965714 294.648163
25.971519 293.105469
25.977324 292.531677
25.983130 291.927002
25.988934 291.035400
25.994740 290.613373
