0.000000 0.000000
0.005805 0.000000
0.011610 0.000000
0.017415 0.000000
0.023220 0.000000
0.029025 0.000000
0.034830 0.000000
0.040635 0.000000
0.046440 0.000000
0.052245 0.000000
0.058050 0.000000
0.063855 0.000000
0.069660 0.000000
0.075465 0.000000
0.081270 0.000000
0.087075 0.000000
0.092880 0.000000
0.098685 0.000000
0.104490 0.000000
0.110295 0.000000
0.116100 0.000000
0.121905 0.000000
0.127710 0.000000
0.133515 0.000000
0.139320 0.000000
0.145125 0.000000
0.150930 0.000000
0.156735 0.000000
0.162540 0.000000
0.168345 0.000000
0.174150 0.000000
0.179955 0.000000
0.185760 0.000000
0.191565 0.000000
0.197370 0.000000
0.203175 0.000000
0.208980 0.000000
0.214785 0.000000
0.220590 0.000000
0.226395 0.000000
0.232200 0.000000
0.238005 0.000000
0.243810 0.000000
0.249615 0.000000
0.255419 0.000000
0.261224 0.000000
0.267029 0.000000
0.272834 0.000000
0.278639 0.000000
0.284444 0.000000
0.290249 0.000000
0.296054 0.000000
0.301859 0.000000
0.307664 0.000000
0.313469 0.000000
0.319274 0.000000
0.325079 0.000000
0.330884 0.000000
0.336689 0.000000
0.342494 0.000000
0.348299 0.000000
0.354104 0.000000
0.359909 0.000000
0.365714 0.000000
0.371519 0.000000
0.377324 0.000000
0.383129 0.000000
0.388934 0.000000
0.394739 0.000000
0.400544 0.000000
0.406349 0.000000
0.412154 0.000000
0.417959 0.000000
0.423764 0.000000
0.429569 0.000000
0.435374 0.000000
0.441179 0.000000
0.446984 0.000000
0.452789 4099.083496
0.458594 4062.074951
0.464399 1339.094849
0.470204 1835.636597
0.476009 1821.240723
0.481814 378.467682
0.487619 377.771088
0.493424 377.679016
0.499229 169.876114
0.505034 170.347809
0.510839 170.174240
0.516644 168.834396
0.522449 168.119003
0.528254 167.754288
0.534059 186.630692
0.539864 186.666122
0.545669 186.714569
0.551474 186.734024
0.557279 167.584610
0.563084 167.747803
0.568889 186.668518
0.574694 186.839401
0.580499 186.867737
0.586304 210.396896
0.592109 202.162964
0.597914 202.289719
0.603719 202.259933
0.609524 202.152802
0.615329 202.094925
0.621134 202.103500
0.626939 202.127899
0.632744 202.140747
0.638549 202.143112
0.644354 202.121353
0.650159 202.086700
0.655964 202.089569
0.661769 202.172272
0.667574 202.292480
0.673379 202.396652
0.679184 202.462570
0.684989 202.469772
0.690794 202.443665
0.696599 202.429108
0.702404 202.407410
0.708209 202.345901
0.714014 202.316132
0.719819 202.372971
0.725624 202.394791
0.731429 202.186172
0.737234 201.789780
0.743039 201.414291
0.748844 201.293106
0.754649 201.853882
0.760454 202.551941
0.766258 202.901550
0.772063 203.003815
0.777869 202.944733
0.783673 202.761612
0.789478 202.623474
0.795283 202.609680
0.801088 202.752014
0.806893 202.978699
0.812698 203.102112
0.818503 203.096802
0.824308 203.043854
0.830113 202.964035
0.835918 101.411514
0.841723 101.350655
0.847528 101.302406
0.853333 202.523193
0.859138 202.619308
0.864943 101.359993
0.870748 101.366463
0.876553 101.349266
0.882358 101.323586
0.888163 101.319618
0.893968 101.330887
0.899773 101.345360
0.905578 101.367157
0.911383 101.388184
0.917188 101.397034
0.922993 101.378632
0.928798 202.548508
0.934603 202.608536
0.940408 101.298477
0.946213 101.345230
0.952018 202.876633
0.957823 202.876190
0.963628 101.441246
0.969433 101.458405
0.975238 101.469193
0.981043 101.463509
0.986848 202.655182
0.992653 202.757736
0.998458 202.799469
1.004263 202.773041
1.010068 202.739929
1.015873 202.677292
1.021678 202.623901
1.027483 202.803284
1.033288 203.238358
1.039093 199.251740
1.044898 0.000000
1.050703 0.000000
1.056508 254.458206
1.062313 254.590591
1.068118 185.131668
1.073923 109.639099
1.079728 243.867416
1.085533 203.776321
1.091338 202.291962
1.097143 101.747337
1.102948 101.820747
1.108753 101.787285
1.114558 101.575974
1.120363 98.961823
1.126168 98.051277
1.131973 101.993141
1.137778 102.079437
1.143583 102.012993
1.149388 101.899834
1.155193 101.802185
1.160998 97.636612
1.166803 97.623711
1.172608 101.807510
1.178413 101.912819
1.184218 101.972404
1.190023 102.010483
1.195828 101.999908
1.201633 101.937881
1.207438 101.878944
1.213243 101.842018
1.219048 101.817383
1.224853 101.796219
1.230658 93.524178
1.236463 93.475105
1.242268 101.744232
1.248073 97.460281
1.253878 97.400734
1.259683 97.348907
1.265488 97.342697
1.271293 188.256973
1.277097 188.006821
1.282902 187.576431
1.288707 0.000000
1.294513 2216.273682
1.300317 244.782654
1.306122 406.738586
1.311927 407.593414
1.317732 203.351425
1.323537 203.127136
1.329342 202.848007
1.335147 202.608200
1.340952 202.514160
1.346757 202.565506
1.352562 202.770203
1.358367 203.035080
1.364172 203.178329
1.369977 203.076004
1.375782 202.881760
1.381587 202.834396
1.387392 202.811234
1.393197 202.787170
1.399002 202.813797
1.404807 202.852432
1.410612 202.862213
1.416417 202.869629
1.422222 202.866653
1.428027 202.828323
1.433832 202.783936
1.439637 202.757446
1.445442 202.723648
1.451247 202.677032
1.457052 202.686890
1.462857 202.769089
1.468662 202.781891
1.474467 101.342628
1.480272 101.308189
1.486077 202.606400
1.491882 202.682022
1.497687 101.340057
1.503492 101.318008
1.509297 101.328186
1.515102 202.726990
1.520907 101.335419
1.526712 101.309448
1.532517 101.299576
1.538322 101.294205
1.544127 202.811615
1.549932 101.328148
1.555737 101.373329
1.561542 101.388191
1.567347 202.785095
1.573152 202.626572
1.578957 202.553101
1.584762 405.919983
1.590567 405.908813
1.596372 202.606888
1.602177 202.626404
1.607982 406.270569
1.613787 405.978088
1.619592 405.770294
1.625397 202.756546
1.631202 202.828308
1.637007 202.872238
1.642812 405.779083
1.648617 202.847855
1.654422 202.800064
1.660227 202.751282
1.666032 405.582886
1.671837 202.765656
1.677642 202.785095
1.683447 202.819000
1.689252 202.847336
1.695057 202.823044
1.700862 202.767334
1.706667 202.741470
1.712472 202.784927
1.718277 101.428185
1.724082 101.439438
1.729887 101.444260
1.735692 202.911530
1.741497 202.913498
1.747302 101.401947
1.753107 101.389961
1.758912 101.402893
1.764717 101.409248
1.770522 202.865311
1.776327 202.894562
1.782132 101.434135
1.787936 101.417320
1.793741 101.376869
1.799546 101.349274
1.805351 101.352127
1.811157 101.367043
1.816961 101.369080
1.822766 101.361038
1.828571 101.355911
1.834376 101.348808
1.840181 101.345978
1.845986 101.373543
1.851791 101.396339
1.857596 101.371811
1.863401 99.798271
1.869206 405.128113
1.875011 405.590057
1.880816 406.493774
1.886621 203.026138
1.892426 203.236359
1.898231 203.386276
1.904036 203.418060
1.909841 203.313019
1.915646 203.156387
1.921451 203.015900
1.927256 202.915298
1.933061 202.889633
1.938866 202.873215
1.944671 202.806015
1.950476 202.763412
1.956281 202.767441
1.962086 202.744156
1.967891 202.645844
1.973696 202.560501
1.979501 202.549728
1.985306 202.622421
1.991111 202.764771
1.996916 202.868195
2.002721 202.855164
2.008526 202.759811
2.014331 202.682114
2.020136 202.662796
2.025941 202.679932
2.031746 101.336105
2.037551 101.333168
2.043356 101.333641
2.049161 202.733795
2.054966 202.759262
2.060771 101.326859
2.066576 101.271049
2.072381 202.585037
2.078186 202.628159
2.083991 202.650787
2.089796 202.646255
2.095601 202.627823
2.101406 202.630539
2.107211 202.661591
2.113016 202.650360
2.118821 202.600082
2.124626 202.577911
2.130431 202.561417
2.136236 202.506210
2.142041 202.504532
2.147846 202.654007
2.153651 203.102341
2.159456 406.945343
2.165261 407.174622
2.171066 206.003830
2.176871 205.637070
2.182676 204.763107
2.188481 202.910873
2.194286 201.190186
2.200091 200.707397
2.205896 207.405136
2.211701 207.083099
2.217506 107.453064
2.223311 102.931061
2.229116 103.183723
2.234921 103.245918
2.240726 103.024803
2.246531 102.736908
2.252336 101.435524
2.258141 101.338356
2.263946 101.298065
2.269751 101.371750
2.275556 101.575157
2.281361 101.686073
2.287166 101.687111
2.292970 101.603500
2.298775 101.466286
2.304580 101.404152
2.310385 101.435730
2.316190 101.460243
2.321995 202.120621
2.327801 202.120773
2.333606 201.918686
2.339411 201.608597
2.345215 201.215668
2.351020 200.494247
2.356825 412.550110
2.362630 414.051941
2.368435 413.968262
2.374240 412.583771
2.380045 410.918182
2.385850 101.561462
2.391655 101.356178
2.397460 101.349548
2.403265 101.816750
2.409070 101.888969
2.414875 97.715225
2.420680 0.000000
2.426485 428.150635
2.432290 401.332092
2.438095 402.800232
2.443900 404.597412
2.449705 405.767517
2.455510 406.202728
2.461315 406.123718
2.467120 405.985260
2.472925 405.957123
2.478730 405.980804
2.484535 406.187134
2.490340 406.768402
2.496145 407.159210
2.501950 407.100861
2.507755 406.988220
2.513560 406.503021
2.519365 405.866180
2.525170 405.915680
2.530975 406.089630
2.536780 405.784241
2.542585 405.409515
2.548390 405.490021
2.554195 405.648804
2.560000 203.005402
2.565805 172.279312
2.571610 101.459579
2.577415 101.440613
2.583220 101.397842
2.589025 101.389900
2.594830 101.433098
2.600635 101.453468
2.606440 101.422791
2.612245 101.396469
2.618050 101.398750
2.623855 101.409172
2.629660 101.417351
2.635465 101.418938
2.641270 101.416351
2.647075 101.416039
2.652880 101.400414
2.658685 101.371613
2.664490 101.359550
2.670295 101.358208
2.676100 101.344498
2.681905 101.325081
2.687710 101.322098
2.693515 101.322975
2.699320 101.317574
2.705125 101.318146
2.710930 101.333298
2.716735 101.343315
2.722540 101.333267
2.728345 101.331253
2.734150 278.691101
2.739955 165.236145
2.745760 167.714172
2.751565 167.749908
2.757370 172.319321
2.763175 172.095383
2.768980 172.376892
2.774785 172.614014
2.780590 202.888336
2.786395 202.764587
2.792200 172.369690
2.798005 172.441483
2.803810 172.535614
2.809614 172.648865
2.815419 172.736450
2.821224 172.774094
2.827029 172.811905
2.832834 172.872009
2.838639 172.909973
2.844445 172.883896
2.850250 172.826752
2.856054 172.750595
2.861859 172.678406
2.867664 172.622681
2.873469 172.533630
2.879274 172.374588
2.885079 172.205276
2.890884 202.649734
2.896689 101.303864
2.902494 101.287193
2.908299 101.316002
2.914104 101.314987
2.919909 101.290482
2.925714 101.302696
2.931519 101.327858
2.937324 101.339920
2.943129 101.354401
2.948934 101.347176
2.954739 101.307129
2.960544 101.257141
2.966349 101.214218
2.972154 202.447876
2.977959 202.504135
2.983764 202.566437
2.989569 202.555084
2.995374 202.516602
3.001179 202.489990
3.006984 202.352448
3.012789 408.237305
3.018594 407.762604
3.024399 135.131821
3.030204 135.143829
3.036009 202.815964
3.041814 202.832230
3.047619 202.892349
3.053424 203.038040
3.059229 203.106903
3.065034 406.572784
3.070839 406.010834
3.076644 202.694611
3.082449 202.597092
3.088254 406.390747
3.094059 407.072693
3.099864 407.482910
3.105669 407.304474
3.111474 406.976929
3.117279 406.984955
3.123084 407.206451
3.128889 407.250458
3.134694 406.906006
3.140499 406.373322
3.146304 202.711945
3.152109 101.320778
3.157914 101.324890
3.163719 405.985626
3.169524 405.841034
3.175329 101.262405
3.181134 101.264099
3.186939 101.283234
3.192744 101.303802
3.198549 101.305176
3.204354 101.292435
3.210159 101.276245
3.215964 101.256996
3.221769 101.255211
3.227574 101.283493
3.233379 101.306061
3.239184 101.286926
3.244989 101.242134
3.250794 101.208908
3.256599 101.204292
3.262404 101.209801
3.268209 101.218933
3.274014 101.233887
3.279819 101.259819
3.285624 101.293602
3.291429 101.215736
3.297234 5226.327637
3.303039 5193.467285
3.308844 5173.270020
3.314649 5170.758301
3.320453 173.629883
3.326258 1002.015930
3.332063 127.358223
3.337868 221.711670
3.343673 203.522690
3.349478 204.228149
3.355283 204.563751
3.361089 204.796768
3.366894 103.106972
3.372698 108.251648
3.378503 202.580292
3.384308 202.608948
3.390113 202.558395
3.395918 202.481766
3.401723 186.056335
3.407528 55.948174
3.413333 55.671234
3.419138 89.089401
3.424943 185.783340
3.430748 185.778473
3.436553 185.809280
3.442358 171.363190
3.448163 171.171860
3.453968 171.186325
3.459773 171.338379
3.465578 171.438889
3.471383 171.404358
3.477188 171.316956
3.482993 171.274338
3.488798 171.271011
3.494603 171.257629
3.500408 171.199326
3.506213 202.691071
3.512018 202.750336
3.517823 101.401070
3.523628 101.400398
3.529433 101.422684
3.535238 101.439705
3.541043 101.400757
3.546848 101.243690
3.552653 4833.951660
3.558458 4446.882324
3.564263 4417.152344
3.570068 4489.069336
3.575873 202.523636
3.581678 202.254959
3.587483 135.210526
3.593288 411.061646
3.599093 410.519989
3.604898 410.239960
3.610703 300.192017
3.616508 202.297531
3.622313 202.701782
3.628118 203.051910
3.633923 203.170349
3.639728 203.028809
3.645533 406.246826
3.651338 405.816010
3.657143 202.579819
3.662948 202.510651
3.668753 202.467300
3.674558 202.474045
3.680363 202.580811
3.686168 202.735260
3.691973 269.392944
3.697778 407.611237
3.703583 407.936615
3.709388 407.927734
3.715193 202.723038
3.720998 101.246712
3.726803 101.201408
3.732608 101.172501
3.738413 101.166672
3.744218 101.176743
3.750023 202.659668
3.755828 202.719376
3.761633 202.608017
3.767438 202.446442
3.773243 202.450241
3.779048 202.529938
3.784853 202.515472
3.790658 202.472260
3.796463 202.469238
3.802268 202.464890
3.808073 202.431046
3.813878 202.386124
3.819683 202.362442
3.825488 202.383957
3.831293 202.394791
3.837097 202.325836
3.842902 202.330505
3.848707 202.510147
3.854512 202.755020
3.860317 202.981903
3.866122 203.011429
3.871927 202.862106
3.877733 202.780640
3.883538 202.800110
3.889342 202.840073
3.895147 202.842606
3.900952 202.801071
3.906757 202.753830
3.912562 202.777740
3.918367 202.824341
3.924172 202.811493
3.929977 202.776718
3.935782 202.772430
3.941587 202.745956
3.947392 202.692780
3.953197 202.702881
3.959002 202.697784
3.964807 202.602707
3.970612 202.534454
3.976417 202.583481
3.982222 202.655365
3.988027 202.652725
3.993832 202.592300
3.999637 202.494186
4.005442 202.422806
4.011247 202.444733
4.017052 202.427231
4.022857 202.325363
4.028662 202.281799
4.034467 202.302307
4.040272 202.306458
4.046077 202.327179
4.051882 202.378662
4.057687 202.349091
4.063492 202.280640
4.069297 202.274658
4.075102 202.255646
4.080907 202.227081
4.086712 202.257523
4.092517 202.237610
4.098322 202.154099
4.104127 202.149323
4.109932 202.159897
4.115737 202.181717
4.121542 202.342728
4.127347 202.504257
4.133152 202.609039
4.138957 202.817383
4.144762 203.493149
4.150567 204.284042
4.156372 203.915497
4.162177 203.467422
4.167982 203.167542
4.173787 202.992432
4.179592 202.923218
4.185397 202.857788
4.191202 202.751099
4.197007 202.688248
4.202812 202.696793
4.208617 202.736710
4.214422 202.753143
4.220227 101.215561
4.226032 101.240494
4.231837 202.610779
4.237642 202.661545
4.243447 202.656464
4.249252 101.350380
4.255057 101.359238
4.260862 202.668213
4.266667 202.526245
4.272471 202.457443
4.278276 202.515839
4.284081 202.596527
4.289886 202.636871
4.295691 202.625366
4.301497 202.577209
4.307302 202.548431
4.313107 202.568375
4.318912 202.590988
4.324717 202.592087
4.330522 202.585632
4.336327 202.570740
4.342132 202.523697
4.347937 202.468674
4.353742 202.459045
4.359547 202.495483
4.365352 202.589371
4.371157 202.692673
4.376961 202.685120
4.382766 202.575455
4.388571 101.330383
4.394376 101.361420
4.400181 202.761948
4.405986 202.704803
4.411791 198.006195
4.417596 197.382385
4.423401 0.000000
4.429206 5219.431641
4.435011 1949.357422
4.440816 1959.520264
4.446621 1955.250488
4.452426 110.800400
4.458231 1974.120850
4.464036 1977.117432
4.469841 1962.138428
4.475646 1972.407471
4.481451 2004.600220
4.487256 2009.376099
4.493061 200.260681
4.498866 180.946869
4.504671 180.503632
4.510476 93.897461
4.516281 99.198601
4.522086 203.276306
4.527891 105.134644
4.533696 112.628128
4.539501 101.365440
4.545306 101.374382
4.551111 101.397682
4.556916 101.418953
4.562721 135.006241
4.568526 202.259689
4.574331 202.338074
4.580136 202.492065
4.585941 202.648010
4.591746 101.374260
4.597551 134.887878
4.603356 101.312012
4.609161 101.278160
4.614966 101.262627
4.620771 101.270103
4.626576 101.278542
4.632381 101.276329
4.638186 101.299004
4.643991 101.349037
4.649796 203.197083
4.655601 202.996414
4.661406 202.781418
4.667211 202.514572
4.673016 201.467972
4.678821 201.018799
4.684626 4756.002930
4.690431 4465.732422
4.696236 4514.168945
4.702041 4574.383301
4.707846 4611.243652
4.713651 4623.392090
4.719456 4635.095703
4.725261 4698.582520
4.731066 4814.805176
4.736871 203.182327
4.742676 203.133926
4.748481 202.988480
4.754286 202.858139
4.760091 202.757812
4.765896 202.767120
4.771701 202.943359
4.777506 202.962311
4.783311 202.881210
4.789115 202.844437
4.794920 202.780594
4.800725 202.696289
4.806530 202.656204
4.812335 202.672607
4.818141 202.710190
4.823946 202.795105
4.829751 202.886963
4.835556 202.912643
4.841361 202.880524
4.847166 202.826889
4.852971 202.799301
4.858776 202.822525
4.864581 202.819153
4.870386 202.712280
4.876191 202.611389
4.881996 202.603729
4.887800 202.650055
4.893605 202.664993
4.899410 101.292686
4.905215 101.295639
4.911020 101.317551
4.916825 101.369362
4.922630 202.142441
4.928435 202.073029
4.934240 201.959641
4.940045 202.115189
4.945850 202.392349
4.951655 202.603287
4.957460 101.232521
4.963265 200.301132
4.969070 200.181976
4.974875 201.286758
4.980680 202.709457
4.986485 277.018524
4.992290 219.576141
4.998095 219.663101
5.003900 219.850723
5.009705 202.873825
5.015510 187.416840
5.021315 172.195694
5.027120 165.901184
5.032925 171.679810
5.038730 171.591995
5.044535 171.520813
5.050340 125.661545
5.056145 125.653908
5.061950 101.859230
5.067755 91.297134
5.073560 91.248116
5.079365 91.315353
5.085170 91.455765
5.090975 91.540619
5.096780 83.866325
5.102585 85.225334
5.108390 85.246002
5.114195 76.689362
5.120000 67.458916
5.125805 67.208252
5.131610 67.162285
5.137415 63.825584
5.143220 63.842251
5.149025 83.803963
5.154830 202.611603
5.160635 202.443863
5.166440 202.304504
5.172245 167.561905
5.178050 167.746094
5.183855 167.952652
5.189660 168.023270
5.195465 167.966980
5.201270 167.912903
5.207075 202.320953
5.212880 202.324387
5.218685 171.675079
5.224490 171.723679
5.230295 171.990234
5.236100 172.330734
5.241905 172.483292
5.247710 172.285965
5.253515 110.070618
5.259320 0.000000
5.265125 172.789719
5.270930 172.452667
5.276735 172.060181
5.282540 163.280685
5.288345 155.156876
5.294150 154.869080
5.299954 154.646011
5.305759 144.216919
5.311564 143.849625
5.317369 143.309952
5.323174 138.728012
5.328979 138.776123
5.334785 138.973679
5.340590 139.059860
5.346395 138.993027
5.352200 143.580017
5.358005 152.721710
5.363810 152.568954
5.369615 152.428848
5.375420 152.294525
5.381225 156.985519
5.387030 157.206726
5.392835 157.381561
5.398640 157.683365
5.404444 165.401642
5.410249 165.157196
5.416054 165.789658
5.421859 166.848343
5.427664 167.040421
5.433469 167.141205
5.439274 167.017502
5.445079 166.514099
5.450884 166.214661
5.456689 166.706268
5.462494 167.260452
5.468299 167.187866
5.474104 167.390701
5.479909 167.899567
5.485714 168.425858
5.491519 168.788116
5.497324 169.240005
5.503129 170.213593
5.508934 170.559174
5.514739 170.644394
5.520544 165.850418
5.526349 101.230629
5.532154 101.222939
5.537959 101.232597
5.543764 101.289780
5.549569 263.869781
5.555374 528.889282
5.561179 527.607239
5.566984 526.285889
5.572789 190.455917
5.578594 184.782333
5.584399 185.247482
5.590204 185.371445
5.596009 185.550598
5.601814 194.564240
5.607619 193.871750
5.613424 188.138779
5.619229 188.165726
5.625034 188.131714
5.630839 188.238846
5.636644 188.302429
5.642449 187.991150
5.648254 187.174057
5.654059 186.874344
5.659864 185.561890
5.665669 181.332275
5.671474 173.116516
5.677279 173.176163
5.683084 6090.499023
5.688889 1705.185303
5.694694 1701.953003
5.700499 7440.814453
5.706304 8085.666504
5.712109 8026.759277
5.717914 7842.358887
5.723719 8058.179688
5.729524 8269.162109
5.735329 8332.306641
5.741134 8199.080078
5.746939 7935.936523
5.752744 7801.378906
5.758549 7915.525391
5.764354 8170.889648
5.770159 8368.738281
5.775964 8400.727539
5.781769 8252.791016
5.787574 8085.166504
5.793379 8074.053711
5.799184 8275.004883
5.804989 8640.451172
5.810794 8764.492188
5.816598 8687.577148
5.822403 8547.453125
5.828208 2048.043213
5.834013 4532.413574
5.839818 225.230133
5.845623 222.070084
5.851429 220.469406
5.857234 219.892044
5.863039 220.381943
5.868844 204.081650
5.874649 203.449707
5.880454 203.243896
5.886259 202.917755
5.892064 202.596680
5.897869 202.593567
5.903674 202.823807
5.909479 203.092316
5.915284 203.153809
5.921088 203.147308
5.926893 203.310455
5.932698 203.653931
5.938503 204.109360
5.944308 204.272278
5.950113 204.150162
5.955918 203.951645
5.961723 203.650009
5.967528 203.134811
5.973333 202.521103
5.979138 202.304443
5.984943 202.604721
5.990748 202.841629
5.996553 202.849762
6.002358 202.778793
6.008163 202.701447
6.013968 202.686035
6.019773 202.711365
6.025578 202.751831
6.031383 202.816086
6.037188 202.844559
6.042993 202.728790
6.048798 202.570572
6.054603 202.559097
6.060408 202.614807
6.066213 202.593491
6.072018 202.529678
6.077823 202.512192
6.083628 202.561111
6.089433 202.578094
6.095238 202.570206
6.101043 202.642151
6.106848 202.717697
6.112653 222.817123
6.118458 240.537796
6.124263 240.081116
6.130068 238.087738
6.135873 235.630798
6.141678 235.123734
6.147483 235.043259
6.153288 234.811310
6.159093 232.918167
6.164898 228.668564
6.170703 227.672821
6.176508 226.566284
6.182313 225.356873
6.188118 225.045639
6.193923 225.719101
6.199728 227.647888
6.205533 229.787598
6.211338 231.533981
6.217143 233.424942
6.222948 235.764374
6.228753 236.843857
6.234558 237.142548
6.240363 236.992218
6.246168 236.425247
6.251973 235.250061
6.257778 231.954742
6.263583 221.330627
6.269388 221.203186
6.275193 2783.793457
6.280998 2783.597412
6.286803 0.000000
6.292608 0.000000
6.298413 2812.179932
6.304218 2827.322998
6.310023 2831.599121
6.315828 2828.586426
6.321633 2826.961426
6.327438 2835.880371
6.333242 2870.393799
6.339047 2916.572998
6.344852 6351.560547
6.350657 6378.928711
6.356462 6367.970703
6.362267 6310.768555
6.368073 6248.789551
6.373878 6212.541504
6.379683 6205.625000
6.385488 6209.115723
6.391293 6188.145996
6.397098 6109.389160
6.402903 5922.648926
6.408708 5568.797852
6.414513 203.557510
6.420318 222.925659
6.426123 221.703598
6.431927 236.761887
6.437732 237.930740
6.443537 238.670258
6.449342 239.022095
6.455147 238.932739
6.460952 238.182510
6.466757 236.486893
6.472562 234.324524
6.478367 232.956451
6.484172 232.234665
6.489977 231.931381
6.495782 231.841690
6.501587 232.033463
6.507392 233.070221
6.513197 240.321243
6.519002 241.495270
6.524807 242.833115
6.530612 245.545944
6.536417 248.960327
6.542222 250.594879
6.548027 251.897400
6.553832 253.057083
6.559637 254.172592
6.565442 254.866043
6.571247 254.823120
6.577052 254.316498
6.582857 253.922333
6.588662 253.744431
6.594467 253.726700
6.600272 253.619492
6.606077 253.183060
6.611882 252.717560
6.617687 252.618195
6.623492 252.864120
6.629297 253.220444
6.635102 253.562363
6.640907 253.878677
6.646712 254.280472
6.652517 254.908798
6.658322 255.396286
6.664127 255.553223
6.669932 255.556885
6.675737 255.541229
6.681542 255.282104
6.687347 254.303131
6.693152 275.101562
6.698957 276.723022
6.704762 277.800385
6.710567 278.104370
6.716372 249.541336
6.722177 249.204559
6.727982 127.456444
6.733787 127.390121
6.739592 255.675018
6.745397 255.215515
6.751202 255.838852
6.757007 256.126556
6.762812 255.453323
6.768617 254.691818
6.774422 254.429642
6.780227 254.608246
6.786032 254.890808
6.791837 255.127457
6.797642 255.388153
6.803447 255.639969
6.809252 255.653305
6.815057 255.422546
6.820862 255.204346
6.826667 255.217789
6.832472 255.313202
6.838277 255.358917
6.844081 255.403824
6.849886 255.423187
6.855691 255.291428
6.861496 255.232132
6.867301 255.426285
6.873106 255.762878
6.878911 256.130676
6.884717 256.379700
6.890522 256.289032
6.896327 256.089569
6.902132 256.010223
6.907937 255.911194
6.913742 255.456848
6.919547 254.776978
6.925352 254.214783
6.931157 253.976166
6.936962 254.024841
6.942767 254.172745
6.948571 254.328598
6.954376 254.526306
6.960181 254.716385
6.965986 254.892181
6.971791 127.262642
6.977596 127.379898
6.983401 127.502350
6.989206 255.118225
6.995011 255.216980
7.000816 255.565460
7.006621 256.211456
7.012426 257.061462
7.018231 257.599335
7.024036 257.461639
7.029841 256.707397
7.035646 255.395065
7.041451 253.753723
7.047256 251.390305
7.053061 241.230209
7.058866 237.529205
7.064671 234.464203
7.070476 230.274918
7.076281 3287.887451
7.082086 3288.542969
7.087891 3277.281494
7.093696 3242.136475
7.099501 3157.717529
7.105306 3054.394043
7.111111 2997.374512
7.116916 3025.068848
7.122721 3094.441650
7.128526 3111.595459
7.134331 101.425903
7.140136 100.982361
7.145941 101.048935
7.151746 101.163452
7.157551 101.217216
7.163356 101.271492
7.169161 101.311996
7.174966 101.241325
7.180771 101.128868
7.186576 101.125046
7.192381 101.194145
7.198186 202.461487
7.203991 202.488754
7.209796 202.453674
7.215601 202.269455
7.221406 202.077911
7.227211 202.152817
7.233016 202.530548
7.238821 1000.256226
7.244626 787.592896
7.250431 787.286987
7.256236 4992.432129
7.262041 104.272652
7.267846 204.364304
7.273651 203.977234
7.279456 203.581940
7.285261 189.463623
7.291066 167.727371
7.296871 151.113998
7.302676 162.161194
7.308481 201.413315
7.314286 105.227600
7.320091 101.253723
7.325896 100.594856
7.331701 100.196236
7.337506 100.288017
7.343311 101.276833
7.349116 101.262848
7.354921 101.177101
7.360725 100.881805
7.366530 100.778877
7.372335 100.904991
7.378140 100.917854
7.383945 101.060562
7.389750 67.275040
7.395555 67.362419
7.401361 67.304008
7.407166 67.267166
7.412971 202.899689
7.418776 67.358871
7.424581 67.397270
7.430386 101.314194
7.436191 202.664322
7.441996 202.569519
7.447801 101.171532
7.453606 101.168999
7.459411 101.113113
7.465215 101.126938
7.471020 202.598206
7.476825 101.382385
7.482630 101.422150
7.488435 101.406372
7.494240 101.414978
7.500045 101.445816
7.505850 202.595520
7.511655 101.481071
7.517460 101.554298
7.523265 5408.986816
7.529070 5372.709961
7.534875 5313.351562
7.540680 5275.176270
7.546485 203.014343
7.552290 176.140091
7.558095 172.517548
7.563900 163.810760
7.569705 164.439835
7.575510 160.202103
7.581315 202.580200
7.587120 202.440659
7.592925 202.473450
7.598730 151.208557
7.604535 151.356949
7.610340 151.578094
7.616145 151.826141
7.621950 152.215408
7.627755 202.273224
7.633560 202.342590
7.639365 161.963104
7.645170 162.327499
7.650975 162.749939
7.656780 163.805237
7.662585 168.514145
7.668390 170.124146
7.674195 170.679367
7.680000 170.935028
7.685805 171.270462
7.691610 172.355164
7.697415 172.495880
7.703220 172.399094
7.709025 172.087677
7.714830 171.671249
7.720635 171.575928
7.726440 171.464676
7.732245 170.990295
7.738050 170.737991
7.743855 171.212112
7.749660 171.825073
7.755465 172.455261
7.761270 172.874390
7.767075 172.963699
7.772880 172.678925
7.778685 172.113297
7.784490 162.485947
7.790295 162.256714
7.796100 162.327408
7.801905 162.264832
7.807710 162.106476
7.813515 188.386826
7.819320 177.887741
7.825125 177.773819
7.830930 190.661285
7.836735 190.873840
7.842540 177.027161
7.848345 176.945587
7.854150 190.628510
7.859955 190.779709
7.865760 186.413834
7.871564 186.116089
7.877369 185.700668
7.883174 186.058060
7.888979 187.844864
7.894784 188.198990
7.900589 187.897995
7.906394 186.878235
7.912199 186.768814
7.918005 186.870499
7.923810 186.494614
7.929615 186.204269
7.935420 182.760574
7.941225 6266.101562
7.947030 6289.687012
7.952835 6324.642090
7.958640 6396.354004
7.964445 6789.747559
7.970250 8385.176758
7.976054 8603.946289
7.981859 6345.183594
7.987664 6337.442383
7.993469 6317.771973
7.999274 6277.477539
8.005079 6270.088379
8.010884 6273.913086
8.016689 6277.302246
8.022494 6265.835449
8.028299 188.241821
8.034104 186.958130
8.039909 186.600067
8.045714 183.333618
8.051519 189.526260
8.057324 190.723785
8.063129 196.085144
8.068934 196.369797
8.074739 201.876389
8.080544 201.866898
8.086349 201.888504
8.092155 202.406754
8.097960 202.535446
8.103765 202.459244
8.109570 202.537521
8.115375 202.686859
8.121180 202.910034
8.126985 203.177719
8.132789 203.267700
8.138594 202.786514
8.144399 202.876892
8.150204 202.940659
8.156009 134.851791
8.161814 202.165787
8.167619 101.100952
8.173424 101.125534
8.179229 101.149269
8.185034 101.124336
8.190839 101.043793
8.196644 100.847549
8.202449 100.670151
8.208254 201.012833
8.214059 200.808746
8.219864 200.508377
8.225669 200.517227
8.231474 200.808655
8.237279 200.939072
8.243084 201.021439
8.248889 201.254242
8.254694 201.481415
8.260499 201.607880
8.266304 201.706268
8.272109 201.853897
8.277914 202.082977
8.283719 202.199875
8.289524 202.070786
8.295329 201.883453
8.301134 201.796432
8.306939 201.869385
8.312744 202.832214
8.318549 186.057159
8.324354 186.196915
8.330159 9715.211914
8.335963 9850.410156
8.341768 9897.326172
8.347573 9887.286133
8.353378 6042.838867
8.359183 6461.093262
8.364988 5750.571289
8.370793 2989.883545
8.376598 2989.594971
8.382403 201.138947
8.388208 227.475464
8.394013 243.162933
8.399818 242.910782
8.405623 236.260178
8.411428 233.527954
8.417233 230.676208
8.423038 229.927017
8.428843 226.169632
8.434649 114.145660
8.440454 114.196030
8.446259 112.697212
8.452064 112.416817
8.457869 224.087921
8.463674 224.143280
8.469479 224.354507
8.475284 224.481140
8.481089 224.653397
8.486894 225.106216
8.492699 225.485214
8.498504 225.425522
8.504309 225.201950
8.510114 225.118546
8.515919 224.989594
8.521724 224.366531
8.527529 223.380386
8.533334 222.755936
8.539139 222.461838
8.544943 222.301575
8.550748 222.201721
8.556553 222.100922
8.562358 222.177765
8.568163 222.494003
8.573968 222.644409
8.579773 222.266403
8.585578 221.781815
8.591383 221.753021
8.597188 221.861862
8.602993 221.677612
8.608798 221.385956
8.614603 221.290482
8.620408 221.516693
8.626213 221.875626
8.632018 222.267654
8.637823 222.715973
8.643628 222.998062
8.649433 223.165482
8.655238 223.614395
8.661043 223.632599
8.666848 223.069626
8.672653 222.774200
8.678458 223.013733
8.684263 223.365036
8.690068 223.337769
8.695873 222.958893
8.701678 222.873444
8.707483 223.277985
8.713288 224.011978
8.719093 224.478973
8.724898 224.090881
8.730703 223.268799
8.736508 222.691284
8.742313 222.532440
8.748117 222.576065
8.753922 222.804810
8.759727 223.256226
8.765532 223.647278
8.771338 223.946274
8.777143 224.616028
8.782948 226.067490
8.788753 227.036865
8.794558 227.585297
8.800363 228.714584
8.806168 230.516678
8.811973 232.360596
8.817778 239.720749
8.823583 240.586716
8.829388 242.655777
8.835193 246.153046
8.840998 251.196747
8.846803 253.925049
8.852608 254.889694
8.858413 255.060303
8.864218 254.840225
8.870023 254.297409
8.875828 253.536545
8.881633 252.225922
8.887438 250.073273
8.893243 248.476334
8.899048 247.332672
8.904853 246.516403
8.910658 246.240021
8.916463 246.105515
8.922268 245.944382
8.928073 245.825363
8.933878 246.013809
8.939683 246.651993
8.945488 246.837540
8.951293 244.420868
8.957097 243.387207
8.962902 243.062653
8.968707 0.000000
8.974512 277.531830
8.980317 277.793243
8.986122 130.828522
8.991927 260.802856
8.997732 260.555878
9.003537 260.178802
9.009342 260.024811
9.015147 260.106628
9.020952 260.003448
9.026757 259.594391
9.032562 258.829926
9.038367 257.607574
9.044172 256.228790
9.049977 254.806458
9.055782 252.866409
9.061587 250.182999
9.067392 247.924133
9.073197 246.669159
9.079002 245.858780
9.084807 245.025925
9.090612 244.023575
9.096417 243.366745
9.102222 243.300827
9.108027 243.867188
9.113832 245.379288
9.119637 247.053833
9.125443 248.731110
9.131248 250.510345
9.137053 251.845123
9.142858 253.232117
9.148663 254.998016
9.154468 256.857117
9.160272 258.239441
9.166077 258.981140
9.171882 259.224731
9.177687 259.188324
9.183492 259.084839
9.189297 258.767487
9.195102 257.703003
9.200907 253.869827
9.206712 250.531937
9.212517 248.866745
9.218322 247.935638
9.224127 247.151810
9.229932 245.360565
9.235737 242.778824
9.241542 243.284454
9.247347 244.113144
9.253152 244.810410
9.258957 245.190369
9.264762 245.433151
9.270567 246.053513
9.276372 247.954041
9.282177 250.328644
9.287982 251.298218
9.293787 252.044373
9.299592 252.919296
9.305397 253.784912
9.311202 254.156784
9.317007 254.053772
9.322812 253.925995
9.328617 253.530823
9.334422 252.407288
9.340227 250.479630
9.346032 248.101654
9.351837 244.013046
9.357642 241.380630
9.363446 240.442642
9.369251 240.007935
9.375056 240.103043
9.380861 227.725967
9.386666 101.483910
9.392471 101.417267
9.398276 101.351913
9.404081 101.350456
9.409886 101.412865
9.415691 101.486023
9.421496 101.518929
9.427301 101.503090
9.433106 101.474304
9.438911 101.512558
9.444716 101.587372
9.450521 101.586586
9.456326 101.514145
9.462132 101.452209
9.467937 101.502647
9.473742 351.101532
9.479547 3337.600342
9.485352 3248.108643
9.491157 3197.288574
9.496962 3205.138916
9.502767 181.566101
9.508572 453.617645
9.514377 5337.682129
9.520182 5340.928223
9.525987 5258.552734
9.531792 218.191025
9.537597 207.658005
9.543402 178.729477
9.549207 172.289978
9.555012 172.312866
9.560817 150.961349
9.566622 146.206802
9.572426 153.010025
9.578231 114.510124
9.584036 114.620972
9.589841 114.651901
9.595646 3475.324463
9.601451 107.324127
9.607256 90.551086
9.613061 90.608673
9.618866 95.306198
9.624671 76.211502
9.630476 76.239845
9.636281 477.879700
9.642086 477.675812
9.647891 2702.674316
9.653696 76.267105
9.659501 76.121925
9.665306 75.792938
9.671111 75.598610
9.676916 75.695152
9.682721 75.949730
9.688526 480.682404
9.694331 475.911133
9.700136 473.295013
9.705941 473.297668
9.711746 474.856537
9.717551 113.218468
9.723356 469.511475
9.729161 76.177277
9.734966 76.267754
9.740771 76.327286
9.746576 76.319450
9.752381 228.804367
9.758186 76.145508
9.763991 76.056587
9.769796 76.000862
9.775600 113.373405
9.781405 113.194366
9.787210 227.920288
9.793015 228.985565
9.798820 207.900864
9.804626 207.763840
9.810431 207.441635
9.816236 199.118347
9.822041 198.600998
9.827846 192.155258
9.833651 191.796799
9.839456 191.417679
9.845261 191.289612
9.851066 191.542389
9.856871 192.297501
9.862676 196.500412
9.868481 200.910187
9.874286 202.593567
9.880091 208.827209
9.885896 211.211853
9.891701 213.453613
9.897506 215.156448
9.903311 216.321243
9.909116 222.493362
9.914921 224.423355
9.920726 224.919632
9.926531 225.381531
9.932336 225.869507
9.938141 226.285934
9.943946 226.675278
9.949751 226.774902
9.955556 226.691238
9.961361 226.791901
9.967166 227.180588
9.972971 227.738403
9.978776 228.951065
9.984580 230.663635
9.990385 231.681213
9.996190 232.224991
10.001995 232.481735
10.007800 232.317673
10.013605 231.563339
10.019410 229.793106
10.025215 226.397476
10.031020 221.029556
10.036825 219.242401
10.042630 218.062592
10.048435 217.935455
10.054240 191.210495
10.060045 135.940933
10.065850 241.455917
10.071655 0.000000
10.077460 1173.410278
10.083265 1191.919189
10.089070 1200.524780
10.094875 1207.485718
10.100680 1220.145630
10.106485 0.000000
10.112290 0.000000
10.118095 0.000000
10.123900 212.699387
10.129705 201.688934
10.135510 201.876816
10.141315 202.092514
10.147120 198.859421
10.152925 198.496109
10.158731 198.455536
10.164536 198.205353
10.170341 197.794449
10.176146 197.495193
10.181951 197.543457
10.187755 197.990112
10.193560 198.647202
10.199365 199.255234
10.205170 199.692245
10.210975 199.840454
10.216780 199.978668
10.222585 201.969223
10.228390 208.436615
10.234195 210.046738
10.240000 210.695023
10.245805 210.673981
10.251610 209.958923
10.257415 208.526245
10.263220 206.823654
10.269025 205.331314
10.274830 200.043137
10.280635 187.486237
10.286440 178.759598
10.292245 774.874023
10.298050 759.835388
10.303855 0.000000
10.309660 8722.532227
10.315465 7989.916016
10.321270 6900.383789
10.327075 6640.359863
10.332880 6509.628418
10.338685 6377.571777
10.344490 6270.158203
10.350295 6208.088867
10.356100 6174.281738
10.361905 6145.065430
10.367710 6076.005859
10.373515 5847.999023
10.379320 5248.272461
10.385125 4593.247559
10.390930 4488.251465
10.396734 230.750153
10.402539 232.270111
10.408344 237.355942
10.414149 237.209763
10.419954 116.376312
10.425759 230.833679
10.431564 230.216797
10.437369 229.725784
10.443174 228.796082
10.448979 227.766357
10.454784 227.277390
10.460589 227.030075
10.466394 226.813141
10.472199 226.670746
10.478004 226.770248
10.483809 226.773361
10.489614 226.383743
10.495420 225.968460
10.501225 225.584183
10.507030 225.151230
10.512835 224.793030
10.518640 224.562439
10.524445 224.410828
10.530250 224.454361
10.536055 225.067261
10.541860 225.730865
10.547665 225.731277
10.553470 225.129807
10.559275 220.990082
10.565080 210.223557
10.570885 210.267960
10.576690 226.053406
10.582495 227.090927
10.588300 76.176979
10.594105 112.993668
10.599909 113.016609
10.605714 113.043396
10.611519 113.090294
10.617324 113.112091
10.623129 382.834778
10.628934 3061.508057
10.634739 3109.677002
10.640544 3124.670166
10.646349 3166.906982
10.652154 3334.032471
10.657959 0.000000
10.663764 235.304779
10.669569 235.601791
10.675374 203.151779
10.681179 203.039764
10.686984 209.004486
10.692789 208.253876
10.698594 207.282043
10.704399 205.756607
10.710204 203.829086
10.716009 202.021103
10.721814 199.134445
10.727619 197.879807
10.733424 197.493759
10.739229 197.342850
10.745034 196.818375
10.750839 95.643578
10.756644 95.496529
10.762449 95.508347
10.768254 95.587837
10.774059 95.644089
10.779864 203.616287
10.785669 203.388641
10.791474 203.177094
10.797279 203.308563
10.803084 203.153305
10.808888 202.067276
10.814693 201.074921
10.820498 200.576279
10.826303 200.719925
10.832108 201.394730
10.837914 201.556900
10.843719 195.144608
10.849524 195.014603
10.855329 195.461075
10.861134 196.250244
10.866939 200.626099
10.872744 201.111069
10.878549 201.890396
10.884354 203.415466
10.890159 204.784424
10.895964 206.246643
10.901769 215.902969
10.907574 217.146179
10.913379 223.449539
10.919184 225.400299
10.924989 227.226624
10.930794 232.692184
10.936599 232.297180
10.942404 231.882370
10.948209 231.783707
10.954014 232.260132
10.959819 232.620041
10.965624 232.261261
10.971429 225.265778
10.977234 225.140305
10.983039 222.874939
10.988844 222.725037
10.994649 222.908432
11.000454 223.761856
11.006259 232.258118
11.012063 233.080673
11.017868 234.144440
11.023673 236.258911
11.029478 240.196304
11.035283 241.536621
11.041088 242.973892
11.046893 252.139709
11.052698 252.856827
11.058503 252.990067
11.064308 252.789993
11.070113 252.559769
11.075918 252.638489
11.081723 252.665695
11.087528 252.560974
11.093333 252.515350
11.099138 252.661057
11.104943 252.878571
11.110748 253.152679
11.116553 253.079041
11.122358 252.655518
11.128163 252.660461
11.133968 253.022827
11.139773 252.755386
11.145578 252.524826
11.151383 252.701019
11.157188 252.799759
11.162993 252.862381
11.168798 253.281555
11.174603 253.618195
11.180408 253.676834
11.186213 253.616241
11.192019 253.928391
11.197824 254.886047
11.203629 255.214233
11.209434 254.573746
11.215239 254.662262
11.221043 130.218109
11.226848 130.227493
11.232653 276.085571
11.238458 276.425293
11.244263 276.838654
11.250068 260.999023
11.255873 130.969437
11.261678 126.835541
11.267483 253.931259
11.273288 253.908920
11.279093 255.072403
11.284898 255.862869
11.290703 254.596619
11.296508 253.370270
11.302313 252.501511
11.308118 251.947357
11.313923 251.761276
11.319728 251.701706
11.325533 251.492447
11.331338 251.233948
11.337143 251.000656
11.342948 250.732864
11.348753 250.600113
11.354558 250.730774
11.360363 250.889511
11.366168 250.953369
11.371973 250.933548
11.377778 250.905182
11.383583 250.848404
11.389388 250.728256
11.395193 250.601639
11.400998 250.538162
11.406803 250.695694
11.412608 251.141403
11.418413 251.368408
11.424217 250.992493
11.430022 250.314682
11.435827 249.802292
11.441632 249.608429
11.447437 249.582642
11.453242 249.753143
11.459047 250.280853
11.464852 251.130066
11.470657 252.316071
11.476462 253.784424
11.482267 255.236679
11.488072 254.684906
11.493877 254.104218
11.499682 255.089493
11.505487 255.134720
11.511292 255.055756
11.517097 275.049561
11.522902 275.547424
11.528708 267.734344
11.534513 267.206665
11.540318 266.640503
11.546123 265.871277
11.551928 263.416992
11.557733 259.834473
11.563538 258.033691
11.569343 256.933868
11.575148 255.386627
11.580953 253.436768
11.586758 252.892365
11.592563 253.053375
11.598368 253.527985
11.604173 254.027359
11.609978 254.295395
11.615783 254.376556
11.621588 254.319946
11.627392 254.141953
11.633197 254.027588
11.639002 254.139709
11.644807 254.364410
11.650612 254.562927
11.656417 254.601288
11.662222 254.390076
11.668027 254.248886
11.673832 254.413696
11.679637 254.361572
11.685442 253.842957
11.691247 253.350479
11.697052 253.154297
11.702857 252.871613
11.708662 252.295135
11.714467 251.663483
11.720272 251.346359
11.726077 251.475372
11.731882 251.771973
11.737687 251.866455
11.743492 251.787704
11.749297 251.770462
11.755102 251.910980
11.760907 252.100479
11.766712 252.205231
11.772517 252.392166
11.778322 253.425446
11.784127 253.514389
11.789932 253.260696
11.795737 253.182114
11.801542 245.123779
11.807347 246.020767
11.813152 247.296417
11.818957 248.837799
11.824762 249.461838
11.830567 250.282791
11.836371 251.694031
11.842176 252.272949
11.847981 125.678284
11.853786 125.723557
11.859591 252.019867
11.865396 252.340622
11.871202 252.617401
11.877007 252.535614
11.882812 252.240387
11.888617 251.964096
11.894422 251.590530
11.900227 251.089432
11.906032 250.486847
11.911837 249.590210
11.917642 248.337967
11.923447 246.935486
11.929252 245.341675
11.935057 243.304733
11.940862 241.195816
11.946667 238.593842
11.952472 234.642593
11.958277 230.379654
11.964082 226.969269
11.969887 223.557816
11.975692 222.086868
11.981497 221.816101
11.987302 222.495270
11.993107 223.312729
11.998912 223.632172
12.004717 223.969101
12.010522 224.860977
12.016327 225.577789
12.022132 225.424133
12.027937 224.560776
12.033742 223.309082
12.039546 221.657867
12.045351 219.682770
12.051156 215.813797
12.056961 214.244751
12.062766 206.719330
12.068571 206.230820
12.074376 205.677383
12.080181 202.689346
12.085986 201.698685
12.091791 201.344650
12.097596 200.347794
12.103401 199.952881
12.109206 200.749146
12.115011 201.112717
12.120816 201.195358
12.126621 201.169754
12.132426 200.912827
12.138231 196.051590
12.144036 194.990707
12.149841 194.394196
12.155646 194.010513
12.161451 193.959717
12.167256 194.033722
12.173061 193.991898
12.178866 193.878891
12.184671 193.732025
12.190476 193.523224
12.196281 193.384689
12.202086 193.529388
12.207891 193.973465
12.213696 195.111984
12.219501 197.777298
12.225307 198.244110
12.231112 198.683105
12.236917 199.271988
12.242722 199.914673
12.248526 200.261459
12.254331 200.358643
12.260136 200.489639
12.265941 200.619797
12.271746 200.547272
12.277551 200.314117
12.283356 200.255798
12.289161 200.397736
12.294966 200.298447
12.300771 199.840088
12.306576 199.272995
12.312381 198.743118
12.318186 198.053955
12.323991 197.376724
12.329796 196.936844
12.335601 196.918396
12.341406 196.966721
12.347211 197.081467
12.353016 188.348679
12.358821 529.465637
12.364626 222.658447
12.370431 598.426880
12.376236 321.318695
12.382041 588.924500
12.387846 588.615417
12.393651 202.978043
12.399456 202.753357
12.405261 202.748718
12.411066 202.870163
12.416871 203.222168
12.422676 203.593811
12.428481 203.350418
12.434286 202.590164
12.440091 201.674194
12.445896 201.107895
12.451700 200.991379
12.457505 201.085632
12.463310 201.005478
12.469115 200.624786
12.474920 200.075531
12.480725 199.450150
12.486530 198.812195
12.492335 198.164612
12.498140 197.585373
12.503945 197.077072
12.509750 196.572006
12.515555 195.959930
12.521360 195.230209
12.527165 194.630630
12.532970 194.379623
12.538775 194.454941
12.544580 194.913940
12.550385 195.676743
12.556190 196.511002
12.561996 197.407852
12.567801 198.326202
12.573606 199.202362
12.579411 199.889145
12.585216 200.452759
12.591021 201.079529
12.596826 201.760605
12.602631 202.388779
12.608436 202.994720
12.614241 203.483185
12.620046 203.476349
12.625851 203.204224
12.631656 202.682312
12.637461 202.268967
12.643266 202.378326
12.649071 203.009445
12.654876 196.825409
12.660680 197.052353
12.666485 197.266281
12.672290 197.374771
12.678095 197.423935
12.683900 147.417664
12.689705 195.704941
12.695510 97.058495
12.701315 194.046066
12.707120 193.748764
12.712925 193.540802
12.718730 193.446854
12.724535 96.893341
12.730340 97.005768
12.736145 97.129456
12.741950 97.157135
12.747755 98.970886
12.753560 199.254974
12.759365 200.467163
12.765170 201.516129
12.770975 201.984238
12.776780 202.260635
12.782585 202.424652
12.788390 202.445389
12.794195 202.349716
12.800000 202.205948
12.805805 202.051620
12.811610 201.857864
12.817415 201.543488
12.823220 201.110764
12.829025 200.564484
12.834830 199.937866
12.840635 199.005692
12.846440 197.774353
12.852245 196.912567
12.858050 196.173416
12.863854 195.114624
12.869659 193.237045
12.875464 192.220169
12.881269 191.731796
12.887074 191.593704
12.892879 191.694733
12.898685 191.689697
12.904490 191.488312
12.910295 192.119965
12.916100 192.861740
12.921905 192.852036
12.927710 193.020584
12.933515 196.000046
12.939320 195.926743
12.945125 195.720078
12.950930 202.009933
12.956735 201.845398
12.962540 201.978806
12.968345 202.192032
12.974150 202.361633
12.979955 202.446259
12.985760 202.378662
12.991565 202.000961
12.997370 201.388519
13.003175 201.036926
13.008980 200.637878
13.014785 199.888870
13.020590 199.212677
13.026395 198.615326
13.032200 98.815277
13.038005 98.550278
13.043810 196.191315
13.049615 196.115768
13.055420 195.788620
13.061225 195.255035
13.067030 194.921875
13.072834 194.885010
13.078639 195.031738
13.084444 195.311203
13.090249 196.128265
13.096054 198.602936
13.101859 199.146606
13.107664 199.502609
13.113469 199.983719
13.119274 200.411331
13.125079 200.763901
13.130884 201.321548
13.136689 202.137283
13.142494 202.692673
13.148299 202.766815
13.154104 202.525726
13.159909 202.180405
13.165714 201.711533
13.171519 201.078995
13.177324 200.348618
13.183129 199.756607
13.188934 199.183304
13.194739 198.090591
13.200544 196.629791
13.206349 196.394196
13.212154 201.639999
13.217959 202.016983
13.223764 202.329559
13.229569 202.451126
13.235374 202.239853
13.241179 201.690796
13.246984 201.326019
13.252789 201.404297
13.258595 201.644501
13.264400 201.964584
13.270205 202.108490
13.276009 202.044189
13.281814 201.897659
13.287619 201.944916
13.293424 202.121048
13.299229 202.210495
13.305034 202.313583
13.310839 202.591446
13.316644 202.851898
13.322449 202.912216
13.328254 202.928223
13.334059 101.341331
13.339864 101.354828
13.345669 101.395515
13.351474 101.400269
13.357279 101.358795
13.363084 202.494492
13.368889 202.673492
13.374694 202.797714
13.380499 202.873398
13.386304 202.952835
13.392109 202.939255
13.397914 202.834244
13.403719 202.852264
13.409524 202.985321
13.415329 202.947433
13.421134 202.778778
13.426939 202.663849
13.432744 202.773758
13.438549 203.145157
13.444354 203.474625
13.450159 203.616196
13.455964 204.237030
13.461769 208.931320
13.467574 209.701843
13.473379 0.000000
13.479183 864.644165
13.484988 866.762817
13.490793 380.222565
13.496598 377.763489
13.502403 374.398895
13.508208 372.817566
13.514013 4397.934570
13.519818 4401.833008
13.525623 246.765228
13.531428 224.359131
13.537233 4202.868164
13.543038 4313.335449
13.548843 4404.447266
13.554648 4439.233398
13.560453 4469.704102
13.566258 4504.537109
13.572063 4495.909668
13.577868 4464.902832
13.583673 4433.540039
13.589478 4385.227539
13.595284 4314.646973
13.601089 111.740486
13.606894 106.689629
13.612699 104.910492
13.618504 105.260101
13.624309 105.425995
13.630114 105.348396
13.635919 107.853500
13.641724 105.516640
13.647529 105.685280
13.653334 113.126587
13.659139 113.233772
13.664944 109.688499
13.670749 102.608994
13.676554 106.709053
13.682359 106.750534
13.688163 909.674438
13.693968 907.888794
13.699773 910.655151
13.705578 3268.163086
13.711383 3156.674316
13.717188 3105.675537
13.722993 3110.156982
13.728798 3161.767090
13.734603 3253.379883
13.740408 3786.808105
13.746213 1040.419922
13.752018 203.163086
13.757823 669.360901
13.763628 4608.158691
13.769433 4410.852051
13.775238 4305.879395
13.781043 4297.433594
13.786848 4368.646973
13.792653 101.056564
13.798458 100.973892
13.804263 1314.671631
13.810068 1321.650146
13.815873 153.331436
13.821678 306.890717
13.827483 306.140289
13.833288 152.082336
13.839093 151.835464
13.844898 151.764954
13.850703 151.989838
13.856508 152.187851
13.862313 152.140106
13.868118 152.025253
13.873923 152.127777
13.879728 152.345840
13.885533 152.421219
13.891337 152.366318
13.897142 152.278885
13.902947 152.233490
13.908752 152.304092
13.914557 152.429581
13.920362 152.404465
13.926167 101.268799
13.931973 101.335442
13.937778 101.331802
13.943583 101.221375
13.949388 151.967163
13.955193 152.314407
13.960998 152.576920
13.966803 281.329437
13.972608 282.242218
13.978413 151.305542
13.984218 151.115753
13.990023 409.079926
13.995828 407.203491
14.001633 149.786133
14.007438 279.995209
14.013243 99.915894
14.019048 202.944427
14.024853 202.931427
14.030658 203.199524
14.036463 3042.318604
14.042268 452.390839
14.048073 452.917816
14.053878 266.378784
14.059683 266.999329
14.065488 205.851593
14.071293 197.032166
14.077098 179.347672
14.082903 179.517487
14.088708 172.742966
14.094513 172.581177
14.100317 128.863083
14.106122 109.990440
14.111927 178.459869
14.117732 101.271233
14.123537 101.363411
14.129342 110.012054
14.135147 101.488876
14.140952 101.442093
14.146757 101.330383
14.152562 89.487785
14.158367 89.535439
14.164172 85.678291
14.169977 69.657188
14.175782 69.740326
14.181587 0.000000
14.187392 0.000000
14.193197 6306.358887
14.199002 6627.020508
14.204807 6687.261230
14.210612 6635.193359
14.216417 6601.365723
14.222222 6671.972656
14.228027 6803.797363
14.233832 6855.908203
14.239637 6772.789062
14.245442 6724.899414
14.251247 6765.018066
14.257052 6909.585938
14.262857 6685.830078
14.268662 6502.287109
14.274467 6459.374023
14.280272 6547.621094
14.286077 8043.876953
14.291883 8519.293945
14.297688 8768.178711
14.303492 3326.938965
14.309297 3315.023193
14.315102 5602.673828
14.320907 166.616577
14.326712 149.149078
14.332517 149.298782
14.338322 144.906326
14.344127 144.896423
14.349932 144.866974
14.355737 135.949936
14.361542 135.993240
14.367347 135.929825
14.373152 140.113083
14.378957 140.004944
14.384762 150.675873
14.390567 151.735947
14.396372 153.915909
14.402177 159.499252
14.407982 160.211197
14.413787 167.493271
14.419592 168.254440
14.425397 168.873398
14.431202 169.952484
14.437007 171.220032
14.442812 172.709656
14.448617 172.998428
14.454422 172.777725
14.460227 172.550064
14.466032 171.930786
14.471837 170.332733
14.477642 170.485733
14.483447 171.281464
14.489252 171.686905
14.495057 171.947128
14.500862 172.191589
14.506667 172.325760
14.512471 171.769867
14.518276 170.463257
14.524081 176.736435
14.529886 175.421524
14.535691 174.505524
14.541496 202.624939
14.547301 202.625336
14.553106 5387.332520
14.558911 5407.865234
14.564716 5438.269043
14.570521 5445.038574
14.576326 5440.696289
14.582131 5450.307617
14.587936 5482.905762
14.593741 5495.839355
14.599546 5433.811523
14.605351 5258.345215
14.611156 1854.941528
14.616961 1189.040039
14.622766 1188.840820
14.628572 1193.754272
14.634377 177.592316
14.640182 177.587402
14.645987 192.167603
14.651792 201.034866
14.657597 200.727432
14.663402 193.499496
14.669207 193.422287
14.675012 193.796783
14.680817 194.638458
14.686622 194.708710
14.692427 191.174271
14.698232 191.425430
14.704037 191.455063
14.709842 191.313721
14.715646 191.852905
14.721451 193.175888
14.727256 193.893372
14.733061 194.203171
14.738866 194.424667
14.744671 194.886658
14.750476 195.412918
14.756281 195.640579
14.762086 195.625580
14.767891 195.607544
14.773696 195.822189
14.779501 196.222076
14.785306 196.711060
14.791111 197.373978
14.796916 198.155716
14.802721 198.691559
14.808526 199.102020
14.814331 199.322876
14.820136 199.391296
14.825941 199.424103
14.831746 199.364288
14.837551 198.917343
14.843356 198.015732
14.849161 194.679718
14.854966 192.623505
14.860771 189.976257
14.866576 189.752121
14.872381 191.824341
14.878186 197.924118
14.883991 203.434753
14.889796 208.568924
14.895601 209.050491
14.901406 209.110474
14.907211 209.332031
14.913016 209.782913
14.918821 210.051285
14.924625 209.575592
14.930430 206.410721
14.936235 205.575607
14.942040 204.680740
14.947845 204.269257
14.953650 204.003632
14.959455 203.334198
14.965261 202.106964
14.971066 201.650513
14.976871 201.748856
14.982676 202.040787
14.988481 202.155853
14.994286 202.182541
15.000091 202.353302
15.005896 202.706085
15.011701 203.115967
15.017506 203.284912
15.023311 203.018845
15.029116 202.621231
15.034921 202.501038
15.040726 202.696960
15.046531 202.984116
15.052336 203.028030
15.058141 202.699219
15.063946 202.317673
15.069751 202.084320
15.075556 201.945480
15.081361 201.992752
15.087166 202.474304
15.092971 203.492950
15.098776 204.929443
15.104581 206.419296
15.110386 207.675766
15.116191 208.654617
15.121996 209.149338
15.127800 209.067291
15.133605 208.760910
15.139410 208.429703
15.145215 209.219574
15.151020 214.175659
15.156825 221.750946
15.162630 222.744598
15.168435 232.544083
15.174240 234.549240
15.180045 235.466888
15.185850 236.651627
15.191655 237.569077
15.197460 237.368286
15.203265 236.419922
15.209070 234.127594
15.214875 231.311401
15.220680 230.196167
15.226485 229.453430
15.232290 228.814285
15.238095 228.439911
15.243900 228.329636
15.249705 228.406372
15.255510 228.819290
15.261315 229.412521
15.267120 229.666168
15.272925 229.843597
15.278730 230.251602
15.284535 230.604492
15.290340 230.704453
15.296145 230.900055
15.301950 231.377014
15.307755 231.735535
15.313560 231.763641
15.319366 231.623367
15.325171 231.509857
15.330976 231.441910
15.336780 231.317093
15.342585 231.067947
15.348390 230.788559
15.354195 230.727753
15.360000 230.883850
15.365805 231.080566
15.371610 231.283371
15.377415 231.378204
15.383220 231.358078
15.389025 231.475037
15.394830 231.846619
15.400635 232.175186
15.406440 232.428711
15.412245 232.607452
15.418050 232.568634
15.423855 232.444473
15.429660 232.770508
15.435465 233.548752
15.441270 233.780914
15.447075 233.332809
15.452880 233.115814
15.458685 233.327530
15.464490 235.678528
15.470295 238.703430
15.476100 239.283340
15.481905 116.822586
15.487710 116.835678
15.493515 234.624710
15.499320 234.112946
15.505125 234.072479
15.510930 234.216873
15.516735 234.142990
15.522540 233.270599
15.528345 231.598572
15.534150 230.964539
15.539954 231.249863
15.545759 232.087463
15.551564 233.136246
15.557369 234.098770
15.563174 244.371216
15.568979 244.606827
15.574784 244.995590
15.580589 246.134369
15.586394 249.995819
15.592199 252.106598
15.598004 252.824402
15.603809 253.362106
15.609614 253.690369
15.615419 253.816513
15.621224 253.676407
15.627029 252.841339
15.632834 251.398163
15.638639 250.201263
15.644444 249.579590
15.650249 249.153763
15.656054 248.613876
15.661860 248.137283
15.667665 247.979782
15.673470 248.075653
15.679275 248.313965
15.685080 248.668655
15.690885 249.021484
15.696690 249.221725
15.702495 249.384323
15.708300 249.832138
15.714105 250.419449
15.719910 250.779816
15.725715 251.019241
15.731520 251.275192
15.737325 251.394531
15.743129 251.360291
15.748934 249.788406
15.754739 125.675705
15.760544 247.496765
15.766349 248.250946
15.772154 248.990540
15.777959 248.931564
15.783764 248.760330
15.789569 252.417892
15.795374 253.773163
15.801179 254.110138
15.806984 254.748962
15.812789 255.039963
15.818594 254.583588
15.824399 253.819351
15.830204 253.281631
15.836009 253.037857
15.841814 252.931076
15.847619 252.710480
15.853424 252.472168
15.859229 252.446747
15.865034 252.667465
15.870839 253.047150
15.876644 253.369583
15.882449 253.555939
15.888254 253.569046
15.894059 253.397583
15.899864 253.232758
15.905669 253.154251
15.911474 253.071198
15.917279 252.887131
15.923084 252.637512
15.928889 252.611877
15.934694 252.958344
15.940499 253.536942
15.946304 254.041916
15.952108 254.144745
15.957913 253.977325
15.963718 253.970932
15.969523 254.127945
15.975328 254.210373
15.981133 254.213348
15.986938 254.302246
15.992743 254.411713
15.998549 254.382690
16.004354 254.374557
16.010159 254.617310
16.015965 255.147156
16.021769 255.690598
16.027575 255.496780
16.033379 254.547516
16.039185 254.049057
16.044989 253.928391
16.050795 253.938599
16.056599 253.996841
16.062403 253.918823
16.068209 253.833527
16.074013 254.759460
16.079819 256.098755
16.085623 255.891769
16.091429 254.557449
16.097233 253.055176
16.103039 252.026764
16.108843 251.543045
16.114649 251.681931
16.120453 234.975372
16.126259 237.813553
16.132063 224.135773
16.137869 209.513168
16.143673 209.234772
16.149479 209.201324
16.155283 3465.357910
16.161089 202.192459
16.166893 202.535919
16.172699 202.490952
16.178503 202.302444
16.184309 202.222473
16.190113 202.328812
16.195919 202.448593
16.201723 202.552795
16.207529 202.661652
16.213333 134.817551
16.219139 134.806122
16.224943 134.755814
16.230749 101.104370
16.236553 101.122368
16.242359 101.145821
16.248163 101.175041
16.253969 268.773071
16.259773 269.501190
16.265577 270.036926
16.271383 201.674454
16.277187 201.679489
16.282993 202.019867
16.288797 202.041351
16.294603 201.881302
16.300407 780.628784
16.306213 4912.212891
16.312017 4924.039551
16.317823 4861.876465
16.323627 104.496574
16.329433 204.745544
16.335238 204.590454
16.341043 203.904068
16.346848 161.157669
16.352654 160.890091
16.358458 160.130417
16.364264 67.675308
16.370068 101.630257
16.375874 101.580757
16.381678 101.336540
16.387484 101.247658
16.393288 101.297783
16.399094 101.297714
16.404898 101.166046
16.410704 101.015732
16.416508 101.070511
16.422314 101.155968
16.428118 101.140816
16.433924 101.119934
16.439728 101.142685
16.445534 67.449249
16.451338 101.243690
16.457144 202.549210
16.462948 202.652634
16.468752 202.606766
16.474558 202.419266
16.480362 202.326233
16.486168 202.339005
16.491972 101.137489
16.497778 101.139580
16.503582 101.138474
16.509388 101.137344
16.515192 101.145142
16.520998 101.150826
16.526802 101.141602
16.532608 101.128403
16.538412 202.090271
16.544218 202.262115
16.550022 202.511536
16.555828 202.397385
16.561632 201.997055
16.567438 201.566193
16.573242 240.657608
16.579048 241.018173
16.584852 241.772095
16.590658 244.136536
16.596462 244.493805
16.602268 244.105911
16.608072 243.123184
16.613878 237.215469
16.619682 236.417297
16.625488 235.832672
16.631292 235.879761
16.637098 236.439041
16.642902 237.167770
16.648708 239.107300
16.654512 243.633224
16.660318 247.257950
16.666122 250.332535
16.671926 255.256378
16.677732 258.409180
16.683537 261.042450
16.689342 263.209106
16.695147 265.016144
16.700953 266.495178
16.706757 267.542145
16.712563 268.019012
16.718367 268.058807
16.724173 267.696228
16.729977 267.009796
16.735783 266.173920
16.741587 265.713440
16.747393 265.789856
16.753197 266.069580
16.759003 266.367920
16.764807 266.535431
16.770613 266.589752
16.776417 266.807343
16.782223 267.563110
16.788027 268.501068
16.793833 268.793640
16.799637 268.542908
16.805443 267.770325
16.811247 266.393219
16.817053 263.753601
16.822857 261.836670
16.828663 258.197205
16.834467 101.273483
16.840273 101.147560
16.846077 100.996902
16.851883 100.910965
16.857687 100.969086
16.863493 101.544289
16.869297 101.488495
16.875101 922.803650
16.880907 528.365356
16.886711 297.394470
16.892517 222.778244
16.898321 242.125122
16.904127 251.871796
16.909931 251.697861
16.915737 251.756851
16.921541 251.645004
16.927347 250.823013
16.933151 249.994415
16.938957 249.434387
16.944761 249.008530
16.950567 248.875839
16.956371 249.272430
16.962177 250.005997
16.967981 250.342987
16.973787 250.160217
16.979591 249.900894
16.985397 249.631287
16.991201 249.162354
16.997007 248.846283
17.002811 248.444656
17.008617 247.842026
17.014421 246.921051
17.020227 245.557190
17.026031 243.360443
17.031837 242.570877
17.037642 242.802353
17.043447 6650.300293
17.049252 6838.613281
17.055058 7315.277832
17.060862 7526.861816
17.066668 6826.600586
17.072472 6176.483398
17.078278 5961.136719
17.084082 5876.000488
17.089886 5858.805176
17.095692 255.539047
17.101496 254.976303
17.107302 255.322372
17.113106 255.691574
17.118912 256.660675
17.124716 257.239319
17.130522 125.335030
17.136326 4792.525391
17.142132 4834.783203
17.147936 286.265076
17.153742 287.524628
17.159546 246.571838
17.165352 248.934631
17.171156 249.064041
17.176962 248.216263
17.182766 247.239014
17.188572 236.156189
17.194376 239.687469
17.200182 239.247406
17.205986 228.202423
17.211792 114.046928
17.217596 113.885803
17.223402 113.780914
17.229206 228.625214
17.235012 229.444885
17.240816 230.498657
17.246622 231.051788
17.252426 231.309509
17.258232 231.370789
17.264036 231.045547
17.269842 230.084534
17.275646 227.479492
17.281452 222.770752
17.287256 220.128433
17.293060 203.124695
17.298866 101.305214
17.304670 202.086929
17.310476 202.097977
17.316280 201.934998
17.322086 201.533981
17.327890 200.984467
17.333696 200.941742
17.339500 201.492584
17.345306 201.668228
17.351110 201.518616
17.356916 201.462204
17.362720 201.605988
17.368526 201.845688
17.374331 201.952408
17.380136 201.760300
17.385941 201.307404
17.391747 200.919693
17.397551 200.806076
17.403357 200.882889
17.409161 201.190842
17.414967 201.788635
17.420771 202.046875
17.426577 201.990479
17.432381 202.148361
17.438187 202.496750
17.443991 202.080856
17.449797 196.820801
17.455601 99.872467
17.461407 99.913757
17.467211 202.682114
17.473017 202.310074
17.478821 202.025116
17.484627 201.862442
17.490431 201.205902
17.496235 199.413635
17.502041 197.927460
17.507845 201.966751
17.513651 202.047104
17.519455 5981.739746
17.525261 6103.817383
17.531065 6152.225098
17.536871 6168.000977
17.542675 6178.368652
17.548481 6199.194824
17.554285 6205.939453
17.560091 6137.252930
17.565895 6045.335938
17.571701 6067.599121
17.577505 6185.880859
17.583311 6298.083008
17.589115 6320.346191
17.594921 6240.856445
17.600725 6143.469727
17.606531 6082.612793
17.612335 6122.505859
17.618141 6207.701660
17.623945 6229.738281
17.629751 6180.726562
17.635555 6118.341797
17.641361 6118.104492
17.647165 6145.620605
17.652971 6143.176270
17.658775 6107.405273
17.664581 6071.803711
17.670385 6092.689453
17.676191 6143.392090
17.681995 6138.839355
17.687801 6088.352051
17.693605 6076.532715
17.699409 6108.222168
17.705215 6080.543457
17.711020 6031.613281
17.716825 6001.354492
17.722630 5951.926758
17.728436 5811.111328
17.734240 5617.266113
17.740046 204.266449
17.745850 203.044418
17.751656 202.854477
17.757460 202.737381
17.763266 202.583618
17.769070 202.363785
17.774876 201.911850
17.780680 201.729736
17.786486 201.905457
17.792290 201.961884
17.798096 201.788345
17.803900 201.536163
17.809706 201.432831
17.815510 201.453156
17.821316 201.397354
17.827120 201.206635
17.832926 200.996246
17.838730 200.828842
17.844536 200.783661
17.850340 201.101700
17.856146 201.634827
17.861950 201.888992
17.867756 201.901276
17.873560 201.865585
17.879366 202.012573
17.885170 202.417877
17.890976 202.765732
17.896780 202.848190
17.902586 202.790497
17.908390 202.815750
17.914194 202.996887
17.920000 203.165970
17.925804 203.060730
17.931610 202.548523
17.937414 201.584579
17.943220 199.993744
17.949024 199.184387
17.954830 189.313141
17.960634 188.825211
17.966440 188.332657
17.972244 174.610229
17.978050 174.750229
17.983854 200.243240
17.989660 201.336166
17.995464 202.650436
18.001270 207.753311
18.007074 861.060974
18.012880 862.195862
18.018684 382.515656
18.024490 382.530548
18.030294 1460.257690
18.036100 248.600708
18.041904 4309.907715
18.047710 4341.068848
18.053514 4303.552734
18.059320 4213.741699
18.065125 4206.245605
18.070930 4429.482910
18.076735 4659.644531
18.082541 4832.172852
18.088345 5056.701660
18.094151 2256.988770
18.099955 1528.376953
18.105761 1521.857056
18.111565 387.342896
18.117369 5456.792480
18.123175 5447.800293
18.128979 454.424072
18.134785 1578.245728
18.140589 1566.323242
18.146395 1554.824463
18.152199 1534.796387
18.158005 3102.377686
18.163809 3132.140381
18.169615 3128.430176
18.175419 3147.265137
18.181225 1492.799927
18.187029 88.617966
18.192835 74.250435
18.198639 82.537682
18.204445 82.529427
18.210249 82.555008
18.216055 4087.157715
18.221859 4106.273438
18.227665 4081.800293
18.233469 4084.078613
18.239275 4149.519531
18.245079 4255.718262
18.250885 4371.381348
18.256689 4471.862305
18.262495 4547.382812
18.268299 4650.887207
18.274105 4481.922363
18.279909 4328.139160
18.285715 4216.128906
18.291519 411.232025
18.297325 3709.410645
18.303129 3782.964600
18.308935 3755.853027
18.314739 3706.686523
18.320543 203.030411
18.326349 203.764893
18.332153 204.762680
18.337959 205.259659
18.343763 204.618637
18.349569 203.401764
18.355373 202.128021
18.361179 201.485733
18.366983 201.020050
18.372789 200.663483
18.378593 200.443756
18.384399 200.316284
18.390203 200.214767
18.396009 200.688538
18.401814 203.196152
18.407619 203.518097
18.413424 203.771622
18.419230 204.148804
18.425034 204.508667
18.430840 219.966461
18.436644 222.589432
18.442450 223.922028
18.448254 227.310562
18.454060 229.918564
18.459864 229.946091
18.465670 239.419174
18.471474 239.236725
18.477280 229.061737
18.483084 228.805435
18.488890 228.001266
18.494694 226.756363
18.500500 224.727982
18.506304 222.668823
18.512110 221.896133
18.517914 221.314865
18.523718 220.303116
18.529524 218.492706
18.535328 217.297348
18.541134 217.338562
18.546938 218.181946
18.552744 219.408813
18.558548 221.132294
18.564354 224.041290
18.570158 226.187698
18.575964 226.382401
18.581768 226.274445
18.587574 226.684662
18.593378 227.888626
18.599184 229.149185
18.604988 229.543839
18.610794 228.962814
18.616598 228.137741
18.622404 227.566040
18.628208 114.012383
18.634014 113.997620
18.639818 113.901970
18.645624 226.975128
18.651428 226.846924
18.657234 226.863480
18.663038 226.852310
18.668844 226.684723
18.674648 226.245377
18.680454 225.525314
18.686258 224.825043
18.692064 224.754776
18.697868 225.216675
18.703674 225.954071
18.709478 226.723694
18.715284 227.341583
18.721088 227.757355
18.726892 227.865341
18.732698 227.748123
18.738503 227.799652
18.744308 228.065094
18.750113 228.167496
18.755919 228.108490
18.761723 228.114975
18.767529 228.240265
18.773333 228.202454
18.779139 227.682846
18.784943 227.122055
18.790749 226.656494
18.796553 226.305008
18.802359 226.129272
18.808163 226.068008
18.813969 225.980164
18.819773 225.896240
18.825579 226.023499
18.831383 226.310669
18.837189 226.536423
18.842993 226.699509
18.848799 225.431610
18.854603 223.494080
18.860409 222.927292
18.866213 223.073868
18.872019 226.501801
18.877823 226.918335
18.883629 226.979935
18.889433 226.914032
18.895239 226.840225
18.901043 232.113937
18.906849 225.743622
18.912653 225.748871
18.918459 226.107056
18.924263 226.626190
18.930069 226.857544
18.935873 226.783600
18.941677 227.121674
18.947483 227.361038
18.953287 227.346497
18.959093 227.204056
18.964897 226.960709
18.970703 226.778564
18.976507 226.859161
18.982313 226.996399
18.988117 227.161606
18.993923 227.290573
18.999727 227.243851
19.005533 227.046555
19.011337 226.870590
19.017143 227.001938
19.022947 227.523636
19.028753 227.980469
19.034557 228.138824
19.040363 228.228745
19.046167 228.319962
19.051973 228.205826
19.057777 227.865402
19.063583 227.632278
19.069387 227.479706
19.075193 227.215637
19.080997 226.927963
19.086803 226.807617
19.092607 226.902267
19.098413 226.910629
19.104218 226.653091
19.110023 219.816650
19.115828 225.764709
19.121634 226.365997
19.127438 226.811111
19.133244 227.531693
19.139048 227.106232
19.144852 226.483063
19.150658 225.343231
19.156462 224.723083
19.162268 225.184265
19.168072 114.775009
19.173878 228.284317
19.179682 228.876511
19.185488 228.612366
19.191292 227.947281
19.197098 226.768600
19.202902 226.182922
19.208708 225.948151
19.214512 225.894485
19.220318 225.865295
19.226122 225.726593
19.231928 225.406555
19.237732 225.102310
19.243538 225.091248
19.249342 225.321121
19.255148 225.584045
19.260952 225.761597
19.266758 225.818954
19.272562 225.793198
19.278368 225.721970
19.284172 225.632706
19.289978 225.618927
19.295782 225.768524
19.301588 225.989639
19.307392 226.137360
19.313198 226.161835
19.319002 226.093689
19.324808 225.985001
19.330612 225.746964
19.336418 225.141708
19.342222 224.110062
19.348026 222.618790
19.353832 220.230377
19.359636 216.595078
19.365442 212.714310
19.371246 210.140427
19.377052 208.580261
19.382856 167.185608
19.388662 166.723557
19.394466 182.817902
19.400272 182.836777
19.406076 184.026703
19.411882 192.593399
19.417686 199.669891
19.423492 200.495239
19.429296 200.239517
19.435102 208.020660
19.440907 207.998032
19.446712 207.882370
19.452517 198.839172
19.458323 199.426025
19.464127 199.469086
19.469933 199.181595
19.475737 198.496033
19.481543 193.329239
19.487347 193.374176
19.493153 193.042526
19.498957 192.422592
19.504763 191.678223
19.510567 100.346870
19.516373 202.250412
19.522177 202.325714
19.527983 202.173615
19.533787 201.788712
19.539593 201.699341
19.545397 206.069626
19.551201 205.412231
19.557007 202.842636
19.562811 201.560181
19.568617 200.904465
19.574421 200.545715
19.580227 200.371887
19.586031 200.261871
19.591837 200.159393
19.597641 200.220825
19.603447 200.451981
19.609251 200.331390
19.615057 200.294785
19.620861 200.844025
19.626667 201.831009
19.632471 202.372955
19.638277 202.783295
19.644081 203.176559
19.649887 203.449402
19.655691 203.851715
19.661497 207.810715
19.667301 209.743073
19.673107 210.128967
19.678911 209.426697
19.684717 220.508484
19.690521 220.810394
19.696327 232.783783
19.702131 232.909546
19.707937 233.805344
19.713741 234.421646
19.719547 234.526398
19.725351 234.406967
19.731157 234.178192
19.736961 226.695297
19.742767 226.279785
19.748571 226.336639
19.754377 226.888214
19.760181 228.530289
19.765985 232.710556
19.771791 235.979279
19.777596 240.209488
19.783401 242.310211
19.789206 244.313293
19.795012 246.307175
19.800816 248.363663
19.806622 249.881119
19.812426 250.609314
19.818232 250.989868
19.824036 251.205566
19.829842 251.294708
19.835646 251.176086
19.841452 250.708603
19.847256 249.896255
19.853062 248.985855
19.858866 248.507889
19.864672 248.365906
19.870476 248.204163
19.876282 247.999390
19.882086 247.915298
19.887892 248.057755
19.893696 248.291397
19.899502 248.361053
19.905306 247.983612
19.911112 247.186539
19.916916 246.289856
19.922722 245.127274
19.928526 243.299942
19.934332 240.877884
19.940136 237.950974
19.945942 235.197800
19.951746 233.770645
19.957552 236.753891
19.963356 238.642273
19.969160 232.744980
19.974966 232.894180
19.980770 240.456085
19.986576 0.000000
19.992380 179.224533
19.998186 186.412979
20.003990 192.347778
20.009796 193.451431
20.015600 194.680496
20.021406 194.688156
20.027210 203.263565
20.033016 203.263687
20.038820 192.923096
20.044626 192.513412
20.050430 191.807571
20.056236 191.248398
20.062040 191.079285
20.067846 191.006744
20.073650 190.822327
20.079456 190.743469
20.085260 191.079391
20.091066 191.485916
20.096870 191.637085
20.102676 191.592743
20.108480 191.327560
20.114286 203.194412
20.120090 203.301132
20.125896 76.138878
20.131701 76.161217
20.137506 76.166878
20.143311 76.187279
20.149117 76.238960
20.154921 76.267357
20.160727 76.258728
20.166531 76.232460
20.172335 76.232895
20.178141 76.285973
20.183945 76.145699
20.189751 76.138222
20.195555 76.179253
20.201361 76.326973
20.207165 76.372093
20.212971 76.341736
20.218775 76.291313
20.224581 76.260025
20.230385 227.069504
20.236191 227.400864
20.241995 227.888824
20.247801 229.934174
20.253605 231.163574
20.259411 0.000000
20.265215 0.000000
20.271021 710.028625
20.276825 587.960693
20.282631 584.283081
20.288435 275.591888
20.294241 0.000000
20.300045 372.643524
20.305851 4395.506836
20.311655 202.770752
20.317461 202.596466
20.323265 201.640305
20.329071 201.318756
20.334875 201.744034
20.340681 201.381149
20.346485 200.873886
20.352291 200.924103
20.358095 201.227020
20.363901 201.335831
20.369705 200.261124
20.375509 197.382523
20.381315 196.605789
20.387119 196.093201
20.392925 195.488480
20.398729 194.903534
20.404535 194.579575
20.410339 194.701599
20.416145 195.154572
20.421949 195.763412
20.427755 196.868698
20.433559 198.225967
20.439365 199.419876
20.445169 200.437881
20.450975 201.746552
20.456779 203.317749
20.462585 204.302795
20.468390 204.800659
20.474195 205.113312
20.480000 205.172241
20.485806 205.127548
20.491610 205.224625
20.497416 205.217651
20.503220 204.755478
20.509026 203.968353
20.514830 203.194809
20.520636 202.300735
20.526440 200.893845
20.532246 199.406281
20.538050 197.799728
20.543856 196.724380
20.549660 196.564590
20.555466 196.612045
20.561270 196.659378
20.567076 192.465210
20.572880 192.202667
20.578686 192.078247
20.584490 191.949600
20.590294 191.765396
20.596100 198.498352
20.601904 198.358887
20.607710 198.457886
20.613514 198.883148
20.619320 199.528107
20.625124 200.338333
20.630930 201.427078
20.636734 202.317932
20.642540 203.000198
20.648344 203.944656
20.654150 205.253754
20.659954 206.123123
20.665760 206.342957
20.671564 206.194366
20.677370 205.527786
20.683174 204.174866
20.688980 202.846970
20.694784 201.847229
20.700590 200.709824
20.706394 199.163818
20.712200 197.570389
20.718004 196.362259
20.723810 195.808350
20.729614 195.520706
20.735420 195.027313
20.741224 194.433624
20.747030 194.262527
20.752834 194.560333
20.758640 195.045624
20.764444 195.623291
20.770250 196.545029
20.776054 197.961243
20.781860 199.361572
20.787664 200.310623
20.793468 201.146545
20.799274 201.945938
20.805079 202.495712
20.810884 202.827698
20.816689 202.817017
20.822495 202.711334
20.828299 202.739426
20.834105 202.892380
20.839909 207.074631
20.845715 199.552124
20.851519 198.703308
20.857325 198.065918
20.863129 197.436951
20.868935 195.466431
20.874739 194.939606
20.880545 194.813873
20.886349 202.365540
20.892155 202.164413
20.897959 194.965057
20.903765 195.340271
20.909569 98.417862
20.915375 98.664009
20.921179 98.971031
20.926985 99.132095
20.932789 200.621597
20.938595 201.161682
20.944399 201.346878
20.950205 201.477005
20.956009 201.792191
20.961815 202.109070
20.967619 202.310837
20.973425 202.470016
20.979229 202.479858
20.985035 202.167511
20.990839 201.828156
20.996643 201.548828
21.002449 201.059235
21.008253 200.272781
21.014059 199.286102
21.019863 198.098190
21.025669 197.879257
21.031473 198.387070
21.037279 198.457489
21.043083 198.056854
21.048889 197.959930
21.054693 198.589157
21.060499 199.755417
21.066303 200.974915
21.072109 201.868698
21.077913 202.080231
21.083719 201.962189
21.089523 201.939026
21.095329 201.826324
21.101133 200.899261
21.106939 199.555756
21.112743 198.203415
21.118549 197.901352
21.124353 198.319107
21.130159 198.558899
21.135963 792.235535
21.141769 788.784119
21.147573 3206.000732
21.153379 227.124649
21.159184 227.051376
21.164989 202.247238
21.170794 201.866440
21.176600 201.770218
21.182404 201.733124
21.188210 201.942810
21.194014 202.288620
21.199818 202.491165
21.205624 202.384628
21.211428 202.084534
21.217234 201.977371
21.223038 202.210876
21.228844 202.483429
21.234648 202.552017
21.240454 202.431824
21.246258 202.359131
21.252064 202.453506
21.257868 202.466751
21.263674 202.342682
21.269478 101.173622
21.275284 101.170563
21.281088 202.295441
21.286894 202.415298
21.292698 202.546524
21.298504 202.586914
21.304308 202.613342
21.310114 202.632629
21.315918 101.251678
21.321724 101.257820
21.327528 101.256805
21.333334 101.181061
21.339138 101.119980
21.344944 101.133804
21.350748 101.182655
21.356554 101.245758
21.362358 101.309975
21.368164 101.308228
21.373968 101.219711
21.379774 101.199745
21.385578 101.257515
21.391384 101.428116
21.397188 152.026855
21.402992 938.377991
21.408798 937.051208
21.414602 191.238068
21.420408 382.810638
21.426212 383.952820
21.432018 353.384125
21.437822 352.698456
21.443628 185.547775
21.449432 185.440704
21.455238 185.691452
21.461042 4374.841797
21.466848 972.963867
21.472652 975.338501
21.478458 572.813721
21.484262 575.882874
21.490068 3125.922852
21.495872 3117.777344
21.501678 3113.723877
21.507483 3101.675781
21.513288 3078.869873
21.519093 3072.581543
21.524899 3164.306152
21.530703 3374.536377
21.536509 3359.729492
21.542313 3243.993652
21.548119 3195.048584
21.553923 3178.860840
21.559729 3120.076416
21.565533 462.267212
21.571339 3084.444824
21.577143 3100.657715
21.582949 3104.745361
21.588753 3084.538818
21.594559 3061.385254
21.600363 1018.598633
21.606169 1025.716309
21.611973 3121.501953
21.617777 3105.980713
21.623583 3086.239258
21.629387 3087.732178
21.635193 3088.565918
21.640997 3063.603271
21.646803 3014.148193
21.652607 3016.352539
21.658413 3077.340820
21.664217 3114.863525
21.670023 3110.054932
21.675827 3068.735107
21.681633 3085.956787
21.687437 2078.705078
21.693243 2068.073242
21.699047 3994.265381
21.704853 4035.736816
21.710657 188.379440
21.716463 188.149765
21.722267 165.188782
21.728073 151.954437
21.733877 146.871490
21.739683 146.764984
21.745487 1559.996460
21.751293 110.810905
21.757097 110.758598
21.762903 2711.662354
21.768707 106.022545
21.774513 2646.101318
21.780317 103.625549
21.786123 101.630508
21.791927 101.443863
21.797733 101.224953
21.803537 100.920586
21.809343 100.715355
21.815147 2433.434326
21.820951 101.352623
21.826757 101.436485
21.832561 101.505066
21.838367 101.541466
21.844172 198.476425
21.849977 66.879395
21.855782 224.034317
21.861588 223.653229
21.867392 222.955368
21.873198 203.025314
21.879002 202.506622
21.884808 202.553375
21.890612 202.613007
21.896418 202.550980
21.902222 202.532669
21.908028 202.682358
21.913832 202.884460
21.919638 202.807022
21.925442 202.373459
21.931248 202.061340
21.937052 202.297134
21.942858 101.038452
21.948662 100.946548
21.954468 100.899719
21.960272 100.891388
21.966078 272.073792
21.971882 270.248596
21.977688 268.186890
21.983492 266.188263
21.989298 249.926910
21.995102 240.216019
22.000908 233.713501
22.006712 233.440796
22.012518 232.611328
22.018322 231.417038
22.024126 230.470810
22.029932 225.343155
22.035736 224.922256
22.041542 224.975571
22.047346 225.537186
22.053152 226.914124
22.058956 228.222565
22.064762 229.345306
22.070566 230.734573
22.076372 232.770584
22.082176 239.902267
22.087982 241.111252
22.093786 242.121750
22.099592 243.065186
22.105396 247.314499
22.111202 250.075699
22.117006 250.352203
22.122812 250.161194
22.128616 250.336670
22.134422 251.172211
22.140226 252.188782
22.146032 252.799561
22.151836 253.161179
22.157642 253.320557
22.163446 253.230560
22.169252 253.072556
22.175056 252.926285
22.180862 252.727036
22.186666 252.813980
22.192472 253.295502
22.198277 253.801071
22.204082 254.123657
22.209887 254.412735
22.215693 255.273209
22.221497 256.429230
22.227301 257.191498
22.233107 257.220886
22.238911 256.820953
22.244717 256.497223
22.250521 256.120514
22.256327 255.005539
22.262131 253.704178
22.267937 253.024597
22.273741 252.633896
22.279547 252.646194
22.285351 257.144623
22.291157 256.165894
22.296961 254.185135
22.302767 253.930695
22.308571 254.621948
22.314377 255.151840
22.320181 255.490875
22.325987 256.176575
22.331791 256.372223
22.337597 255.543808
22.343401 254.747787
22.349207 254.184647
22.355011 253.892776
22.360817 253.648239
22.366621 253.861420
22.372427 974.762634
22.378231 979.388062
22.384037 985.621399
22.389841 266.714081
22.395647 267.011749
22.401451 268.037415
22.407257 287.859955
22.413061 280.244751
22.418867 279.950104
22.424671 278.299927
22.430477 275.750305
22.436281 274.264771
22.442085 273.785706
22.447891 273.396088
22.453695 272.932648
22.459501 272.690063
22.465305 272.557709
22.471111 272.245270
22.476915 271.737122
22.482721 271.313202
22.488525 271.079498
22.494331 270.951538
22.500135 270.911438
22.505941 270.959625
22.511745 270.835297
22.517551 270.340240
22.523355 269.690918
22.529161 269.398712
22.534966 270.108459
22.540771 134.775925
22.546576 273.592499
22.552382 273.682983
22.558186 273.285889
22.563992 273.233398
22.569796 273.531067
22.575602 273.222748
22.581406 272.218384
22.587212 271.533325
22.593016 271.183380
22.598822 271.233368
22.604626 271.047119
22.610432 270.402893
22.616236 270.079376
22.622042 270.143585
22.627846 270.446930
22.633652 270.708710
22.639456 270.636536
22.645260 270.188354
22.651066 269.587769
22.656870 269.218231
22.662676 269.029266
22.668480 268.814972
22.674286 268.512329
22.680090 268.204041
22.685896 268.111481
22.691700 268.419952
22.697506 269.142670
22.703310 270.155426
22.709116 270.932220
22.714920 271.192139
22.720726 270.885651
22.726530 269.962952
22.732336 269.056122
22.738140 268.690704
22.743946 268.264282
22.749750 267.242706
22.755556 265.941925
22.761360 265.518982
22.767166 265.588959
22.772970 265.837433
22.778776 266.234283
22.784580 266.917389
22.790386 236.978165
22.796190 236.846207
22.801996 258.184479
22.807800 278.591400
22.813606 278.397949
22.819410 279.581940
22.825216 281.644348
22.831020 286.918823
22.836826 287.521027
22.842630 286.517792
22.848434 284.351929
22.854240 282.252258
22.860044 280.755005
22.865850 278.942505
22.871655 275.837189
22.877460 273.845215
22.883265 272.385010
22.889071 271.021698
22.894875 270.547943
22.900681 270.868652
22.906485 272.054321
22.912291 281.509399
22.918095 283.464783
22.923901 285.496124
22.929705 289.003601
22.935511 292.171967
22.941315 294.513184
22.947121 297.952118
22.952925 299.374359
22.958731 300.455353
22.964535 301.810852
22.970341 302.715790
22.976145 303.063385
22.981951 303.000336
22.987755 302.748993
22.993561 302.467957
22.999365 302.188538
23.005171 301.815277
23.010975 301.157776
23.016781 299.776733
23.022585 298.261353
23.028391 298.028992
23.034195 298.463898
23.040001 299.718658
23.045805 301.035828
23.051609 301.280090
23.057415 300.855377
23.063219 300.410492
23.069025 300.754089
23.074829 301.320221
23.080635 301.278046
23.086439 300.088715
23.092245 298.777740
23.098049 298.542358
23.103855 298.507141
23.109659 298.904541
23.115465 301.159271
23.121269 302.589081
23.127075 99.914223
23.132879 150.799500
23.138685 150.859528
23.144489 151.017639
23.150295 151.102982
23.156099 151.041519
23.161905 300.464447
23.167709 300.961304
23.173515 301.632782
23.179319 302.302643
23.185125 302.609314
23.190929 302.695435
23.196735 303.035919
23.202539 302.930420
23.208345 301.870270
23.214149 301.006714
23.219955 300.576477
23.225760 300.515289
23.231565 300.322723
23.237370 300.336395
23.243176 301.000610
23.248980 302.107391
23.254784 303.067383
23.260590 302.987274
23.266394 302.524078
23.272200 302.178497
23.278004 302.072021
23.283810 302.183624
23.289614 302.114624
23.295420 301.763306
23.301224 301.659363
23.307030 301.710724
23.312834 301.595001
23.318640 301.561401
23.324444 301.773529
23.330250 301.812836
23.336054 301.302612
23.341860 300.727966
23.347664 300.591248
23.353470 300.665131
23.359274 300.648682
23.365080 300.396118
23.370884 299.981812
23.376690 299.277405
23.382494 298.333527
23.388300 298.006561
23.394104 298.823456
23.399910 301.272247
23.405714 301.584656
23.411520 301.251556
23.417324 300.539398
23.423130 300.016754
23.428934 299.967621
23.434740 299.507904
23.440544 298.828278
23.446350 298.781586
23.452154 298.847961
23.457960 298.307617
23.463764 297.593445
23.469568 297.485840
23.475374 297.986328
23.481178 298.790710
23.486984 299.484436
23.492788 299.561890
23.498594 299.375488
23.504398 299.393158
23.510204 299.587708
23.516008 299.514648
23.521814 299.078918
23.527618 298.773926
23.533424 298.914124
23.539228 299.438873
23.545034 299.949463
23.550838 300.148071
23.556644 300.141846
23.562449 300.120361
23.568254 300.012146
23.574059 299.672668
23.579865 299.390015
23.585669 299.361298
23.591475 299.474487
23.597279 299.758789
23.603085 300.168518
23.608889 300.371490
23.614695 300.372162
23.620499 300.503021
23.626305 300.889130
23.632109 301.330505
23.637915 301.594513
23.643719 301.694885
23.649525 301.745544
23.655329 302.024353
23.661135 302.910461
23.666939 303.432983
23.672743 301.949280
23.678549 300.575012
23.684353 300.623993
23.690159 301.175995
23.695963 75.624863
23.701769 150.801804
23.707573 301.895935
23.713379 302.833893
23.719183 302.945251
23.724989 302.471466
23.730793 301.937439
23.736599 301.897736
23.742403 302.232025
23.748209 302.470093
23.754013 302.379517
23.759819 302.057465
23.765623 301.910919
23.771429 302.087433
23.777233 302.495148
23.783039 302.694427
23.788843 302.683655
23.794649 302.750458
23.800453 302.829620
23.806259 302.589996
23.812063 302.203522
23.817869 301.905518
23.823673 301.635254
23.829479 301.481079
23.835283 301.699738
23.841089 302.417969
23.846893 303.215942
23.852699 303.267029
23.858503 302.676575
23.864309 301.946625
23.870113 301.099762
23.875917 300.336365
23.881723 300.070984
23.887527 300.126495
23.893333 300.316803
23.899137 300.657867
23.904943 301.048401
23.910748 301.188904
23.916553 300.800018
23.922358 300.292267
23.928164 300.110413
23.933968 300.370026
23.939774 300.887634
23.945578 301.310333
23.951384 302.149414
23.957188 303.623352
23.962994 304.780426
23.968798 305.436951
23.974604 305.272064
23.980408 302.948822
23.986214 151.085709
23.992018 301.916382
23.997824 302.244659
24.003628 302.882751
24.009434 303.417877
24.015238 303.481171
24.021044 303.316315
24.026848 302.858826
24.032654 302.206085
24.038458 301.877838
24.044264 301.595367
24.050068 301.148254
24.055874 300.963562
24.061678 301.179626
24.067484 301.455841
24.073288 301.528107
24.079092 301.391235
24.084898 301.247925
24.090702 301.167297
24.096508 300.948059
24.102312 300.513733
24.108118 300.145508
24.113922 300.240662
24.119728 300.631012
24.125532 300.923920
24.131338 300.983917
24.137142 301.078827
24.142948 301.603027
24.148752 302.360870
24.154558 303.013885
24.160362 303.571289
24.166168 303.864288
24.171972 303.766357
24.177778 303.474274
24.183582 303.205841
24.189388 302.885712
24.195192 302.383453
24.200998 301.867828
24.206802 301.663727
24.212608 301.803070
24.218412 302.076813
24.224218 302.350220
24.230022 302.531342
24.235828 302.528564
24.241632 302.464630
24.247438 302.502563
24.253242 302.793121
24.259048 303.793915
24.264853 152.445923
24.270658 152.234375
24.276463 151.949310
24.282269 151.557495
24.288073 305.188538
24.293877 304.670959
24.299683 304.662628
24.305487 305.351776
24.311293 305.888947
24.317097 305.688782
24.322903 304.138672
24.328707 302.167572
24.334513 126.513710
24.340317 4084.537109
24.346123 4085.695312
24.351927 4233.879883
24.357733 4627.199219
24.363537 4923.599121
24.369343 5042.888672
24.375147 5109.283203
24.380953 5195.680176
24.386757 5323.552734
24.392563 5412.409180
24.398367 5417.251465
24.404173 5337.164551
24.409977 5160.296875
24.415783 5084.934082
24.421587 5243.966797
24.427393 5432.586914
24.433197 5084.725586
24.439003 2327.667480
24.444807 7645.263672
24.450613 7576.513672
24.456417 7494.345703
24.462223 7560.995117
24.468027 7659.277832
24.473833 7700.981934
24.479637 7778.461914
24.485443 7887.972656
24.491247 8014.593750
24.497051 8086.632812
24.502857 8124.603516
24.508661 4312.778809
24.514467 4666.407715
24.520271 4878.089844
24.526077 658.131531
24.531881 101.195198
24.537687 308.736206
24.543491 295.508301
24.549297 297.937164
24.555101 299.351318
24.560907 299.438934
24.566711 280.157593
24.572517 279.054749
24.578321 275.703918
24.584127 270.208130
24.589931 269.754456
24.595737 268.966339
24.601542 268.080353
24.607347 267.784454
24.613152 267.928162
24.618958 268.135834
24.624762 268.002869
24.630568 267.670502
24.636372 267.405579
24.642178 267.304382
24.647982 267.275421
24.653788 267.182770
24.659592 267.218109
24.665398 267.793152
24.671202 268.992279
24.677008 270.005219
24.682812 270.315002
24.688618 270.116364
24.694422 269.698334
24.700226 269.424957
24.706032 269.475433
24.711836 269.910431
24.717642 270.465546
24.723446 270.966095
24.729252 271.601379
24.735056 272.217224
24.740862 272.486359
24.746666 272.303925
24.752472 271.852692
24.758276 271.509613
24.764082 271.423828
24.769886 271.238495
24.775692 270.561096
24.781496 269.313965
24.787302 267.621002
24.793106 265.113129
24.798912 262.722626
24.804716 575.389282
24.810522 196.131287
24.816326 196.108200
24.822132 667.027527
24.827936 210.807800
24.833742 248.175827
24.839546 247.949265
24.845352 260.677643
24.851156 260.129242
24.856962 259.844513
24.862766 259.312897
24.868572 258.127014
24.874376 256.570282
24.880182 127.063377
24.885986 126.869942
24.891792 126.686401
24.897596 126.402046
24.903400 126.059563
24.909206 125.978539
24.915010 251.900742
24.920816 250.929337
24.926620 250.578354
24.932426 250.355347
24.938231 250.489716
24.944036 251.087280
24.949841 251.856934
24.955647 126.768875
24.961451 126.752838
24.967257 251.965317
24.973061 251.932251
24.978867 252.477356
24.984671 253.389694
24.990477 254.218231
24.996281 254.909042
25.002087 255.508820
25.007891 127.605370
25.013697 127.711189
25.019501 127.794716
25.025307 127.785339
25.031111 127.677437
25.036917 127.540283
25.042721 127.420403
25.048527 127.354118
25.054331 127.259605
25.060137 126.901794
25.065941 274.779846
25.071747 277.344055
25.077551 279.361877
25.083357 298.695435
25.089161 283.027161
25.094967 265.601288
25.100771 266.648590
25.106575 267.180725
25.112381 266.426605
25.118185 265.318542
25.123991 264.944489
25.129795 264.921906
25.135601 264.389130
25.141405 262.367188
25.147211 129.768158
25.153015 258.669861
25.158821 257.369843
25.164625 256.267639
25.170431 255.481323
25.176235 254.957779
25.182041 254.543442
25.187845 254.254745
25.193651 254.031693
25.199455 253.853973
25.205261 253.768082
25.211065 253.692413
25.216871 253.499207
25.222675 253.162216
25.228481 252.660614
25.234285 252.136368
25.240091 251.843170
25.245895 251.787460
25.251701 251.973083
25.257505 126.228577
25.263311 126.479027
25.269115 126.729347
25.274921 254.474960
25.280725 254.778381
25.286531 255.304001
25.292336 127.577293
25.298141 127.666519
25.303946 255.697937
25.309752 127.515198
25.315556 254.857361
25.321360 254.165100
25.327166 252.783707
25.332970 124.949219
25.338776 123.790001
25.344580 246.192978
25.350386 242.387115
25.356190 236.624130
25.361996 234.096008
25.367800 233.011719
25.373606 232.085495
25.379410 231.647049
25.385216 219.846756
25.391020 76.026062
25.396826 76.012497
25.402630 76.038010
25.408436 76.067604
25.414240 76.089195
25.420046 115.690887
25.425850 115.672974
25.431656 114.844955
25.437460 226.931656
25.443266 226.786057
25.449070 226.687469
25.454876 226.325455
25.460680 223.378342
25.466486 223.109833
25.472290 222.704620
25.478096 222.134872
25.483900 221.561874
25.489706 221.601440
25.495510 221.674133
25.501316 221.437225
25.507120 221.438751
25.512926 221.983902
25.518730 222.641617
25.524534 223.267288
25.530340 223.843491
25.536144 224.349716
25.541950 224.763275
25.547754 225.193695
25.553560 225.789597
25.559364 115.520515
25.565170 115.915283
25.570974 116.576500
25.576780 233.343369
25.582584 233.515076
25.588390 233.305679
25.594194 232.775040
25.600000 232.175522
25.605804 231.708466
25.611610 230.590057
25.617414 225.808029
25.623220 224.161713
25.629025 222.037292
25.634830 217.935928
25.640635 217.594467
25.646441 218.834854
25.652245 219.964661
25.658051 219.735504
25.663855 219.329285
25.669661 227.031738
25.675465 227.033325
25.681271 226.949066
25.687075 226.808472
25.692881 226.359756
25.698685 225.903656
25.704491 225.956085
25.710295 226.835724
25.716101 227.484802
25.721905 227.819458
25.727709 227.999664
25.733515 228.118835
25.739319 228.242203
25.745125 228.006897
25.750929 227.715073
25.756735 227.467102
25.762539 227.429504
25.768345 227.291443
25.774149 226.906662
25.779955 226.553146
25.785759 226.355148
25.791565 226.271072
25.797369 226.253693
25.803175 226.166092
25.808979 217.277649
25.814785 217.860336
25.820589 218.735825
25.826395 219.545135
25.832199 225.621323
25.838005 226.029724
25.843809 226.529892
25.849615 226.760818
25.855419 226.748199
25.861225 226.709656
25.867029 226.733261
25.872835 226.887222
25.878639 227.238388
25.884445 227.650513
25.890249 227.901443
25.896055 227.921402
25.901859 227.864990
25.907665 227.840027
25.913469 227.906326
25.919275 227.936691
25.925079 228.013123
25.930883 225.524796
25.936689 223.302826
25.942493 223.134430
25.948299 223.639404
25.954103 224.417999
25.959909 226.351334
25.965714 228.337341
25.971519 228.161331
25.977324 227.272446
25.983130 226.074905
25.988934 225.481186
25.994740 225.286880
26.000544 225.417999
26.006350 113.760468
26.012154 113.820992
26.017960 113.902153
26.023764 113.971413
26.029570 114.052628
26.035374 223.989136
26.041180 224.364502
26.046984 75.777077
26.052790 75.819168
26.058594 75.862312
26.064400 115.143951
26.070204 115.919594
26.076010 231.849350
26.081814 232.308624
26.087620 231.507858
26.093424 229.497955
26.099230 217.945038
26.105034 218.730377
26.110840 207.577026
26.116644 205.972336
26.122450 203.835739
26.128254 151.244354
26.134060 151.231903
26.139864 303.203857
26.145668 303.556030
26.151474 303.824097
26.157278 303.795654
26.163084 303.521545
26.168888 303.319611
26.174694 303.332275
26.180498 206.936737
26.186304 206.029129
26.192108 204.802109
26.197914 204.702652
26.203718 206.805466
26.209524 336.749481
26.215328 334.330994
26.221134 308.218597
26.226938 4132.745605
26.232744 4168.393066
26.238548 249.006607
26.244354 171.322952
26.250158 170.368774
26.255964 170.382126
26.261768 171.016098
26.267574 171.760193
26.273378 172.051300
26.279184 172.175568
26.284988 202.253159
26.290794 202.565735
26.296598 101.744331
26.302404 101.750824
26.308208 101.664215
26.314014 101.583107
26.319818 84.383888
26.325624 85.240532
26.331429 85.206032
26.337234 84.682411
26.343039 84.671379
26.348843 84.667595
26.354649 84.651955
26.360453 257.780518
26.366259 258.047028
26.372063 257.779175
26.377869 256.887909
26.383673 256.138306
26.389479 256.202301
26.395283 85.092194
26.401089 256.892365
26.406893 256.857635
26.412699 126.978493
26.418503 126.992271
26.424309 128.859314
26.430113 102.246223
26.435919 251.749649
26.441723 127.481758
26.447529 248.460266
26.453333 85.173660
26.459139 78.901352
26.464943 485.804932
26.470749 1006.326538
26.476553 1005.913147
26.482359 85.251900
26.488163 147.730408
26.493969 148.294769
26.499773 0.000000
26.505579 390.410522
26.511383 391.358337
26.517189 0.000000
26.522993 196.196808
26.528799 196.422226
26.534603 144.795715
26.540409 145.082932
26.546213 145.298248
26.552017 145.249222
26.557823 139.787720
26.563627 122.615898
26.569433 127.539551
26.575237 100.444206
26.581043 100.593430
26.586847 100.906937
26.592653 101.351730
26.598457 101.564606
26.604263 101.543961
26.610067 85.116409
26.615873 85.045341
26.621677 947.190735
26.627483 942.510132
26.633287 84.319023
26.639093 469.830139
26.644897 101.149330
26.650703 489.372101
26.656507 127.083008
26.662313 127.070808
26.668118 127.012932
26.673923 126.927406
26.679728 126.745277
26.685534 489.211273
26.691338 492.666718
26.697144 497.358521
26.702948 497.295746
26.708754 497.002869
26.714558 84.434410
26.720364 84.568542
26.726168 84.575806
26.731974 84.535851
26.737778 84.617630
26.743584 84.842476
26.749388 85.147568
26.755192 85.226868
26.760998 85.135536
26.766802 85.273911
26.772608 84.273430
26.778412 125.749054
26.784218 125.845535
26.790022 259.260895
26.795828 257.645081
26.801632 257.179138
26.807438 235.339432
26.813242 234.342270
26.819048 233.170105
26.824852 225.546967
26.830658 224.530624
26.836462 224.143906
26.842268 224.330246
26.848072 225.418076
26.853878 227.678589
26.859682 230.784775
26.865488 234.413437
26.871292 235.705383
26.877098 237.545212
26.882902 244.171127
26.888708 246.060394
26.894512 248.542557
26.900318 251.320358
26.906122 252.409927
26.911928 253.100388
26.917732 253.495560
26.923538 253.639832
26.929342 253.574722
26.935148 253.230576
26.940952 252.574463
26.946758 251.871063
26.952562 251.372330
26.958366 251.090469
26.964172 250.874359
26.969976 250.711487
26.975782 250.741501
26.981586 251.374527
26.987392 253.124237
26.993196 255.086395
26.999002 256.470154
