0.000000 0.000000
0.005805 0.000000
0.011610 0.000000
0.017415 0.000000
0.023220 0.000000
0.029025 0.000000
0.034830 0.000000
0.040635 0.000000
0.046440 0.000000
0.052245 0.000000
0.058050 0.000000
0.063855 0.000000
0.069660 0.000000
0.075465 0.000000
0.081270 0.000000
0.087075 0.000000
0.092880 0.000000
0.098685 0.000000
0.104490 0.000000
0.110295 0.000000
0.116100 0.000000
0.121905 5775.605469
0.127710 5872.465820
0.133515 446.229614
0.139320 445.521149
0.145125 444.862671
0.150930 444.491272
0.156735 444.433594
0.162540 444.458099
0.168345 443.487091
0.174150 441.118286
0.179955 439.617310
0.185760 439.857300
0.191565 442.955292
0.197370 164.769852
0.203175 164.256104
0.208980 162.903397
0.214785 161.089569
0.220590 160.338242
0.226395 160.244522
0.232200 160.139328
0.238005 159.943283
0.243810 160.059464
0.249615 160.492340
0.255419 160.522827
0.261224 160.389359
0.267029 160.172180
0.272834 159.603226
0.278639 156.969711
0.284444 156.588364
0.290249 156.285507
0.296054 156.285385
0.301859 234.418396
0.307664 234.630112
0.313469 235.143326
0.319274 235.971146
0.325079 237.308472
0.330884 239.289185
0.336689 240.729111
0.342494 488.230438
0.348299 482.985199
0.354104 479.117126
0.359909 160.032776
0.365714 157.822586
0.371519 157.247696
0.377324 157.163528
0.383129 157.294724
0.388934 157.601807
0.394739 240.061020
0.400544 159.317413
0.406349 164.006241
0.412154 163.983688
0.417959 439.885529
0.423764 441.816986
0.429569 444.312897
0.435374 443.210663
0.441179 435.369873
0.446984 435.270630
0.452789 233.506866
0.458594 233.763260
0.464399 234.203201
0.470204 234.905197
0.476009 162.587646
0.481814 161.669662
0.487619 160.104218
0.493424 231.445709
0.499229 231.610672
0.505034 232.550232
0.510839 233.983078
0.516644 319.649994
0.522449 318.939331
0.528254 931.466736
0.534059 933.983154
0.539864 239.062820
0.545669 239.428726
0.551474 239.806900
0.557279 442.206604
0.563084 953.082947
0.568889 955.840088
0.574694 237.542816
0.580499 151.616486
0.586304 416.196747
0.592109 412.564087
0.597914 411.767426
0.603719 411.180847
0.609524 240.981918
0.615329 241.893280
0.621134 163.464752
0.626939 163.445496
0.632744 162.039764
0.638549 160.803940
0.644354 160.716843
0.650159 480.961731
0.655964 476.361603
0.661769 472.250580
0.667574 469.258881
0.673379 159.495575
0.679184 159.940033
0.684989 160.033401
0.690794 237.395538
0.696599 440.479919
0.702404 439.272675
0.708209 439.028290
0.714014 439.356689
0.719819 239.505447
0.725624 239.522751
0.731429 439.310089
0.737234 437.258911
0.743039 436.770935
0.748844 439.355865
0.754649 165.677200
0.760454 165.077026
0.766258 159.806854
0.772063 159.363220
0.777869 159.220566
0.783673 159.371750
0.789478 160.069397
0.795283 160.404861
0.801088 160.353836
0.806893 160.246353
0.812698 160.252975
0.818503 160.709625
0.824308 161.107895
0.830113 157.602371
0.835918 156.764496
0.841723 156.299118
0.847528 156.325897
0.853333 250.887909
0.859138 249.984543
0.864943 249.048996
0.870748 247.408508
0.876553 241.437592
0.882358 241.090027
0.888163 241.498764
0.893968 242.457733
0.899773 243.885239
0.905578 486.119781
0.911383 483.984467
0.917188 161.188141
0.922993 161.227966
0.928798 161.188095
0.934603 161.555054
0.940408 162.740051
0.946213 161.279999
0.952018 159.974655
0.957823 157.030045
0.963628 156.561996
0.969433 446.747192
0.975238 439.359833
0.981043 436.931702
0.986848 437.013184
0.992653 438.518921
0.998458 439.775238
1.004263 441.445679
1.010068 441.986237
1.015873 439.197968
1.021678 431.290161
1.027483 426.571716
1.033288 164.268158
1.039093 163.413452
1.044898 162.406036
1.050703 161.282684
1.056508 160.759491
1.062313 160.465668
1.068118 160.218872
1.073923 159.927399
1.079728 159.690582
1.085533 161.853592
1.091338 154.715363
1.097143 455.842957
1.102948 455.562836
1.108753 454.801605
1.114558 454.542389
1.120363 913.453979
1.126168 907.206299
1.131973 153.265167
1.137778 153.154449
1.143583 434.565735
1.149388 238.163239
1.155193 238.116959
1.160998 237.385284
1.166803 236.902435
1.172608 162.246506
1.178413 162.391724
1.184218 162.167450
1.190023 161.367371
1.195828 161.178726
1.201633 161.442474
1.207438 161.111069
1.213243 439.383545
1.219048 438.519684
1.224853 440.555725
1.230658 443.256378
1.236463 298.934998
1.242268 292.694946
1.248073 289.666199
1.253878 288.635223
1.259683 437.817535
1.265488 435.075592
1.271293 429.280426
1.277097 433.323822
1.282902 444.503693
1.288707 444.774048
1.294513 444.324341
1.300317 442.787567
1.306122 440.435455
1.311927 438.114899
1.317732 436.037720
1.323537 435.736511
1.329342 436.403381
1.335147 437.462433
1.340952 160.475113
1.346757 160.281250
1.352562 160.142929
1.358367 160.050049
1.364172 160.006790
1.369977 159.823517
1.375782 159.557983
1.381587 159.667999
1.387392 159.755127
1.393197 159.609146
1.399002 159.235413
1.404807 158.535172
1.410612 158.141617
1.416417 157.998596
1.422222 157.638092
1.428027 156.861633
1.433832 444.252228
1.439637 444.843781
1.445442 239.208588
1.451247 159.678970
1.457052 160.049530
1.462857 160.300171
1.468662 160.275360
1.474467 160.108932
1.480272 160.038788
1.486077 159.990448
1.491882 159.839905
1.497687 159.657608
1.503492 159.831833
1.509297 161.128922
1.515102 161.637268
1.520907 161.394241
1.526712 160.435257
1.532517 160.078262
1.538322 164.628815
1.544127 164.896423
1.549932 156.016068
1.555737 156.359955
1.561542 161.007736
1.567347 161.586395
1.573152 158.067215
1.578957 158.173828
1.584762 158.948944
1.590567 159.254150
1.596372 159.403595
1.602177 440.162506
1.607982 442.310638
1.613787 445.177856
1.619592 453.719971
1.625397 462.439514
1.631202 463.851349
1.637007 160.033737
1.642812 160.604919
1.648617 161.207947
1.654422 161.557281
1.660227 161.198486
1.666032 160.368393
1.671837 160.339783
1.677642 160.921234
1.683447 156.636978
1.689252 153.225815
1.695057 156.719025
1.700862 158.578934
1.706667 158.964493
1.712472 154.984116
1.718277 154.792679
1.724082 438.667603
1.729887 439.858459
1.735692 442.075714
1.741497 444.334076
1.747302 446.615784
1.753107 449.373230
1.758912 452.305328
1.764717 459.560394
1.770522 469.151917
1.776327 164.169693
1.782132 163.486435
1.787936 162.336746
1.793741 160.741058
1.799546 158.989014
1.805351 158.561447
1.811157 158.870834
1.816961 158.439926
1.822766 155.468307
1.828571 154.779678
1.834376 157.275604
1.840181 160.592484
1.845986 161.259399
1.851791 934.751221
1.857596 309.337677
1.863401 309.987274
1.869206 311.810699
1.875011 314.139526
1.880816 316.076019
1.886621 234.447266
1.892426 235.505005
1.898231 435.519897
1.904036 437.826263
1.909841 438.257202
1.915646 437.122681
1.921451 434.218475
1.927256 160.194901
1.933061 159.860626
1.938866 159.676285
1.944671 159.773453
1.950476 159.930893
1.956281 159.926697
1.962086 159.891388
1.967891 160.206741
1.973696 160.309479
1.979501 159.735153
1.985306 159.386871
1.991111 159.790512
1.996916 155.593704
2.002721 155.468369
2.008526 160.547699
2.014331 160.716400
2.020136 160.541809
2.025941 230.655762
2.031746 230.657166
2.037551 230.978592
2.043356 231.020035
2.049161 230.414124
2.054966 229.338364
2.060771 228.794739
2.066576 164.905197
2.072381 164.724976
2.078186 164.452789
2.083991 164.350647
2.089796 164.016006
2.095601 163.218323
2.101406 163.345856
2.107211 164.179428
2.113016 164.535233
2.118821 164.556320
2.124626 164.583954
2.130431 160.258392
2.136236 164.696716
2.142041 164.681427
2.147846 164.642197
2.153651 164.649445
2.159456 250.458420
2.165261 250.664169
2.171066 250.792999
2.176871 438.394775
2.182676 438.466949
2.188481 439.924713
2.194286 441.030396
2.200091 441.778748
2.205896 238.678116
2.211701 237.714142
2.217506 237.363235
2.223311 161.648560
2.229116 162.473175
2.234921 163.040604
2.240726 163.344101
2.246531 163.582993
2.252336 163.476105
2.258141 163.058212
2.263946 161.293152
2.269751 159.505203
2.275556 159.814713
2.281361 160.357040
2.287166 160.866898
2.292970 160.831818
2.298775 155.368454
2.304580 159.815338
2.310385 159.775436
2.316190 159.842743
2.321995 435.827271
2.327801 439.026428
2.333606 441.306274
2.339411 442.364075
2.345215 444.097015
2.351020 164.868973
2.356825 164.776108
2.362630 164.202255
2.368435 163.458725
2.374240 162.139359
2.380045 160.744843
2.385850 160.241806
2.391655 160.415390
2.397460 163.934601
2.403265 164.275909
2.409070 159.268036
2.414875 159.044113
2.420680 159.862244
2.426485 160.410904
2.432290 160.703720
2.438095 161.487900
2.443900 1166.436157
2.449705 1170.458008
2.455510 630.014648
2.461315 628.105408
2.467120 249.740387
2.472925 250.351593
2.478730 444.013916
2.484535 444.291260
2.490340 443.339874
2.496145 440.506287
2.501950 437.579742
2.507755 436.110474
2.513560 165.890381
2.519365 165.258942
2.525170 164.432129
2.530975 163.045731
2.536780 161.553650
2.542585 160.709000
2.548390 160.461075
2.554195 160.314392
2.560000 160.114731
2.565805 160.097229
2.571610 160.355881
2.577415 160.618362
2.583220 160.769058
2.589025 160.619843
2.594830 160.112549
2.600635 159.750000
2.606440 159.726654
2.612245 160.469498
2.618050 161.371048
2.623855 161.511597
2.629660 440.112396
2.635465 442.652649
2.641270 162.276154
2.647075 162.968414
2.652880 163.290314
2.658685 485.647797
2.664490 480.724518
2.670295 161.275864
2.676100 161.706223
2.681905 163.490021
2.687710 165.526474
2.693515 167.011169
2.699320 167.122910
2.705125 157.914383
2.710930 158.608002
2.716735 158.959335
2.722540 159.408188
2.728345 160.934677
2.734150 161.271057
2.739955 161.345673
2.745760 240.034546
2.751565 443.786743
2.757370 439.040039
2.763175 434.881042
2.768980 435.411774
2.774785 434.760590
2.780590 432.282410
2.786395 428.040405
2.792200 422.764984
2.798005 163.940018
2.803810 162.878799
2.809614 164.469345
2.815419 165.212494
2.821224 165.680374
2.827029 165.638214
2.832834 160.046677
2.838639 159.856232
2.844445 159.671463
2.850250 159.394348
2.856054 928.908508
2.861859 239.402344
2.867664 302.511963
2.873469 302.158081
2.879274 160.096588
2.885079 160.432709
2.890884 439.353760
2.896689 439.070251
2.902494 151.875427
2.908299 586.052551
2.914104 408.828339
2.919909 410.343445
2.925714 408.757965
2.931519 404.221283
2.937324 163.431885
2.943129 163.722015
2.948934 163.659866
2.954739 162.762115
2.960544 161.607666
2.966349 161.097824
2.972154 160.845337
2.977959 468.675262
2.983764 460.146088
2.989569 454.999512
2.995374 161.902252
3.001179 162.051025
3.006984 161.193130
3.012789 157.521088
3.018594 442.503265
3.024399 442.285217
3.030204 442.020294
3.036009 442.092621
3.041814 442.500000
3.047619 442.364105
3.053424 440.162384
3.059229 438.032227
3.065034 261.679443
3.070839 260.054749
3.076644 258.674713
3.082449 257.217133
3.088254 456.174652
3.094059 159.644928
3.099864 159.520523
3.105669 159.697784
3.111474 160.129959
3.117279 160.317627
3.123084 160.162582
3.128889 159.989456
3.134694 159.976334
3.140499 160.371765
3.146304 160.825089
3.152109 156.066635
3.157914 155.712448
3.163719 155.761215
3.169524 155.984695
3.175329 159.843719
3.181134 249.538300
3.186939 247.802490
3.192744 242.602921
3.198549 240.162155
3.204354 239.468491
3.210159 239.288132
3.215964 239.377274
3.221769 239.782974
3.227574 240.366669
3.233379 240.566498
3.239184 481.799255
3.244989 478.708435
3.250794 475.459351
3.256599 469.376526
3.262404 464.628967
3.268209 464.513672
3.274014 157.135391
3.279819 157.031128
3.285624 156.996857
3.291429 464.649170
3.297234 446.688690
3.303039 441.767975
3.308844 442.950745
3.314649 443.537872
3.320453 443.360779
3.326258 443.633606
3.332063 443.883362
3.337868 442.862000
3.343673 442.684296
3.349478 163.260590
3.355283 162.447769
3.361089 162.127853
3.366894 161.579285
3.372698 161.130234
3.378503 160.916855
3.384308 160.498062
3.390113 159.998367
3.395918 159.462143
3.401723 158.685669
3.407528 234.819092
3.413333 456.775208
3.419138 458.843781
3.424943 458.193176
3.430748 455.235474
3.436553 940.314636
3.442358 934.672363
3.448163 928.107056
3.453968 934.271179
3.459773 236.855988
3.465578 237.580399
3.471383 238.406677
3.477188 238.797272
3.482993 238.663101
3.488798 238.613815
3.494603 238.841064
3.500408 239.503448
3.506213 161.769196
3.512018 160.859589
3.517823 159.957581
3.523628 159.844986
3.529433 159.691650
3.535238 471.916016
3.541043 305.372620
3.546848 304.397064
3.552653 459.075165
3.558458 463.006500
3.564263 941.128479
3.570068 462.177795
3.575873 457.869598
3.581678 450.142548
3.587483 433.868378
3.593288 425.416138
3.599093 427.519012
3.604898 444.177124
3.610703 445.045105
3.616508 904.124817
3.622313 441.381104
3.628118 440.459869
3.633923 440.247925
3.639728 439.906555
3.645533 438.596405
3.651338 437.289215
3.657143 439.384613
3.662948 160.123734
3.668753 160.103775
3.674558 160.054199
3.680363 159.994263
3.686168 159.922699
3.691973 159.759262
3.697778 159.565689
3.703583 159.164825
3.709388 158.837219
3.715193 158.765808
3.720998 158.199753
3.726803 157.573456
3.732608 157.480972
3.738413 157.386322
3.744218 157.251816
3.750023 157.006622
3.755828 156.102386
3.761633 234.037018
3.767438 238.695068
3.773243 239.068634
3.779048 239.387604
3.784853 239.621460
3.790658 160.381271
3.796463 160.129852
3.802268 159.801819
3.808073 159.618454
3.813878 159.544205
3.819683 159.545441
3.825488 159.724060
3.831293 160.471344
3.837097 160.859497
3.842902 160.628616
3.848707 160.546249
3.854512 163.901169
3.860317 164.554611
3.866122 164.938446
3.871927 155.987167
3.877733 156.416122
3.883538 161.295105
3.889342 161.656982
3.895147 256.801147
3.900952 256.845093
3.906757 158.292725
3.912562 159.316635
3.918367 159.380722
3.924172 441.713348
3.929977 443.762573
3.935782 447.140686
3.941587 454.259705
3.947392 458.630310
3.953197 161.360550
3.959002 161.659561
3.964807 161.977264
3.970612 161.817123
3.976417 161.599335
3.982222 161.803238
3.988027 161.429947
3.993832 161.025558
3.999637 161.153076
4.005442 157.611145
4.011247 157.201004
4.017052 158.175903
4.022857 159.221024
4.028662 156.811432
4.034467 155.986282
4.040272 440.636902
4.046077 439.959076
4.051882 439.480896
4.057687 440.720306
4.063492 443.877991
4.069297 446.765411
4.075102 448.750214
4.080907 449.073517
4.086712 447.465057
4.092517 164.271561
4.098322 164.431244
4.104127 164.120377
4.109932 162.969589
4.115737 160.951187
4.121542 159.181046
4.127347 159.331635
4.133152 164.238281
4.138957 164.945023
4.144762 165.551315
4.150567 165.575119
4.156372 164.323578
4.162177 163.014206
4.167982 162.680923
4.173787 438.321228
4.179592 439.550781
4.185397 440.905212
4.191202 442.053070
4.197007 313.833435
4.202812 315.066803
4.208617 439.571198
4.214422 438.909637
4.220227 439.671234
4.226032 440.510803
4.231837 439.309174
4.237642 262.642059
4.243447 263.296021
4.249252 264.133698
4.255057 159.523758
4.260862 159.488159
4.266667 159.766998
4.272471 160.075500
4.278276 160.207047
4.284081 160.218948
4.289886 160.156982
4.295691 159.985352
4.301497 159.700592
4.307302 159.486130
4.313107 159.511322
4.318912 156.070465
4.324717 156.525497
4.330522 157.121490
4.336327 159.448563
4.342132 823.271912
4.347937 430.872345
4.353742 431.263916
4.359547 431.790771
4.365352 432.800537
4.371157 434.707703
4.376961 437.101196
4.382766 438.344238
4.388571 165.017731
4.394376 164.856049
4.400181 164.691360
4.405986 164.426025
4.411791 163.699036
4.417596 160.321259
4.423401 162.987762
4.429206 163.614487
4.435011 164.205200
4.440816 164.372742
4.446621 161.853653
4.452426 161.116165
4.458231 153.414902
4.464036 170.238098
4.469841 158.748337
4.475646 158.894058
4.481451 144.694275
4.487256 435.895813
4.493061 434.798462
4.498866 434.317474
4.504671 434.912689
4.510476 435.078552
4.516281 433.217194
4.522086 428.912048
4.527891 422.687561
4.533696 164.406418
4.539501 164.589569
4.545306 164.931030
4.551111 164.441025
4.556916 163.342285
4.562721 163.274261
4.568526 163.723068
4.574331 163.909241
4.580136 163.540955
4.585941 161.566986
4.591746 159.746185
4.597551 159.724792
4.603356 160.177139
4.609161 160.606934
4.614966 160.004547
4.620771 159.427032
4.626576 159.428391
4.632381 159.545212
4.638186 255.875931
4.643991 436.820374
4.649796 439.262848
4.655601 440.499146
4.661406 440.785278
4.667211 441.202576
4.673016 442.777222
4.678821 446.966522
4.684626 455.848572
4.690431 161.806107
4.696236 160.687180
4.702041 160.201096
4.707846 159.955704
4.713651 160.337570
4.719456 164.157242
4.725261 164.584824
4.731066 164.068970
4.736871 162.866959
4.742676 160.754501
4.748481 160.808502
4.754286 161.065582
4.760091 157.073837
4.765896 436.867249
4.771701 437.330872
4.777506 632.739746
4.783311 441.519043
4.789115 443.909485
4.794920 444.596649
4.800725 445.009735
4.806530 444.819092
4.812335 442.381653
4.818141 440.144867
4.823946 439.054993
4.829751 438.094513
4.835556 245.801407
4.841361 248.785629
4.847166 249.926270
4.852971 162.101730
4.858776 160.998947
4.864581 160.616333
4.870386 160.473846
4.876191 160.389297
4.881996 160.386932
4.887800 160.510300
4.893605 160.565948
4.899410 160.535751
4.905215 160.508987
4.911020 160.351593
4.916825 159.982895
4.922630 159.568375
4.928435 156.284866
4.934240 156.124252
4.940045 155.989548
4.945850 155.369904
4.951655 236.858719
4.957460 236.795242
4.963265 237.360931
4.969070 238.329651
4.974875 239.675064
4.980680 240.597733
4.986485 488.232361
4.992290 482.928192
4.998095 479.246124
5.003900 476.059509
5.009705 470.350403
5.015510 156.440079
5.021315 156.796082
5.027120 157.508377
5.032925 239.395004
5.038730 240.015961
5.044535 240.503723
5.050340 240.988693
5.056145 160.953598
5.061950 440.495117
5.067755 441.718597
5.073560 443.513062
5.079365 440.377350
5.085170 437.079712
5.090975 439.374817
5.096780 441.689941
5.102585 444.120239
5.108390 236.923828
5.114195 162.161057
5.120000 161.575073
5.125805 159.963821
5.131610 449.583221
5.137415 232.983795
5.143220 233.558868
5.149025 234.116806
5.154830 234.662781
5.160635 318.912750
5.166440 318.413239
5.172245 932.990662
5.178050 932.713989
5.183855 937.356384
5.189660 230.700317
5.195465 230.769745
5.201270 967.029114
5.207075 967.531982
5.212880 969.401794
5.218685 235.831879
5.224490 151.671722
5.230295 238.245834
5.236100 238.898926
5.241905 240.261353
5.247710 241.027435
5.253515 241.462021
5.259320 242.300278
5.265125 163.526627
5.270930 163.271500
5.276735 161.927399
5.282540 161.007233
5.288345 160.794693
5.294150 160.337326
5.299954 159.626083
5.305759 159.047867
5.311564 158.977768
5.317369 159.215378
5.323174 159.374130
5.328979 158.889099
5.334785 238.574646
5.340590 441.537659
5.346395 441.042389
5.352200 440.717010
5.358005 440.855499
5.363810 441.748718
5.369615 236.998398
5.375420 236.776733
5.381225 439.231354
5.387030 437.317657
5.392835 437.957611
5.398640 165.394150
5.404444 165.097473
5.410249 243.517593
5.416054 159.512146
5.421859 159.447952
5.427664 159.643860
5.433469 160.269928
5.439274 160.685394
5.445079 160.542679
5.450884 160.097321
5.456689 160.001907
5.462494 160.587692
5.468299 161.092148
5.474104 160.927795
5.479909 155.945053
5.485714 155.591019
5.491519 160.020660
5.497324 251.413223
5.503129 250.176682
5.508934 202.228745
5.514739 242.272797
5.520544 240.024780
5.526349 239.784286
5.532154 240.292175
5.537959 241.512985
5.543764 162.837234
5.549569 480.321472
5.555374 479.974365
5.561179 479.902283
5.566984 160.799698
5.572789 160.736237
5.578594 160.678757
5.584399 160.475052
5.590204 160.067780
5.596009 159.204315
5.601814 158.774475
5.607619 160.337708
5.613424 161.296310
5.619229 161.623672
5.625034 438.570007
5.630839 439.151947
5.636644 440.135803
5.642449 441.657104
5.648254 444.324432
5.654059 199.027893
5.659864 198.833847
5.665669 433.789642
5.671474 164.774994
5.677279 163.948242
5.683084 163.171371
5.688889 161.517380
5.694694 160.747040
5.700499 160.850906
5.706304 160.790894
5.712109 160.539322
5.717914 160.339310
5.723719 160.715775
5.729524 163.214310
5.735329 153.911240
5.741134 453.659668
5.746939 452.704895
5.752744 451.176483
5.758549 152.271973
5.764354 306.361053
5.770159 307.303558
5.775964 153.641418
5.781769 153.610641
5.787574 440.452881
5.793379 238.708710
5.799184 857.053955
5.804989 863.339661
5.810794 236.761322
5.816598 162.917404
5.822403 163.062546
5.828208 162.817795
5.834013 161.968109
5.839818 161.639374
5.845623 161.248901
5.851429 160.828918
5.857234 305.953888
5.863039 302.907104
5.868844 301.828857
5.874649 300.401520
5.880454 296.079926
5.886259 291.579651
5.892064 289.030792
5.897869 287.535706
5.903674 432.734100
5.909479 430.205994
5.915284 429.149384
5.921088 430.308655
5.926893 443.988922
5.932698 444.709747
5.938503 443.510223
5.944308 440.487885
5.950113 438.296509
5.955918 436.523956
5.961723 435.418915
5.967528 435.327301
5.973333 259.847473
5.979138 260.859802
5.984943 160.073929
5.990748 160.097656
5.996553 160.102356
6.002358 160.073822
6.008163 160.051941
6.013968 160.054199
6.019773 159.928864
6.025578 159.602188
6.031383 159.389221
6.037188 159.274918
6.042993 158.943283
6.048798 158.279907
6.054603 158.071747
6.060408 158.157318
6.066213 159.597809
6.072018 160.222672
6.077823 440.771484
6.083628 439.485779
6.089433 435.180725
6.095238 159.928955
6.101043 160.315826
6.106848 160.340897
6.112653 160.102615
6.118458 159.911667
6.124263 159.830109
6.130068 159.617569
6.135873 159.254990
6.141678 159.103760
6.147483 159.272217
6.153288 161.896820
6.159093 161.905319
6.164898 160.687912
6.170703 160.192154
6.176508 160.092941
6.182313 160.063995
6.188118 160.124832
6.193923 160.494812
6.199728 161.039932
6.205533 161.633896
6.211338 162.118179
6.217143 151.339081
6.222948 174.217468
6.228753 155.947571
6.234558 155.836075
6.240363 433.654938
6.246168 436.628052
6.251973 438.072021
6.257778 439.267395
6.263583 443.087799
6.269388 448.724609
6.275193 451.141449
6.280998 161.940643
6.286803 162.072830
6.292608 161.926208
6.298413 161.809006
6.304218 161.706573
6.310023 161.418915
6.315828 161.401260
6.321633 161.514297
6.327438 156.980743
6.333242 156.257614
6.339047 157.054291
6.344852 158.300919
6.350657 156.549850
6.356462 155.106415
6.362267 878.310303
6.368073 437.983093
6.373878 438.249786
6.379683 440.335968
6.385488 443.113525
6.391293 446.528412
6.397098 451.486481
6.402903 468.900696
6.408708 472.493073
6.414513 474.568359
6.420318 163.907944
6.426123 162.611908
6.431927 161.580002
6.437732 160.469818
6.443537 159.399796
6.449342 159.355637
6.455147 160.011520
6.460952 160.156174
6.466757 159.675598
6.472562 159.392227
6.478367 160.307541
6.484172 161.233307
6.489977 162.094269
6.495782 909.181519
6.501587 437.275879
6.507392 438.134399
6.513197 238.331894
6.519002 237.382828
6.524807 236.613464
6.530612 235.871796
6.536417 234.941330
6.542222 233.826569
6.548027 439.189636
6.553832 437.839264
6.559637 432.332336
6.565442 164.562576
6.571247 163.912094
6.577052 159.359146
6.582857 159.389877
6.588662 159.958893
6.594467 160.368820
6.600272 160.461365
6.606077 160.507324
6.611882 160.545547
6.617687 159.787369
6.623492 158.900909
6.629297 158.656967
6.635102 158.325989
6.640907 156.281372
6.646712 155.990829
6.652517 160.043243
6.658322 159.686584
6.664127 191.852539
6.669932 875.516724
6.675737 233.265228
6.681542 234.837021
6.687347 236.410873
6.693152 237.083160
6.698957 236.732132
6.704762 236.205933
6.710567 164.297592
6.716372 164.264313
6.722177 164.317657
6.727982 164.339874
6.733787 164.038330
6.739592 163.655334
6.745397 163.833588
6.751202 164.531464
6.757007 164.886368
6.762812 164.833588
6.768617 161.360825
6.774422 160.529221
6.780227 153.543243
6.786032 153.680496
6.791837 164.953491
6.797642 164.992218
6.803447 160.665298
6.809252 436.170227
6.815057 436.262756
6.820862 436.834442
6.826667 437.449707
6.832472 438.131683
6.838277 438.900299
6.844081 440.198700
6.849886 159.888168
6.855691 159.591690
6.861496 160.106888
6.867301 161.477066
6.873106 162.490097
6.878911 162.186142
6.884717 162.840408
6.890522 163.045181
6.896327 162.749527
6.902132 162.400055
6.907937 160.303925
6.913742 159.219498
6.919547 159.607880
6.925352 160.281906
6.931157 160.590073
6.936962 159.869385
6.942767 237.923325
6.948571 238.267441
6.954376 159.314041
6.960181 159.410858
6.965986 436.002319
6.971791 440.561523
6.977596 443.281067
6.983401 445.559418
6.989206 240.600433
6.995011 242.320587
7.000816 243.552765
7.006621 244.063614
7.012426 476.002197
7.018231 161.585114
7.024036 160.705154
7.029841 160.249344
7.035646 160.742386
7.041451 164.203796
7.047256 164.431137
7.053061 164.076157
7.058866 163.311829
7.064671 162.068619
7.070476 161.065323
7.076281 161.265152
7.082086 161.260376
7.087891 1175.438110
7.093696 1179.303223
7.099501 439.466888
7.105306 441.278809
7.111111 443.269196
7.116916 443.425903
7.122721 442.900818
7.128526 442.233215
7.134331 440.108612
7.140136 436.759796
7.145941 435.039948
7.151746 435.216187
7.157551 202.342377
7.163356 200.831436
7.169161 164.465485
7.174966 162.417114
7.180771 161.415451
7.186576 160.801346
7.192381 160.507141
7.198186 160.340591
7.203991 160.405823
7.209796 160.729126
7.215601 160.835541
7.221406 160.851929
7.227211 160.911301
7.233016 160.871323
7.238821 160.401550
7.244626 159.984497
7.250431 160.005768
7.256236 160.613724
7.262041 161.038635
7.267846 436.575317
7.273651 436.441833
7.279456 436.101868
7.285261 436.445160
7.291066 164.218582
7.296871 163.760681
7.302676 481.605408
7.308481 479.117310
7.314286 161.046219
7.320091 161.228989
7.325896 161.529114
7.331701 157.084839
7.337506 156.920074
7.343311 166.511124
7.349116 165.323456
7.354921 164.094604
7.360725 159.340393
7.366530 155.930466
7.372335 164.164642
7.378140 436.421173
7.383945 438.366791
7.389750 441.055298
7.395555 442.843109
7.401361 441.376862
7.407166 437.701233
7.412971 436.753754
7.418776 434.537231
7.424581 430.365082
7.430386 423.904205
7.436191 164.803665
7.441996 163.118378
7.447801 162.137009
7.453606 163.863953
7.459411 165.906265
7.465215 166.685287
7.471020 166.527283
7.476825 97.392311
7.482630 318.540070
7.488435 159.146301
7.494240 159.031921
7.500045 932.292358
7.505850 938.272522
7.511655 440.743561
7.517460 440.322174
7.523265 439.629059
7.529070 958.319458
7.534875 962.899597
7.540680 303.770142
7.546485 151.745041
7.552290 413.178864
7.558095 412.535858
7.563900 411.667603
7.569705 409.254150
7.575510 406.258026
7.581315 162.828430
7.587120 163.171295
7.592925 163.269974
7.598730 162.445343
7.604535 161.402222
7.610340 160.912338
7.616145 160.698441
7.621950 160.717422
7.627755 160.933136
7.633560 161.374588
7.639365 161.919067
7.645170 161.507553
7.650975 161.078522
7.656780 441.823639
7.662585 442.088898
7.668390 441.798615
7.674195 441.589752
7.680000 441.581818
7.685805 441.601257
7.691610 440.755554
7.697415 437.873993
7.703220 436.002228
7.709025 259.346558
7.714830 256.968719
7.720635 255.053223
7.726440 253.835739
7.732245 159.653854
7.738050 159.309586
7.743855 159.198532
7.749660 159.266525
7.755465 159.869705
7.761270 160.486450
7.767075 160.355698
7.772880 160.053299
7.778685 159.828659
7.784490 160.130066
7.790295 160.547928
7.796100 159.749176
7.801905 155.420975
7.807710 155.298187
7.813515 160.023941
7.819320 164.689667
7.825125 164.753723
7.830930 164.507492
7.836735 163.600571
7.842540 236.117325
7.848345 236.806015
7.854150 237.344254
7.859955 163.311798
7.865760 162.885132
7.871564 240.518738
7.877369 481.664703
7.883174 479.170197
7.888979 475.721161
7.894784 159.756805
7.900589 159.033951
7.906394 464.861298
7.912199 465.269348
7.918005 157.474533
7.923810 157.448532
7.929615 467.950897
7.935420 463.396820
7.941225 446.204742
7.947030 440.766541
7.952835 440.581329
7.958640 441.017151
7.964445 441.945770
7.970250 443.457367
7.976054 443.710571
7.981859 441.577118
7.987664 438.900848
7.993469 161.379227
7.999274 161.823059
8.005079 161.974579
8.010884 161.560760
8.016689 161.025894
8.022494 160.677597
8.028299 160.239166
8.034104 159.812347
8.039909 159.413055
8.045714 158.634811
8.051519 156.394211
8.057324 155.311096
8.063129 461.604156
8.068934 460.780823
8.074739 456.147980
8.080544 232.426285
8.086349 940.903748
8.092155 307.382233
8.097960 307.778046
8.103765 233.119720
8.109570 233.160278
8.115375 233.862244
8.121180 236.074905
8.126985 235.703888
8.132789 235.557800
8.138594 235.631073
8.144399 236.117004
8.150204 162.472519
8.156009 161.360367
8.161814 160.777481
8.167619 160.371384
8.173424 159.909576
8.179229 468.798187
8.185034 306.423035
8.190839 304.986206
8.196644 306.267609
8.202449 939.513733
8.208254 942.369934
8.214059 941.157471
8.219864 449.085205
8.225669 440.135620
8.231474 435.710205
8.237279 429.075317
8.243084 430.508545
8.248889 444.311981
8.254694 305.025909
8.260499 909.528259
8.266304 440.556458
8.272109 438.023041
8.277914 437.056641
8.283719 436.881378
8.289524 230.973160
8.295329 230.753372
8.301134 230.702026
8.306939 230.755417
8.312744 160.068695
8.318549 160.028366
8.324354 160.014603
8.330159 160.073639
8.335963 160.129013
8.341768 159.989548
8.347573 159.608292
8.353378 159.415482
8.359183 159.331711
8.364988 158.977097
8.370793 158.256409
8.376598 158.042099
8.382403 157.959961
8.388208 157.825272
8.394013 157.187515
8.399818 443.395782
8.405623 443.289948
8.411428 239.585342
8.417233 159.442947
8.423038 159.920273
8.428843 160.329239
8.434649 160.452591
8.440454 160.260864
8.446259 160.034622
8.452064 159.805008
8.457869 159.392105
8.463674 158.988098
8.469479 159.015869
8.475284 162.531021
8.481089 162.650574
8.486894 161.286942
8.492699 160.532730
8.498504 238.074860
8.504309 239.165665
8.510114 239.898361
8.515919 155.144440
8.521724 156.428955
8.527529 156.853729
8.533334 157.568130
8.539139 157.810822
8.544943 621.059021
8.550748 432.967499
8.556553 159.234909
8.562358 435.795593
8.568163 441.147827
8.573968 446.885345
8.579773 453.730927
8.585578 161.331482
8.591383 161.260712
8.597188 161.297485
8.602993 161.526474
8.608798 161.798203
8.614603 162.003052
8.620408 162.368408
8.626213 162.470428
8.632018 162.158981
8.637823 161.866760
8.643628 161.630768
8.649433 157.152420
8.655238 157.498260
8.661043 160.374420
8.666848 160.116196
8.672653 156.475479
8.678458 155.592575
8.684263 435.999695
8.690068 436.243103
8.695873 436.677460
8.701678 439.149506
8.707483 443.060211
8.713288 446.862854
8.719093 472.796326
8.724898 471.676453
8.730703 163.208298
8.736508 163.712128
8.742313 163.948624
8.748117 163.448349
8.753922 162.571884
8.759727 161.605682
8.765532 160.687943
8.771338 160.928864
8.777143 164.006821
8.782948 164.877609
8.788753 165.222656
8.794558 165.078186
8.800363 164.268127
8.806168 162.464813
8.811973 162.289093
8.817778 435.340454
8.823583 435.812439
8.829388 437.708038
8.835193 440.345703
8.840998 441.725952
8.846803 440.782074
8.852608 437.437164
8.858413 434.615143
8.864218 435.140778
8.870023 436.448639
8.875828 435.618500
8.881633 433.422516
8.887438 431.377686
8.893243 320.133331
8.899048 159.864471
8.904853 159.841370
8.910658 160.282120
8.916463 160.628601
8.922268 160.788483
8.928073 160.838181
8.933878 160.820602
8.939683 160.133453
8.945488 159.724518
8.951293 159.832977
8.957097 160.115372
8.962902 160.209976
8.968707 160.081543
8.974512 159.635529
8.980317 159.244995
8.986122 818.605164
8.991927 813.654846
8.997732 429.891174
9.003537 429.607391
9.009342 429.570862
9.015147 430.337799
9.020952 431.886780
9.026757 165.763870
9.032562 165.388367
9.038367 164.617584
9.044172 164.187531
9.049977 164.208252
9.055782 163.856491
9.061587 160.413284
9.067392 160.623932
9.073197 163.899979
9.079002 164.285110
9.084807 163.863647
9.090612 161.236465
9.096417 160.703979
9.102222 160.330795
9.108027 170.434082
9.113832 164.147507
9.119637 164.367294
9.125443 436.545959
9.131248 435.597931
9.137053 434.966919
9.142858 434.149597
9.148663 434.005341
9.154468 433.205627
9.160272 429.980621
9.166077 425.325928
9.171882 421.166290
9.177687 164.276505
9.183492 164.475464
9.189297 165.168198
9.195102 165.226440
9.200907 164.291809
9.206712 164.322372
9.212517 164.863220
9.218322 165.232376
9.224127 164.922241
9.229932 163.681534
9.235737 160.371780
9.241542 160.296097
9.247347 160.911346
9.253152 161.234314
9.258957 161.094330
9.264762 160.443604
9.270567 159.875381
9.276372 159.897018
9.282177 253.249283
9.287982 436.891083
9.293787 439.897980
9.299592 441.771973
9.305397 443.096802
9.311202 445.711914
9.317007 452.999207
9.322812 469.039764
9.328617 473.683868
9.334422 473.346588
9.340227 161.115646
9.346032 159.836334
9.351837 159.335831
9.357642 472.022705
9.363446 151.569168
9.369251 151.838593
9.375056 151.798111
9.380861 159.057144
9.386666 3426.679199
9.392471 3399.426758
9.398276 3434.928955
9.404081 3603.042480
9.409886 438.769379
9.415691 438.379761
9.421496 437.482758
9.427301 180.542648
9.433106 0.000000
9.438911 114.846428
9.444716 100.579437
9.450521 87.830299
9.456326 83.958641
9.462132 72.139801
9.467937 72.103065
9.473742 76.049072
9.479547 76.044746
9.485352 243.775528
9.491157 243.701920
9.496962 243.832855
9.502767 244.548645
9.508572 245.990677
9.514377 246.209229
9.520182 245.430008
9.525987 449.321106
9.531792 243.780685
9.537597 242.144791
9.543402 240.544861
9.549207 238.360474
9.555012 237.114380
9.560817 237.441498
9.566622 238.502701
9.572426 239.449295
9.578231 228.122498
9.584036 228.241013
9.589841 238.549240
9.595646 238.542938
9.601451 239.714996
9.607256 241.218765
9.613061 242.278641
9.618866 242.489990
9.624671 241.659531
9.630476 240.367111
9.636281 239.165573
9.642086 238.043274
9.647891 248.864197
9.653696 248.298798
9.659501 262.429504
9.665306 258.553040
9.671111 255.715576
9.676916 250.116943
9.682721 250.247925
9.688526 252.181381
9.694331 253.421829
9.700136 261.896088
9.705941 240.444275
9.711746 240.491882
9.717551 240.968338
9.723356 241.864319
9.729161 440.098633
9.734966 438.761139
9.740771 439.895355
9.746576 441.625000
9.752381 236.359299
9.758186 235.999115
9.763991 222.759888
9.769796 222.377823
9.775600 209.457047
9.781405 194.872726
9.787210 194.546646
9.793015 193.749557
9.798820 238.730423
9.804626 238.253830
9.810431 321.572693
9.816236 472.174835
9.822041 471.244690
9.827846 474.036011
9.833651 441.260132
9.839456 440.358337
9.845261 440.584778
9.851066 229.878342
9.856871 230.861359
9.862676 231.390884
9.868481 231.579681
9.874286 231.637497
9.880091 232.218872
9.885896 237.780914
9.891701 238.245697
9.897506 238.278366
9.903311 238.385910
9.909116 163.027527
9.914921 162.931351
9.920726 162.176865
9.926531 161.847931
9.932336 161.862762
9.938141 161.441422
9.943946 160.515640
9.949751 159.664627
9.955556 159.386398
9.961361 159.504761
9.967166 159.885834
9.972971 160.899719
9.978776 247.153427
9.984580 439.890900
9.990385 439.873596
9.996190 440.173950
10.001995 440.839447
10.007800 441.625397
10.013605 441.650146
10.019410 440.306732
10.025215 438.850342
10.031020 438.381348
10.036825 439.456421
10.042630 165.518951
10.048435 164.899490
10.054240 159.953400
10.060045 241.098770
10.065850 241.122498
10.071655 241.373291
10.077460 242.344528
10.083265 163.726242
10.089070 158.342117
10.094875 158.593109
10.100680 442.832794
10.106485 156.927322
10.112290 157.446472
10.118095 157.757446
10.123900 155.743942
10.129705 156.132645
10.135510 157.979477
10.141315 164.404114
10.147120 246.857742
10.152925 200.736404
10.158731 200.362091
10.164536 237.736649
10.170341 238.045059
10.176146 238.660675
10.181951 163.425262
10.187755 163.283340
10.193560 162.435822
10.199365 161.401199
10.205170 160.974106
10.210975 160.696228
10.216780 160.371628
10.222585 160.061813
10.228390 159.764923
10.234195 159.262024
10.240000 158.527985
10.245805 156.593979
10.251610 239.208923
10.257415 239.162231
10.263220 3106.666016
10.269025 427.811523
10.274830 446.880768
10.280635 447.033386
10.286440 446.766357
10.292245 451.613342
10.298050 199.732330
10.303855 199.196381
10.309660 232.454437
10.315465 164.442505
10.321270 263.309387
10.327075 248.125397
10.332880 248.272156
10.338685 251.760269
10.344490 256.760864
10.350295 258.214905
10.356100 259.899445
10.361905 247.345322
10.367710 230.730026
10.373515 230.816681
10.379320 230.902161
10.385125 231.022369
10.390930 231.147934
10.396734 230.935120
10.402539 230.431580
10.408344 229.571365
10.414149 227.992630
10.419954 227.055725
10.425759 238.180252
10.431564 238.736679
10.437369 239.439529
10.443174 238.683838
10.448979 237.503769
10.454784 162.243958
10.460589 162.539108
10.466394 257.773010
10.472199 240.083313
10.478004 239.316345
10.483809 237.904755
10.489614 236.796509
10.495420 235.686127
10.501225 233.643997
10.507030 231.779709
10.512835 230.699402
10.518640 229.363800
10.524445 226.143738
10.530250 223.074738
10.536055 221.514893
10.541860 219.474121
10.547665 217.549545
10.553470 216.681427
10.559275 217.506622
10.565080 218.295334
10.570885 218.710983
10.576690 219.248169
10.582495 219.814423
10.588300 440.839386
10.594105 440.198944
10.599909 439.095978
10.605714 437.533691
10.611519 436.529633
10.617324 219.669250
10.623129 220.372131
10.628934 220.972549
10.634739 221.242981
10.640544 250.664474
10.646349 251.019699
10.652154 250.950409
10.657959 250.931137
10.663764 251.441132
10.669569 252.235107
10.675374 243.420578
10.681179 243.214828
10.686984 243.368713
10.692789 243.983368
10.698594 244.708817
10.704399 245.000473
10.710204 238.322495
10.716009 233.777588
10.721814 232.223862
10.727619 231.582474
10.733424 231.374359
10.739229 238.795914
10.745034 238.877838
10.750839 239.042801
10.756644 239.190521
10.762449 231.276230
10.768254 238.519669
10.774059 159.196899
10.779864 222.924149
10.785669 222.933807
10.791474 223.196045
10.797279 232.930161
10.803084 237.582474
10.808888 244.956940
10.814693 238.733612
10.820498 238.096832
10.826303 231.960999
10.832108 230.086792
10.837914 220.501968
10.843719 220.331573
10.849524 220.092880
10.855329 221.349213
10.861134 222.866196
10.866939 211.658920
10.872744 254.856781
10.878549 241.281525
10.884354 241.255188
10.890159 430.813721
10.895964 442.370697
10.901769 442.572815
10.907574 444.900574
10.913379 448.287750
10.919184 254.916534
10.924989 256.031219
10.930794 255.288757
10.936599 250.901520
10.942404 230.907425
10.948209 230.766693
10.954014 231.178314
10.959819 230.758972
10.965624 227.991455
10.971429 82.325607
10.977234 434.944153
10.983039 435.052155
10.988844 193.794281
10.994649 190.315948
11.000454 187.483582
11.006259 186.658585
11.012063 186.402390
11.017868 236.175766
11.023673 241.211044
11.029478 241.144165
11.035283 239.950699
11.041088 238.340729
11.046893 238.119247
11.052698 239.187820
11.058503 240.869766
11.064308 241.936401
11.070113 242.116165
11.075918 242.185486
11.081723 241.850433
11.087528 241.394272
11.093333 236.969482
11.099138 449.503510
11.104943 434.394592
11.110748 431.664398
11.116553 213.025528
11.122358 215.328445
11.128163 216.264771
11.133968 216.445343
11.139773 248.501297
11.145578 446.084473
11.151383 924.408691
11.157188 931.382019
11.162993 1824.021851
11.168798 1851.014282
11.174603 1897.862793
11.180408 691.551208
11.186213 214.945999
11.192019 699.260925
11.197824 700.481445
11.203629 122.409195
11.209434 122.485985
11.215239 1811.959717
11.221043 1838.067017
11.226848 1846.631470
11.232653 1857.038330
11.238458 1865.411255
11.244263 106.091606
11.250068 0.000000
11.255873 0.000000
11.261678 0.000000
11.267483 6898.479004
11.273288 6367.602051
11.279093 5918.574707
11.284898 5878.354980
11.290703 6038.307617
11.296508 1981.467041
11.302313 191.780334
11.308118 0.000000
11.313923 0.000000
11.319728 0.000000
11.325533 446.974274
11.331338 448.249664
11.337143 474.590485
11.342948 475.231354
11.348753 2944.206787
11.354558 2900.358154
11.360363 2906.066406
11.366168 2944.270996
11.371973 3013.466553
11.377778 106.872177
11.383583 105.030106
11.389388 121.269089
11.395193 121.262962
11.400998 96.100494
11.406803 96.147781
11.412608 105.136963
11.418413 105.089920
11.424217 104.883217
11.430022 104.814598
11.435827 109.177170
11.441632 0.000000
11.447437 0.000000
11.453242 0.000000
11.459047 98.943390
11.464852 98.871979
11.470657 434.965332
11.476462 436.487579
11.482267 437.457153
11.488072 239.777237
11.493877 239.290527
11.499682 118.360649
11.505487 160.525269
11.511292 96.787613
11.517097 97.536102
11.522902 98.466606
11.528708 97.380989
11.534513 97.400787
11.540318 97.731430
11.546123 108.151833
11.551928 100.985695
11.557733 95.616035
11.563538 95.862602
11.569343 159.838562
11.575148 159.704376
11.580953 158.744385
11.586758 238.276779
11.592563 238.111267
11.598368 237.676727
11.604173 437.453918
11.609978 438.132874
11.615783 442.397644
11.621588 233.344543
11.627392 235.801743
11.633197 237.189804
11.639002 238.672241
11.644807 240.796661
11.650612 242.096542
11.656417 242.641052
11.662222 242.476501
11.668027 241.348145
11.673832 238.655197
11.679637 228.628754
11.685442 228.817810
11.691247 231.893875
11.697052 229.304916
11.702857 227.557129
11.708662 226.518951
11.714467 234.848373
11.720272 234.371841
11.726077 5047.710449
11.731882 5108.622070
11.737687 5219.343750
11.743492 259.764893
11.749297 1421.705078
11.755102 0.000000
11.760907 5443.053711
11.766712 5381.476074
11.772517 5314.179688
11.778322 5134.883789
11.784127 4956.635742
11.789932 4931.775879
11.795737 5057.006348
11.801542 5204.152832
11.807347 5156.206055
11.813152 4891.426758
11.818957 4681.675293
11.824762 4586.277832
11.830567 4569.479492
11.836371 4584.250977
11.842176 4584.391602
11.847981 4565.158203
11.853786 4517.651855
11.859591 4408.854492
11.865396 4328.247559
11.871202 4328.032227
11.877007 4353.240234
11.882812 4359.820312
11.888617 4353.547852
11.894422 4368.466309
11.900227 273.898865
11.906032 273.131226
11.911837 241.349213
11.917642 436.746399
11.923447 435.819580
11.929252 239.511566
11.935057 240.770859
11.940862 241.260941
11.946667 240.805893
11.952472 240.913422
11.958277 241.048050
11.964082 240.844833
11.969887 241.899323
11.975692 243.521667
11.981497 244.352600
11.987302 244.750198
11.993107 245.236679
11.998912 245.955154
12.004717 246.589844
12.010522 247.445740
12.016327 259.904022
12.022132 260.823212
12.027937 261.219635
12.033742 261.919312
12.039546 263.260498
12.045351 267.366974
12.051156 310.569366
12.056961 313.707245
12.062766 231.715652
12.068571 231.621780
12.074376 273.752380
12.080181 273.179382
12.085986 161.762604
12.091791 274.713959
12.097596 275.191376
12.103401 274.649506
12.109206 261.382050
12.115011 249.311371
12.120816 247.278259
12.126621 235.818466
12.132426 229.358429
12.138231 225.399048
12.144036 221.253128
12.149841 212.834457
12.155646 212.630554
12.161451 212.811676
12.167256 213.738525
12.173061 229.505676
12.178866 109.005394
12.184671 108.966721
12.190476 627.046753
12.196281 192.229385
12.202086 409.032135
12.207891 409.085358
12.213696 407.219360
12.219501 238.344009
12.225307 162.724030
12.231112 163.386414
12.236917 163.404297
12.242722 161.972977
12.248526 160.882889
12.254331 240.629242
12.260136 239.880463
12.265941 237.987701
12.271746 237.237625
12.277551 159.460464
12.283356 159.710175
12.289161 159.558044
12.294966 158.211212
12.300771 437.748505
12.306576 440.865906
12.312381 440.959717
12.318186 441.005157
12.323991 441.292511
12.329796 441.663940
12.335601 441.423309
12.341406 440.033051
12.347211 265.918854
12.353016 264.668335
12.358821 263.492767
12.364626 165.653305
12.370431 164.910965
12.376236 159.740891
12.382041 159.211838
12.387846 158.995789
12.393651 158.961761
12.399456 159.238266
12.405261 160.074203
12.411066 160.275772
12.416871 160.526611
12.422676 160.790619
12.428481 160.918228
12.434286 161.065048
12.440091 161.411240
12.445896 155.983505
12.451700 155.662460
12.457505 160.134613
12.463310 160.160828
12.469115 165.688782
12.474920 165.622635
12.480725 164.356644
12.486530 236.407562
12.492335 236.289139
12.498140 164.682434
12.503945 164.369263
12.509750 163.498962
12.515555 162.031876
12.521360 161.015289
12.527165 160.685181
12.532970 160.282135
12.538775 159.825333
12.544580 159.685303
12.550385 461.596436
12.556190 463.272949
12.561996 157.365005
12.567801 156.910477
12.573606 467.489929
12.579411 466.329529
12.585216 237.551224
12.591021 237.584900
12.596826 237.752884
12.602631 433.232635
12.608436 435.044373
12.614241 439.661713
12.620046 442.464294
12.625851 441.637085
12.631656 440.902039
12.637461 163.484665
12.643266 162.939560
12.649071 162.869247
12.654876 163.028671
12.660680 240.918762
12.666485 241.721985
12.672290 242.720795
12.678095 248.817200
12.683900 251.647522
12.689705 251.550446
12.695510 251.163361
12.701315 250.691132
12.707120 250.115417
12.712925 249.440048
12.718730 248.558121
12.724535 246.878403
12.730340 232.321442
12.736145 236.222885
12.741950 236.768799
12.747755 236.931168
12.753560 236.963028
12.759365 236.824249
12.765170 236.436829
12.770975 236.071396
12.776780 235.865295
12.782585 235.804703
12.788390 236.008102
12.794195 236.919830
12.800000 234.722595
12.805805 233.819763
12.811610 234.266495
12.817415 233.869370
12.823220 231.748016
12.829025 229.761642
12.834830 228.991287
12.840635 229.395966
12.846440 237.969604
12.852245 240.563080
12.858050 241.424316
12.863854 242.322708
12.869659 245.067688
12.875464 246.882034
12.881269 247.100861
12.887074 247.369537
12.892879 247.678711
12.898685 444.242615
12.904490 443.087585
12.910295 441.123535
12.916100 439.264069
12.921905 438.362793
12.927710 438.593445
12.933515 230.742264
12.939320 230.258713
12.945125 230.655731
12.950930 230.952805
12.956735 230.974106
12.962540 230.968719
12.968345 230.949936
12.974150 230.931549
12.979955 231.209885
12.985760 232.422455
12.991565 233.181534
12.997370 233.345688
13.003175 240.092529
13.008980 253.726532
13.014785 253.263474
13.020590 251.651047
13.026395 250.591125
13.032200 250.198120
13.038005 250.009399
13.043810 249.517319
13.049615 245.626724
13.055420 243.741501
13.061225 243.180420
13.067030 245.550842
13.072834 247.538086
13.078639 248.705078
13.084444 249.303070
13.090249 249.305893
13.096054 248.759369
13.101859 248.044159
13.107664 247.450531
13.113469 246.848572
13.119274 246.119034
13.125079 245.124512
13.130884 244.233688
13.136689 243.008514
13.142494 240.938248
13.148299 230.834366
13.154104 211.938675
13.159909 218.510498
13.165714 234.564514
13.171519 236.675507
13.177324 237.424866
13.183129 237.858200
13.188934 238.184830
13.194739 238.833801
13.200544 240.716461
13.206349 241.819214
13.212154 241.761276
13.217959 241.730057
13.223764 242.613556
13.229569 243.823532
13.235374 244.838028
13.241179 160.865936
13.246984 248.062210
13.252789 254.500595
13.258595 257.089355
13.264400 255.282990
13.270205 233.152359
13.276009 231.959442
13.281814 231.565903
13.287619 458.868317
13.293424 458.198486
13.299229 230.211227
13.305034 230.439529
13.310839 231.388046
13.316644 232.256210
13.322449 232.278900
13.328254 231.297699
13.334059 230.708023
13.339864 238.461090
13.345669 239.886002
13.351474 241.100662
13.357279 240.512634
13.363084 239.468948
13.368889 239.568604
13.374694 241.736267
13.380499 244.711472
13.386304 245.166382
13.392109 162.968765
13.397914 242.249359
13.403719 238.504776
13.409524 233.870041
13.415329 233.283600
13.421134 233.531540
13.426939 233.719925
13.432744 233.585510
13.438549 233.777924
13.444354 237.086777
13.450159 232.805771
13.455964 232.315491
13.461769 232.175415
13.467574 438.867096
13.473379 440.677887
13.479183 444.456818
13.484988 444.832031
13.490793 442.385742
13.496598 416.390991
13.502403 426.299255
13.508208 428.774109
13.514013 432.302429
13.519818 433.979156
13.525623 433.319519
13.531428 164.598907
13.537233 164.263260
13.543038 164.121674
13.548843 159.726486
13.554648 159.801849
13.560453 774.474976
13.566258 775.325317
13.572063 775.413574
13.577868 158.688171
13.583673 158.707291
13.589478 159.033218
13.595284 159.303925
13.601089 161.493912
13.606894 161.453796
13.612699 161.429504
13.618504 161.514771
13.624309 161.529968
13.630114 771.924316
13.635919 845.610596
13.641724 429.135651
13.647529 430.271576
13.653334 429.769348
13.659139 429.641754
13.664944 430.134888
13.670749 165.636459
13.676554 165.055710
13.682359 164.103714
13.688163 164.184906
13.693968 164.256653
13.699773 160.900604
13.705578 161.338547
13.711383 162.214676
13.717188 162.454865
13.722993 161.732254
13.728798 3929.773438
13.734603 3897.260254
13.740408 3836.582520
13.746213 3823.778320
13.752018 3852.451660
13.757823 3854.917969
13.763628 3876.603516
13.769433 144.300385
13.775238 144.124115
13.781043 439.209290
13.786848 437.852844
13.792653 437.787598
13.798458 437.816010
13.804263 436.271484
13.810068 433.093109
13.815873 428.597137
13.821678 164.664551
13.827483 164.490967
13.833288 164.216705
13.839093 163.940689
13.844898 163.981354
13.850703 164.134476
13.856508 164.190353
13.862313 164.324905
13.868118 164.616989
13.873923 164.843552
13.879728 160.160431
13.885533 160.712967
13.891337 161.156967
13.897142 161.383041
13.902947 167.254745
13.908752 169.034073
13.914557 160.849716
13.920362 164.215164
13.926167 437.124390
13.931973 437.867767
13.937778 441.510193
13.943583 230.681885
13.949388 231.200516
13.955193 232.310501
13.960998 121.551582
13.966803 121.557358
13.972608 241.931091
13.978413 241.959106
13.984218 241.088226
13.990023 235.008667
13.995828 235.444885
14.001633 237.409332
14.007438 238.901276
14.013243 240.157928
14.019048 2745.301758
14.024853 2755.136230
14.030658 2770.592041
14.036463 2792.300537
14.042268 247.161469
14.048073 246.528656
14.053878 245.930664
14.059683 267.811127
14.065488 223.019730
14.071293 223.099915
14.077098 223.562973
14.082903 110.415291
14.088708 110.391014
14.094513 85.276390
14.100317 85.287445
14.106122 78.199844
14.111927 77.006874
14.117732 433.206757
14.123537 243.921234
14.129342 244.278320
14.135147 244.393387
14.140952 244.399902
14.146757 244.786118
14.152562 245.566650
14.158367 245.332794
14.164172 244.695175
14.169977 226.935822
14.175782 225.924683
14.181587 252.674316
14.187392 251.849518
14.193197 248.232239
14.199002 161.211365
14.204807 161.078384
14.210612 155.058731
14.216417 276.892181
14.222222 277.728943
14.228027 279.726898
14.233832 296.803833
14.239637 158.094940
14.245442 238.113770
14.251247 161.823334
14.257052 162.262115
14.262857 162.095886
14.268662 241.491959
14.274467 241.236725
14.280272 160.061386
14.286077 159.091110
14.291883 244.778320
14.297688 245.045395
14.303492 11148.615234
14.309297 11210.457031
14.315102 11299.735352
14.320907 11330.497070
14.326712 11312.916016
14.332517 11317.175781
14.338322 11346.385742
14.344127 11361.874023
14.349932 11377.681641
14.355737 11423.182617
14.361542 11462.620117
14.367347 11484.240234
14.373152 436.252716
14.378957 436.361664
14.384762 230.990509
14.390567 234.547272
14.396372 235.068604
14.402177 164.787338
14.407982 11015.353516
14.413787 10865.835938
14.419592 266.451782
14.425397 267.631226
14.431202 273.692902
14.437007 553.372742
14.442812 550.427429
14.448617 544.031067
14.454422 267.613464
14.460227 265.074768
14.466032 244.315964
14.471837 242.225952
14.477642 241.314301
14.483447 241.139816
14.489252 240.928284
14.495057 240.459503
14.500862 229.489853
14.506667 230.985886
14.512471 232.006378
14.518276 231.782990
14.524081 127.419067
14.529886 127.395958
14.535691 232.730774
14.541496 233.475388
14.547301 233.198288
14.553106 232.566513
14.558911 162.375580
14.564716 161.086853
14.570521 243.370071
14.576326 244.841995
14.582131 243.850952
14.587936 241.680893
14.593741 240.738358
14.599546 160.148941
14.605351 240.654282
14.611156 237.492844
14.616961 235.767578
14.622766 248.747726
14.628572 442.340393
14.634377 441.858398
14.640182 441.502045
14.645987 441.552063
14.651792 442.160095
14.657597 442.668274
14.663402 440.740753
14.669207 437.597260
14.675012 436.132751
14.680817 436.150635
14.686622 165.953934
14.692427 243.369324
14.698232 242.295380
14.704037 159.645081
14.709842 241.244537
14.715646 241.025604
14.721451 160.656311
14.727256 160.862350
14.733061 160.780716
14.738866 160.578476
14.744671 160.339508
14.750476 158.158417
14.756281 157.981064
14.762086 157.444122
14.767891 155.755356
14.773696 155.302353
14.779501 155.270111
14.785306 252.532730
14.791111 243.098267
14.796916 202.370590
14.802721 199.958801
14.808526 239.909592
14.814331 239.522018
14.820136 239.928894
14.825941 162.836502
14.831746 162.896866
14.837551 162.530029
14.843356 161.633850
14.849161 161.149933
14.854966 161.151489
14.860771 161.113190
14.866576 160.597061
14.872381 455.277802
14.878186 158.929871
14.883991 157.868484
14.889796 158.109726
14.895601 159.157516
14.901406 159.734680
14.907211 444.197479
14.913016 440.685608
14.918821 441.172607
14.924625 442.188934
14.930430 443.140594
14.936235 945.381592
14.942040 196.679871
14.947845 196.642181
14.953650 161.586136
14.959455 161.703522
14.965261 162.091736
14.971066 162.127289
14.976871 161.905518
14.982676 259.011536
14.988481 260.384277
14.994286 261.658630
15.000091 284.589233
15.005896 284.448120
15.011701 284.592529
15.017506 285.594635
15.023311 287.649719
15.029116 289.582886
15.034921 290.541443
15.040726 290.724457
15.046531 290.297760
15.052336 263.591553
15.058141 241.035522
15.063946 239.496201
15.069751 238.123108
15.075556 237.672745
15.081361 238.269714
15.087166 238.680786
15.092971 238.466537
15.098776 238.405853
15.104581 259.218567
15.110386 257.487518
15.116191 254.816757
15.121996 254.836060
15.127800 254.401291
15.133605 248.056168
15.139410 244.394348
15.145215 226.792923
15.151020 225.388702
15.156825 226.637787
15.162630 237.532394
15.168435 242.713226
15.174240 265.821777
15.180045 267.872040
15.185850 269.689331
15.191655 269.912537
15.197460 268.723785
15.203265 277.621765
15.209070 295.075867
15.214875 295.529846
15.220680 294.703857
15.226485 292.295837
15.232290 288.933807
15.238095 287.438324
15.243900 286.350555
15.249705 286.146545
15.255510 286.295227
15.261315 273.956268
15.267120 273.232910
15.272925 273.225281
15.278730 273.171265
15.284535 259.014343
15.290340 257.300049
15.296145 257.169373
15.301950 257.813751
15.307755 286.387604
15.313560 286.762024
15.319366 286.573120
15.325171 285.106812
15.330976 282.002625
15.336780 278.879486
15.342585 275.989929
15.348390 243.398544
15.354195 241.124283
15.360000 263.604309
15.365805 263.015961
15.371610 262.760468
15.377415 263.018250
15.383220 263.544128
15.389025 263.967529
15.394830 264.751251
15.400635 267.064148
15.406440 268.098236
15.412245 269.200439
15.418050 276.757690
15.423855 275.076752
15.429660 260.812653
15.435465 230.951416
15.441270 229.890213
15.447075 230.386948
15.452880 231.720566
15.458685 233.021271
15.464490 237.757858
15.470295 247.880325
15.476100 252.510406
15.481905 260.079346
15.487710 258.283051
15.493515 256.407654
15.499320 255.723160
15.505125 254.676285
15.510930 253.850784
15.516735 253.599640
15.522540 253.366531
15.528345 244.032578
15.534150 306.302643
15.539954 446.788666
15.545759 244.754425
15.551564 247.077332
15.557369 249.296936
15.563174 252.707870
15.568979 254.473602
15.574784 244.224197
15.580589 234.771973
15.586394 234.825516
15.592199 233.813309
15.598004 233.921783
15.603809 233.145004
15.609614 266.957825
15.615419 134.219559
15.621224 88.953621
15.627029 247.640106
15.632834 230.068237
15.638639 229.080505
15.644444 229.394821
15.650249 253.245895
15.656054 254.298416
15.661860 237.235641
15.667665 238.656937
15.673470 239.873489
15.679275 446.614716
15.685080 238.660309
15.690885 238.967972
15.696690 239.939117
15.702495 241.058334
15.708300 241.730560
15.714105 242.543549
15.719910 105.658653
15.725715 105.809433
15.731520 264.521362
15.737325 263.050751
15.743129 104.498550
15.748934 104.279427
15.754739 104.263741
15.760544 104.393394
15.766349 104.830894
15.772154 106.413498
15.777959 107.369034
15.783764 311.045471
15.789569 438.146606
15.795374 439.939117
15.801179 442.179993
15.806984 254.382935
15.812789 253.625076
15.818594 441.216980
15.824399 441.300507
15.830204 441.717285
15.836009 441.286011
15.841814 440.812592
15.847619 441.684479
15.853424 164.237991
15.859229 159.645340
15.865034 159.602905
15.870839 158.995697
15.876644 158.304535
15.882449 161.190720
15.888254 161.183304
15.894059 8645.518555
15.899864 8648.858398
15.905669 8490.917969
15.911474 158.577225
15.917279 168.842407
15.923084 168.763596
15.928889 159.835114
15.934694 160.099228
15.940499 169.647003
15.946304 156.399094
15.952108 156.623795
15.957913 0.000000
15.963718 0.000000
15.969523 444.675842
15.975328 477.155731
15.981133 476.512817
15.986938 476.103516
15.992743 2939.389160
15.998549 2882.255859
16.004354 2895.003906
16.010159 2954.379395
16.015965 3062.334717
16.021769 101.275780
16.027575 105.109886
16.033379 120.708260
16.039185 120.760651
16.044989 99.384445
16.050795 99.349770
16.056599 99.327011
16.062403 114.913528
16.068209 89.836006
16.074013 94.613533
16.079819 94.653229
16.085623 94.627434
16.091429 0.000000
16.097233 0.000000
16.103039 97.686668
16.108843 97.743706
16.114649 436.531830
16.120453 440.812103
16.126259 233.766220
16.132063 234.517502
16.137869 235.579117
16.143673 104.754402
16.149479 4403.261230
16.155283 4500.307617
16.161089 4675.029297
16.166893 4713.159180
16.172699 4612.211426
16.178503 4613.912109
16.184309 4620.289062
16.190113 4549.020996
16.195919 4439.542969
16.201723 4369.373535
16.207529 4378.808105
16.213333 4379.287598
16.219139 4316.332031
16.224943 152.701263
16.230749 152.371994
16.236553 567.131775
16.242359 564.479065
16.248163 0.000000
16.253969 431.719940
16.259773 435.807800
16.265577 234.028152
16.271383 234.437653
16.277187 235.784546
16.282993 236.909042
16.288797 503.498474
16.294603 504.755280
16.300407 161.009644
16.306213 161.141785
16.312017 161.163101
16.317823 4713.958008
16.323627 4691.514648
16.329433 4615.136230
16.335238 4509.208496
16.341043 4449.155273
16.346848 4507.644531
16.352654 4686.428223
16.358458 4813.579590
16.364264 4829.651367
16.370068 161.972183
16.375874 438.540741
16.381678 437.128815
16.387484 435.390900
16.393288 1439.265259
16.399094 0.000000
16.404898 115.127586
16.410704 108.429825
16.416508 89.148254
16.422314 89.108513
16.428118 81.571724
16.433924 952.785095
16.439728 559.554016
16.445534 938.306335
16.451338 926.848267
16.457144 255.954437
16.462948 255.724152
16.468752 928.805969
16.474558 939.592407
16.480362 946.608154
16.486168 115.713303
16.491972 115.909668
16.497778 988.717834
16.503582 996.239990
16.509388 130.425491
16.515192 130.278580
16.520998 150.098404
16.526802 150.098541
16.532608 150.104767
16.538412 150.118271
16.544218 94.499977
16.550022 0.000000
16.555828 237.640823
16.561632 237.423767
16.567438 460.442657
16.573242 240.074524
16.579048 162.713440
16.584852 162.731583
16.590658 240.671097
16.596462 240.568390
16.602268 323.553436
16.608072 327.442078
16.613878 333.032013
16.619682 337.065491
16.625488 338.947693
16.631292 341.603546
16.637098 343.793701
16.642902 344.809418
16.648708 345.126465
16.654512 345.536163
16.660318 347.386017
16.666122 350.257782
16.671926 323.862793
16.677732 318.619354
16.683537 315.541382
16.689342 316.652771
16.695147 317.781647
16.700953 318.158295
16.706757 148.847763
16.712563 135.968369
16.718367 133.121719
16.724173 160.847778
16.729977 160.782288
16.735783 81.979362
16.741587 81.940254
16.747393 81.952118
16.753197 4666.437500
16.759003 4547.659668
16.764807 4551.661621
16.770613 4588.886719
16.776417 4615.581055
16.782223 4672.209961
16.788027 4804.265625
16.793833 4936.123535
16.799637 78.647919
16.805443 80.178024
16.811247 83.466103
16.817053 83.467613
16.822857 83.513535
16.828663 84.820099
16.834467 151.713272
16.840273 169.010193
16.846077 191.459183
16.851883 189.937668
16.857687 189.136932
16.863493 189.049698
16.869297 162.203430
16.875101 162.881866
16.880907 163.112778
16.886711 162.449112
16.892517 161.880295
16.898321 161.641525
16.904127 161.023560
16.909931 160.352280
16.915737 462.316559
16.921541 160.164093
16.927347 160.204987
16.933151 159.921906
16.938957 160.250839
16.944761 446.571838
16.950567 443.589752
16.956371 441.554810
16.962177 440.473450
16.967981 440.051331
16.973787 440.087280
16.979591 440.101746
16.985397 439.396301
16.991201 438.586487
16.997007 437.135284
17.002811 433.409424
17.008617 427.932434
17.014421 424.390442
17.020227 369.674652
17.026031 366.438782
17.031837 243.611694
17.037642 348.577271
17.043447 345.344452
17.049252 341.648499
17.055058 336.822266
17.060862 243.375687
17.066668 243.643982
17.072472 244.111725
17.078278 270.518646
17.084082 261.937958
17.089886 155.586945
17.095692 115.150955
17.101496 251.918335
17.107302 122.590965
17.113106 122.764046
17.118912 123.446320
17.124716 123.425858
17.130522 237.664963
17.136326 237.247925
17.142132 237.183548
17.147936 163.787018
17.153742 163.559082
17.159546 162.634491
17.165352 161.211594
17.171156 160.734329
17.176962 160.463501
17.182766 160.527725
17.188572 456.937378
17.194376 455.224609
17.200182 456.971313
17.205986 159.721710
17.211792 159.090729
17.217596 159.232391
17.223402 159.649796
17.229206 441.452606
17.235012 437.853027
17.240816 437.316071
17.246622 438.050690
17.252426 439.627777
17.258232 245.640961
17.264036 482.917542
17.269842 488.407349
17.275646 500.427521
17.281452 511.801300
17.287256 164.107742
17.293060 164.022324
17.298866 164.102936
17.304670 164.144958
17.310476 594.005127
17.316280 185.808792
17.322086 186.495468
17.327890 186.733429
17.333696 407.928467
17.339500 443.138214
17.345306 453.010834
17.351110 454.376007
17.356916 452.424072
17.362720 955.460449
17.368526 964.470337
17.374331 959.935059
17.380136 154.021317
17.385941 474.727264
17.391747 474.975586
17.397551 474.275604
17.403357 238.562469
17.409161 238.025055
17.414967 237.418671
17.420771 237.291046
17.426577 472.828949
17.432381 478.250336
17.438187 415.919037
17.443991 418.761139
17.449797 422.299927
17.455601 425.764404
17.461407 427.825409
17.467211 140.195343
17.473017 307.159058
17.478821 306.507599
17.484627 307.058411
17.490431 306.789337
17.496235 305.283264
17.502041 304.813843
17.507845 304.768860
17.513651 302.248505
17.519455 301.955231
17.525261 302.751190
17.531065 303.080597
17.536871 303.409424
17.542675 445.240326
17.548481 443.681183
17.554285 439.994659
17.560091 437.776917
17.565895 155.989624
17.571701 320.636261
17.577505 317.067383
17.583311 358.865997
17.589115 359.339233
17.594921 359.678680
17.600725 336.213776
17.606531 336.129517
17.612335 94.374184
17.618141 94.432304
17.623945 94.615715
17.629751 153.921936
17.635555 255.184128
17.641361 265.797974
17.647165 267.228729
17.652971 269.354126
17.658775 270.231110
17.664581 421.681549
17.670385 430.628540
17.676191 436.713470
17.681995 222.520340
17.687801 225.113434
17.693605 229.588455
17.699409 232.001602
17.705215 237.227463
17.711020 238.705109
17.716825 239.285538
17.722630 239.315094
17.728436 229.732254
17.734240 226.981308
17.740046 220.487396
17.745850 226.877518
17.751656 248.891541
17.757460 249.977646
17.763266 250.414642
17.769070 249.609726
17.774876 239.165466
17.780680 227.967133
17.786486 226.999176
17.792290 229.279709
17.798096 237.094330
17.803900 244.252258
17.809706 243.839828
17.815510 219.839767
17.821316 220.186478
17.827120 220.854187
17.832926 239.836487
17.838730 240.048386
17.844536 291.794861
17.850340 295.343842
17.856146 299.606476
17.861950 235.171753
17.867756 161.326141
17.873560 160.904297
17.879366 160.149979
17.885170 159.497360
17.890976 159.417175
17.896780 103.124130
17.902586 102.709328
17.908390 225.667862
17.914194 226.480347
17.920000 227.409195
17.925804 154.181183
17.931610 147.717056
17.937414 101.727455
17.943220 100.815041
17.949024 99.308838
17.954830 198.131912
17.960634 197.335999
17.966440 196.203247
17.972244 209.854279
17.978050 209.970245
17.983854 210.094315
17.989660 439.844543
17.995464 442.940460
18.001270 445.058228
18.007074 446.076599
18.012880 446.062347
18.018684 446.057220
18.024490 479.222534
18.030294 483.049652
18.036100 195.100647
18.041904 195.897583
18.047710 194.204132
18.053514 181.384003
18.059320 130.715866
18.065125 495.590302
18.070930 492.789612
18.076735 484.290283
18.082541 477.698547
18.088345 480.116943
18.094151 204.940796
18.099955 204.200317
18.105761 203.618820
18.111565 428.553467
18.117369 433.246002
18.123175 249.042572
18.128979 443.491302
18.134785 442.464264
18.140589 439.539978
18.146395 435.172485
18.152199 434.785278
18.158005 435.611267
18.163809 432.943024
18.169615 426.365540
18.175419 423.044617
18.181225 160.527451
18.187029 160.363480
18.192835 160.006699
18.198639 159.817947
18.204445 159.822128
18.210249 788.015259
18.216055 159.929077
18.221859 160.122910
18.227665 160.286560
18.233469 160.312164
18.239275 263.469116
18.245079 275.810547
18.250885 586.547791
18.256689 624.757874
18.262495 656.239807
18.268299 702.553040
18.274105 719.111084
18.279909 758.468994
18.285715 777.547852
18.291519 836.808228
18.297325 316.643707
18.303129 314.529114
18.308935 914.970093
18.314739 926.020081
18.320543 937.289734
18.326349 944.383545
18.332153 928.595276
18.337959 905.239746
18.343763 934.285339
18.349569 975.168335
18.355373 991.372681
18.361179 178.622925
18.366983 178.860168
18.372789 179.304031
18.378593 827.725342
18.384399 152.579498
18.390203 832.956177
18.396009 830.598083
18.401814 153.272827
18.407619 153.659424
18.413424 153.968506
18.419230 154.224945
18.425034 154.458694
18.430840 836.180054
18.436644 832.974792
18.442450 831.329224
18.448254 829.664185
18.454060 827.558044
18.459864 183.308487
18.465670 182.751404
18.471474 218.980820
18.477280 218.520447
18.483084 218.540451
18.488890 219.205170
18.494694 875.817810
18.500500 854.995178
18.506304 851.722351
18.512110 220.049789
18.517914 219.746689
18.523718 220.065216
18.529524 220.758347
18.535328 881.593018
18.541134 883.999756
18.546938 221.051559
18.552744 220.725357
18.558548 220.086884
18.564354 219.518250
18.570158 219.195602
18.575964 219.531311
18.581768 220.884293
18.587574 221.410416
18.593378 440.023590
18.599184 438.017944
18.604988 439.092224
18.610794 443.201447
18.616598 449.581543
18.622404 447.544708
18.628208 122.755531
18.634014 217.449890
18.639818 217.661850
18.645624 285.017853
18.651428 283.102081
18.657234 281.618256
18.663038 126.013077
18.668844 126.031448
18.674648 125.835938
18.680454 125.650978
18.686258 125.690910
18.692064 91.648010
18.697868 91.572899
18.703674 967.094604
18.709478 165.539856
18.715284 214.656097
18.721088 144.375305
18.726892 124.996262
18.732698 110.140465
18.738503 90.630264
18.744308 90.602478
18.750113 74.057114
18.755919 74.028595
18.761723 1105.759277
18.767529 165.352753
18.773333 165.224533
18.779139 122.282883
18.784943 122.073311
18.790749 165.245178
18.796553 164.815491
18.802359 163.222855
18.808163 161.951080
18.813969 162.003952
18.819773 162.461731
18.825579 162.237732
18.831383 161.475479
18.837189 160.806351
18.842993 159.917984
18.848799 159.354767
18.854603 159.212891
18.860409 159.157272
18.866213 159.141769
18.872019 159.107681
18.877823 199.384918
18.883629 158.457840
18.889433 158.459961
18.895239 158.911713
18.901043 159.384903
18.906849 159.636108
18.912653 159.384293
18.918459 158.527832
18.924263 157.432877
18.930069 156.916336
18.935873 156.979614
18.941677 157.216980
18.947483 157.327469
18.953287 157.165924
18.959093 156.677094
18.964897 156.086060
18.970703 155.652985
18.976507 155.343048
18.982313 155.022964
18.988117 154.656906
18.993923 154.248505
18.999727 153.844299
19.005533 153.623856
19.011337 255.719788
19.017143 255.169800
19.022947 246.943085
19.028753 250.396423
19.034557 129.413528
19.040363 129.970184
19.046167 192.766068
19.051973 144.488144
19.057777 684.750549
19.063583 691.116150
19.069387 275.682220
19.075193 274.514740
19.080997 271.920532
19.086803 269.207153
19.092607 268.318604
19.098413 268.253876
19.104218 269.001221
19.110023 137.263672
19.115828 698.436523
19.121634 702.300049
19.127438 288.706818
19.133244 293.895508
19.139048 150.109863
19.144852 150.922058
19.150658 151.355652
19.156462 304.089783
19.162268 305.498993
19.168072 306.847961
19.173878 307.742798
19.179682 308.219543
19.185488 308.591339
19.191292 309.208405
19.197098 310.271759
19.202902 155.848541
19.208708 156.511993
19.214512 157.068604
19.220318 157.498978
19.226122 157.723694
19.231928 157.817444
19.237732 157.895721
19.243538 316.199615
19.249342 316.250824
19.255148 315.395142
19.260952 156.826218
19.266758 156.921005
19.272562 157.675995
19.278368 158.590042
19.284172 158.924072
19.289978 158.458939
19.295782 158.189301
19.301588 158.374466
19.307392 0.000000
19.313198 110.773338
19.319002 0.000000
19.324808 0.000000
19.330612 0.000000
19.336418 0.000000
19.342222 64.872864
19.348026 1842.149658
19.353832 1895.697266
19.359636 1931.536865
19.365442 370.188568
19.371246 345.851440
19.377052 341.371826
19.382856 338.221649
19.388662 337.187225
19.394466 335.798279
19.400272 334.001038
19.406076 332.487793
19.411882 330.746155
19.417686 328.996094
19.423492 327.799713
19.429296 327.359406
19.435102 326.542206
19.440907 319.345154
19.446712 318.468628
19.452517 319.877441
19.458323 164.661697
19.464127 164.699005
19.469933 164.958893
19.475737 165.245697
19.481543 171.468109
19.487347 171.463776
19.493153 170.591095
19.498957 168.784439
19.504763 333.617554
19.510567 330.771576
19.516373 327.488586
19.522177 322.279510
19.527983 318.589478
19.533787 317.341248
19.539593 316.217010
19.545397 315.341187
19.551201 315.252930
19.557007 315.496124
19.562811 315.988464
19.568617 158.462982
19.574421 158.456573
19.580227 158.493393
19.586031 158.672775
19.591837 159.053467
19.597641 159.477371
19.603447 159.684998
19.609251 159.663895
19.615057 159.685028
19.620861 159.904480
19.626667 160.392197
19.632471 160.595444
19.638277 318.660309
19.644081 318.984772
19.649887 320.364960
19.655691 321.930786
19.661497 323.004608
19.667301 323.409332
19.673107 322.984314
19.678911 322.013519
19.684717 321.464630
19.690521 322.059021
19.696327 323.366913
19.702131 322.462860
19.707937 306.715179
19.713741 305.752472
19.719547 303.924438
19.725351 303.171906
19.731157 238.160812
19.736961 237.712173
19.742767 237.471848
19.748571 237.365051
19.754377 163.114731
19.760181 303.958313
19.765985 648.088135
19.771791 708.471924
19.777596 227.132401
19.783401 294.613342
19.789206 294.498138
19.795012 303.006989
19.800816 300.407471
19.806622 299.611572
19.812426 300.104523
19.818232 301.267273
19.824036 301.722168
19.829842 301.446503
19.835646 300.550476
19.841452 294.729767
19.847256 147.223267
19.853062 446.189545
19.858866 445.211212
19.864672 443.889496
19.870476 436.565430
19.876282 143.977814
19.882086 5722.145996
19.887892 114.766411
19.893696 97.098373
19.899502 88.027527
19.905306 78.162613
19.911112 6496.130371
19.916916 6467.849121
19.922722 6540.024902
19.928526 6532.539062
19.934332 6467.126953
19.940136 6513.896484
19.945942 414.747253
19.951746 414.417053
19.957552 148.431351
19.963356 148.304398
19.969160 6854.985352
19.974966 144.447235
19.980770 595.943787
19.986576 596.651367
19.992380 596.771851
19.998186 7548.893066
20.003990 7709.565430
20.009796 537.172546
20.015600 537.276489
20.021406 458.791718
20.027210 457.075317
20.033016 160.458817
20.038820 454.662537
20.044626 431.197571
20.050430 266.195618
20.056236 280.225800
20.062040 280.316589
20.067846 280.321564
20.073650 280.325134
20.079456 280.312805
20.085260 280.250000
20.091066 280.041321
20.096870 279.223450
20.102676 274.647003
20.108480 272.415375
20.114286 133.273834
20.120090 407.416534
20.125896 402.123169
20.131701 266.609375
20.137506 267.160187
20.143311 268.608673
20.149117 197.318634
20.154921 270.820984
20.160727 269.596802
20.166531 261.218262
20.172335 189.191971
20.178141 188.544693
20.183945 453.236908
20.189751 452.859222
20.195555 449.002502
20.201361 3319.458008
20.207165 3320.005615
20.212971 3354.808594
20.218775 3409.277588
20.224581 96.047066
20.230385 126.087975
20.236191 110.151123
20.241995 108.906563
20.247801 108.735573
20.253605 109.015419
20.259411 108.845390
20.265215 108.015846
20.271021 107.422852
20.276825 106.715485
20.282631 106.347748
20.288435 106.350525
20.294241 106.235565
20.300045 105.903305
20.305851 105.195587
20.311655 106.962624
20.317461 106.892288
20.323265 444.574402
20.329071 446.421082
20.334875 449.811432
20.340681 477.641876
20.346485 165.266495
20.352291 248.427826
20.358095 106.164360
20.363901 103.717499
20.369705 103.518082
20.375509 232.836029
20.381315 232.619003
20.387119 234.616074
20.392925 254.899429
20.398729 255.306808
20.404535 254.995270
20.410339 129.612366
20.416145 130.191406
20.421949 131.083588
20.427755 443.946381
20.433559 443.461487
20.439365 444.151550
20.445169 443.354279
20.450975 440.369141
20.456779 1869.272827
20.462585 1942.237427
20.468390 709.018494
20.474195 212.686447
20.480000 130.912857
20.485806 0.000000
20.491610 1771.998779
20.497416 1772.834473
20.503220 1789.801758
20.509026 1846.893677
20.514830 1878.197876
20.520636 1897.592285
20.526440 103.919510
20.532246 103.756454
20.538050 215.840759
20.543856 215.042831
20.549660 214.671158
20.555466 214.509628
20.561270 214.540924
20.567076 428.756165
20.572880 425.755829
20.578686 418.966736
20.584490 417.338684
20.590294 422.246094
20.596100 437.293488
20.601904 230.389938
20.607710 230.318558
20.613514 230.604919
20.619320 163.702621
20.625124 220.273773
20.630930 219.207397
20.636734 216.918915
20.642540 215.283432
20.648344 3039.391357
20.654150 810.504028
20.659954 815.190979
20.665760 105.206490
20.671564 908.726379
20.677370 102.238503
20.683174 97.239136
20.688980 942.675049
20.694784 937.293945
20.700590 925.231506
20.706394 183.353149
20.712200 182.044846
20.718004 178.899658
20.723810 935.698975
20.729614 445.495300
20.735420 445.788757
20.741224 465.185883
20.747030 465.494171
20.752834 86.190346
20.758640 441.506348
20.764444 441.235657
20.770250 233.587616
20.776054 234.104843
20.781860 234.156906
20.787664 315.949219
20.793468 485.884735
20.799274 98.256195
20.805079 98.177162
20.810884 178.637177
20.816689 179.813339
20.822495 0.000000
20.828299 104.913979
20.834105 183.318832
20.839909 183.835312
20.845715 184.185883
20.851519 184.573059
20.857325 184.760605
20.863129 184.769653
20.868935 184.640472
20.874739 184.342560
20.880545 183.742249
20.886349 183.064178
20.892155 882.890625
20.897959 844.134033
20.903765 376.408630
20.909569 185.247757
20.915375 241.497772
20.921179 242.051224
20.926985 242.685883
20.932789 242.769150
20.938595 242.604477
20.944399 242.485321
20.950205 479.426392
20.956009 480.039154
20.961815 159.062714
20.967619 456.609589
20.973425 456.138824
20.979229 441.647858
20.985035 437.128601
20.990839 164.081985
20.996643 164.313568
21.002449 192.010010
21.008253 194.860825
21.014059 195.375916
21.019863 1155.762329
21.025669 436.502960
21.031473 1425.720093
21.037279 1421.013184
21.043083 0.000000
21.048889 5850.316895
21.054693 5810.929199
21.060499 5724.893066
21.066303 5692.071289
21.072109 5769.999512
21.077913 75.022827
21.083719 1125.719482
21.089523 935.957275
21.095329 931.906311
21.101133 931.630798
21.106939 160.793213
21.112743 160.463394
21.118549 160.076813
21.124353 159.943604
21.130159 159.813080
21.135963 160.112122
21.141769 160.878006
21.147573 161.141144
21.153379 161.105789
21.159184 160.987427
21.164989 160.839706
21.170794 160.501495
21.176600 159.009766
21.182404 158.570343
21.188210 0.000000
21.194014 0.000000
21.199818 426.738861
21.205624 446.944641
21.211428 161.094238
21.217234 161.708786
21.223038 162.519058
21.228844 163.052811
21.234648 485.084259
21.240454 480.761719
21.246258 161.192734
21.252064 160.708572
21.257868 159.342987
21.263674 156.411179
21.269478 168.409470
21.275284 167.628311
21.281088 165.134720
21.286894 159.352402
21.292698 187.826080
21.298504 186.642776
21.304308 186.177170
21.310114 210.806000
21.315918 211.432693
21.321724 226.912308
21.327528 226.908005
21.333334 226.985428
21.339138 80.968437
21.344944 88.203346
21.350748 135.518570
21.356554 135.128235
21.362358 134.547134
21.368164 143.823761
21.373968 150.400986
21.379774 78.931198
21.385578 79.040474
21.391384 76.124428
21.397188 74.807518
21.402992 150.731583
21.408798 150.350998
21.414602 150.080826
21.420408 150.176376
21.426212 150.330475
21.432018 76.423653
21.437822 76.531334
21.443628 78.075264
21.449432 80.985321
21.455238 78.748489
21.461042 78.481804
21.466848 78.458839
21.472652 159.926727
21.478458 151.232880
21.484262 111.508202
21.490068 100.042686
21.495872 88.486595
21.501678 80.017097
21.507483 76.356262
21.513288 71.780991
21.519093 68.413902
21.524899 68.514755
21.530703 68.883102
21.536509 488.889893
21.542313 490.713898
21.548119 475.944397
21.553923 470.057953
21.559729 462.579620
21.565533 456.293182
21.571339 456.900208
21.577143 162.263199
21.582949 162.633667
21.588753 436.906799
21.594559 438.546265
21.600363 437.440674
21.606169 131.173660
21.611973 228.762878
21.617777 227.378174
21.623583 0.000000
21.629387 0.000000
21.635193 90.787704
21.640997 0.000000
21.646803 0.000000
21.652607 0.000000
21.658413 0.000000
21.664217 287.600983
21.670023 1863.561401
21.675827 1864.898682
21.681633 1867.047729
21.687437 1981.162231
21.693243 0.000000
21.699047 0.000000
21.704853 10890.490234
21.710657 11003.005859
21.716463 10950.783203
21.722267 10830.392578
21.728073 10733.244141
21.733877 10690.998047
21.739683 10669.972656
21.745487 10671.689453
21.751293 10731.277344
21.757097 10827.759766
21.762903 10917.440430
21.768707 11017.056641
21.774513 996.172302
21.780317 1095.794312
21.786123 161.473907
21.791927 4742.545410
21.797733 161.087372
21.803537 166.363464
21.809343 150.387497
21.815147 451.166077
21.820951 452.259857
21.826757 456.266083
21.832561 1110.690308
21.838367 3189.325439
21.844172 3243.034180
21.849977 3253.652100
21.855782 3231.127197
21.861588 520.065796
21.867392 521.777466
21.873198 174.370956
21.879002 78.474602
21.884808 78.538773
21.890612 77.474037
21.896418 79.561234
21.902222 79.592934
21.908028 86.815224
21.913832 236.219681
21.919638 236.617599
21.925442 162.680832
21.931248 162.312119
21.937052 162.178955
21.942858 161.748489
21.948662 160.865067
21.954468 160.539078
21.960272 159.434692
21.966078 475.078369
21.971882 7281.614258
21.977688 7518.171875
21.983492 7963.545898
21.989298 8491.890625
21.995102 9094.969727
22.000908 9874.088867
22.006712 10147.110352
22.012518 10326.918945
22.018322 10473.514648
22.024126 10581.839844
22.029932 10629.625977
22.035736 10661.579102
22.041542 10755.963867
22.047346 10844.966797
22.053152 898.772522
22.058956 906.794922
22.064762 921.337891
22.070566 249.135529
22.076372 249.179398
22.082176 416.660950
22.087982 416.510712
22.093786 417.189178
22.099592 1116.690308
22.105396 1115.128174
22.111202 374.048035
22.117006 891.909302
22.122812 313.286285
22.128616 473.340942
22.134422 472.617859
22.140226 893.235107
22.146032 876.585266
22.151836 863.527039
22.157642 853.436340
22.163446 3737.202881
22.169252 165.905136
22.175056 415.409393
22.180862 305.318481
22.186666 447.513824
22.192472 156.607025
22.198277 156.747925
22.204082 115.090881
22.209887 108.302032
22.215693 106.415489
22.221497 5594.484863
22.227301 5619.269531
22.233107 5672.370117
22.238911 5708.251953
22.244717 5736.205078
22.250521 5762.192383
22.256327 5769.001953
22.262131 5749.853027
22.267937 439.886230
22.273741 439.934662
22.279547 159.429947
22.285351 159.371277
22.291157 159.329575
22.296961 159.100357
22.302767 158.252075
22.308571 157.815170
22.314377 157.549667
22.320181 233.008636
22.325987 232.130280
22.331791 231.736420
22.337597 231.553589
22.343401 945.156372
22.349207 237.329742
22.355011 237.770386
22.360817 160.304520
22.366621 161.546906
22.372427 161.702759
22.378231 161.617203
22.384037 161.540558
22.389841 161.691055
22.395647 161.967209
22.401451 162.056381
22.407257 162.039200
22.413061 161.908310
22.418867 161.653137
22.424671 161.812119
22.430477 164.151169
22.436281 164.916687
22.442085 155.415115
22.447891 155.944336
22.453695 156.555252
22.459501 161.185379
22.465305 158.133011
22.471111 158.235855
22.476915 243.428299
22.482721 243.205536
22.488525 0.000000
22.494331 820.405212
22.500135 877.520264
22.505941 956.121704
22.511745 973.987305
22.517551 124.375618
22.523355 124.220131
22.529161 138.201797
22.534966 182.477005
22.540771 138.664062
22.546576 138.740250
22.552382 138.582108
22.558186 138.206360
22.563992 275.019592
22.569796 274.382141
22.575602 274.196533
22.581406 274.897980
22.587212 277.637726
22.593016 280.556213
22.598822 283.059296
22.604626 143.306122
22.610432 148.413467
22.616236 73.911285
22.622042 71.106628
22.627846 177.014648
22.633652 106.692184
22.639456 106.843208
22.645260 106.868629
22.651066 96.309441
22.656870 87.445656
22.662676 82.250511
22.668480 69.324501
22.674286 69.304131
22.680090 69.093468
22.685896 62.676697
22.691700 62.596306
22.697506 62.118912
22.703310 64.703491
22.709116 64.733276
22.714920 445.086029
22.720726 444.467041
22.726530 82.923119
22.732336 163.206665
22.738140 163.134979
22.743946 246.501999
22.749750 434.320618
22.755556 436.031799
22.761360 254.716583
22.767166 255.028122
22.772970 1821.721680
22.778776 1884.202637
22.784580 1963.413330
22.790386 695.526428
22.796190 232.624176
22.801996 231.972961
22.807800 0.000000
22.813606 1716.297729
22.819410 122.301926
22.825216 122.278114
22.831020 1859.867188
22.836826 1883.763428
22.842630 1882.534546
22.848434 1860.976440
22.854240 106.262573
22.860044 0.000000
22.865850 0.000000
22.871655 80.431519
22.877460 80.455772
22.883265 78.992699
22.889071 161.339569
22.894875 160.890564
22.900681 160.524857
22.906485 259.038300
22.912291 191.173553
22.918095 0.000000
22.923901 0.000000
22.929705 264.973846
22.935511 263.873535
22.941315 121.182762
22.947121 4144.051270
22.952925 4154.340820
22.958731 4207.411621
22.964535 124.057884
22.970341 253.374374
22.976145 253.369049
22.981951 840.961243
22.987755 843.970459
22.993561 269.776123
22.999365 273.132935
23.005171 275.304565
23.010975 277.125793
23.016781 278.396973
23.022585 279.209351
23.028391 279.675507
23.034195 279.737915
23.040001 279.526245
23.045805 279.296448
23.051609 279.032990
23.057415 278.711426
23.063219 278.533020
23.069025 278.561371
23.074829 278.590515
23.080635 278.463837
23.086439 278.349823
23.092245 278.617310
23.098049 279.231018
23.103855 279.819733
23.109659 280.307190
23.115465 280.638336
23.121269 280.812531
23.127075 281.142090
23.132879 281.678528
23.138685 282.106262
23.144489 282.391388
23.150295 282.594269
23.156099 282.768127
23.161905 283.132721
23.167709 283.896942
23.173515 284.785736
23.179319 285.514374
23.185125 285.800781
23.190929 285.285187
23.196735 284.731445
23.202539 284.974030
23.208345 286.363708
23.214149 1516.594482
23.219955 1515.448120
23.225760 274.946014
23.231565 438.569000
23.237370 437.958221
23.243176 437.808228
23.248980 439.290375
23.254784 441.948822
23.260590 447.503143
23.266394 463.093567
23.272200 159.999054
23.278004 159.952515
23.283810 160.051468
23.289614 160.272690
23.295420 163.695831
23.301224 163.984238
23.307030 162.023407
23.312834 161.869156
23.318640 161.549026
23.324444 161.481155
23.330250 161.714371
23.336054 161.619125
23.341860 437.647430
23.347664 436.979889
23.353470 436.102722
23.359274 1422.167358
23.365080 1418.661255
23.370884 117.321693
23.376690 5893.501465
23.382494 5829.563477
23.388300 78.163887
23.394104 75.966721
23.399910 75.990456
23.405714 1130.223267
23.411520 1858.275391
23.417324 1860.058716
23.423130 165.093872
23.428934 160.812592
23.434740 160.913788
23.440544 160.689575
23.446350 160.247375
23.452154 159.856735
23.457960 159.571167
23.463764 159.943604
23.469568 160.423904
23.475374 160.609329
23.481178 160.795319
23.486984 160.869614
23.492788 160.793594
23.498594 156.792816
23.504398 156.938980
23.510204 156.819839
23.516008 156.456375
23.521814 459.177460
23.527618 457.169281
23.533424 456.252991
23.539228 239.693069
23.545034 241.111664
23.550838 242.336365
23.556644 242.575455
23.562449 484.983093
23.568254 477.826569
23.574059 160.227341
23.579865 159.703552
23.585669 157.007721
23.591475 157.719727
23.597279 158.388397
23.603085 238.324524
23.608889 238.361313
23.614695 238.709045
23.620499 161.066025
23.626305 196.791763
23.632109 230.311508
23.637915 240.288071
23.643719 0.000000
23.649525 0.000000
23.655329 457.670532
23.661135 933.724731
23.666939 930.020691
23.672743 237.312622
23.678549 136.182053
23.684353 139.543945
23.690159 140.412918
23.695963 279.685730
23.701769 280.030151
23.707573 281.060089
23.713379 281.837494
23.719183 281.915192
23.724989 281.320801
23.730793 280.091675
23.736599 277.813538
23.742403 137.000671
23.748209 136.782440
23.754013 136.950867
23.759819 995.162598
23.765623 1002.269714
23.771429 1011.628296
23.777233 1019.247925
23.783039 1025.672607
23.788843 306.659760
23.794649 309.005310
23.800453 310.750366
23.806259 312.230225
23.812063 313.496277
23.817869 314.577545
23.823673 314.661346
23.829479 314.097626
23.835283 314.105286
23.841089 314.573669
23.846893 315.167877
23.852699 158.090942
23.858503 158.601669
23.864309 318.402954
23.870113 319.500366
23.875917 320.667175
23.881723 321.508606
23.887527 321.636627
23.893333 321.463165
23.899137 321.665283
23.904943 323.235046
23.910748 328.891205
23.916553 332.464539
23.922358 333.939117
23.928164 335.204224
23.933968 335.633606
23.939774 1577.597290
23.945578 1766.608032
23.951384 105.195412
23.957188 110.985558
23.962994 704.098206
23.968798 702.287048
23.974604 698.590088
23.980408 122.448494
23.986214 1924.612793
23.992018 1937.671997
23.997824 1911.055542
