0.000000 664.251953
0.005805 664.250488
0.011610 659.027832
0.017415 651.084473
0.023220 415.600128
0.029025 416.589111
0.034830 417.356873
0.040635 417.522278
0.046440 417.418243
0.052245 417.389374
0.058050 417.058502
0.063855 416.273743
0.069660 138.966446
0.075465 138.954010
0.081270 138.996231
0.087075 110.273453
0.092880 109.654022
0.098685 411.080872
0.104490 412.042664
0.110295 412.922119
0.116100 70.124451
0.121905 69.662437
0.127710 69.754288
0.133515 69.842682
0.139320 164.693909
0.145125 493.603180
0.150930 495.090424
0.156735 495.407349
0.162540 494.976471
0.168345 494.426422
0.174150 494.053589
0.179955 493.772247
0.185760 493.571899
0.191565 493.571442
0.197370 493.748108
0.203175 493.915436
0.208980 493.906952
0.214785 493.782837
0.220590 493.778900
0.226395 493.899231
0.232200 493.981812
0.238005 493.993713
0.243810 493.915619
0.249615 493.634186
0.255419 493.344696
0.261224 493.278778
0.267029 493.324158
0.272834 493.346313
0.278639 493.385925
0.284444 493.676483
0.290249 494.355530
0.296054 495.288177
0.301859 495.959808
0.307664 495.471649
0.313469 660.004150
0.319274 659.078186
0.325079 659.066162
0.330884 659.117371
0.336689 659.096252
0.342494 659.367188
0.348299 659.874756
0.354104 660.168457
0.359909 660.019897
0.365714 659.639221
0.371519 659.362000
0.377324 659.473206
0.383129 659.994629
0.388934 660.627014
0.394739 660.848267
0.400544 660.715698
0.406349 660.645020
0.412154 660.739807
0.417959 660.903198
0.423764 661.400208
0.429569 662.285706
0.435374 663.044800
0.441179 663.340820
0.446984 662.966370
0.452789 662.081238
0.458594 661.257202
0.464399 660.675232
0.470204 660.403198
0.476009 660.562866
0.481814 660.865051
0.487619 660.996765
0.493424 660.603638
0.499229 660.330078
0.505034 660.562317
0.510839 660.647949
0.516644 330.237427
0.522449 330.159790
0.528254 330.372345
0.534059 330.408295
0.539864 164.951401
0.545669 247.487656
0.551474 247.361969
0.557279 165.135422
0.563084 496.981262
0.568889 495.529236
0.574694 494.376312
0.580499 493.912567
0.586304 494.001556
0.592109 494.269470
0.597914 494.337433
0.603719 494.292877
0.609524 494.252075
0.615329 494.152466
0.621134 494.064362
0.626939 494.033691
0.632744 493.993866
0.638549 493.860291
0.644354 493.549835
0.650159 493.176239
0.655964 492.949341
0.661769 492.941406
0.667574 246.306793
0.673379 246.382446
0.679184 246.484787
0.684989 246.611465
0.690794 246.718719
0.696599 246.710892
0.702404 246.775391
0.708209 247.101105
0.714014 247.533829
0.719819 495.273438
0.725624 104.500717
0.731429 104.490662
0.737234 417.301514
0.743039 417.303772
0.748844 417.212128
0.754649 417.079926
0.760454 416.840057
0.766258 416.585724
0.772063 416.497345
0.777869 416.508850
0.783673 416.388123
0.789478 416.364868
0.795283 416.662048
0.801088 416.832611
0.806893 416.513062
0.812698 416.112701
0.818503 415.984131
0.824308 415.946594
0.830113 415.939850
0.835918 416.005341
0.841723 416.193085
0.847528 208.309372
0.853333 415.756592
0.859138 415.676636
0.864943 416.415497
0.870748 417.185303
0.876553 417.231720
0.882358 417.146027
0.888163 417.702637
0.893968 208.210846
0.899773 207.487000
0.905578 207.147293
0.911383 327.554352
0.917188 328.117218
0.922993 329.174774
0.928798 329.891632
0.934603 330.006989
0.940408 329.860870
0.946213 329.827240
0.952018 329.827911
0.957823 329.713501
0.963628 329.513611
0.969433 329.334320
0.975238 329.293213
0.981043 329.382568
0.986848 329.508667
0.992653 329.630890
0.998458 329.715332
1.004263 329.746307
1.010068 329.771698
1.015873 329.875946
1.021678 330.035461
1.027483 330.112793
1.033288 330.079132
1.039093 329.995056
1.044898 329.827454
1.050703 329.489441
1.056508 329.115356
1.062313 329.019501
1.068118 329.211670
1.073923 329.352600
1.079728 329.415741
1.085533 103.791031
1.091338 206.530289
1.097143 207.069412
1.102948 417.478180
1.108753 417.117889
1.114558 416.704834
1.120363 416.755859
1.126168 416.768127
1.131973 416.463989
1.137778 416.110168
1.143583 416.132751
1.149388 416.429962
1.155193 416.591339
1.160998 416.474976
1.166803 416.409210
1.172608 416.695740
1.178413 416.993011
1.184218 416.673096
1.190023 415.883667
1.195828 415.598907
1.201633 415.862823
1.207438 416.101990
1.213243 416.192566
1.219048 416.242889
1.224853 416.203735
1.230658 415.887634
1.236463 415.708374
1.242268 415.927032
1.248073 416.593567
1.253878 416.681946
1.259683 413.720123
1.265488 830.825378
1.271293 831.650085
1.277097 831.887756
1.282902 831.034607
1.288707 309.609772
1.294513 309.048798
1.300317 308.928955
1.306122 309.186340
1.311927 309.693573
1.317732 310.576324
1.323537 311.176361
1.329342 311.269440
1.335147 311.161804
1.340952 311.019836
1.346757 310.897583
1.352562 310.814087
1.358367 310.807770
1.364172 310.940277
1.369977 311.162628
1.375782 311.299927
1.381587 311.268311
1.387392 311.196167
1.393197 311.244446
1.399002 311.392914
1.404807 311.475800
1.410612 311.454407
1.416417 311.409058
1.422222 311.355927
1.428027 311.224579
1.433832 311.014008
1.439637 310.791382
1.445442 310.544128
1.451247 310.296753
1.457052 310.143219
1.462857 155.209885
1.468662 155.280151
1.474467 130.946884
1.480272 392.863983
1.486077 392.119171
1.491882 392.110657
1.497687 392.775421
1.503492 393.195648
1.509297 393.259796
1.515102 393.099274
1.520907 392.818359
1.526712 392.646271
1.532517 392.771698
1.538322 393.061310
1.544127 393.192078
1.549932 393.028168
1.555737 392.959412
1.561542 393.248413
1.567347 393.578705
1.573152 393.526611
1.578957 393.179779
1.584762 393.032928
1.590567 393.072052
1.596372 393.132904
1.602177 393.204590
1.607982 393.409119
1.613787 393.701263
1.619592 393.593506
1.625397 393.142731
1.631202 393.190186
1.637007 394.029358
1.642812 394.773529
1.648617 394.929657
1.654422 394.610352
1.660227 464.767822
1.666032 466.468384
1.671837 466.992004
1.677642 466.801544
1.683447 466.191223
1.689252 465.636780
1.695057 465.326660
1.700862 465.199036
1.706667 465.290588
1.712472 465.608704
1.718277 465.898376
1.724082 465.999237
1.729887 465.991882
1.735692 465.947021
1.741497 466.023926
1.747302 466.239166
1.753107 466.395355
1.758912 466.349274
1.764717 466.104797
1.770522 465.807648
1.776327 465.674835
1.782132 465.722870
1.787936 465.803314
1.793741 465.851105
1.799546 465.700195
1.805351 464.706055
1.811157 233.716934
1.816961 185.520050
1.822766 552.915405
1.828571 554.580017
1.834376 555.267090
1.840181 555.082275
1.845986 554.717407
1.851791 554.210693
1.857596 553.556702
1.863401 553.074585
1.869206 553.226624
1.875011 553.754333
1.880816 554.018921
1.886621 553.971191
1.892426 553.961548
1.898231 554.246399
1.904036 554.525757
1.909841 554.510437
1.915646 554.205811
1.921451 553.972290
1.927256 554.042542
1.933061 554.215088
1.938866 554.344788
1.944671 554.455322
1.950476 554.793152
1.956281 555.575134
1.962086 556.508728
1.967891 557.092896
1.973696 557.068420
1.979501 556.762512
1.985306 556.576599
1.991111 556.458862
1.996916 556.326904
2.002721 556.219666
2.008526 556.227600
2.014331 278.402374
2.020136 556.914429
2.025941 468.145111
2.031746 467.240082
2.037551 467.687195
2.043356 469.081238
2.049161 469.287384
2.054966 468.016418
2.060771 466.833740
2.066576 466.409546
2.072381 466.483673
2.078186 466.680573
2.083991 466.668427
2.089796 466.492645
2.095601 466.266693
2.101406 466.115051
2.107211 466.250488
2.113016 466.574219
2.118821 466.742249
2.124626 466.463654
2.130431 465.821808
2.136236 465.300323
2.142041 465.117981
2.147846 464.889435
2.153651 464.300049
2.159456 463.678314
2.165261 463.763885
2.171066 464.338989
2.176871 464.681976
2.182676 464.593536
2.188481 464.413940
2.194286 464.932648
2.200091 465.660278
2.205896 465.768646
2.211701 465.027588
2.217506 196.054123
2.223311 393.988983
2.229116 393.936218
2.234921 393.558289
2.240726 393.313782
2.246531 393.333435
2.252336 393.381714
2.258141 393.444794
2.263946 393.518677
2.269751 393.554504
2.275556 393.500397
2.281361 393.360809
2.287166 393.291046
2.292970 393.321320
2.298775 393.259766
2.304580 393.139679
2.310385 393.277985
2.316190 393.702759
2.321995 393.920593
2.327801 393.585449
2.333606 393.305725
2.339411 393.362793
2.345215 393.466888
2.351020 393.490601
2.356825 393.494476
2.362630 393.640503
2.368435 196.978363
2.374240 196.903641
2.380045 196.684036
2.385850 394.289032
2.391655 394.895081
2.397460 395.323425
2.403265 394.947357
2.409070 394.100677
2.414875 393.951996
2.420680 99.364960
2.426485 197.964294
2.432290 103.008644
2.438095 311.407379
2.443900 311.047211
2.449705 311.105225
2.455510 311.287811
2.461315 311.378387
2.467120 311.296356
2.472925 311.078735
2.478730 310.853912
2.484535 310.789093
2.490340 310.837341
2.496145 310.860382
2.501950 310.915344
2.507755 311.073975
2.513560 311.219879
2.519365 311.238190
2.525170 311.201447
2.530975 311.193481
2.536780 311.306793
2.542585 311.556915
2.548390 311.778748
2.554195 311.780457
2.560000 311.529510
2.565805 311.167328
2.571610 310.926514
2.577415 310.988861
2.583220 310.996979
2.589025 310.734283
2.594830 310.486511
2.600635 310.720612
2.606440 312.056305
2.612245 195.751221
2.618050 196.310257
2.623855 98.759903
2.629660 393.405548
2.635465 393.262054
2.641270 393.102631
2.647075 392.896759
2.652880 392.784332
2.658685 392.836975
2.664490 392.998047
2.670295 393.123444
2.676100 393.096710
2.681905 392.844635
2.687710 392.631897
2.693515 392.776245
2.699320 392.996399
2.705125 392.835052
2.710930 392.548920
2.716735 392.447845
2.722540 392.233307
2.728345 391.909363
2.734150 391.690430
2.739955 391.660065
2.745760 390.315308
2.751565 381.629120
2.757370 831.261536
2.763175 832.546082
2.768980 833.033508
2.774785 409.763489
2.780590 411.207886
2.786395 412.164978
2.792200 413.339264
2.798005 415.152832
2.803810 416.607819
2.809614 417.106079
2.815419 417.111847
2.821224 416.967285
2.827029 416.704071
2.832834 416.450012
2.838639 416.400452
2.844445 416.471588
2.850250 416.400635
2.856054 416.189209
2.861859 416.143188
2.867664 416.327423
2.873469 416.418121
2.879274 416.290619
2.885079 416.296265
2.890884 416.435547
2.896689 416.413086
2.902494 416.378418
2.908299 416.505249
2.914104 416.784424
2.919909 416.966553
2.925714 416.940948
2.931519 416.991241
2.937324 417.146240
2.943129 208.734009
2.948934 208.676514
2.954739 208.544785
2.960544 208.353806
2.966349 103.583145
2.972154 103.568657
2.977959 103.754845
2.983764 103.816132
2.989569 103.762634
2.995374 103.723885
3.001179 311.109070
3.006984 311.088806
3.012789 310.914062
3.018594 310.758820
3.024399 310.793823
3.030204 310.918121
3.036009 310.953857
3.041814 310.943085
3.047619 310.988281
3.053424 311.100189
3.059229 311.194214
3.065034 311.215057
3.070839 311.205688
3.076644 311.247162
3.082449 311.394775
3.088254 311.592896
3.094059 311.702087
3.099864 311.649292
3.105669 311.489532
3.111474 311.362854
3.117279 311.249847
3.123084 103.713692
3.128889 103.674568
3.134694 103.856468
3.140499 104.222725
3.146304 104.000923
3.152109 414.928802
3.157914 415.693359
3.163719 416.131500
3.169524 416.345001
3.175329 416.818695
3.181134 417.645111
3.186939 418.036713
3.192744 417.814087
3.198549 417.441101
3.204354 417.109589
3.210159 416.820862
3.215964 416.579742
3.221769 416.448761
3.227574 416.379852
3.233379 416.225311
3.239184 416.104950
3.244989 416.228271
3.250794 416.444427
3.256599 416.433167
3.262404 416.309479
3.268209 416.318207
3.274014 416.328125
3.279819 416.279236
3.285624 416.290070
3.291429 416.480194
3.297234 416.746124
3.303039 416.712311
3.308844 416.571838
3.314649 416.559937
3.320453 416.471436
3.326258 416.356812
3.332063 416.329559
3.337868 416.191376
3.343673 463.817932
3.349478 465.668915
3.355283 466.470764
3.361089 466.528961
3.366894 466.385651
3.372698 466.032867
3.378503 465.680328
3.384308 465.598633
3.390113 465.758453
3.395918 466.011963
3.401723 466.234131
3.407528 466.298676
3.413333 466.136536
3.419138 465.905457
3.424943 465.937958
3.430748 466.251740
3.436553 466.469543
3.442358 466.421570
3.448163 466.151672
3.453968 465.824158
3.459773 465.655334
3.465578 465.640472
3.471383 465.601379
3.477188 465.402466
3.482993 465.130890
3.488798 465.159393
3.494603 465.513397
3.500408 465.892365
3.506213 466.109253
3.512018 155.330322
3.517823 155.164474
3.523628 155.018433
3.529433 155.041183
3.535238 155.155014
3.541043 155.257355
3.546848 155.385696
3.552653 155.528030
3.558458 311.448151
3.564263 311.327850
3.570068 311.258026
3.575873 311.199829
3.581678 311.076813
3.587483 310.921722
3.593288 310.881104
3.599093 310.996857
3.604898 311.122284
3.610703 311.120331
3.616508 311.059601
3.622313 311.073181
3.628118 311.191406
3.633923 311.354004
3.639728 311.488098
3.645533 311.551880
3.651338 311.513245
3.657143 311.294464
3.662948 310.952545
3.668753 310.710175
3.674558 310.642365
3.680363 310.672791
3.686168 310.759827
3.691973 310.782562
3.697778 155.349518
3.703583 155.293716
3.709388 155.250366
3.715193 77.413528
3.720998 389.394226
3.726803 389.370575
3.732608 98.624176
3.738413 197.308899
3.744218 392.558594
3.750023 392.908295
3.755828 392.960083
3.761633 392.978241
3.767438 393.046539
3.773243 393.146698
3.779048 393.297302
3.784853 393.288086
3.790658 393.023346
3.796463 392.833313
3.802268 392.970612
3.808073 393.153809
3.813878 393.022430
3.819683 392.784088
3.825488 392.789001
3.831293 392.877808
3.837097 392.861664
3.842902 392.778290
3.848707 392.764435
3.854512 392.971527
3.860317 393.272675
3.866122 393.457550
3.871927 393.846039
3.877733 394.649353
3.883538 395.790558
3.889342 396.874359
3.895147 397.191467
3.900952 464.670776
3.906757 465.823792
3.912562 466.361115
3.918367 466.563934
3.924172 466.678772
3.929977 466.684143
3.935782 466.387451
3.941587 465.922699
3.947392 465.545105
3.953197 465.353882
3.959002 465.467896
3.964807 465.828064
3.970612 466.133911
3.976417 466.185669
3.982222 466.024231
3.988027 465.981323
3.993832 466.199890
3.999637 466.399231
4.005442 466.383972
4.011247 466.147278
4.017052 465.784119
4.022857 465.518860
4.028662 465.494965
4.034467 465.581238
4.040272 465.696869
4.046077 232.863724
4.051882 466.025146
4.057687 466.174072
4.063492 623.837341
4.069297 311.184235
4.075102 621.776978
4.080907 621.398315
4.086712 621.243225
4.092517 621.463562
4.098322 622.022705
4.104127 622.605469
4.109932 622.831970
4.115737 622.605957
4.121542 622.250427
4.127347 622.410950
4.133152 623.087952
4.138957 623.794312
4.144762 623.976318
4.150567 623.756348
4.156372 623.623291
4.162177 623.752258
4.167982 623.915833
4.173787 624.032837
4.179592 624.488953
4.185397 625.364075
4.191202 626.195068
4.197007 626.406616
4.202812 625.760437
4.208617 624.752930
4.214422 623.842163
4.220227 623.147400
4.226032 622.870605
4.231837 311.426819
4.237642 311.490601
4.243447 311.881744
4.249252 312.601379
4.255057 312.835449
4.260862 205.553604
4.266667 414.899628
4.272471 414.836975
4.278276 415.069275
4.284081 415.575836
4.289886 208.310486
4.295691 208.476288
4.301497 208.388123
4.307302 416.822449
4.313107 416.576385
4.318912 416.531006
4.324717 416.674713
4.330522 416.776855
4.336327 416.668488
4.342132 416.505707
4.347937 416.455719
4.353742 416.335510
4.359547 416.024445
4.365352 415.888428
4.371157 416.024414
4.376961 416.136658
4.382766 416.150757
4.388571 416.207764
4.394376 416.500427
4.400181 416.797455
4.405986 416.505341
4.411791 207.995621
4.417596 208.128281
4.423401 416.616394
4.429206 208.548660
4.435011 208.558929
4.440816 208.486191
4.446621 103.607605
4.452426 103.705345
4.458231 103.842537
4.464036 103.835220
4.469841 103.750839
4.475646 103.663803
4.481451 103.626366
4.487256 103.619209
4.493061 310.535065
4.498866 310.633240
4.504671 310.812195
4.510476 311.014313
4.516281 311.190247
4.522086 311.248138
4.527891 311.183136
4.533696 311.115234
4.539501 311.135803
4.545306 311.184174
4.551111 311.181549
4.556916 311.195496
4.562721 311.291962
4.568526 311.382141
4.574331 103.795761
4.580136 103.792595
4.585941 103.847076
4.591746 103.880730
4.597551 103.745071
4.603356 102.866356
4.609161 102.727226
4.614966 414.022339
4.620771 415.419159
4.626576 416.467957
4.632381 416.334503
4.638186 416.077148
4.643991 208.291275
4.649796 417.452301
4.655601 417.665710
4.661406 417.462524
4.667211 417.191406
4.673016 416.969666
4.678821 416.778351
4.684626 416.666809
4.690431 416.703217
4.696236 416.666199
4.702041 416.467682
4.707846 416.450317
4.713651 416.782379
4.719456 417.017700
4.725261 416.840729
4.731066 416.680359
4.736871 416.793793
4.742676 416.828491
4.748481 416.711639
4.754286 416.661896
4.760091 208.480316
4.765896 208.629501
4.771701 208.538559
4.777506 208.478256
4.783311 208.560287
4.789115 208.643265
4.794920 208.720413
4.800725 208.785431
4.806530 208.680115
4.812335 208.291473
4.818141 233.051254
4.823946 232.782379
4.829751 466.361237
4.835556 465.918274
4.841361 465.832062
4.847166 466.184845
4.852971 232.682999
4.858776 232.836975
4.864581 232.951721
4.870386 232.993729
4.876191 232.980621
4.881996 466.520203
4.887800 466.613953
4.893605 233.012192
4.899410 232.956680
4.905215 232.889313
4.911020 232.760254
4.916825 232.661469
4.922630 232.666275
4.928435 465.636353
4.934240 103.191528
4.940045 103.022690
4.945850 103.561203
4.951655 232.166916
4.957460 471.738739
4.963265 481.396790
4.969070 490.123260
4.974875 493.007690
4.980680 493.834808
4.986485 494.021881
4.992290 493.770386
4.998095 493.252228
5.003900 492.845612
5.009705 492.670349
5.015510 492.767548
5.021315 493.146088
5.027120 493.486298
5.032925 493.542419
5.038730 493.444946
5.044535 493.556000
5.050340 493.877686
5.056145 494.090454
5.061950 494.026611
5.067755 493.672974
5.073560 493.287140
5.079365 493.146179
5.085170 493.170410
5.090975 493.156342
5.096780 493.038788
5.102585 492.987061
5.108390 493.168976
5.114195 493.582764
5.120000 494.053528
5.125805 494.340637
5.131610 494.303131
5.137415 494.123047
5.143220 494.008118
5.149025 493.803162
5.154830 246.566605
5.160635 246.314209
5.166440 491.841064
5.172245 490.076324
5.178050 487.393768
5.183855 483.689941
5.189660 477.510651
5.195465 471.631042
5.201270 469.568359
5.207075 468.204407
5.212880 466.803009
5.218685 465.556427
5.224490 464.842773
5.230295 465.238678
5.236100 465.939362
5.241905 466.294006
5.247710 466.248749
5.253515 466.221985
5.259320 466.561249
5.265125 466.837402
5.270930 466.560974
5.276735 465.760101
5.282540 464.925385
5.288345 464.653442
5.294150 464.816162
5.299954 464.947662
5.305759 233.326904
5.311564 233.825150
5.317369 234.524658
5.323174 207.793045
5.328979 207.974884
5.334785 208.255920
5.340590 208.549759
5.346395 208.654449
5.352200 208.490723
5.358005 208.259033
5.363810 415.610596
5.369615 416.360107
5.375420 417.027740
5.381225 417.325806
5.387030 417.289856
5.392835 417.203430
5.398640 417.149536
5.404444 417.040253
5.410249 416.860504
5.416054 416.768829
5.421859 416.785950
5.427664 416.702637
5.433469 416.522980
5.439274 416.467010
5.445079 416.440613
5.450884 416.309418
5.456689 416.308411
5.462494 416.535828
5.468299 416.673584
5.474104 416.640991
5.479909 416.595459
5.485714 416.602692
5.491519 416.594727
5.497324 416.498260
5.503129 416.519836
5.508934 416.700684
5.514739 416.824341
5.520544 416.885284
5.526349 416.877258
5.532154 416.573486
5.537959 415.638794
5.543764 207.583344
5.549569 207.760971
5.555374 103.888199
5.561179 103.924126
5.566984 103.927818
5.572789 103.877808
5.578594 103.790840
5.584399 311.063477
5.590204 310.967010
5.596009 310.968018
5.601814 311.000488
5.607619 310.997437
5.613424 311.013763
5.619229 311.120911
5.625034 311.283569
5.630839 311.364655
5.636644 311.307129
5.642449 311.216064
5.648254 311.188995
5.654059 311.255554
5.659864 311.376404
5.665669 311.485107
5.671474 311.510803
5.677279 311.392151
5.683084 311.183167
5.688889 311.039459
5.694694 311.055115
5.700499 311.066620
5.706304 310.805054
5.712109 310.325592
5.717914 310.228119
5.723719 311.543976
5.729524 347.238373
5.735329 347.267487
5.741134 165.310455
5.746939 325.293274
5.752744 327.796173
5.758549 328.553833
5.764354 328.835632
5.770159 329.217194
5.775964 329.495148
5.781769 329.524933
5.787574 329.446167
5.793379 329.414154
5.799184 329.433441
5.804989 329.409058
5.810794 329.400116
5.816598 329.484619
5.822403 329.630402
5.828208 329.738892
5.834013 329.734406
5.839818 329.674316
5.845623 329.672913
5.851429 329.816101
5.857234 330.006653
5.863039 330.060822
5.868844 329.941986
5.874649 329.720001
5.880454 329.526276
5.886259 329.410004
5.892064 329.343292
5.897869 329.290466
5.903674 329.153992
5.909479 328.916595
5.915284 328.807251
5.921088 329.380951
5.926893 330.317871
5.932698 139.257599
5.938503 139.717621
5.944308 139.699615
5.950113 209.005569
5.955918 416.081787
5.961723 415.990479
5.967528 415.950073
5.973333 416.163727
5.979138 416.444763
5.984943 416.602936
5.990748 416.537872
5.996553 416.358978
6.002358 416.390350
6.008163 416.683929
6.013968 416.827911
6.019773 416.577545
6.025578 416.403137
6.031383 416.545563
6.037188 416.632050
6.042993 416.533752
6.048798 416.351227
6.054603 416.155396
6.060408 415.960693
6.066213 415.908020
6.072018 416.091278
6.077823 416.532867
6.083628 417.169067
6.089433 417.691559
6.095238 417.643829
6.101043 489.033081
6.106848 492.483826
6.112653 493.440277
6.118458 493.772583
6.124263 494.076508
6.130068 494.285492
6.135873 494.023010
6.141678 493.442078
6.147483 493.097412
6.153288 493.168457
6.159093 493.555786
6.164898 493.886383
6.170703 493.928436
6.176508 493.753784
6.182313 493.665344
6.188118 493.874817
6.193923 494.122955
6.199728 494.146423
6.205533 493.879578
6.211338 493.538879
6.217143 493.396240
6.222948 493.438568
6.228753 493.456696
6.234558 493.315277
6.240363 493.105865
6.246168 493.097748
6.251973 493.417755
6.257778 493.904053
6.263583 494.382385
6.269388 494.583344
6.275193 494.183167
6.280998 494.067017
6.286803 660.130432
6.292608 660.369751
6.298413 659.831238
6.304218 659.038757
6.310023 658.478516
6.315828 658.454285
6.321633 658.911926
6.327438 659.429626
6.333242 659.585083
6.339047 659.240173
6.344852 658.847412
6.350657 659.226562
6.356462 660.118835
6.362267 660.685181
6.368073 660.660706
6.373878 660.567078
6.379683 660.725037
6.385488 660.968323
6.391293 661.147949
6.397098 661.634583
6.402903 662.498230
6.408708 663.254150
6.414513 663.234741
6.420318 662.340149
6.426123 661.465576
6.431927 660.911194
6.437732 660.437561
6.443537 660.119202
6.449342 660.249451
6.455147 660.601379
6.460952 660.786377
6.466757 660.719971
6.472562 660.685608
6.478367 660.344238
6.484172 659.472717
6.489977 165.160797
6.495782 165.197449
6.501587 165.079330
6.507392 164.899506
6.513197 164.720093
6.519002 164.608109
6.524807 164.567215
6.530612 164.574524
6.536417 164.641403
6.542222 164.723495
6.548027 164.706970
6.553832 246.434509
6.559637 494.449646
6.565442 494.473206
6.571247 494.655396
6.577052 494.796936
6.582857 494.794342
6.588662 494.433533
6.594467 493.777863
6.600272 493.427490
6.606077 493.506866
6.611882 493.701050
6.617687 493.904572
6.623492 494.058655
6.629297 246.536072
6.635102 246.780319
6.640907 164.770111
6.646712 164.883026
6.652517 164.769409
6.658322 164.581985
6.664127 164.418228
6.669932 217.345612
6.675737 104.237923
6.681542 104.217873
6.687347 104.301697
6.693152 209.277130
6.698957 208.919708
6.704762 208.654480
6.710567 416.355133
6.716372 416.321930
6.722177 416.401611
6.727982 416.523041
6.733787 416.459595
6.739592 416.251373
6.745397 416.156219
6.751202 416.266632
6.757007 416.308044
6.762812 416.133087
6.768617 208.029495
6.774422 208.236725
6.780227 416.464172
6.786032 416.450928
6.791837 208.423050
6.797642 208.615570
6.803447 208.759048
6.809252 208.673233
6.815057 417.007843
6.820862 417.480988
6.826667 418.016205
6.832472 418.350952
6.838277 418.402740
6.844081 329.385101
6.849886 329.056427
6.855691 328.859528
6.861496 328.541687
6.867301 328.512085
6.873106 328.880859
6.878911 329.362274
6.884717 329.725708
6.890522 329.795135
6.896327 329.654480
6.902132 329.516449
6.907937 329.477783
6.913742 329.477142
6.919547 329.469971
6.925352 329.531311
6.931157 329.630798
6.936962 329.672485
6.942767 329.641907
6.948571 329.608276
6.954376 329.614471
6.960181 329.653198
6.965986 329.743256
6.971791 329.909180
6.977596 330.005707
6.983401 329.872894
6.989206 329.595062
6.995011 329.401520
