0.000000 0.000000
0.005805 0.000000
0.011610 0.000000
0.017415 0.000000
0.023220 0.000000
0.029025 0.000000
0.034830 0.000000
0.040635 0.000000
0.046440 0.000000
0.052245 0.000000
0.058050 0.000000
0.063855 0.000000
0.069660 0.000000
0.075465 0.000000
0.081270 0.000000
0.087075 0.000000
0.092880 0.000000
0.098685 463.306854
0.104490 463.501129
0.110295 462.032623
0.116100 215.097031
0.121905 214.471054
0.127710 214.814728
0.133515 215.563782
0.139320 182.972794
0.145125 170.961044
0.150930 115.946976
0.156735 114.093231
0.162540 110.801300
0.168345 71.651848
0.174150 70.834023
0.179955 70.810822
0.185760 70.773094
0.191565 71.754997
0.197370 74.418167
0.203175 77.903664
0.208980 80.103386
0.214785 73.643166
0.220590 72.855904
0.226395 75.816254
0.232200 75.662064
0.238005 68.643089
0.243810 68.381279
0.249615 61.594574
0.255419 61.480534
0.261224 61.198814
0.267029 73.369743
0.272834 65.984413
0.278639 68.248291
0.284444 68.352394
0.290249 63.087120
0.296054 63.001938
0.301859 61.002586
0.307664 64.969330
0.313469 0.000000
0.319274 193.450409
0.325079 7499.866699
0.330884 7377.236328
0.336689 113.982513
0.342494 110.459946
0.348299 72.187355
0.354104 70.813797
0.359909 70.803925
0.365714 70.089226
0.371519 71.789055
0.377324 75.457916
0.383129 77.867180
0.388934 80.098328
0.394739 77.991753
0.400544 156.218750
0.406349 77.182510
0.412154 76.522720
0.417959 73.993675
0.423764 71.072517
0.429569 61.027470
0.435374 73.701500
0.441179 73.792671
0.446984 73.587906
0.452789 71.462769
0.458594 69.237076
0.464399 66.405777
0.470204 65.775215
0.476009 62.401066
0.481814 61.011818
0.487619 60.952118
0.493424 7491.599121
0.499229 7421.708496
0.505034 7354.258301
0.510839 7268.045898
0.516644 7137.570312
0.522449 1407.463257
0.528254 946.630676
0.534059 945.502747
0.539864 6999.030762
0.545669 6988.537109
0.551474 73.330917
0.557279 73.366043
0.563084 67.543304
0.568889 68.090805
0.574694 60.484661
0.580499 60.517166
0.586304 70.315620
0.592109 62.653576
0.597914 62.641357
0.603719 62.575657
0.609524 61.952377
0.615329 0.000000
0.621134 66.003761
0.626939 74.457832
0.632744 0.000000
0.638549 63.545044
0.644354 63.601486
0.650159 63.137173
0.655964 65.150742
0.661769 65.214424
0.667574 340.164185
0.673379 244.826126
0.679184 7629.007324
0.684989 7560.258301
0.690794 7463.630371
0.696599 115.970940
0.702404 114.228897
0.708209 43.304237
0.714014 71.582771
0.719819 70.733711
0.725624 70.733597
0.731429 70.728661
0.737234 73.882828
0.743039 76.650002
0.748844 77.980316
0.754649 78.032303
0.760454 75.002365
0.766258 73.958420
0.772063 74.977043
0.777869 70.220421
0.783673 66.499794
0.789478 65.390411
0.795283 62.600597
0.801088 61.463631
0.806893 70.923470
0.812698 68.970276
0.818503 69.111862
0.824308 66.581146
0.830113 65.853508
0.835918 64.073227
0.841723 61.960632
0.847528 63.193878
0.853333 614.398071
0.859138 571.415955
0.864943 570.356873
0.870748 569.272827
0.876553 567.101257
0.882358 212.067459
0.888163 217.325623
0.893968 221.450653
0.899773 223.905701
0.905578 225.340912
0.911383 531.357605
0.917188 455.019928
0.922993 462.292938
0.928798 431.914429
0.934603 432.029053
0.940408 0.000000
0.946213 77.972183
0.952018 229.194168
0.957823 221.594955
0.963628 209.102127
0.969433 209.969971
0.975238 121.340370
0.981043 0.000000
0.986848 0.000000
0.992653 61.187305
0.998458 61.165386
1.004263 71.224808
1.010068 60.509998
1.015873 64.155510
1.021678 62.110222
1.027483 67.954926
1.033288 7535.960938
1.039093 7524.432617
1.044898 7475.732422
1.050703 7403.034668
1.056508 115.749031
1.062313 115.706902
1.068118 43.227058
1.073923 72.169487
1.079728 70.795448
1.085533 70.754677
1.091338 70.759880
1.097143 72.636078
1.102948 75.401291
1.108753 76.801064
1.114558 78.035614
1.120363 75.347313
1.126168 73.874245
1.131973 75.021362
1.137778 72.365211
1.143583 66.654434
1.149388 65.490479
1.155193 62.984177
1.160998 61.546387
1.166803 70.955177
1.172608 69.214836
1.178413 69.085655
1.184218 66.569679
1.190023 66.456184
1.195828 63.871834
1.201633 62.996155
1.207438 62.355576
1.213243 65.968956
1.219048 7388.801758
1.224853 7336.092773
1.230658 7267.998047
1.236463 7172.416504
1.242268 7018.950684
1.248073 1395.696167
1.253878 6689.925293
1.259683 62.074181
1.265488 62.102123
1.271293 62.212749
1.277097 62.213795
1.282902 64.061386
1.288707 65.060051
1.294513 65.020790
1.300317 63.270912
1.306122 66.882881
1.311927 66.812408
1.317732 62.751266
1.323537 64.421722
1.329342 64.430717
1.335147 64.448906
1.340952 64.415016
1.346757 58.606571
1.352562 64.535088
1.358367 65.556747
1.364172 68.209061
1.369977 65.762077
1.375782 64.345573
1.381587 64.229240
1.387392 64.229553
1.393197 0.000000
1.399002 7655.412109
1.404807 7589.130859
1.410612 7518.316406
1.416417 7429.291992
1.422222 113.774010
1.428027 111.252899
1.433832 71.579094
1.439637 70.882645
1.445442 70.309227
1.451247 70.202888
1.457052 71.865234
1.462857 75.116951
1.468662 77.480141
1.474467 78.099770
1.480272 76.887192
1.486077 73.992599
1.491882 74.919479
1.497687 72.861496
1.503492 68.388687
1.509297 65.670525
1.515102 63.509563
1.520907 61.563141
1.526712 61.604836
1.532517 69.191452
1.538322 68.981377
1.544127 66.221153
1.549932 66.239967
1.555737 64.238319
1.561542 63.130867
1.567347 61.965454
1.573152 64.184593
1.578957 7462.362793
1.584762 7402.892090
1.590567 7334.735352
1.596372 7245.624023
1.602177 7107.367188
1.607982 1401.524292
1.613787 942.556396
1.619592 6867.734863
1.625397 6938.045898
1.631202 61.590103
1.637007 65.734764
1.642812 65.034142
1.648617 64.962700
1.654422 64.917534
1.660227 62.668846
1.666032 67.812050
1.671837 65.858162
1.677642 62.713566
1.683447 62.621284
1.689252 64.263306
1.695057 64.248001
1.700862 62.037945
1.706667 62.098961
1.712472 62.145512
1.718277 65.978111
1.724082 66.169472
1.729887 65.175911
1.735692 64.023918
1.741497 63.873314
1.747302 63.112030
1.753107 67.467918
1.758912 7644.848633
1.764717 7588.909668
1.770522 7518.155762
1.776327 7396.054688
1.782132 114.384888
1.787936 110.735802
1.793741 71.693909
1.799546 70.880943
1.805351 70.857330
1.811157 70.093315
1.816961 70.837631
1.822766 73.999329
1.828571 76.772606
1.834376 78.056511
1.840181 76.866486
1.845986 73.973274
1.851791 74.903580
1.857596 73.937241
1.863401 70.147591
1.869206 65.378456
1.875011 63.112011
1.880816 61.461773
1.886621 60.849258
1.892426 71.049271
1.898231 69.027214
1.904036 67.291740
1.909841 66.439117
1.915646 64.810043
1.921451 63.094658
1.927256 61.896141
1.933061 64.031746
1.938866 7436.036621
1.944671 7376.273438
1.950476 7311.075684
1.956281 7230.566895
1.962086 7114.828125
1.967891 6931.511719
1.973696 6729.544922
1.979501 945.969727
1.985306 62.660847
1.991111 64.407158
1.996916 66.587242
2.002721 64.012108
2.008526 65.011780
2.014331 63.428036
2.020136 63.402859
2.025941 67.863289
2.031746 65.629433
2.037551 61.665337
2.043356 61.664837
2.049161 62.239101
2.054966 62.236591
2.060771 61.441036
2.066576 60.221672
2.072381 63.043678
2.078186 66.096748
2.083991 66.135674
2.089796 66.249382
2.095601 65.216698
2.101406 64.936920
2.107211 64.211639
2.113016 65.957642
2.118821 7602.002441
2.124626 7542.748535
2.130431 7481.638672
2.136236 7391.895020
2.142041 114.132057
2.147846 110.744942
2.153651 72.646759
2.159456 70.792709
2.165261 70.806000
2.171066 69.053719
2.176871 70.122673
2.182676 74.004814
2.188481 76.616898
2.194286 77.928864
2.200091 76.836548
2.205896 74.766579
2.211701 74.846458
2.217506 74.811607
2.223311 71.098206
2.229116 66.520111
2.234921 63.523232
2.240726 61.155766
2.246531 60.952175
2.252336 71.066650
2.258141 69.046890
2.263946 67.211075
2.269751 66.455009
2.275556 64.980362
2.281361 64.050339
2.287166 61.955303
2.292970 63.341740
2.298775 611.430481
2.304580 568.580017
2.310385 567.815063
2.316190 567.182251
2.321995 565.180420
2.327801 212.761597
2.333606 218.641022
2.339411 219.637741
2.345215 219.453278
2.351020 218.749512
2.356825 529.219971
2.362630 530.271057
2.368435 436.575226
2.374240 432.913879
2.380045 432.386200
2.385850 220.686783
2.391655 0.000000
2.397460 0.000000
2.403265 0.000000
2.409070 0.000000
2.414875 205.758926
2.420680 206.927872
2.426485 200.712555
2.432290 66.758667
2.438095 68.500130
2.443900 69.375359
2.449705 73.019470
2.455510 73.039917
2.461315 73.044487
2.467120 62.500256
2.472925 60.600273
2.478730 7537.149414
2.484535 7574.492188
2.490340 7518.911133
2.496145 7434.826660
2.501950 7293.166992
2.507755 116.009850
2.513560 43.256371
2.519365 72.131828
2.525170 70.825974
2.530975 70.790245
2.536780 70.766388
2.542585 72.789421
2.548390 76.324753
2.554195 77.550735
2.560000 77.994720
2.565805 75.391960
2.571610 73.922760
2.577415 75.054924
2.583220 72.308716
2.589025 67.389259
2.594830 66.575523
2.600635 62.639965
2.606440 61.595306
2.612245 62.108170
2.618050 69.208466
2.623855 68.913292
2.629660 66.285660
2.635465 66.332581
2.641270 64.019478
2.647075 63.028370
2.652880 61.922474
2.658685 64.417801
2.664490 0.000000
2.670295 193.653000
2.676100 174.784195
2.681905 7387.064941
2.687710 113.517204
2.693515 110.545059
2.699320 71.562431
2.705125 70.767632
2.710930 70.770470
2.716735 69.032082
2.722540 71.747169
2.728345 75.426651
2.734150 77.887489
2.739955 79.227402
2.745760 77.974731
2.751565 154.384354
2.757370 76.979439
2.763175 76.972786
2.768980 74.112663
2.774785 69.856361
2.780590 61.563793
2.786395 74.071167
2.792200 75.031746
2.798005 73.406876
2.803810 70.498077
2.809614 69.226807
2.815419 67.468460
2.821224 66.522484
2.827029 63.074780
2.832834 61.012028
2.838639 59.973427
2.844445 209.971985
2.850250 7563.675293
2.856054 7493.684570
2.861859 7387.308594
2.867664 113.745430
2.873469 70.837250
2.879274 72.215393
2.885079 70.804810
2.890884 70.810440
2.896689 70.765305
2.902494 71.725983
2.908299 75.348755
2.914104 77.898834
2.919909 79.459068
2.925714 76.889183
2.931519 74.824600
2.937324 75.730652
2.943129 73.842728
2.948934 72.113335
2.954739 67.595207
2.960544 63.050808
2.966349 72.672096
2.972154 72.609322
2.977959 72.252678
2.983764 69.376770
2.989569 67.615417
2.995374 67.516914
3.001179 65.702705
3.006984 63.108227
3.012789 61.766201
3.018594 65.251854
3.024399 7459.390625
3.030204 7402.604004
3.036009 7334.382812
3.041814 7246.544434
3.047619 7118.322266
3.053424 6928.720703
3.059229 6832.277344
3.065034 7009.395020
3.070839 7095.242188
3.076644 7064.874023
3.082449 62.225243
3.088254 65.158592
3.094059 65.853394
3.099864 65.776146
3.105669 64.833961
3.111474 64.813309
3.117279 65.183403
3.123084 62.754356
3.128889 62.682999
3.134694 62.549545
3.140499 62.503094
3.146304 62.474102
3.152109 62.500828
3.157914 64.395149
3.163719 64.373245
3.169524 65.029083
3.175329 65.143837
3.181134 65.202866
3.186939 64.004028
3.192744 63.790798
3.198549 7462.664062
3.204354 7445.965820
3.210159 7403.309082
3.215964 7341.159180
3.221769 7253.249512
3.227574 7117.906738
3.233379 6904.914062
3.239184 6722.628906
3.244989 6937.434082
3.250794 7045.570801
3.256599 6972.083008
3.262404 6975.725586
3.268209 7041.447754
3.274014 7065.954590
3.279819 7005.631348
3.285624 0.000000
3.291429 0.000000
3.297234 0.000000
3.303039 0.000000
3.308844 0.000000
3.314649 4003.351562
3.320453 0.000000
3.326258 0.000000
3.332063 0.000000
3.337868 0.000000
3.343673 0.000000
3.349478 0.000000
3.355283 0.000000
3.361089 0.000000
3.366894 0.000000
3.372698 136.551315
3.378503 136.772980
3.384308 7564.179688
3.390113 7535.315918
3.395918 7485.297852
3.401723 7402.152344
3.407528 113.905853
3.413333 110.665802
3.419138 71.583694
3.424943 71.637459
3.430748 70.836090
3.436553 70.148926
3.442358 71.744484
3.448163 73.986259
3.453968 76.663986
3.459773 78.457932
3.465578 77.893631
3.471383 75.001137
3.477188 74.761253
3.482993 74.627777
3.488798 70.145317
3.494603 66.445374
3.500408 63.508415
3.506213 61.431934
3.512018 60.931065
3.517823 71.162872
3.523628 69.180580
3.529433 69.140388
3.535238 66.485519
3.541043 65.017525
3.546848 64.093536
3.552653 62.086605
3.558458 64.064713
3.564263 7463.089844
3.570068 7393.878906
3.575873 7320.506348
3.581678 7231.108887
3.587483 7103.629395
3.593288 6899.151855
3.599093 6593.377930
3.604898 6720.085938
3.610703 6947.576660
3.616508 6928.544434
3.622313 65.742485
3.628118 62.723473
3.633923 65.963585
3.639728 64.888397
3.645533 64.875290
3.651338 64.868309
3.657143 64.828682
3.662948 64.741875
3.668753 64.473312
3.674558 64.394508
3.680363 64.426437
3.686168 64.456665
3.691973 63.598804
3.697778 60.320847
3.703583 60.334717
3.709388 68.284515
3.715193 65.986916
3.720998 64.865234
3.726803 63.795670
3.732608 62.961723
3.738413 63.042793
3.744218 606.180969
3.750023 579.886475
3.755828 573.715820
3.761633 570.379272
3.767438 563.077271
3.773243 212.829803
3.779048 216.530746
3.784853 217.280182
3.790658 217.830582
3.796463 218.163101
3.802268 484.129059
3.808073 451.365112
3.813878 458.511475
3.819683 433.322571
3.825488 432.795166
3.831293 210.969727
3.837097 0.000000
3.842902 229.286407
3.848707 215.884384
3.854512 206.200394
3.860317 121.147614
3.866122 0.000000
3.871927 117.608795
3.877733 150.220596
3.883538 0.000000
3.889342 0.000000
3.895147 558.429077
3.900952 0.000000
3.906757 0.000000
3.912562 557.979370
3.918367 554.848633
3.924172 287.867737
3.929977 7525.186035
3.935782 7487.817383
3.941587 7421.271973
3.947392 7294.350098
3.953197 113.964325
3.959002 110.542053
3.964807 73.823372
3.970612 71.943733
3.976417 70.803497
3.982222 70.060715
3.988027 71.766106
3.993832 75.468132
3.999637 77.968887
4.005442 78.075569
4.011247 76.370804
4.017052 74.020798
4.022857 75.148300
4.028662 72.451752
4.034467 70.138664
4.040272 66.560074
4.046077 62.532669
4.051882 61.521866
4.057687 71.562752
4.063492 70.358704
4.069297 69.128448
4.075102 67.198227
4.080907 67.277794
4.086712 64.873184
4.092517 62.961353
4.098322 61.854885
4.104127 58.698238
4.109932 210.284576
4.115737 183.332184
4.121542 7468.938965
4.127347 117.543221
4.133152 113.697487
4.138957 71.569336
4.144762 71.670227
4.150567 70.813934
4.156372 70.810867
4.162177 70.782692
4.167982 73.271828
4.173787 76.695023
4.179592 79.147568
4.185397 80.151718
4.191202 76.954544
4.197007 74.258698
4.202812 75.319862
4.208617 75.294594
4.214422 70.198738
4.220227 69.101448
4.226032 62.047741
4.231837 59.639366
4.237642 72.834343
4.243447 70.347511
4.249252 68.998604
4.255057 66.370209
4.260862 67.386627
4.266667 65.199379
4.272471 63.145927
4.278276 61.973282
4.284081 67.384796
4.289886 7636.598633
4.295691 7564.938965
4.301497 7490.458008
4.307302 7385.182617
4.313107 113.652275
4.318912 110.740089
4.324717 72.775291
4.330522 70.801872
4.336327 70.802528
4.342132 69.049927
4.347937 71.737778
4.353742 75.475380
4.359547 77.957329
4.365352 79.241127
4.371157 78.011818
4.376961 76.939125
4.382766 77.021744
4.388571 76.196457
4.394376 72.851868
4.400181 67.560356
4.405986 59.851265
4.411791 74.226242
4.417596 74.238052
4.423401 72.842522
4.429206 69.168282
4.435011 67.279404
4.440816 67.349899
4.446621 66.325333
4.452426 62.999626
4.458231 61.758026
4.464036 65.216843
4.469841 7461.314941
4.475646 7401.698730
4.481451 7333.651367
4.487256 7248.270020
4.493061 7125.783203
4.498866 1402.625610
4.504671 946.911621
4.510476 945.614136
4.516281 70.526619
4.522086 65.798096
4.527891 65.799072
4.533696 66.414497
4.539501 66.444954
4.545306 68.821472
4.551111 62.736126
4.556916 64.950874
4.562721 66.241379
4.568526 66.092300
4.574331 62.750004
4.580136 62.668091
4.585941 62.594437
4.591746 62.499863
4.597551 60.271713
4.603356 64.371468
4.609161 64.408920
4.614966 65.650887
4.620771 65.712242
4.626576 65.721001
4.632381 63.997936
4.638186 63.353424
4.643991 7537.476562
4.649796 7472.191895
4.655601 7413.005371
4.661406 7345.830078
4.667211 7264.496582
4.673016 7151.317871
4.678821 6980.187988
4.684626 1398.099121
4.690431 6977.466797
4.696236 7085.872070
4.702041 7022.431152
4.707846 7029.985352
4.713651 0.000000
4.719456 0.000000
4.725261 7035.897949
4.731066 0.000000
4.736871 0.000000
4.742676 0.000000
4.748481 0.000000
4.754286 0.000000
4.760091 4041.864258
4.765896 0.000000
4.771701 0.000000
4.777506 0.000000
4.783311 0.000000
4.789115 0.000000
4.794920 0.000000
4.800725 0.000000
4.806530 0.000000
4.812335 0.000000
4.818141 68.916008
4.823946 126.377464
4.829751 7570.945801
4.835556 7525.859863
4.841361 7483.499512
4.847166 7423.006348
4.852971 114.162056
4.858776 113.964134
4.864581 72.878525
4.870386 72.887558
4.876191 70.903908
4.881996 70.195160
4.887800 70.877396
4.893605 73.999695
4.899410 76.785904
4.905215 78.042984
4.911020 78.016212
4.916825 74.916710
4.922630 74.857857
4.928435 74.838921
4.934240 71.303596
4.940045 66.779648
4.945850 63.543182
4.951655 61.480270
4.957460 60.807758
4.963265 70.923012
4.969070 68.906265
4.974875 68.033943
4.980680 66.376831
4.986485 65.689049
4.992290 63.141426
4.998095 61.978336
5.003900 64.142319
5.009705 7472.718262
5.015510 7420.625977
5.021315 7362.287109
5.027120 7285.989746
5.032925 7169.940430
5.038730 6974.400879
5.044535 6708.854492
5.050340 6833.954590
5.056145 7046.555664
5.061950 7024.224121
5.067755 65.847946
5.073560 65.206749
5.079365 67.631088
5.085170 68.771324
5.090975 64.014671
5.096780 66.280624
5.102585 66.305771
5.108390 65.259048
5.114195 64.107491
5.120000 64.136765
5.125805 62.159164
5.131610 62.155880
5.137415 62.214142
5.143220 63.576820
5.149025 65.620682
5.154830 65.616989
5.160635 65.265984
5.166440 63.607189
5.172245 63.664272
5.178050 63.204243
5.183855 63.186024
5.189660 614.110962
5.195465 564.110962
5.201270 562.940857
5.207075 563.797791
5.212880 562.005005
5.218685 215.845993
5.224490 216.969788
5.230295 217.526917
5.236100 218.309845
5.241905 218.454605
5.247710 482.818146
5.253515 450.962402
5.259320 456.785889
5.265125 431.243622
5.270930 429.529724
5.276735 222.006149
5.282540 0.000000
5.288345 230.388321
5.294150 229.449509
5.299954 216.314743
5.305759 121.192772
5.311564 121.179420
5.317369 0.000000
5.323174 150.951859
5.328979 0.000000
5.334785 0.000000
5.340590 564.679382
5.346395 564.523193
5.352200 0.000000
5.358005 0.000000
5.363810 553.976685
5.369615 7454.672852
5.375420 7426.435547
5.381225 7362.412598
5.387030 7285.062012
5.392835 7182.321289
5.398640 7026.140625
5.404444 566.536377
5.410249 566.907532
5.416054 664.124878
5.421859 6795.900879
5.427664 6832.934570
5.433469 6921.771484
5.439274 6974.071289
5.445079 6933.582520
5.450884 0.000000
5.456689 0.000000
5.462494 606.861633
5.468299 0.000000
5.474104 0.000000
5.479909 565.025574
5.485714 0.000000
5.491519 0.000000
5.497324 0.000000
5.503129 0.000000
5.508934 0.000000
5.514739 0.000000
5.520544 0.000000
5.526349 0.000000
5.532154 0.000000
5.537959 0.000000
5.543764 667.901550
5.549569 7441.845703
5.555374 7422.933594
5.561179 7374.716797
5.566984 7312.070801
5.572789 7229.367188
5.578594 7108.110840
5.584399 1403.181152
5.590204 564.940857
5.596009 6921.187500
5.601814 6884.497559
5.607619 6893.519043
5.613424 7031.316406
5.619229 7120.438965
5.625034 0.000000
5.630839 6905.454590
5.636644 0.000000
5.642449 0.000000
5.648254 0.000000
5.654059 0.000000
5.659864 4051.474121
5.665669 0.000000
5.671474 0.000000
5.677279 0.000000
5.683084 0.000000
5.688889 0.000000
5.694694 0.000000
5.700499 0.000000
5.706304 0.000000
5.712109 0.000000
5.717914 0.000000
5.723719 0.000000
5.729524 7490.187012
5.735329 7440.887207
5.741134 7378.243164
5.746939 7305.052246
5.752744 7214.204102
5.758549 7089.179199
5.764354 1410.164062
5.770159 6945.291992
5.775964 7131.690918
5.781769 7133.426270
5.787574 7062.631836
5.793379 7114.327148
5.799184 0.000000
5.804989 0.000000
5.810794 0.000000
5.816598 0.000000
5.822403 0.000000
5.828208 0.000000
5.834013 0.000000
5.839818 0.000000
5.845623 0.000000
5.851429 0.000000
5.857234 0.000000
5.863039 0.000000
5.868844 0.000000
5.874649 0.000000
5.880454 0.000000
5.886259 0.000000
5.892064 0.000000
5.897869 0.000000
5.903674 77.435783
5.909479 7594.157227
5.915284 7511.586426
5.921088 7483.807129
5.926893 7443.095215
5.932698 7374.629395
5.938503 113.584114
5.944308 110.651764
5.950113 72.778183
5.955918 70.810394
5.961723 70.814400
5.967528 70.067169
5.973333 71.740204
5.979138 73.989655
5.984943 76.716629
5.990748 77.969856
5.996553 76.879372
6.002358 74.756218
6.008163 74.857788
6.013968 74.887199
6.019773 71.059731
6.025578 66.425476
6.031383 63.462109
6.037188 60.980164
6.042993 60.861794
6.048798 71.019585
6.054603 68.936905
6.060408 67.254738
6.066213 66.378052
6.072018 64.883232
6.077823 63.076344
6.083628 61.795914
6.089433 66.368301
6.095238 0.000000
6.101043 193.716110
6.106848 7536.725586
6.112653 7440.770996
6.118458 114.105400
6.124263 110.519104
6.130068 72.218391
6.135873 70.862152
6.141678 70.842354
6.147483 70.168411
6.153288 71.796768
6.159093 75.337906
6.164898 77.955437
6.170703 80.007149
6.176508 79.043137
6.182313 76.367241
6.188118 76.447922
6.193923 76.596718
6.199728 73.653702
6.205533 69.952606
6.211338 65.503220
6.217143 59.630951
6.222948 59.691959
6.228753 72.280464
6.234558 69.181465
6.240363 67.521782
6.246168 67.517433
6.251973 66.541977
6.257778 64.100044
6.263583 61.812107
6.269388 64.102837
6.275193 7464.891113
6.280998 7406.924805
6.286803 7344.150391
6.292608 7266.201172
6.298413 7155.549805
6.304218 1408.761353
6.310023 565.598633
6.315828 948.369751
6.321633 7076.685059
6.327438 7030.486816
6.333242 7021.196289
6.339047 68.474762
6.344852 67.656654
6.350657 68.810631
6.356462 65.017723
6.362267 64.970497
6.368073 73.047974
6.373878 61.255939
6.379683 61.234356
6.385488 64.036247
6.391293 64.155663
6.397098 64.257698
6.402903 64.278786
6.408708 0.000000
6.414513 61.359268
6.420318 69.774712
6.426123 69.094025
6.431927 66.192924
6.437732 63.018913
6.443537 63.011589
6.449342 63.378403
6.455147 7649.618652
6.460952 7572.117188
6.466757 7522.726074
6.472562 7456.442383
6.478367 7341.141113
6.484172 114.188889
6.489977 43.356236
6.495782 72.830383
6.501587 70.835136
6.507392 70.819702
6.513197 70.125252
6.519002 72.815712
6.524807 76.586807
6.530612 77.992851
6.536417 78.016685
6.542222 75.529076
6.548027 73.805153
6.553832 74.764908
6.559637 71.069817
6.565442 66.548660
6.571247 65.486359
6.577052 62.634235
6.582857 61.518742
6.588662 71.081993
6.594467 69.228882
6.600272 69.178543
6.606077 66.377342
6.611882 66.595085
6.617687 64.205948
6.623492 63.067822
6.629297 62.625343
6.635102 627.693604
6.640907 593.981384
6.646712 573.727051
6.652517 569.017151
6.658322 565.235352
6.664127 210.325378
6.669932 217.186264
6.675737 217.475861
6.681542 217.440552
6.687347 217.510559
6.693152 480.052979
6.698957 450.581177
6.704762 462.413818
6.710567 433.881561
6.716372 431.896240
6.722177 0.000000
6.727982 0.000000
6.733787 229.478989
6.739592 221.827072
6.745397 217.272919
6.751202 121.087654
6.757007 0.000000
6.762812 0.000000
6.768617 59.490116
6.774422 61.219082
6.780227 69.266281
6.786032 69.288414
6.791837 61.047375
6.797642 64.901207
6.803447 64.146004
6.809252 61.426178
6.815057 0.000000
6.820862 7618.056152
6.826667 7574.373047
6.832472 7503.552246
6.838277 7384.973145
6.844081 114.035362
6.849886 43.314102
6.855691 72.151543
6.861496 70.809982
6.867301 69.972740
6.873106 70.032959
6.878911 71.831871
6.884717 75.441849
6.890522 77.893730
6.896327 77.941017
6.902132 76.311180
6.907937 74.009628
6.913742 75.059814
6.919547 72.459007
6.925352 67.488953
6.931157 66.583710
6.936962 62.626163
6.942767 61.464962
6.948571 61.617168
6.954376 69.186516
6.960181 69.054672
6.965986 66.457336
6.971791 66.513046
6.977596 64.585693
6.983401 63.140377
6.989206 62.147755
6.995011 64.116928
7.000816 7414.566406
7.006621 7368.016602
7.012426 7310.104004
7.018231 7226.874512
7.024036 7086.344238
7.029841 1408.904053
7.035646 942.707581
7.041451 62.080448
7.047256 7105.113281
7.053061 65.832901
7.058866 65.881195
7.064671 64.104401
7.070476 64.129578
7.076281 64.127769
7.082086 63.806583
7.087891 66.170822
7.093696 66.108253
7.099501 64.007523
7.105306 63.987400
7.111111 63.947147
7.116916 63.772293
7.122721 62.972080
7.128526 60.269642
7.134331 65.481468
7.140136 65.123421
7.145941 65.710014
7.151746 64.354546
7.157551 64.364174
7.163356 63.670212
7.169161 62.155659
7.174966 0.000000
7.180771 7498.598633
7.186576 7464.353027
7.192381 7416.415039
7.198186 7334.759277
7.203991 114.325081
7.209796 110.965698
7.215601 72.768814
7.221406 70.821297
7.227211 70.818214
7.233016 69.076515
7.238821 71.785118
7.244626 74.473732
7.250431 76.761909
7.256236 78.036873
7.262041 76.825546
7.267846 73.915726
7.273651 74.909615
7.279456 73.844231
7.285261 69.669289
7.291066 66.426590
7.296871 63.252041
7.302676 61.490608
7.308481 61.466976
7.314286 70.949814
7.320091 68.877693
7.325896 67.273972
7.331701 66.537056
7.337506 64.816719
7.343311 63.059845
7.349116 61.702702
7.354921 63.856590
7.360725 7426.158203
7.366530 7366.298340
7.372335 7298.563477
7.378140 7215.200684
7.383945 7097.331543
7.389750 1404.921631
7.395555 945.171509
7.401361 941.697327
7.407166 62.673027
7.412971 62.738674
7.418776 62.190269
7.424581 64.024719
7.430386 66.380989
7.436191 64.079414
7.441996 63.260555
7.447801 63.196560
7.453606 66.308762
7.459411 62.219719
7.465215 62.110725
7.471020 62.041683
7.476825 64.446938
7.482630 61.024670
7.488435 62.530460
7.494240 64.423683
7.500045 65.596169
7.505850 65.646431
7.511655 65.117493
7.517460 64.970573
7.523265 64.462273
7.529070 64.062988
7.534875 64.173409
7.540680 7553.361816
7.546485 7508.996094
7.552290 7457.966797
7.558095 7380.311035
7.563900 113.869247
7.569705 110.758453
7.575510 72.879196
7.581315 72.830383
7.587120 70.833008
7.592925 69.095360
7.598730 70.151039
7.604535 74.032158
7.610340 76.332626
7.616145 78.005066
7.621950 76.804482
7.627755 74.976227
7.633560 74.946587
7.639365 74.014267
7.645170 70.312653
7.650975 66.473145
7.656780 63.535564
7.662585 61.514236
7.668390 60.915478
7.674195 70.999184
7.680000 68.958427
7.685805 67.215233
7.691610 66.448502
7.697415 64.845184
7.703220 63.054043
7.709025 61.787807
7.714830 63.912247
7.720635 7457.307617
7.726440 7402.900391
7.732245 7350.015625
7.738050 7285.130859
7.743855 7193.596191
7.749660 7047.260742
7.755465 1407.085571
7.761270 63.097717
7.767075 62.005493
7.772880 65.709679
7.778685 65.780533
7.784490 65.145073
7.790295 64.094353
7.796100 68.754204
7.801905 63.451584
7.807710 63.373867
7.813515 66.942757
7.819320 66.892906
7.825125 62.167934
7.830930 62.176807
7.836735 62.160019
7.842540 62.517570
7.848345 63.126755
7.854150 63.125290
7.859955 64.405655
7.865760 65.048813
7.871564 65.023071
7.877369 64.040237
7.883174 63.994797
7.888979 62.889458
7.894784 62.141335
7.900589 7655.065918
7.906394 7583.869141
7.912199 7545.114746
7.918005 7485.677734
7.923810 7381.333496
7.929615 115.759644
7.935420 43.291599
7.941225 72.792915
7.947030 70.768890
7.952835 70.766754
7.958640 70.763954
7.964445 72.637085
7.970250 76.683990
7.976054 78.028748
7.981859 78.107315
7.987664 76.420097
7.993469 74.047043
7.999274 75.042221
8.005079 72.436172
8.010884 66.536392
8.016689 65.339371
8.022494 62.520618
8.028299 61.530838
8.034104 70.641296
8.039909 69.327911
8.045714 69.102814
8.051519 66.317497
8.057324 66.529449
8.063129 64.120903
8.068934 63.091782
8.074739 62.618771
8.080544 618.822571
8.086349 592.298401
8.092155 573.044128
8.097960 568.616211
8.103765 565.582642
8.109570 214.807312
8.115375 216.686493
8.121180 217.314072
8.126985 218.257263
8.132789 218.494339
8.138594 481.586334
8.144399 481.504333
8.150204 464.523682
8.156009 432.478882
8.161814 430.420746
8.167619 222.107834
8.173424 0.000000
8.179229 229.414169
8.185034 229.234314
8.190839 206.219528
8.196644 206.260117
8.202449 206.365311
8.208254 0.000000
8.214059 0.000000
8.219864 0.000000
8.225669 61.245308
8.231474 61.080875
8.237279 61.068775
8.243084 62.967850
8.248889 62.642696
8.254694 60.601292
8.260499 0.000000
8.266304 7601.542969
8.272109 7549.523438
8.277914 7482.219238
8.283719 7375.533691
8.289524 114.096527
8.295329 110.541611
8.301134 72.175278
8.306939 70.809654
8.312744 70.767502
8.318549 69.086105
8.324354 71.734329
8.330159 75.386116
8.335963 77.359749
8.341768 78.114059
8.347573 76.500114
8.353378 73.951714
8.359183 74.937057
8.364988 72.478889
8.370793 68.797615
8.376598 65.390862
8.382403 61.609787
8.388208 61.522049
8.394013 61.585392
8.399818 69.504700
8.405623 68.894775
8.411428 67.018845
8.417233 65.841003
8.423038 64.144363
8.428843 63.026939
8.434649 61.767555
8.440454 67.748360
8.446259 7610.605469
8.452064 7550.677246
8.457869 7488.220703
8.463674 7390.170410
8.469479 115.864395
8.475284 110.409164
8.481089 72.168213
8.486894 70.761490
8.492699 70.763100
8.498504 70.082848
8.504309 71.768738
8.510114 75.454208
8.515919 77.907326
8.521724 78.954575
8.527529 77.810402
8.533334 156.614746
8.539139 76.567795
8.544943 76.553169
8.550748 73.418503
8.556553 70.041283
8.562358 63.590179
8.568163 59.552254
8.573968 60.072437
8.579773 71.570503
8.585578 69.265923
8.591383 67.323517
8.597188 67.380981
8.602993 66.529869
8.608798 63.144520
8.614603 61.137913
8.620408 69.636772
8.626213 211.119583
8.632018 183.646744
8.637823 7518.486816
8.643628 7416.519043
8.649433 114.310966
8.655238 110.426849
8.661043 71.580223
8.666848 70.774879
8.672653 70.760643
8.678458 70.730766
8.684263 71.751389
8.690068 75.544998
8.695873 78.008224
8.701678 80.050423
8.707483 77.988602
8.713288 76.351868
8.719093 76.464539
8.724898 76.618713
8.730703 72.943550
8.736508 69.910881
8.742313 65.326897
8.748117 59.686714
8.753922 60.077023
8.759727 70.938576
8.765532 69.147789
8.771338 67.330589
8.777143 67.356201
8.782948 65.625206
8.788753 63.080120
8.794558 61.139046
8.800363 65.270035
8.806168 7467.977051
8.811973 7418.662598
8.817778 7356.945312
8.823583 7273.278320
8.829388 7145.756348
8.835193 1412.268188
8.840998 1411.385498
8.846803 6904.943848
8.852608 7012.295898
8.858413 7008.052246
8.864218 62.275242
8.870023 65.218292
8.875828 69.621414
8.881633 64.260315
8.887438 63.972828
8.893243 62.727715
8.899048 67.165657
8.904853 62.676460
8.910658 63.452484
8.916463 63.449020
8.922268 65.489326
8.928073 65.648033
8.933878 0.000000
8.939683 0.000000
8.945488 69.113449
8.951293 69.117668
8.957097 66.236565
8.962902 66.202538
8.968707 66.174553
8.974512 66.151314
8.980317 66.135353
8.986122 7461.502930
8.991927 7411.339844
8.997732 7354.890625
9.003537 7282.833008
9.009342 7177.695312
9.015147 7010.548828
9.020952 947.796997
9.026757 945.060669
9.032562 7029.194336
9.038367 6949.736816
9.044172 6973.256836
9.049977 7093.294922
9.055782 261.368408
9.061587 264.181396
9.067392 264.075592
9.073197 263.434906
9.079002 264.152069
9.084807 0.000000
9.090612 0.000000
9.096417 264.873322
9.102222 0.000000
9.108027 0.000000
9.113832 0.000000
9.119637 0.000000
9.125443 0.000000
9.131248 0.000000
9.137053 0.000000
9.142858 0.000000
9.148663 0.000000
9.154468 265.225189
9.160272 265.248993
9.166077 7624.916992
9.171882 7539.905762
9.177687 7500.991211
9.183492 7441.193848
9.189297 7323.403320
9.195102 113.664818
9.200907 43.307365
9.206712 72.788017
9.212517 70.784164
9.218322 70.793930
9.224127 69.985535
9.229932 72.703461
9.235737 76.681587
9.241542 78.063080
9.247347 78.129677
9.253152 76.396988
9.258957 74.970024
9.264762 75.627571
9.270567 72.508400
9.276372 66.600700
9.282177 66.423355
9.287982 61.022644
9.293787 60.084343
9.299592 72.327400
9.305397 69.382294
9.311202 69.147034
9.317007 66.233253
9.322812 66.189514
9.328617 65.789101
9.334422 63.035248
9.340227 63.068447
9.346032 7547.652832
9.351837 7448.905273
9.357642 7369.621582
9.363446 7277.726562
9.369251 7152.615723
9.375056 1414.564087
9.380861 1407.292358
9.386666 947.150635
9.392471 62.128677
9.398276 62.191353
9.404081 65.849815
9.409886 66.495605
9.415691 66.487083
9.421496 66.502121
9.427301 66.437599
9.433106 66.217102
9.438911 66.146416
9.444716 65.973251
9.450521 66.374855
9.456326 64.494423
9.462132 64.510056
9.467937 66.248108
9.473742 61.527527
9.479547 62.146477
9.485352 66.245277
9.491157 66.310150
9.496962 66.327354
9.502767 66.236458
9.508572 66.126282
9.514377 66.098091
9.520182 66.115906
9.525987 617.874451
9.531792 597.220642
9.537597 571.744995
9.543402 568.800903
9.549207 567.181580
9.555012 100.126335
9.560817 216.711502
9.566622 221.232986
9.572426 218.430481
9.578231 218.184845
9.584036 479.680969
9.589841 478.751190
9.595646 462.564331
9.601451 431.649017
9.607256 429.276947
9.613061 428.460846
9.618866 0.000000
9.624671 229.295166
9.630476 228.964645
9.636281 118.818794
9.642086 121.240654
9.647891 121.084175
9.653696 572.456726
9.659501 571.270752
9.665306 133.988586
9.671111 261.923981
9.676916 262.482635
9.682721 262.573822
9.688526 262.546265
9.694331 88.091690
9.700136 263.258698
9.705941 264.042023
9.711746 7582.817383
9.717551 7521.186523
9.723356 7439.717773
9.729161 7314.521973
9.734966 113.670479
9.740771 108.877960
9.746576 72.746559
9.752381 70.809021
9.758186 70.827309
9.763991 69.076485
9.769796 71.779350
9.775600 75.431725
9.781405 77.939095
9.787210 78.009918
9.793015 76.858025
9.798820 74.047264
9.804626 75.036247
9.810431 73.012642
9.816236 68.544319
9.822041 66.512993
9.827846 61.422371
9.833651 61.359955
9.839456 61.578232
9.845261 70.962570
9.851066 68.901840
9.856871 66.496086
9.862676 66.478050
9.868481 65.841537
9.874286 63.781052
9.880091 61.957233
9.885896 66.167915
9.891701 209.985413
9.897506 182.911194
9.903311 7511.051270
9.909116 7410.986328
9.914921 113.599548
9.920726 71.527618
9.926531 71.662529
9.932336 71.724167
9.938141 71.745041
9.943946 70.800621
9.949751 71.771225
9.955556 76.658989
9.961361 78.533348
9.967166 80.000145
9.972971 78.079788
9.978776 75.905418
9.984580 76.986282
9.990385 77.074753
9.996190 72.818291
10.001995 66.584541
10.007800 59.708755
10.013605 73.645866
10.019410 73.614479
10.025215 73.024490
10.031020 69.183388
10.036825 66.590179
10.042630 66.742485
10.048435 66.648056
10.054240 63.040306
10.060045 60.982330
10.065850 66.803535
10.071655 210.350754
10.077460 183.261032
10.083265 7487.514648
10.089070 7397.899414
10.094875 115.992416
10.100680 110.972145
10.106485 72.891937
10.112290 70.864014
10.118095 70.838219
10.123900 69.146309
10.129705 71.759987
10.135510 75.401085
10.141315 77.861717
10.147120 78.984596
10.152925 77.922783
10.158731 76.275688
10.164536 76.432121
10.170341 76.500076
10.176146 75.235786
10.181951 69.176170
10.187755 63.113670
10.193560 74.177010
10.199365 75.147766
10.205170 71.172340
10.210975 68.976837
10.216780 66.292656
10.222585 66.210716
10.228390 65.855995
10.234195 63.076900
10.240000 62.584435
10.245805 62.627190
10.251610 7484.705566
10.257415 7405.857910
10.263220 7334.064453
10.269025 7245.382812
10.274830 7119.255859
10.280635 566.019958
10.286440 945.064026
10.292245 946.094910
10.298050 62.617214
10.303855 65.796158
10.309660 65.820984
10.315465 66.422279
10.321270 65.732956
10.327075 65.666222
10.332880 65.755295
10.338685 66.233406
10.344490 66.267418
10.350295 66.217148
10.356100 65.931526
10.361905 65.954010
10.367710 65.932076
10.373515 65.910515
10.379320 65.949516
10.385125 66.031769
10.390930 266.220367
10.396734 266.101501
10.402539 265.848602
10.408344 266.169769
10.414149 266.494690
10.419954 266.317230
10.425759 265.989258
10.431564 7490.372559
10.437369 7419.471191
10.443174 7358.626465
10.448979 7284.136719
10.454784 7176.748535
10.460589 7000.915527
10.466394 566.599121
10.472199 299.786530
10.478004 7069.677734
10.483809 7083.311035
10.489614 262.774292
10.495420 262.531097
10.501225 263.130646
10.507030 265.066498
10.512835 265.082184
10.518640 264.215088
10.524445 263.589508
10.530250 264.125427
10.536055 264.416595
10.541860 264.557281
10.547665 264.584015
10.553470 0.000000
10.559275 263.979706
10.565080 0.000000
10.570885 0.000000
10.576690 264.823547
10.582495 265.327148
10.588300 265.578003
10.594105 265.685516
10.599909 265.305542
10.605714 264.891266
10.611519 263.176147
10.617324 7585.434570
10.623129 7515.124023
10.628934 7426.267578
10.634739 7278.321777
10.640544 114.025703
10.646349 43.299339
10.652154 71.651627
10.657959 70.721504
10.663764 69.898453
10.669569 70.731415
10.675374 73.838081
10.681179 76.675003
10.686984 77.945824
10.692789 78.004158
10.698594 75.027428
10.704399 74.031265
10.710204 75.074059
10.716009 70.296822
10.721814 66.561371
10.727619 65.494385
10.733424 62.427460
10.739229 61.680363
10.745034 71.273239
10.750839 68.816566
10.756644 68.706467
10.762449 66.273300
10.768254 66.197205
10.774059 66.062798
10.779864 62.099869
10.785669 62.051403
10.791474 66.603996
10.797279 7439.644043
10.803084 7365.838867
10.808888 7279.768066
10.814693 7159.116211
10.820498 6963.219238
10.826303 945.849426
10.832108 944.133606
10.837914 6964.708496
10.843719 65.877502
10.849524 65.856773
10.855329 65.861549
10.861134 66.046654
10.866939 66.078819
10.872744 66.127808
10.878549 66.167931
10.884354 66.141426
10.890159 66.049934
10.895964 66.039345
10.901769 66.290215
10.907574 66.348381
10.913379 66.367355
10.919184 66.367722
10.924989 66.281784
10.930794 66.191910
10.936599 66.231827
10.942404 66.282715
10.948209 66.229118
10.954014 66.152039
10.959819 66.168327
10.965624 66.020874
10.971429 614.673035
10.977234 603.470276
10.983039 597.207458
10.988844 561.979797
10.994649 554.932251
11.000454 545.085022
11.006259 217.389435
11.012063 217.850388
11.017868 218.086868
11.023673 218.180115
11.029478 484.754089
11.035283 449.374237
11.041088 451.653290
11.046893 436.979462
11.052698 221.157135
11.058503 220.910843
11.064308 229.710251
11.070113 229.428452
11.075918 229.188889
11.081723 152.488907
11.087528 120.964996
11.093333 120.942719
11.099138 120.907646
11.104943 119.156631
11.110748 153.163177
11.116553 132.735443
11.122358 263.257507
11.128163 263.869385
11.133968 264.530640
11.139773 0.000000
11.145578 264.574371
11.151383 263.971130
11.157188 7429.640137
11.162993 7379.372070
11.168798 7326.984375
11.174603 7263.049805
11.180408 7173.541504
11.186213 7059.041504
11.192019 7043.807129
11.197824 7122.999512
11.203629 7097.555176
11.209434 7021.436035
11.215239 7059.797852
11.221043 7143.620605
11.226848 7191.730469
11.232653 400.012573
11.238458 263.895569
11.244263 262.792358
11.250068 262.692780
11.255873 264.266693
11.261678 264.854797
11.267483 264.847839
11.273288 264.992859
11.279093 265.396271
11.284898 265.989929
11.290703 266.314636
11.296508 0.000000
11.302313 265.649963
11.308118 265.367004
11.313923 0.000000
11.319728 265.343903
11.325533 265.402161
11.331338 7603.206543
11.337143 7473.431641
11.342948 7416.967773
11.348753 7348.895020
11.354558 7255.346191
11.360363 7107.012207
11.366168 1407.566772
11.371973 0.000000
11.377778 174.383789
11.383583 1229.616577
11.389388 1225.597168
11.395193 1227.641357
11.400998 100.180061
11.406803 201.581207
11.412608 202.611252
11.418413 203.321823
11.424217 202.046219
11.430022 201.414032
11.435827 205.324295
11.441632 209.811646
11.447437 209.922546
11.453242 209.369888
11.459047 208.737457
11.464852 208.429108
11.470657 208.467453
11.476462 208.601944
11.482267 208.661255
11.488072 208.628967
11.493877 208.432831
11.499682 208.122925
11.505487 208.060272
11.511292 208.331604
11.517097 209.081726
11.522902 209.912704
11.528708 210.049637
11.534513 209.991699
11.540318 209.660294
11.546123 208.340469
11.551928 205.669601
11.557733 203.947540
11.563538 201.813461
11.569343 1269.406738
11.575148 177.981461
11.580953 176.886856
11.586758 176.117935
11.592563 175.420013
11.598368 174.469131
11.604173 173.401428
11.609978 172.686081
11.615783 172.807892
11.621588 173.668716
11.627392 174.250305
11.633197 174.067825
11.639002 173.553162
11.644807 172.798355
11.650612 171.983826
11.656417 171.635605
11.662222 172.123734
11.668027 173.434097
11.673832 174.529266
11.679637 174.569824
11.685442 174.145889
11.691247 173.815247
11.697052 174.446365
11.702857 174.946381
11.708662 174.668915
11.714467 170.602631
11.720272 126.144348
11.726077 102.380562
11.731882 72.233887
11.737687 70.794121
11.743492 68.213257
11.749297 67.961594
11.755102 67.085350
11.760907 62.907459
11.766712 68.465904
11.772517 67.859825
11.778322 67.712654
11.784127 66.854973
11.789932 65.969292
11.795737 65.871017
11.801542 65.788742
11.807347 129.702393
11.813152 130.213776
11.818957 131.612106
11.824762 131.801102
11.830567 65.878853
11.836371 65.725227
11.842176 65.660301
11.847981 65.669197
11.853786 65.685928
11.859591 65.760696
11.865396 66.437500
11.871202 66.647141
11.877007 67.554794
11.882812 43.066406
11.888617 155.639923
11.894422 123.119453
11.900227 122.667099
11.906032 122.511909
11.911837 70.831795
11.917642 69.959450
11.923447 69.079140
11.929252 67.995773
11.935057 68.980476
11.940862 68.858841
11.946667 68.654526
11.952472 66.880142
11.958277 66.124146
11.964082 65.629959
11.969887 65.602135
11.975692 64.517464
11.981497 65.470230
11.987302 65.797050
11.993107 65.615234
11.998912 64.937538
12.004717 65.006813
12.010522 198.428848
12.016327 199.927780
12.022132 200.376328
12.027937 199.800690
12.033742 64.638618
12.039546 198.706223
12.045351 198.504028
12.051156 198.835999
12.056961 199.619247
12.062766 199.153564
12.068571 7423.725098
12.074376 7339.868652
12.080181 7229.418945
12.085986 189.908401
12.091791 195.245346
12.097596 194.433868
12.103401 193.498703
12.109206 289.582489
12.115011 292.031067
12.120816 146.741882
12.126621 146.693710
12.132426 146.444397
12.138231 146.499710
12.144036 146.752716
12.149841 73.479324
12.155646 147.407242
12.161451 148.050079
12.167256 148.305344
12.173061 148.149261
12.178866 146.829666
12.184671 146.401810
12.190476 146.523148
12.196281 147.197815
12.202086 148.437790
12.207891 148.073288
12.213696 147.590988
12.219501 196.858414
12.225307 195.710495
12.231112 195.691040
12.236917 195.992325
12.242722 195.491074
12.248526 150.043350
12.254331 148.057968
12.260136 141.338806
12.265941 126.694817
12.271746 73.471138
12.277551 75.103203
12.283356 75.027931
12.289161 66.409485
12.294966 66.329758
12.300771 68.070549
12.306576 68.641090
12.312381 66.659698
12.318186 66.298012
12.323991 66.284706
12.329796 66.278687
12.335601 66.166672
12.341406 199.048508
12.347211 66.010254
12.353016 66.088326
12.358821 65.909111
12.364626 63.961502
12.370431 64.161133
12.376236 66.301178
12.382041 66.215027
12.387846 65.982712
12.393651 198.275757
12.399456 198.221024
12.405261 198.206100
12.411066 198.202072
12.416871 198.531174
12.422676 582.164551
12.428481 573.067871
12.434286 570.583374
12.440091 100.290848
12.445896 101.001411
12.451700 211.146805
12.457505 218.689041
12.463310 218.806854
12.469115 102.008842
12.474920 163.166336
12.480725 0.000000
12.486530 210.454208
12.492335 74.856361
12.498140 153.628342
12.503945 154.156555
12.509750 192.521103
12.515555 189.014893
12.521360 188.725677
12.527165 94.499352
12.532970 157.289108
12.538775 105.382607
12.544580 157.518417
12.550385 157.590439
12.556190 157.533356
12.561996 157.456726
12.567801 157.589035
12.573606 158.758606
12.579411 159.100143
12.585216 158.922226
12.591021 158.628632
12.596826 158.430023
12.602631 158.401535
12.608436 158.664047
12.614241 158.724106
12.620046 105.024734
12.625851 106.787086
12.631656 106.789543
12.637461 72.096802
12.643266 67.478745
12.649071 67.563210
12.654876 67.695305
12.660680 71.843849
12.666485 72.065369
12.672290 70.382980
12.678095 91.350853
12.683900 195.860718
12.689705 182.303146
12.695510 92.414299
12.701315 92.644638
12.707120 88.317390
12.712925 88.177872
12.718730 356.389709
12.724535 177.354034
12.730340 91.344887
12.736145 91.351608
12.741950 182.027893
12.747755 181.414047
12.753560 356.247894
12.759365 357.783630
12.765170 357.245361
12.770975 176.926437
12.776780 180.623413
12.782585 180.591309
12.788390 176.994202
12.794195 175.960632
12.800000 88.651138
12.805805 88.687721
12.811610 88.720901
12.817415 88.749542
12.823220 88.739708
12.829025 176.761536
12.834830 176.802094
12.840635 176.874603
12.846440 105.245461
12.852245 67.993408
12.858050 194.682373
12.863854 182.612244
12.869659 182.346115
12.875464 182.257935
12.881269 182.903946
12.887074 184.302231
12.892879 197.197983
12.898685 197.738708
12.904490 198.263428
12.910295 198.629822
12.916100 199.147049
12.921905 199.580780
12.927710 199.389542
12.933515 198.948196
12.939320 198.622238
12.945125 198.521439
12.950930 198.452026
12.956735 198.358932
12.962540 199.029373
12.968345 199.286560
12.974150 183.070755
12.979955 7389.939941
12.985760 110.392441
12.991565 106.954155
12.997370 43.334343
