0.000000 0.000000
0.005805 0.000000
0.011610 0.000000
0.017415 0.000000
0.023220 0.000000
0.029025 0.000000
0.034830 0.000000
0.040635 0.000000
0.046440 0.000000
0.052245 0.000000
0.058050 0.000000
0.063855 0.000000
0.069660 0.000000
0.075465 0.000000
0.081270 0.000000
0.087075 0.000000
0.092880 0.000000
0.098685 0.000000
0.104490 0.000000
0.110295 0.000000
0.116100 0.000000
0.121905 0.000000
0.127710 0.000000
0.133515 0.000000
0.139320 0.000000
0.145125 0.000000
0.150930 0.000000
0.156735 0.000000
0.162540 0.000000
0.168345 0.000000
0.174150 0.000000
0.179955 0.000000
0.185760 0.000000
0.191565 0.000000
0.197370 0.000000
0.203175 0.000000
0.208980 0.000000
0.214785 0.000000
0.220590 0.000000
0.226395 0.000000
0.232200 1374.415771
0.238005 690.303955
0.243810 695.838196
0.249615 698.032410
0.255419 698.708801
0.261224 174.666275
0.267029 175.194122
0.272834 175.867111
0.278639 846.198059
0.284444 847.114136
0.290249 852.276123
0.296054 854.815002
0.301859 529.763367
0.307664 530.804077
0.313469 531.033936
0.319274 842.378723
0.325079 119.024773
0.330884 118.938446
0.336689 353.065735
0.342494 352.362762
0.348299 352.563171
0.354104 353.257111
0.359909 353.807800
0.365714 140.563202
0.371519 140.328506
0.377324 708.046204
0.383129 709.014709
0.388934 140.274902
0.394739 140.284683
0.400544 140.414734
0.406349 352.415588
0.412154 352.060669
0.417959 351.920868
0.423764 704.585999
0.429569 707.765442
0.435374 710.047302
0.441179 710.287292
0.446984 709.251038
0.452789 707.955627
0.458594 354.359833
0.464399 354.620392
0.470204 355.370758
0.476009 356.336639
0.481814 357.042358
0.487619 424.637970
0.493424 426.296661
0.499229 793.276855
0.505034 392.428314
0.510839 392.540741
0.516644 392.184814
0.522449 391.470581
0.528254 390.803772
0.534059 390.559967
0.539864 390.566650
0.545669 261.312378
0.551474 261.475647
0.557279 261.506897
0.563084 391.663971
0.568889 392.174316
0.574694 392.164246
0.580499 391.709015
0.586304 391.211578
0.592109 261.998474
0.597914 262.171234
0.603719 262.453217
0.609524 793.948914
0.615329 795.173645
0.621134 795.041931
0.626939 263.710114
0.632744 263.737671
0.638549 263.906525
0.644354 796.106201
0.650159 800.744568
0.655964 810.170349
0.661769 821.445984
0.667574 825.338196
0.673379 823.523071
0.679184 823.676880
0.684989 828.530518
0.690794 833.915771
0.696599 836.002197
0.702404 837.646301
0.708209 176.480835
0.714014 238.079758
0.719819 238.260956
0.725624 360.249268
0.731429 176.769394
0.737234 176.480194
0.743039 701.768127
0.748844 702.667847
0.754649 703.072266
0.760454 703.611206
0.766258 704.831299
0.772063 706.313293
0.777869 707.091309
0.783673 707.153259
0.789478 707.213867
0.795283 707.855408
0.801088 708.881226
0.806893 709.844360
0.812698 709.805420
0.818503 357.845490
0.824308 260.614258
0.830113 390.678162
0.835918 391.986176
0.841723 392.531982
0.847528 392.676880
0.853333 392.371399
0.859138 391.883148
0.864943 391.587799
0.870748 391.509644
0.876553 391.632263
0.882358 391.886719
0.888163 392.171600
0.893968 392.493317
0.899773 392.832581
0.905578 393.037811
0.911383 392.992950
0.917188 392.703552
0.922993 196.517166
0.928798 789.117371
0.934603 789.508118
0.940408 791.645081
0.946213 794.610596
0.952018 796.392639
0.957823 264.016083
0.963628 158.263062
0.969433 158.505203
0.975238 158.660675
0.981043 158.666153
0.986848 819.942993
0.992653 829.647705
0.998458 836.390930
1.004263 694.456787
1.010068 692.628418
1.015873 690.723267
1.021678 689.899780
1.027483 175.956955
1.033288 140.021683
1.039093 140.235260
1.044898 140.355316
1.050703 140.343689
1.056508 176.212692
1.062313 140.141708
1.068118 176.248795
1.073923 176.360245
1.079728 354.253571
1.085533 354.121460
1.091338 354.073761
1.097143 703.973206
1.102948 706.441956
1.108753 707.787903
1.114558 355.468872
1.120363 355.759827
1.126168 356.231873
1.131973 356.714386
1.137778 357.143677
1.143583 357.470673
1.149388 357.497162
1.155193 357.271820
1.160998 390.750641
1.166803 392.251343
1.172608 392.881256
1.178413 393.025360
1.184218 392.809845
1.190023 392.308044
1.195828 391.725647
1.201633 391.310638
1.207438 391.201294
1.213243 261.449707
1.219048 261.693573
1.224853 392.408081
1.230658 392.763000
1.236463 393.010620
1.242268 393.056427
1.248073 392.618164
1.253878 157.085190
1.259683 156.893921
1.265488 130.701324
1.271293 157.347580
1.277097 359.035553
1.282902 360.627289
1.288707 361.910583
1.294513 263.827698
1.300317 263.915741
1.306122 264.188202
1.311927 264.624634
1.317732 804.871765
1.323537 209.357193
1.329342 208.898712
1.335147 139.807251
1.340952 139.820251
1.346757 139.869873
1.352562 140.052536
1.358367 140.251328
1.364172 140.382843
1.369977 699.530701
1.375782 702.654602
1.381587 705.643311
1.387392 355.803589
1.393197 356.040955
1.399002 355.781921
1.404807 355.025452
1.410612 354.159149
1.416417 353.799194
1.422222 353.949493
1.428027 354.697144
1.433832 355.558746
1.439637 355.727997
1.445442 355.490662
1.451247 141.687897
1.457052 141.849426
1.462857 356.469025
1.468662 356.910583
1.474467 357.761261
1.480272 358.822327
1.486077 359.380035
1.491882 390.223145
1.497687 392.869507
1.503492 393.687042
1.509297 393.689056
1.515102 393.358521
1.520907 392.796204
1.526712 392.123932
1.532517 391.594788
1.538322 391.436096
1.544127 391.662964
1.549932 392.107391
1.555737 392.483276
1.561542 392.662811
1.567347 392.841370
1.573152 393.050507
1.578957 392.885590
1.584762 196.813904
1.590567 262.238800
1.596372 262.297729
1.602177 262.559204
1.607982 263.127014
1.613787 263.681152
1.619592 263.715515
1.625397 263.669678
1.631202 264.191956
1.637007 359.798645
1.642812 358.944061
1.648617 358.731934
1.654422 359.429474
1.660227 690.151733
1.666032 691.818298
1.671837 691.485291
1.677642 175.646988
1.683447 175.714111
1.689252 175.726105
1.695057 175.681793
1.700862 175.806595
1.706667 140.401794
1.712472 140.562271
1.718277 700.118530
1.724082 176.366119
1.729887 176.376938
1.735692 355.079285
1.741497 354.763367
1.747302 354.128906
1.753107 353.636444
1.758912 701.654236
1.764717 704.515503
1.770522 706.675720
1.776327 707.462891
1.782132 707.671814
1.787936 355.070984
1.793741 356.001862
1.799546 356.973297
1.805351 357.715363
1.811157 358.252136
1.816961 358.354065
1.822766 260.569977
1.828571 391.002594
1.834376 392.535126
1.840181 392.750061
1.845986 392.577515
1.851791 392.323029
1.857596 391.999908
1.863401 391.702332
1.869206 391.479980
1.875011 391.500763
1.880816 391.893494
1.886621 392.464447
1.892426 392.879608
1.898231 393.101746
1.904036 393.216949
1.909841 393.228088
1.915646 392.971008
1.921451 262.036652
1.927256 262.008026
1.933061 262.110077
1.938866 262.496429
1.944671 801.862854
1.950476 801.154114
1.956281 798.138733
1.962086 263.516266
1.967891 263.820038
1.973696 264.479614
1.979501 265.555481
1.985306 817.173889
1.991111 824.433167
1.996916 830.252808
2.002721 831.242554
2.008526 139.711411
2.014331 836.859253
2.020136 845.234192
2.025941 848.752197
2.031746 847.350464
2.037551 176.632278
2.043356 701.967773
2.049161 703.876709
2.054966 357.382935
2.060771 357.112854
2.066576 355.933167
2.072381 354.915192
2.078186 354.283295
2.083991 353.824615
2.089796 353.500885
2.095601 353.445740
2.101406 703.419495
2.107211 705.516357
2.113016 706.890137
2.118821 354.945282
2.124626 355.457458
2.130431 355.907288
2.136236 356.274078
2.142041 356.670074
2.147846 357.306000
2.153651 260.615448
2.159456 261.643738
2.165261 391.449829
2.171066 392.374084
2.176871 392.448761
2.182676 392.221985
2.188481 391.909088
2.194286 391.687714
2.200091 391.537109
2.205896 261.596832
2.211701 261.634552
2.217506 261.675842
2.223311 261.681915
2.229116 392.447296
2.234921 392.827454
2.240726 393.288757
2.246531 393.618408
2.252336 393.636444
2.258141 261.814514
2.263946 261.883362
2.269751 262.362732
2.275556 263.146332
2.281361 810.412109
2.287166 806.711975
2.292970 263.734985
2.298775 264.437531
2.304580 265.622131
2.310385 266.373047
2.316190 822.199890
2.321995 825.479980
2.327801 834.411133
2.333606 839.704956
2.339411 175.903366
2.345215 175.916656
2.351020 176.052811
2.356825 176.034454
2.362630 140.031296
2.368435 140.148697
2.374240 140.293884
2.380045 140.354370
2.385850 140.323639
2.391655 140.241791
2.397460 140.228806
2.403265 356.256348
2.409070 355.070892
2.414875 354.302948
2.420680 354.101837
2.426485 354.479218
2.432290 706.754272
2.438095 708.726074
2.443900 709.299988
2.449705 708.796082
2.455510 707.821228
2.461315 356.403198
2.467120 356.855804
2.472925 357.475037
2.478730 358.015289
2.484535 358.052612
2.490340 357.799316
2.496145 782.652405
2.501950 392.131317
2.507755 392.237183
2.513560 392.273895
2.519365 392.164612
2.525170 391.849792
2.530975 391.589874
2.536780 391.549683
2.542585 391.709503
2.548390 391.983948
2.554195 392.301392
2.560000 392.532715
2.565805 392.687500
2.571610 392.825470
2.577415 392.917023
2.583220 392.787903
2.589025 262.214264
2.594830 262.091919
2.600635 262.226593
2.606440 792.062500
2.612245 794.292908
2.618050 795.062256
2.623855 794.468262
2.629660 263.541870
2.635465 263.670502
2.641270 263.882294
2.647075 796.719238
2.652880 802.486145
2.658685 817.926758
2.664490 831.294312
2.670295 835.071777
2.676100 836.009583
2.681905 837.827209
2.687710 840.752991
2.693515 841.709351
2.699320 176.575577
2.705125 140.043686
2.710930 237.986969
2.716735 238.325729
2.722540 238.423019
2.728345 238.209778
2.734150 176.589813
2.739955 176.567307
2.745760 176.508636
2.751565 845.527893
2.757370 845.016846
2.763175 846.050415
2.768980 707.588257
2.774785 708.619568
2.780590 708.217102
2.786395 707.593140
2.792200 707.854370
2.798005 709.071655
2.803810 356.574768
2.809614 356.773560
2.815419 357.198792
2.821224 357.875793
2.827029 785.585571
2.832834 392.132385
2.838639 392.566772
2.844445 392.543518
2.850250 392.357788
2.856054 392.026550
2.861859 391.728638
2.867664 391.675690
2.873469 391.930725
2.879274 392.388702
2.885079 392.758179
2.890884 392.940399
2.896689 393.066833
2.902494 393.246338
2.908299 393.445923
2.914104 196.351074
2.919909 196.179214
2.925714 196.093292
2.931519 196.170120
2.937324 394.387695
2.943129 393.940674
2.948934 393.095673
2.954739 391.908844
2.960544 391.309113
2.966349 391.656952
2.972154 392.145508
2.977959 198.246475
2.983764 377.776184
2.989569 377.145172
2.995374 377.224792
3.001179 377.264618
3.006984 377.321991
3.012789 419.083862
3.018594 209.478775
3.024399 209.404068
3.030204 209.252167
3.036009 209.222504
3.041814 196.963837
3.047619 196.931122
3.053424 197.056259
3.059229 197.280212
3.065034 197.353317
3.070839 197.255447
3.076644 197.154633
3.082449 197.150116
3.088254 197.142700
3.094059 197.121399
3.099864 197.115387
3.105669 197.124771
3.111474 197.214233
3.117279 132.435928
3.123084 132.506332
3.128889 132.609970
3.134694 132.718582
3.140499 132.785400
3.146304 399.401520
3.152109 398.517517
3.157914 397.796570
3.163719 396.740662
3.169524 395.992126
3.175329 396.216675
3.181134 396.451508
3.186939 396.275726
3.192744 396.213806
3.198549 396.412415
3.204354 396.770721
3.210159 397.273438
3.215964 397.898132
3.221769 199.292969
3.227574 199.333115
3.233379 399.120239
3.239184 399.180786
3.244989 399.187836
3.250794 399.473999
3.256599 400.065399
3.262404 400.258026
3.268209 219.947266
3.274014 219.861877
3.279819 219.745773
3.285624 219.738342
3.291429 219.856201
3.297234 220.035431
3.303039 138.605362
3.308844 79.560936
3.314649 79.307747
3.320453 79.263313
3.326258 79.379730
3.332063 220.944702
3.337868 221.207291
3.343673 220.981705
3.349478 92.501671
3.355283 92.487579
3.361089 138.733917
3.366894 138.658340
3.372698 138.474304
3.378503 199.011780
3.384308 198.923019
3.390113 198.641586
3.395918 198.325424
3.401723 198.079971
3.407528 197.882050
3.413333 197.701340
3.419138 393.525116
3.424943 393.044067
3.430748 98.422722
3.436553 98.576347
3.442358 98.750221
3.448163 98.777557
3.453968 394.535065
3.459773 394.700775
3.465578 197.796417
3.471383 198.009872
3.477188 198.172073
3.482993 198.316238
3.488798 198.478119
3.494603 198.573441
3.500408 198.617065
3.506213 132.449478
3.512018 198.678406
3.517823 198.606857
3.523628 132.463989
3.529433 132.519058
3.535238 132.593735
3.541043 198.964020
3.546848 199.068192
3.552653 132.713989
3.558458 132.644226
3.564263 132.571548
3.570068 132.550522
3.575873 406.522888
3.581678 413.841980
3.587483 414.759216
3.593288 414.633606
3.599093 414.007568
3.604898 389.435089
3.610703 388.212158
3.616508 386.289673
3.622313 383.733948
3.628118 381.325897
3.633923 379.677612
3.639728 378.379578
3.645533 377.139374
3.651338 376.122681
3.657143 375.749695
3.662948 376.171600
3.668753 376.782806
3.674558 377.417297
3.680363 378.507080
3.686168 380.049011
3.691973 381.834076
3.697778 384.163605
3.703583 387.054932
3.709388 389.564789
3.715193 391.407959
3.720998 392.863068
3.726803 393.750336
3.732608 394.293396
3.738413 394.836884
3.744218 395.337280
3.750023 395.383484
3.755828 394.962646
3.761633 394.522339
3.767438 394.262299
3.773243 394.118805
3.779048 394.276978
3.784853 394.812958
3.790658 395.421875
3.796463 396.008820
3.802268 396.574097
3.808073 396.885864
3.813878 396.882599
3.819683 396.653473
3.825488 396.140289
3.831293 395.563782
3.837097 395.618500
3.842902 396.060913
3.848707 396.076050
3.854512 395.871887
3.860317 395.877655
3.866122 396.133911
3.871927 396.571136
3.877733 397.207703
3.883538 397.902130
3.889342 199.110611
3.895147 199.009232
3.900952 198.809830
3.906757 132.505264
3.912562 132.478683
3.918367 132.528854
3.924172 198.106186
3.929977 132.573166
3.935782 132.411850
3.941587 139.193695
3.947392 138.738983
3.953197 138.142136
3.959002 137.969315
3.964807 138.191025
3.970612 79.487175
3.976417 79.422073
3.982222 140.260208
3.988027 140.340088
3.993832 140.364471
3.999637 140.289169
4.005442 139.773621
4.011247 139.127045
4.017052 138.903152
4.022857 278.093079
4.028662 278.041077
4.034467 278.024231
4.040272 278.061371
4.046077 278.264374
4.051882 278.421417
4.057687 278.422577
4.063492 197.878143
4.069297 197.756348
4.075102 197.704208
4.080907 197.700668
4.086712 197.665924
4.092517 98.560120
4.098322 98.464981
4.104127 139.883713
4.109932 141.231628
4.115737 98.827003
4.121542 98.877106
4.127347 394.852051
4.133152 197.819794
4.138957 197.903564
4.144762 198.152908
4.150567 198.441055
4.156372 198.681732
4.162177 198.812027
4.167982 132.420181
4.173787 132.427048
4.179592 132.475098
4.185397 198.960938
4.191202 199.010315
4.197007 198.990646
4.202812 198.944839
4.208617 198.976761
4.214422 199.130188
4.220227 199.265671
4.226032 199.227539
4.231837 199.081284
4.237642 132.547363
4.243447 132.539307
4.249252 413.982452
4.255057 414.192444
4.260862 138.292374
4.266667 138.581650
4.272471 129.749817
4.278276 389.569885
4.284081 387.334961
4.289886 384.281372
4.295691 381.636383
4.301497 380.065308
4.307302 378.685120
4.313107 377.157166
4.318912 376.240570
4.324717 376.132477
4.330522 376.341156
4.336327 376.790924
4.342132 377.629242
4.347937 378.768463
4.353742 379.891663
4.359547 381.219452
4.365352 383.142334
4.371157 277.491791
4.376961 278.414124
4.382766 278.991516
4.388571 391.584076
4.394376 392.431091
4.400181 393.011566
4.405986 393.679565
4.411791 131.773163
4.417596 131.794510
4.423401 394.836548
4.429206 394.663818
4.435011 394.478058
4.440816 394.278778
4.446621 394.273804
4.452426 394.626251
4.458231 395.160583
4.464036 395.635406
4.469841 395.964081
4.475646 396.094116
4.481451 396.209686
4.487256 396.354980
4.493061 396.264099
4.498866 396.050934
4.504671 396.293549
4.510476 396.844482
4.516281 396.959900
4.522086 396.750824
4.527891 396.586517
4.533696 396.511658
4.539501 396.598541
4.545306 198.919968
4.551111 199.087723
4.556916 199.197769
4.562721 199.183258
4.568526 199.124893
4.574331 132.669159
4.580136 132.605881
4.585941 198.779831
4.591746 198.301514
4.597551 286.523987
4.603356 286.536377
4.609161 140.573685
4.614966 140.617432
4.620771 141.023758
4.626576 141.290802
4.632381 79.528038
4.638186 79.587715
4.643991 188.274078
4.649796 188.069260
4.655601 198.028381
4.661406 198.532440
4.667211 198.794403
4.673016 198.825668
4.678821 198.850220
4.684626 198.823318
4.690431 138.695328
4.696236 138.955170
4.702041 139.308731
4.707846 198.236252
4.713651 198.077621
4.719456 197.876495
4.725261 197.782455
4.731066 197.670639
4.736871 197.498672
4.742676 197.407745
4.748481 197.515701
4.754286 197.581223
4.760091 197.511398
4.765896 197.413101
4.771701 98.712990
4.777506 98.759323
4.783311 132.053665
4.789115 132.014526
4.794920 395.178436
4.800725 395.539581
4.806530 395.718079
4.812335 395.813507
4.818141 396.472961
4.823946 397.299988
4.829751 396.983643
4.835556 396.075012
4.841361 395.682526
4.847166 396.033356
4.852971 396.444519
4.858776 132.627563
4.864581 132.577072
4.870386 132.479370
4.876191 132.400497
4.881996 132.400192
4.887800 198.846069
4.893605 199.018661
4.899410 199.177155
4.905215 132.795212
4.911020 132.677536
4.916825 413.586853
4.922630 414.557465
4.928435 414.400269
4.934240 138.504532
4.940045 139.015198
4.945850 390.601013
4.951655 389.354004
4.957460 387.289612
4.963265 383.779572
4.969070 380.183777
4.974875 378.062225
4.980680 376.943024
4.986485 376.398254
4.992290 376.478088
4.998095 377.268188
5.003900 378.195953
5.009705 378.796295
5.015510 379.133881
5.021315 379.580750
5.027120 380.558411
5.032925 382.490509
5.038730 385.215607
5.044535 387.513489
5.050340 389.649902
5.056145 391.933197
5.061950 393.385437
5.067755 393.931458
5.073560 394.223175
5.079365 394.583984
5.085170 394.858673
5.090975 394.840637
5.096780 394.626648
5.102585 394.413055
5.108390 394.426117
5.114195 394.752594
5.120000 395.246460
5.125805 395.740631
5.131610 396.119202
5.137415 396.236603
5.143220 396.277954
5.149025 396.602356
5.154830 396.883820
5.160635 396.699493
5.166440 396.286499
5.172245 396.280029
5.178050 396.600250
5.183855 396.585907
5.189660 396.332031
5.195465 396.253601
5.201270 396.458069
5.207075 396.801331
5.212880 397.293335
5.218685 132.786987
5.224490 199.187546
5.230295 199.052750
5.236100 132.655441
5.241905 132.619339
5.247710 132.580734
5.253515 409.681915
5.259320 412.457581
5.265125 411.799591
5.270930 138.128128
5.276735 138.171677
5.282540 387.870239
5.288345 385.587311
5.294150 383.922913
5.299954 382.071228
5.305759 380.976105
5.311564 188.596527
5.317369 188.178574
5.323174 188.161469
5.328979 375.579193
5.334785 375.678741
5.340590 376.461121
5.346395 377.913086
5.352200 379.600891
5.358005 381.153534
5.363810 382.796112
5.369615 384.555786
5.375420 386.024841
5.381225 387.211884
5.387030 390.239197
5.392835 393.397247
5.398640 394.397461
5.404444 394.552185
5.410249 394.667084
5.416054 394.805176
5.421859 394.623596
5.427664 394.182770
5.433469 394.097626
5.439274 394.464935
5.445079 394.877899
5.450884 395.086090
5.456689 395.066864
5.462494 395.039429
5.468299 395.145325
5.474104 395.143188
5.479909 395.267944
5.485714 396.150635
5.491519 397.151062
5.497324 397.505157
5.503129 397.323914
5.508934 397.083282
5.514739 396.852234
5.520544 396.415833
5.526349 395.909302
5.532154 395.796173
5.537959 396.123444
5.543764 396.589905
5.549569 397.177765
5.555374 397.826477
5.561179 199.144592
5.566984 199.052246
5.572789 198.955566
5.578594 198.830688
5.584399 198.802292
5.590204 198.911560
5.596009 199.019135
5.601814 199.067978
5.607619 119.246788
5.613424 139.734909
5.619229 139.735519
5.625034 356.278778
5.630839 355.634247
5.636644 179.187576
5.642449 531.823425
5.648254 534.855774
5.654059 534.609741
5.659864 531.961853
5.665669 354.082611
5.671474 353.540894
5.677279 353.430878
5.683084 353.712616
5.688889 354.091919
5.694694 354.408020
5.700499 354.618073
5.706304 354.810547
5.712109 355.252167
5.717914 710.159851
5.723719 356.083588
5.729524 355.956207
5.735329 355.509491
5.741134 354.993134
5.746939 354.369507
5.752744 353.857880
5.758549 353.960144
5.764354 354.800812
5.770159 355.460785
5.775964 708.829224
5.781769 355.408173
5.787574 355.493439
5.793379 355.759369
5.799184 356.142120
5.804989 356.669434
5.810794 357.221619
5.816598 357.482941
5.822403 260.092041
5.828208 389.648132
5.834013 391.683441
5.839818 392.636597
5.845623 392.813599
5.851429 392.487061
5.857234 391.919525
5.863039 391.589478
5.868844 391.536072
5.874649 391.647736
5.880454 391.890869
5.886259 392.232819
5.892064 392.493073
5.897869 392.651245
5.903674 392.785217
5.909479 392.826843
5.915284 392.638519
5.921088 392.383453
5.926893 392.444427
5.932698 262.286652
5.938503 793.525757
5.944308 795.750793
5.950113 796.076599
5.955918 794.744263
5.961723 263.675781
5.967528 263.907379
5.973333 264.200562
5.979138 798.118103
5.984943 803.362061
5.990748 817.257568
5.996553 828.797852
6.002358 831.477478
6.008163 139.636169
6.013968 139.723434
6.019773 689.280151
6.025578 693.601013
6.031383 140.203232
6.037188 696.952271
6.042993 698.964050
6.048798 701.178284
6.054603 702.362488
6.060408 702.357178
6.066213 702.059509
6.072018 701.949646
6.077823 701.710510
6.083628 701.576294
6.089433 701.785522
6.095238 702.330322
6.101043 702.997742
6.106848 703.754456
6.112653 354.774872
6.118458 355.325378
6.124263 355.829437
6.130068 356.449951
6.135873 357.317047
6.141678 358.332611
6.147483 358.757874
6.153288 386.647247
6.159093 389.157928
6.164898 391.579315
6.170703 392.615356
6.176508 392.703247
6.182313 392.324982
6.188118 391.772552
6.193923 391.443390
6.199728 391.302887
6.205533 391.250977
6.211338 261.735199
6.217143 261.832428
6.222948 392.340759
6.228753 392.889771
6.234558 393.361938
6.240363 393.590515
6.246168 393.423431
6.251973 392.985046
6.257778 392.785675
6.263583 393.196442
6.269388 262.595673
6.275193 262.961853
6.280998 263.394501
6.286803 263.701385
6.292608 263.838776
6.298413 264.027374
6.304218 264.347473
6.310023 264.702942
6.315828 803.928223
6.321633 813.854919
6.327438 209.419220
6.333242 209.839050
6.339047 841.078735
6.344852 175.657822
6.350657 692.233276
6.356462 694.351440
6.362267 140.085876
6.368073 140.049911
6.373878 140.200989
6.379683 140.393585
6.385488 140.504211
6.391293 140.492020
6.397098 210.581741
6.402903 210.841782
6.408708 355.316284
6.414513 354.159119
6.420318 353.747131
6.426123 703.364380
6.431927 705.963135
6.437732 708.112305
6.443537 708.898621
6.449342 708.622498
6.455147 708.033813
6.460952 356.556641
6.466757 357.542297
6.472562 358.378174
6.478367 358.582245
6.484172 358.122009
6.489977 423.270691
6.495782 390.462616
6.501587 392.329163
6.507392 392.866974
6.513197 392.677856
6.519002 392.167450
6.524807 391.654724
6.530612 391.548798
6.536417 391.781403
6.542222 392.116638
6.548027 392.418304
6.553832 392.615753
6.559637 392.676514
6.565442 392.676270
6.571247 392.720459
6.577052 392.802734
6.582857 392.689117
6.588662 262.114594
6.594467 262.186127
6.600272 262.468353
6.606077 263.092926
6.611882 157.839661
6.617687 158.041763
6.623492 264.612854
6.629297 264.588593
6.635102 264.938202
6.640907 265.563629
6.646712 266.144073
6.652517 816.337830
6.658322 824.937073
6.664127 832.405701
6.669932 139.910919
6.675737 139.971909
6.681542 140.005463
6.687347 140.133163
6.693152 140.261108
6.698957 140.256607
6.704762 701.826294
6.710567 704.713806
6.716372 706.406006
6.722177 357.159210
6.727982 357.328461
6.733787 356.172607
6.739592 354.837921
6.745397 354.167725
6.751202 353.970642
6.757007 354.085785
6.762812 354.645752
6.768617 709.045532
6.774422 709.746582
6.780227 709.467346
6.786032 709.012817
6.791837 356.002838
6.797642 356.434937
6.803447 356.988525
6.809252 357.734985
6.815057 358.330536
6.820862 358.443146
6.826667 785.739624
6.832472 391.846710
6.838277 392.502106
6.844081 392.506226
6.849886 392.236969
6.855691 391.817108
6.861496 391.439117
6.867301 391.259125
6.873106 391.379364
6.878911 391.737701
6.884717 392.190582
6.890522 392.648041
6.896327 393.005371
6.902132 393.158539
6.907937 393.132080
6.913742 392.969452
6.919547 261.987579
6.925352 261.986145
6.931157 262.154785
6.936962 262.590973
6.942767 798.375854
6.948571 801.078247
6.954376 263.881226
6.960181 263.825165
6.965986 263.895264
6.971791 264.049194
6.977596 264.350861
6.983401 804.791626
6.989206 815.861572
6.995011 209.512878
7.000816 836.115723
7.006621 175.729904
7.012426 175.660812
7.018231 175.697891
7.024036 175.855515
7.029841 175.964371
7.035646 176.058792
7.041451 176.339783
7.047256 701.972961
7.053061 705.025452
7.058866 356.148621
7.064671 355.330566
7.070476 354.468689
7.076281 353.775818
7.082086 353.414703
7.087891 353.732513
7.093696 355.011658
7.099501 356.172211
7.105306 356.597870
7.111111 356.526276
7.116916 356.415009
7.122721 356.512482
7.128526 356.731659
7.134331 357.120300
7.140136 357.652161
7.145941 357.986572
7.151746 423.940857
7.157551 790.417969
7.163356 391.591339
7.169161 392.387207
7.174966 392.545990
7.180771 392.451233
7.186576 392.199005
7.192381 391.957031
7.198186 391.791718
7.203991 391.701569
7.209796 261.491272
7.215601 261.646057
7.221406 392.410278
7.227211 392.707123
7.233016 392.980743
7.238821 393.153687
7.244626 393.076782
7.250431 392.820007
7.256236 392.703308
7.262041 262.296417
7.267846 262.574310
7.273651 792.602234
7.279456 394.738159
7.285261 395.012115
7.291066 158.237778
7.296871 158.179611
7.302676 158.296631
7.308481 158.514099
7.314286 820.680969
7.320091 825.960938
7.325896 681.642822
7.331701 684.513550
7.337506 685.481628
7.343311 175.585449
7.349116 687.607849
7.354921 690.415222
7.360725 693.173340
7.366530 695.171814
7.372335 140.114655
7.378140 702.298523
7.383945 706.144714
7.389750 706.989624
7.395555 356.555267
7.401361 356.171692
7.407166 355.224915
7.412971 354.311371
7.418776 353.894592
7.424581 354.209595
7.430386 354.949524
7.436191 355.241211
7.441996 707.877991
7.447801 355.077820
7.453606 355.191284
7.459411 355.304535
7.465215 355.406250
7.471020 355.676392
7.476825 356.181763
7.482630 356.706268
7.488435 179.242371
7.494240 427.574310
7.500045 390.191559
7.505850 390.893616
7.511655 391.188446
7.517460 391.249908
7.523265 391.172577
7.529070 391.073456
7.534875 390.963135
7.540680 261.630005
7.546485 261.658264
7.552290 261.716522
7.558095 261.692200
7.563900 392.569458
7.569705 392.955505
7.575510 393.379730
7.581315 393.573120
7.587120 393.394806
7.592925 791.373596
7.598730 793.256348
7.604535 795.900757
7.610340 263.650604
7.616145 263.856384
7.621950 263.750366
7.627755 263.847961
7.633560 264.464996
7.639365 265.455505
7.645170 266.030151
7.650975 819.328979
7.656780 422.789581
7.662585 420.970978
7.668390 139.631027
7.674195 139.607925
7.680000 139.654633
7.685805 139.804001
7.691610 139.864960
7.697415 139.848907
7.703220 139.969315
7.709025 140.196350
7.714830 140.338226
7.720635 140.355865
7.726440 140.264160
7.732245 210.315186
7.738050 176.490784
7.743855 176.524551
7.749660 699.774902
7.755465 700.618225
7.761270 702.338196
7.767075 704.917480
7.772880 706.365295
7.778685 706.432739
7.784490 706.071045
7.790295 354.858337
7.796100 355.738983
7.801905 707.042847
7.807710 710.240479
7.813515 713.848083
7.819320 423.335510
7.825125 425.878967
7.830930 390.769958
7.836735 392.395691
7.842540 392.757202
7.848345 392.651978
7.854150 392.276428
7.859955 391.793579
7.865760 391.457611
7.871564 391.314331
7.877369 391.363037
7.883174 261.879852
7.888979 392.140106
7.894784 392.555328
7.900589 392.843933
7.906394 393.005493
7.912199 392.978058
7.918005 392.616516
7.923810 262.295685
7.929615 262.223694
7.935420 262.305084
7.941225 262.660492
7.947030 805.418945
7.952835 263.972473
7.958640 264.153595
7.964445 264.339935
7.970250 264.649506
7.976054 264.996735
7.981859 265.488129
7.987664 811.581787
7.993469 825.458862
7.999274 835.887756
8.005079 839.617065
8.010884 841.319031
8.016689 843.039734
8.022494 844.048401
8.028299 842.974121
8.034104 139.919739
8.039909 176.246841
8.045714 176.421097
8.051519 176.593918
8.057324 176.630478
8.063129 176.551178
8.068934 176.454453
8.074739 176.310410
8.080544 176.146622
8.086349 697.194275
8.092155 698.236694
8.097960 699.561584
8.103765 701.879333
8.109570 704.384094
8.115375 705.916748
8.121180 354.861542
8.126985 355.460114
8.132789 356.264465
8.138594 356.928986
8.144399 357.545166
8.150204 358.221832
8.156009 179.098343
8.161814 179.129791
8.167619 389.722717
8.173424 391.139984
8.179229 391.370880
8.185034 391.055908
8.190839 390.652405
8.196644 390.385498
8.202449 390.186340
8.208254 261.934845
8.214059 262.094269
8.219864 262.271912
8.225669 262.285614
8.231474 393.170502
8.237279 393.455322
8.243084 393.536652
8.248889 196.282288
8.254694 196.151245
8.260499 196.113663
8.266304 393.420074
8.272109 393.526337
8.277914 393.458862
8.283719 393.376312
8.289524 393.432739
8.295329 393.522522
8.301134 393.485474
8.306939 393.364716
8.312744 799.715576
8.318549 809.637817
8.324354 279.837463
8.330159 420.564209
8.335963 420.258057
8.341768 419.969208
8.347573 209.506287
8.353378 209.508209
8.359183 209.413971
8.364988 209.292160
8.370793 209.251312
8.376598 209.217865
8.382403 279.168732
8.388208 279.242310
8.394013 209.124207
8.399818 209.130783
8.405623 197.474930
8.411428 197.401749
8.417233 197.269333
8.423038 197.168335
8.428843 197.207657
8.434649 197.343933
8.440454 197.409821
8.446259 197.392227
8.452064 197.360092
8.457869 197.334335
8.463674 197.297958
8.469479 132.813553
8.475284 401.154633
8.481089 398.999664
8.486894 397.887665
8.492699 396.930206
8.498504 395.835205
8.504309 395.125031
8.510114 395.174438
8.515919 395.377167
8.521724 395.543060
8.527529 396.139008
8.533334 396.873474
8.539139 397.370483
8.544943 397.732086
8.550748 398.106110
8.556553 398.501068
8.562358 199.031601
8.568163 198.960022
8.573968 398.740356
8.579773 198.438431
8.585578 197.998260
8.591383 197.779800
8.597188 132.532013
8.602993 132.318344
8.608798 137.870529
8.614603 138.235489
8.620408 138.303192
8.626213 138.213989
8.632018 138.269257
8.637823 138.377472
8.643628 138.635254
8.649433 198.418549
8.655238 198.613495
8.661043 198.825546
8.666848 99.569954
8.672653 141.018661
8.678458 229.179367
8.684263 229.508484
8.690068 138.755905
8.695873 138.964920
8.701678 138.941025
8.707483 197.973145
8.713288 197.791199
8.719093 197.740112
8.724898 197.628006
8.730703 197.551208
8.736508 197.531174
8.742313 197.497208
8.748117 197.400452
8.753922 197.273621
8.759727 197.126373
8.765532 196.996689
8.771338 197.162277
8.777143 197.564072
8.782948 197.721069
8.788753 197.727615
8.794558 197.793991
8.800363 198.031052
8.806168 198.360641
8.811973 198.626511
8.817778 198.862305
8.823583 199.104721
8.829388 199.300613
8.835193 396.729919
8.840998 396.709869
8.846803 396.774261
8.852608 396.727570
8.858413 396.558411
8.864218 132.478271
8.870023 132.586990
8.875828 199.255600
8.881633 199.407211
8.887438 199.352905
8.893243 397.929474
8.899048 397.774506
8.904853 397.966187
8.910658 404.310730
8.916463 413.212891
8.922268 414.562866
8.928073 414.825348
8.933878 414.675415
8.939683 414.547272
8.945488 137.416092
8.951293 387.487915
8.957097 385.051025
8.962902 382.625214
8.968707 380.421387
8.974512 378.794708
8.980317 377.573853
8.986122 376.873688
8.991927 376.702301
8.997732 376.933807
9.003537 377.389221
9.009342 378.010132
9.015147 378.801056
9.020952 379.723938
9.026757 380.945801
9.032562 382.953583
9.038367 385.650848
9.044172 387.932190
9.049977 389.696930
9.055782 391.678741
9.061587 393.326355
9.067392 394.073944
9.073197 394.423492
9.079002 394.743958
9.084807 395.112030
9.090612 395.285248
9.096417 395.089722
9.102222 394.725006
9.108027 394.504578
9.113832 394.613098
9.119637 394.956726
9.125443 395.302002
9.131248 395.630707
9.137053 396.129395
9.142858 396.591858
9.148663 396.772583
9.154468 396.935516
9.160272 396.951172
9.166077 396.630432
9.171882 396.264435
9.177687 396.217468
9.183492 396.370361
9.189297 396.461670
9.195102 396.571075
9.200907 396.736755
9.206712 396.937683
9.212517 397.231201
9.218322 397.549164
9.224127 397.856689
9.229932 199.163101
9.235737 199.224274
9.241542 398.515015
9.247347 398.134338
9.253152 397.949310
9.258957 398.709686
9.264762 399.461853
9.270567 398.825958
9.276372 140.771088
9.282177 140.536133
9.287982 140.494461
9.293787 140.474426
9.299592 220.584366
9.305397 138.176666
9.311202 393.359131
9.317007 393.039948
9.322812 140.162766
9.328617 362.698029
9.334422 362.482758
9.340227 362.677765
9.346032 138.637192
9.351837 138.695648
9.357642 138.865768
9.363446 277.794922
9.369251 277.913666
9.375056 139.039078
9.380861 198.020294
9.386666 197.865021
9.392471 197.952820
9.398276 198.022507
9.404081 197.851227
9.409886 197.622650
9.415691 197.567993
9.421496 139.393341
9.427301 139.485016
9.433106 139.569763
9.438911 139.745636
9.444716 131.542099
9.450521 393.781952
9.456326 394.413757
9.462132 131.998520
9.467937 132.131622
9.473742 395.201294
9.479547 395.218292
9.485352 395.367188
9.491157 395.606567
9.496962 395.798920
9.502767 132.598343
9.508572 132.563583
9.514377 132.566406
9.520182 397.493408
9.525987 397.645508
9.531792 132.652039
9.537597 132.684219
9.543402 397.507660
9.549207 397.737762
9.555012 132.737228
9.560817 132.735947
9.566622 132.612915
9.572426 132.340546
9.578231 414.097748
9.584036 414.918488
9.589841 414.823669
9.595646 414.484741
9.601451 414.167511
9.607256 390.488525
9.613061 388.813690
9.618866 386.587646
9.624671 383.219788
9.630476 380.179321
9.636281 378.609222
9.642086 377.452850
9.647891 376.464447
9.653696 375.998749
9.659501 376.181519
9.665306 376.694336
9.671111 377.312775
9.676916 378.200470
9.682721 379.389404
9.688526 380.644867
9.694331 382.348145
9.700136 384.796906
9.705941 387.184326
9.711746 388.663727
9.717551 389.984009
9.723356 391.650818
9.729161 393.000946
9.734966 393.710541
9.740771 394.324554
9.746576 394.862915
9.752381 394.916992
9.758186 394.475555
9.763991 394.194580
9.769796 394.259399
9.775600 394.495911
9.781405 394.802094
9.787210 395.223389
9.793015 395.861603
9.798820 396.468109
9.804626 396.576477
9.810431 396.346710
9.816236 396.519135
9.822041 397.095428
9.827846 397.290741
9.833651 396.884888
9.839456 396.480225
9.845261 396.530914
9.851066 396.712128
9.856871 396.791565
9.862676 396.822266
9.868481 396.879883
9.874286 397.111237
9.880091 397.557739
9.885896 398.064301
9.891701 398.405792
9.897506 398.483795
9.903311 398.526245
9.909116 398.761292
9.914921 399.646332
9.920726 132.526855
9.926531 132.474823
9.932336 402.258484
9.938141 400.997772
9.943946 138.256470
9.949751 138.838776
9.955556 390.662170
9.961361 390.372772
9.967166 390.394348
9.972971 79.396210
9.978776 79.276733
9.984580 79.195351
9.990385 198.499176
9.996190 198.841171
10.001995 99.640762
10.007800 99.724533
10.013605 389.918579
10.019410 388.126343
10.025215 386.396057
10.031020 138.786316
10.036825 138.612900
10.042630 96.883430
10.048435 198.631790
10.054240 198.192413
10.060045 197.959549
10.065850 197.887405
10.071655 197.855743
10.077460 197.766739
10.083265 197.574387
10.089070 394.814850
10.094875 394.345215
10.100680 98.608215
10.106485 132.039505
10.112290 132.029694
10.118095 132.015778
10.123900 132.040756
10.129705 395.541870
10.135510 395.730927
10.141315 395.922852
10.147120 396.023804
10.152925 396.200867
10.158731 396.437622
10.164536 396.680847
10.170341 132.667603
10.176146 397.559937
10.181951 397.754944
10.187755 397.641235
10.193560 397.449127
10.199365 132.739426
10.205170 397.114380
10.210975 397.216553
10.216780 397.601349
10.222585 132.861542
10.228390 132.752487
10.234195 397.765472
10.240000 398.500153
10.245805 407.989136
10.251610 413.599762
10.257415 413.806152
10.263220 412.361206
10.269025 400.671326
10.274830 392.648438
10.280635 390.361115
10.286440 387.550232
10.292245 384.134705
10.298050 381.602173
10.303855 379.832672
10.309660 378.417145
10.315465 377.279663
10.321270 376.370880
10.327075 375.956146
10.332880 376.363678
10.338685 377.219177
10.344490 378.133606
10.350295 378.941223
10.356100 379.778046
10.361905 381.379242
10.367710 384.234619
10.373515 387.141083
10.379320 389.214447
10.385125 390.850708
10.390930 392.301575
10.396734 393.214325
10.402539 393.814209
10.408344 394.336273
10.414149 394.637878
10.419954 394.561829
10.425759 394.316101
10.431564 394.140137
10.437369 393.917053
10.443174 131.702332
10.448979 251.664337
10.454784 254.482132
10.460589 254.141281
10.466394 252.900833
10.472199 252.810760
10.478004 253.896515
10.483809 255.394470
10.489614 256.694153
10.495420 257.624878
10.501225 258.343658
10.507030 259.013062
10.512835 259.675568
10.518640 260.509247
10.524445 261.516418
10.530250 262.266815
10.536055 262.421753
10.541860 262.233276
10.547665 262.020111
10.553470 261.743073
10.559275 261.150818
10.565080 260.179352
10.570885 258.796295
10.576690 257.243530
10.582495 256.292725
10.588300 255.890182
10.594105 255.817764
10.599909 256.477295
10.605714 258.160614
10.611519 260.014832
10.617324 261.332947
10.623129 262.402557
10.628934 263.341339
10.634739 264.108063
10.640544 264.964478
10.646349 266.418213
10.652154 268.175903
10.657959 269.276978
10.663764 269.387238
10.669569 268.593689
10.675374 267.657959
10.681179 266.733154
10.686984 265.542664
10.692789 264.314941
10.698594 263.239166
10.704399 262.272308
10.710204 261.353027
10.716009 260.925842
10.721814 260.848602
10.727619 260.683868
10.733424 260.371582
10.739229 260.046753
10.745034 259.594360
10.750839 259.181702
10.756644 258.358429
10.762449 256.856506
10.768254 257.820557
10.774059 261.715973
10.779864 264.608551
10.785669 265.170074
10.791474 264.972473
10.797279 264.205414
10.803084 261.778992
10.808888 257.271515
10.814693 248.695175
10.820498 237.694199
10.826303 397.826599
10.832108 399.111481
10.837914 399.515503
10.843719 399.294617
10.849524 397.984955
10.855329 396.524475
10.861134 395.650146
10.866939 395.399902
10.872744 132.837448
10.878549 132.905991
10.884354 132.850784
10.890159 132.741074
10.895964 132.584381
10.901769 132.487549
10.907574 132.582565
10.913379 0.000000
10.919184 5500.219238
10.924989 5521.057617
10.930794 5544.945312
10.936599 131.275940
10.942404 131.010300
10.948209 114.169792
10.954014 82.749443
10.959819 86.695984
10.965624 86.666267
10.971429 347.672791
10.977234 350.275757
10.983039 352.142120
10.988844 354.150177
10.994649 355.657013
11.000454 356.144867
11.006259 356.005096
11.012063 355.181519
11.017868 353.395782
11.023673 350.521667
11.029478 347.220184
11.035283 173.453049
11.041088 173.077774
11.046893 172.760025
11.052698 172.554611
11.058503 172.591629
11.064308 347.401855
11.070113 352.358276
11.075918 354.606659
11.081723 355.286652
11.087528 356.233307
11.093333 357.464600
11.099138 358.124756
11.104943 358.145874
11.110748 357.835876
11.116553 357.692810
11.122358 357.838745
11.128163 357.915710
11.133968 357.595734
11.139773 357.981812
11.145578 361.475037
11.151383 363.911621
11.157188 363.246368
11.162993 361.959137
11.168798 360.458588
11.174603 358.765167
11.180408 357.436890
11.186213 357.028412
11.192019 357.519226
11.197824 358.513184
11.203629 359.548126
11.209434 360.306183
11.215239 360.679047
11.221043 360.637360
11.226848 360.175568
11.232653 359.401825
11.238458 358.771088
11.244263 358.412567
11.250068 394.257263
11.255873 395.950653
11.261678 396.198364
11.267483 396.199341
11.273288 396.696198
11.279093 397.732605
11.284898 398.947083
11.290703 399.145630
11.296508 398.041138
11.302313 396.962311
11.308118 396.515045
11.313923 397.071014
11.319728 398.429871
11.325533 400.420013
11.331338 402.979156
11.337143 405.393463
11.342948 409.564148
11.348753 417.598114
11.354558 417.580017
11.360363 373.441742
11.366168 370.898163
11.371973 370.279083
11.377778 371.000092
11.383583 167.663757
11.389388 167.674301
11.395193 167.745834
11.400998 167.721085
11.406803 167.513962
11.412608 370.982452
11.418413 416.139404
11.424217 415.987854
11.430022 415.763977
11.435827 415.314850
11.441632 414.759827
11.447437 414.577301
11.453242 414.907867
11.459047 415.346985
11.464852 415.471130
11.470657 415.018585
11.476462 413.848206
11.482267 411.840851
11.488072 408.412384
11.493877 399.940552
11.499682 359.247772
11.505487 355.889496
11.511292 331.211090
11.517097 329.171539
11.522902 318.871216
11.528708 318.035767
11.534513 317.974854
11.540318 351.660736
11.546123 352.238586
11.551928 352.645203
11.557733 353.397858
11.563538 355.087158
11.569343 399.390015
11.575148 402.755157
11.580953 406.735657
11.586758 412.138519
11.592563 417.337921
11.598368 439.299957
11.604173 440.100464
11.609978 439.767792
11.615783 126.826012
11.621588 126.939430
11.627392 393.749939
11.633197 342.639771
11.639002 343.661957
11.644807 346.597198
11.650612 347.388672
11.656417 366.745941
11.662222 379.398865
11.668027 401.253082
11.673832 409.011810
11.679637 413.063873
11.685442 414.272644
11.691247 412.886353
11.697052 408.853271
11.702857 402.416077
11.708662 388.624359
11.714467 359.755371
11.720272 358.193054
11.726077 181.154449
11.731882 181.522842
11.737687 404.098846
11.743492 365.212860
11.749297 437.561127
11.755102 376.969727
11.760907 382.346832
11.766712 211.735962
11.772517 211.093307
11.778322 106.341736
11.784127 106.245682
11.789932 207.541748
11.795737 207.611877
11.801542 106.068497
11.807347 106.086029
11.813152 106.156281
11.818957 530.110657
11.824762 530.910461
11.830567 630.338928
11.836371 633.396240
11.842176 132.351334
11.847981 132.432831
11.853786 132.393692
11.859591 623.098694
11.865396 624.938110
11.871202 88.216576
11.877007 88.215492
11.882812 132.423264
11.888617 529.379517
11.894422 528.801086
11.900227 528.392944
11.906032 527.726746
11.911837 526.174438
11.917642 526.881714
11.923447 4371.390137
11.929252 3899.500244
11.935057 3894.126465
11.940862 1143.473633
11.946667 1450.699585
11.952472 1450.514526
11.958277 1447.721313
11.964082 1408.689819
11.969887 1154.827148
11.975692 243.587265
11.981497 247.760986
11.987302 248.255600
11.993107 248.150620
11.998912 248.341385
