0.000000 0.000000
0.005805 360.691528
0.011610 359.121948
0.017415 357.690765
0.023220 355.260071
0.029025 351.980560
0.034830 350.897125
0.040635 350.640289
0.046440 350.307770
0.052245 350.399445
0.058050 175.848419
0.063855 175.488983
0.069660 175.116821
0.075465 48.496704
0.081270 405.197784
0.087075 201.078506
0.092880 183.934723
0.098685 183.551208
0.104490 183.235687
0.110295 182.932541
0.116100 182.585373
0.121905 182.534683
0.127710 182.985123
0.133515 183.392563
0.139320 183.407883
0.145125 183.158325
0.150930 183.037216
0.156735 183.435883
0.162540 183.871567
0.168345 183.695877
0.174150 182.886581
0.179955 182.823486
0.185760 182.514877
0.191565 181.374817
0.197370 180.181198
0.203175 180.510971
0.208980 181.443756
0.214785 73.599426
0.220590 73.897110
0.226395 920.565552
0.232200 925.202637
0.238005 181.668182
0.243810 67.726883
0.249615 182.047058
0.255419 181.783493
0.261224 178.801117
0.267029 179.310120
0.272834 180.728882
0.278639 181.080215
0.284444 181.437744
0.290249 182.236664
0.296054 182.998703
0.301859 183.267288
0.307664 183.335068
0.313469 183.544220
0.319274 183.537750
0.325079 182.752808
0.330884 181.166214
0.336689 179.409195
0.342494 178.679657
0.348299 178.825775
0.354104 179.263260
0.359909 88.793091
0.365714 88.835968
0.371519 178.201843
0.377324 178.141190
0.383129 112.574707
0.388934 100.828377
0.394739 910.130371
0.400544 936.899963
0.406349 953.335327
0.412154 960.289856
0.417959 179.696075
0.423764 179.866959
0.429569 180.447418
0.435374 181.563568
0.441179 182.259598
0.446984 182.053436
0.452789 181.386627
0.458594 180.540024
0.464399 179.980545
0.470204 179.903870
0.476009 180.069275
0.481814 180.449142
0.487619 180.907455
0.493424 181.566406
0.499229 182.303970
0.505034 182.865631
0.510839 183.190689
0.516644 182.914307
0.522449 181.954849
0.528254 179.945831
0.534059 179.425735
0.539864 180.068405
0.545669 180.604538
0.551474 180.907944
0.557279 181.262619
0.563084 181.388245
0.568889 181.309525
0.574694 181.364426
0.580499 181.792374
0.586304 182.499908
0.592109 183.625824
0.597914 184.696487
0.603719 185.113617
0.609524 185.461807
0.615329 186.134079
0.621134 186.968170
0.626939 187.158585
0.632744 186.885040
0.638549 186.800217
0.644354 187.455063
0.650159 188.506882
0.655964 188.401810
0.661769 188.087372
0.667574 188.738571
0.673379 189.809448
0.679184 190.762695
0.684989 191.234146
0.690794 191.249649
0.696599 191.486130
0.702404 191.876663
0.708209 191.772400
0.714014 190.842834
0.719819 189.504410
0.725624 73.685860
0.731429 73.747185
0.737234 147.898453
0.743039 119.651329
0.748844 121.753090
0.754649 68.624817
0.760454 68.754440
0.766258 68.919609
0.772063 69.006203
0.777869 73.850273
0.783673 179.039825
0.789478 178.819824
0.795283 567.205078
0.801088 184.386398
0.806893 184.333313
0.812698 193.089966
0.818503 192.798843
0.824308 192.375549
0.830113 191.841400
0.835918 191.742722
0.841723 192.415451
0.847528 191.228180
0.853333 187.995560
0.859138 185.820099
0.864943 184.172974
0.870748 182.914185
0.876553 182.058517
0.882358 181.407730
0.888163 180.462250
0.893968 886.954041
0.899773 885.782776
0.905578 286.145538
0.911383 578.102722
0.917188 578.018127
0.922993 100.171646
0.928798 100.736458
0.934603 216.502396
0.940408 216.933395
0.946213 216.823822
0.952018 217.132141
0.957823 217.559601
0.963628 217.656464
0.969433 416.261200
0.975238 418.835480
0.981043 202.716278
0.986848 203.074936
0.992653 207.921906
0.998458 207.488876
1.004263 207.237381
1.010068 209.101303
1.015873 211.156891
1.021678 211.729202
1.027483 209.899078
1.033288 205.517624
1.039093 201.790283
1.044898 198.805298
1.050703 196.173813
1.056508 319.449402
1.062313 203.404236
1.068118 203.485306
1.073923 203.310089
1.079728 203.338760
1.085533 202.049927
1.091338 198.918091
1.097143 132.920334
1.102948 132.736786
1.108753 110.555901
1.114558 44.035465
1.120363 98.931763
1.126168 98.955055
1.131973 99.122574
1.137778 193.808197
1.143583 193.693314
1.149388 193.581680
1.155193 193.195358
1.160998 192.201752
1.166803 191.572815
1.172608 188.231323
1.178413 188.845001
1.184218 93.978355
1.190023 74.479965
1.195828 80.635246
1.201633 0.000000
1.207438 196.066025
1.213243 187.903137
1.219048 99.072639
1.224853 99.099480
1.230658 99.095680
1.236463 237.526459
1.242268 236.689346
1.248073 231.196106
1.253878 229.167801
1.259683 208.151367
1.265488 205.139587
1.271293 98.164024
1.277097 7394.058594
1.282902 7309.156250
1.288707 0.000000
1.294513 202.091553
1.300317 200.378296
1.306122 201.164505
1.311927 201.472366
1.317732 200.673431
1.323537 199.841995
1.329342 199.163620
1.335147 197.818970
1.340952 196.472290
1.346757 196.110992
1.352562 196.426666
1.358367 197.646439
1.364172 198.716507
1.369977 198.377960
1.375782 197.909348
1.381587 197.546692
1.387392 197.270554
1.393197 196.818909
1.399002 196.174362
1.404807 195.607971
1.410612 195.143524
1.416417 195.153183
1.422222 195.953262
1.428027 196.807755
1.433832 197.545166
1.439637 198.075089
1.445442 198.259949
1.451247 194.159409
1.457052 174.782593
1.462857 119.544868
1.468662 111.537788
1.474467 110.768013
1.480272 93.296394
1.486077 93.110245
1.491882 92.553558
1.497687 183.270187
1.503492 183.151794
1.509297 188.190811
1.515102 188.222412
1.520907 188.542023
1.526712 189.589493
1.532517 190.773254
1.538322 191.710297
1.544127 192.702927
1.549932 194.089813
1.555737 196.199402
1.561542 197.658401
1.567347 197.790497
1.573152 197.182770
1.578957 196.457230
1.584762 196.019943
1.590567 196.169281
1.596372 196.915115
1.602177 197.196594
1.607982 197.095596
1.613787 197.239426
1.619592 197.606964
1.625397 198.527100
1.631202 204.395737
1.637007 209.974258
1.642812 209.871857
1.648617 209.081863
1.654422 203.848984
1.660227 202.369370
1.666032 199.400116
1.671837 199.481552
1.677642 199.893036
1.683447 199.602692
1.689252 198.889389
1.695057 198.286957
1.700862 198.376297
1.706667 198.535324
1.712472 198.595291
1.718277 198.862366
1.724082 199.343063
1.729887 199.734283
1.735692 199.873215
1.741497 199.823517
1.747302 199.635986
1.753107 199.260437
1.758912 198.721603
1.764717 198.276794
1.770522 197.855560
1.776327 197.348648
1.782132 197.729156
1.787936 198.707413
1.793741 199.015518
1.799546 199.348022
1.805351 200.216446
1.811157 199.617401
1.816961 193.770599
1.822766 7437.981934
1.828571 102.214951
1.834376 69.551537
1.840181 69.586548
1.845986 80.181374
1.851791 64.832390
1.857596 65.710983
1.863401 72.561104
1.869206 192.009583
1.875011 191.707062
1.880816 191.619827
1.886621 191.608047
1.892426 191.619843
1.898231 191.611404
1.904036 117.896797
1.909841 117.790421
1.915646 1019.755615
1.921451 1018.566650
1.927256 1015.797302
1.933061 1016.186768
1.938866 1017.300720
1.944671 1018.448853
1.950476 1018.815857
1.956281 1018.184265
1.962086 1020.583069
1.967891 1034.473877
1.973696 1044.715210
1.979501 1047.043457
1.985306 1047.931763
1.991111 1045.641846
1.996916 1043.167847
2.002721 175.271118
2.008526 209.949020
2.014331 209.865387
2.020136 209.474564
2.025941 210.416611
2.031746 1014.701782
2.037551 354.590515
2.043356 354.565765
2.049161 358.537598
2.054966 366.195892
2.060771 255.445465
2.066576 256.309113
2.072381 194.748398
2.078186 196.639648
2.083991 198.787659
2.089796 199.151947
2.095601 199.296722
2.101406 199.967468
2.107211 200.616684
2.113016 201.029099
2.118821 201.072784
2.124626 200.853455
2.130431 262.129059
2.136236 262.586090
2.142041 205.232956
2.147846 206.691620
2.153651 207.564560
2.159456 208.376297
2.165261 209.005341
2.171066 209.788910
2.176871 174.948608
2.182676 7522.705566
2.188481 116.690292
2.194286 105.130600
2.200091 105.110626
2.205896 70.901779
2.211701 597.100830
2.217506 582.958679
2.223311 572.017029
2.229116 566.928284
2.234921 568.474060
2.240726 84.488693
2.246531 190.924255
2.252336 189.069901
2.258141 187.729843
2.263946 186.896484
2.269751 186.899475
2.275556 116.454018
2.281361 116.516327
2.287166 187.019318
2.292970 186.914444
2.298775 952.622681
2.304580 187.197586
2.310385 951.498291
2.316190 950.587708
2.321995 950.203979
2.327801 116.446838
2.333606 187.015152
2.339411 187.123505
2.345215 187.340088
2.351020 187.379852
2.356825 557.656677
2.362630 560.358032
2.368435 100.206490
2.374240 210.091400
2.380045 217.289688
2.385850 217.326477
2.391655 217.647812
2.397460 210.194611
2.403265 99.581009
2.409070 151.838669
2.414875 151.683487
2.420680 206.661911
2.426485 195.830093
2.432290 195.294235
2.438095 195.115784
2.443900 195.028656
2.449705 194.638123
2.455510 194.067444
2.461315 193.691986
2.467120 193.769104
2.472925 194.229919
2.478730 194.718643
2.484535 195.063202
2.490340 195.128128
2.496145 194.893906
2.501950 194.285400
2.507755 193.627914
2.513560 193.416031
2.519365 193.464172
2.525170 193.574997
2.530975 193.713943
2.536780 193.823013
2.542585 193.723465
2.548390 128.786652
2.554195 112.094322
2.560000 70.003571
2.565805 95.206993
2.571610 94.900566
2.577415 74.716095
2.583220 818.095825
2.589025 803.262329
2.594830 788.167542
2.600635 783.825195
2.606440 784.556030
2.612245 782.865784
2.618050 777.877808
2.623855 769.606812
2.629660 752.523193
2.635465 765.688110
2.641270 99.663193
2.647075 261.950928
2.652880 261.063629
2.658685 261.526093
2.664490 262.942169
2.670295 263.652039
2.676100 263.509705
2.681905 263.605743
2.687710 263.956299
2.693515 263.661957
2.699320 98.299759
2.705125 98.526573
2.710930 98.524559
2.716735 260.692078
2.722540 199.345184
2.728345 194.507324
2.734150 99.531067
2.739955 110.899704
2.745760 66.458031
2.751565 66.549004
2.757370 69.099579
2.763175 69.629913
2.768980 69.737007
2.774785 70.179855
2.780590 94.024803
2.786395 103.083878
2.792200 102.765259
2.798005 97.283936
2.803810 168.692352
2.809614 168.681763
2.815419 168.844360
2.821224 169.544464
2.827029 170.600311
2.832834 171.058273
2.838639 170.911331
2.844445 170.908356
2.850250 171.947006
2.856054 174.653549
2.861859 176.746094
2.867664 177.278381
2.873469 177.501602
2.879274 177.955246
2.885079 178.726196
2.890884 179.383453
2.896689 179.417862
2.902494 178.911011
2.908299 110.161613
2.914104 110.621986
2.919909 111.562401
2.925714 69.498085
2.931519 69.185860
2.937324 70.040077
2.943129 1166.015015
2.948934 1139.934814
2.954739 1095.453735
2.960544 1009.658142
2.966349 184.084900
2.972154 186.246841
2.977959 189.507309
2.983764 189.915451
2.989569 189.705688
2.995374 188.815308
3.001179 185.791183
3.006984 183.899673
3.012789 182.192490
3.018594 66.130867
3.024399 66.808662
3.030204 66.963150
3.036009 69.158630
3.041814 66.080772
3.047619 65.545105
3.053424 65.257423
3.059229 185.473953
3.065034 183.726913
3.070839 179.004868
3.076644 175.133514
3.082449 175.100845
3.088254 175.204422
3.094059 182.745041
3.099864 181.452072
3.105669 178.857651
3.111474 177.114166
3.117279 176.014160
3.123084 175.727112
3.128889 175.662430
3.134694 175.238922
3.140499 174.488144
3.146304 173.924500
3.152109 173.567520
3.157914 173.377991
3.163719 173.329865
3.169524 173.456497
3.175329 173.819458
3.181134 174.294937
3.186939 174.854065
3.192744 175.534332
3.198549 175.790756
3.204354 175.196152
3.210159 174.687592
3.215964 174.920090
3.221769 175.341644
3.227574 175.754913
3.233379 176.240707
3.239184 176.555969
3.244989 176.726303
3.250794 177.290848
3.256599 178.356064
3.262404 179.049408
3.268209 179.386429
3.274014 180.377411
3.279819 181.628281
3.285624 181.960083
3.291429 182.028320
3.297234 181.917953
3.303039 181.966507
3.308844 182.638077
3.314649 183.687714
3.320453 184.109558
3.326258 184.353348
3.332063 185.076553
3.337868 186.416077
3.343673 186.728439
3.349478 186.651993
3.355283 186.575699
3.361089 186.633209
3.366894 186.875046
3.372698 187.168320
3.378503 187.300644
3.384308 187.188599
3.390113 186.725143
3.395918 185.966782
3.401723 185.357178
3.407528 185.467407
3.413333 186.575439
3.419138 189.199753
3.424943 190.498688
3.430748 190.301529
3.436553 189.790436
3.442358 188.076111
3.448163 158.970367
3.453968 102.829178
3.459773 102.816650
3.465578 93.031250
3.471383 77.523598
3.477188 64.822563
3.482993 64.777824
3.488798 64.865852
3.494603 77.417519
3.500408 86.606369
3.506213 187.444412
3.512018 186.464600
3.517823 185.747879
3.523628 133.193405
3.529433 132.142776
3.535238 113.968636
3.541043 131.056229
3.546848 179.323135
3.552653 177.612854
3.558458 262.712158
3.564263 261.694458
3.570068 260.950500
3.575873 260.106781
3.581678 171.065567
3.587483 170.196411
3.593288 169.427460
3.599093 168.436142
3.604898 166.703751
3.610703 166.208969
3.616508 166.585770
3.622313 166.473969
3.628118 166.110535
3.633923 166.301971
3.639728 166.789444
3.645533 166.827133
3.651338 166.513870
3.657143 166.251602
3.662948 166.362213
3.668753 167.240021
3.674558 167.797668
3.680363 167.365097
3.686168 166.781815
3.691973 165.056931
3.697778 164.299728
3.703583 164.107147
3.709388 166.746750
3.715193 166.643753
3.720998 6554.040039
3.726803 6555.268555
3.732608 6635.306152
3.738413 6643.174316
3.744218 6509.937012
3.750023 6344.036621
3.755828 6205.537109
3.761633 6111.783203
3.767438 6092.608398
3.773243 165.344376
3.779048 248.264343
3.784853 248.778107
3.790658 173.989151
3.796463 566.025940
3.802268 570.715820
3.808073 569.998596
3.813878 520.365967
3.819683 520.540283
3.825488 216.307205
3.831293 217.112534
3.837097 0.000000
3.842902 108.222656
3.848707 217.405243
3.854512 216.684982
3.860317 210.863586
3.866122 209.002884
3.871927 207.149033
3.877733 205.163544
3.883538 204.636993
3.889342 205.912491
3.895147 207.390335
3.900952 207.803711
3.906757 207.756271
3.912562 207.459976
3.918367 207.136139
3.924172 206.861969
3.929977 168.586731
3.935782 168.762466
3.941587 101.997421
3.947392 103.997635
3.953197 103.827881
3.959002 103.829926
3.964807 957.256165
3.970612 105.233841
3.976417 119.006783
3.982222 200.572617
3.988027 199.840195
3.993832 106.822250
3.999637 107.339409
4.005442 107.449165
4.011247 73.613525
4.017052 68.965950
4.022857 930.890625
4.028662 930.243958
4.034467 73.513008
4.040272 73.535309
4.046077 160.837585
4.051882 89.673599
4.057687 581.865417
4.063492 514.731628
4.069297 512.113342
4.075102 198.765778
4.080907 199.352875
4.086712 109.425507
4.092517 109.533501
4.098322 203.968018
4.104127 204.023651
4.109932 202.033478
4.115737 201.598709
4.121542 201.229706
4.127347 200.582489
4.133152 7048.245605
4.138957 7090.328125
4.144762 7123.934082
4.150567 198.104767
4.156372 197.816666
4.162177 194.224976
4.167982 193.542038
4.173787 111.464890
4.179592 111.588463
4.185397 111.387375
4.191202 70.793442
4.197007 70.735558
4.202812 617.674438
4.208617 624.586243
4.214422 672.909119
4.220227 710.581299
4.226032 162.477936
4.231837 210.883789
4.237642 208.938477
4.243447 207.867691
4.249252 207.833359
4.255057 208.238235
4.260862 208.870560
4.266667 209.587051
4.272471 210.316422
4.278276 210.432098
4.284081 208.564529
4.289886 207.287384
4.295691 207.526718
4.301497 207.481506
4.307302 206.880402
4.313107 206.253693
4.318912 205.852509
4.324717 205.654282
4.330522 205.706512
4.336327 206.175430
4.342132 206.931976
4.347937 208.190125
4.353742 105.240646
4.359547 105.384064
4.365352 105.346581
4.371157 70.152855
4.376961 65.662849
4.382766 65.489807
4.388571 204.729721
4.394376 204.465912
4.400181 204.186432
4.405986 203.673645
4.411791 203.493729
4.417596 203.752670
4.423401 176.901199
4.429206 177.033783
4.435011 177.064072
4.440816 177.103409
4.446621 115.961105
4.452426 115.930862
4.458231 177.505646
4.464036 176.676041
4.469841 176.027740
4.475646 175.547211
4.481451 116.421600
4.487256 175.192093
4.493061 175.253021
4.498866 175.346558
4.504671 175.507629
4.510476 116.517136
4.516281 175.391708
4.522086 175.234589
4.527891 175.294128
4.533696 175.448349
4.539501 105.183090
4.545306 87.048790
4.551111 259.611084
4.556916 258.939178
4.562721 207.337021
4.568526 103.771187
4.574331 103.717476
4.580136 207.307526
4.585941 207.322205
4.591746 207.466766
4.597551 207.729630
4.603356 208.058304
4.609161 208.345200
4.614966 208.384354
4.620771 208.247864
4.626576 208.311356
4.632381 208.666473
4.638186 209.013870
4.643991 207.806854
4.649796 206.664688
4.655601 206.522858
4.661406 206.570114
4.667211 206.794449
4.673016 207.526474
4.678821 208.789642
4.684626 208.956055
4.690431 208.360931
4.696236 207.910858
4.702041 210.667053
4.707846 210.480438
4.713651 210.061142
4.719456 209.589767
4.725261 208.840393
4.731066 207.434830
4.736871 206.033096
4.742676 205.435684
4.748481 205.023026
4.754286 204.330826
4.760091 203.480698
4.765896 201.814957
4.771701 201.698105
4.777506 201.763351
4.783311 201.826126
4.789115 201.722626
4.794920 201.448944
4.800725 201.576370
4.806530 203.100311
4.812335 204.791687
4.818141 207.619644
4.823946 208.226822
4.829751 207.607941
4.835556 207.018234
4.841361 206.701355
4.847166 206.785980
4.852971 207.285263
4.858776 208.006607
4.864581 208.590927
4.870386 209.089310
4.876191 209.612228
4.881996 210.020355
4.887800 209.667252
4.893605 117.244926
4.899410 105.197975
4.905215 104.983047
4.911020 70.118767
4.916825 70.182770
4.922630 70.265823
4.928435 70.312065
4.934240 218.842346
4.940045 219.304794
4.945850 219.638214
4.951655 219.605377
4.957460 219.185440
4.963265 218.595459
4.969070 207.229019
4.974875 208.056870
4.980680 208.298660
4.986485 208.547119
4.992290 209.356461
4.998095 210.323242
5.003900 209.743347
5.009705 208.010834
5.015510 208.587738
5.021315 209.048660
5.027120 209.226303
5.032925 174.782196
5.038730 174.779266
5.044535 174.844894
5.050340 175.103943
5.056145 175.138901
5.061950 175.168167
5.067755 175.293991
5.073560 175.425034
5.079365 175.593765
5.085170 175.778183
5.090975 211.679108
5.096780 209.724533
5.102585 209.166061
5.108390 209.021271
5.114195 208.754242
5.120000 208.126831
5.125805 208.271194
5.131610 213.139511
5.137415 213.300812
5.143220 208.281906
5.149025 207.515030
5.154830 207.446609
5.160635 210.966339
5.166440 175.380936
5.172245 175.620178
5.178050 104.794640
5.183855 104.855377
5.189660 105.324120
5.195465 105.209045
5.201270 105.119011
5.207075 104.974686
5.212880 104.681572
5.218685 104.375938
5.224490 210.663940
5.230295 210.298996
5.236100 209.955154
5.241905 266.212585
5.247710 274.493500
5.253515 283.095520
5.259320 188.103470
5.265125 203.638336
5.270930 210.628433
5.276735 216.715698
5.282540 216.714096
5.288345 210.844666
5.294150 189.105087
5.299954 182.168930
5.305759 253.090103
5.311564 176.881042
5.317369 177.257874
5.323174 176.926865
5.328979 176.216492
5.334785 174.620697
5.340590 173.354202
5.346395 172.130707
5.352200 171.453918
5.358005 170.485138
5.363810 168.930420
5.369615 168.122116
5.375420 167.823792
5.381225 167.746109
5.387030 167.699692
5.392835 167.609695
5.398640 167.478958
5.404444 167.383499
5.410249 167.439880
5.416054 167.661896
5.421859 168.020554
5.427664 168.481628
5.433469 168.848190
5.439274 114.158440
5.445079 114.511345
5.450884 176.611450
5.456689 175.286148
5.462494 173.392151
5.468299 171.942322
5.474104 171.774384
5.479909 174.289337
5.485714 175.988754
5.491519 182.821060
5.497324 183.017639
5.503129 178.580826
5.508934 113.402313
5.514739 113.734756
5.520544 114.002403
5.526349 114.461678
5.532154 114.947975
5.537959 115.229439
5.543764 115.609177
5.549569 116.872375
5.555374 117.458488
5.561179 118.075089
5.566984 118.361481
5.572789 118.565399
5.578594 118.561295
5.584399 117.773132
5.590204 454.002319
5.596009 452.527313
5.601814 451.369385
5.607619 447.619110
5.613424 403.450287
5.619229 405.651276
5.625034 375.470032
5.630839 104.885406
5.636644 212.104904
5.642449 210.192963
5.648254 205.730606
5.654059 205.874100
5.659864 415.721313
5.665669 212.786743
5.671474 212.871735
5.677279 211.750412
5.683084 420.001190
5.688889 419.227509
5.694694 209.923859
5.700499 210.264130
5.706304 210.867050
5.712109 211.801071
5.717914 212.862946
5.723719 213.892258
5.729524 214.967514
5.735329 215.981644
5.741134 216.843201
5.746939 436.615784
5.752744 438.366852
5.758549 220.089493
5.764354 221.296158
5.770159 222.169617
5.775964 222.984619
5.781769 223.715851
5.787574 224.123489
5.793379 224.241211
5.799184 224.304977
5.804989 224.452087
5.810794 219.891006
5.816598 219.617294
5.822403 151.155823
5.828208 151.454697
5.834013 151.795700
5.839818 545.221741
5.845623 551.005188
5.851429 560.499023
5.857234 589.253174
5.863039 600.653015
5.868844 103.498100
5.874649 103.499390
5.880454 103.329895
5.886259 103.324425
5.892064 195.910477
5.897869 104.407120
5.903674 104.492348
5.909479 120.485847
5.915284 463.848358
5.921088 573.015503
5.926893 572.874084
5.932698 569.816162
5.938503 570.197388
5.944308 573.682190
5.950113 574.008118
5.955918 576.399353
5.961723 584.781738
5.967528 88.009727
5.973333 178.611313
5.979138 178.653152
5.984943 124.314636
5.990748 122.346489
5.996553 752.438354
6.002358 71.534325
6.008163 71.914055
6.013968 377.566498
6.019773 183.732849
6.025578 183.203308
6.031383 182.157227
6.037188 180.165237
6.042993 731.052002
6.048798 728.883301
6.054603 716.066895
6.060408 181.922470
6.066213 182.705872
6.072018 183.102005
6.077823 182.910278
6.083628 182.174988
6.089433 180.842407
6.095238 179.519562
6.101043 179.074844
6.106848 179.421524
6.112653 179.746719
6.118458 180.068466
6.124263 180.766724
6.130068 180.877853
6.135873 180.301010
6.141678 179.882614
6.147483 180.013733
6.153288 179.584106
6.159093 179.241760
6.164898 117.216278
6.170703 114.192177
6.176508 70.801292
6.182313 71.509483
6.188118 71.715401
6.193923 714.475220
6.199728 708.161133
6.205533 695.993652
6.211338 181.154587
6.217143 179.937698
6.222948 179.138306
6.228753 180.202225
6.234558 180.070007
6.240363 179.595032
6.246168 179.703033
6.251973 181.268295
6.257778 182.038452
6.263583 181.194290
6.269388 181.168228
6.275193 181.950623
6.280998 182.470444
6.286803 182.458542
6.292608 182.425461
6.298413 183.440094
6.304218 184.042038
6.310023 184.017456
6.315828 183.701309
6.321633 183.789261
6.327438 184.126251
6.333242 184.034042
6.339047 183.951935
6.344852 184.224350
6.350657 184.681641
6.356462 185.244843
6.362267 187.134949
6.368073 188.536057
6.373878 188.965042
6.379683 188.681961
6.385488 189.415894
6.391293 191.481003
6.397098 193.130707
6.402903 192.107040
6.408708 190.234924
6.414513 190.589401
6.420318 191.979004
6.426123 194.389481
6.431927 196.021362
6.437732 195.637817
6.443537 194.190933
6.449342 193.680420
6.455147 193.156433
6.460952 192.697479
6.466757 192.543625
6.472562 192.507812
6.478367 192.427032
6.484172 192.265396
6.489977 192.102173
6.495782 192.306229
6.501587 192.903122
6.507392 193.178894
6.513197 118.412827
6.519002 117.924484
6.524807 117.693520
6.530612 118.891983
6.536417 96.683578
6.542222 194.058060
6.548027 193.982193
6.553832 197.974991
6.559637 197.710129
6.565442 187.992905
6.571247 187.588470
6.577052 187.548767
6.582857 1065.718140
6.588662 4430.474121
6.594467 4408.010254
6.600272 4403.801270
6.606077 202.414276
6.611882 200.170959
6.617687 198.966431
6.623492 199.136063
6.629297 199.506927
6.635102 198.367355
6.640907 197.671371
6.646712 197.478638
6.652517 197.820435
6.658322 197.982300
6.664127 196.308975
6.669932 194.459351
6.675737 193.538071
6.681542 193.107132
6.687347 192.612091
6.693152 189.398590
6.698957 188.950806
6.704762 579.832581
6.710567 577.957642
6.716372 204.643051
6.722177 209.959839
6.727982 196.968979
6.733787 183.094543
6.739592 182.728485
6.745397 183.486404
6.751202 184.818100
6.757007 185.968414
6.762812 947.738281
6.768617 948.244507
6.774422 507.813873
6.780227 511.972931
6.786032 511.965912
6.791837 1063.299438
6.797642 202.900116
6.803447 204.560379
6.809252 206.157288
6.815057 208.566101
6.820862 210.570389
6.826667 211.928284
6.832472 212.825455
6.838277 213.170029
6.844081 213.473938
6.849886 214.926025
6.855691 215.919006
6.861496 207.286041
6.867301 199.384521
6.873106 194.553818
6.878911 193.987518
6.884717 122.834274
6.890522 122.840607
6.896327 43.307713
6.902132 96.974762
6.907937 97.409134
6.913742 97.786896
6.919547 485.713928
6.925352 485.612427
6.931157 507.301758
6.936962 526.080078
6.942767 99.812843
6.948571 99.854774
6.954376 143.967850
6.960181 143.694412
6.965986 201.464600
6.971791 201.457230
6.977596 6356.326660
6.983401 6380.435059
6.989206 6330.375000
6.995011 6254.111328
7.000816 6202.149902
7.006621 143.435303
7.012426 143.417465
7.018231 205.271378
7.024036 204.339462
7.029841 202.608368
7.035646 201.041870
7.041451 199.632568
7.047256 198.463928
7.053061 195.063049
7.058866 194.281784
7.064671 194.175293
7.070476 194.041046
7.076281 193.449661
7.082086 193.086670
7.087891 194.252060
7.093696 196.689285
7.099501 198.951050
7.105306 201.071518
7.111111 201.504303
7.116916 201.324661
7.122721 188.274246
7.128526 188.549332
7.134331 198.143417
7.140136 197.922592
7.145941 198.532349
7.151746 199.678589
7.157551 200.556488
7.163356 201.630432
7.169161 203.823242
7.174966 205.878128
7.180771 207.808472
7.186576 209.038818
7.192381 209.753418
7.198186 209.542374
7.203991 208.272842
7.209796 208.019775
7.215601 207.338242
7.221406 206.243729
7.227211 205.576248
7.233016 204.923615
7.238821 200.712509
7.244626 199.560120
7.250431 102.834831
7.256236 100.896187
7.262041 196.182495
7.267846 195.536377
7.273651 193.869385
7.279456 193.616623
7.285261 96.040001
7.291066 190.967163
7.296871 186.255447
7.302676 186.269409
7.308481 186.930984
7.314286 187.980042
7.320091 193.126190
7.325896 193.608337
7.331701 188.796082
7.337506 186.343948
7.343311 182.478561
7.349116 182.876678
7.354921 184.815155
7.360725 186.183304
7.366530 429.494415
7.372335 97.926636
7.378140 97.931114
7.383945 97.761932
7.389750 195.980820
7.395555 196.867523
7.401361 197.343109
7.407166 197.990952
7.412971 199.429398
7.418776 204.887115
7.424581 204.870102
7.430386 200.698914
7.436191 198.269028
7.441996 195.486328
7.447801 193.845718
7.453606 192.867798
7.459411 192.067581
7.465215 191.425461
7.471020 191.049973
7.476825 190.985886
7.482630 191.039368
7.488435 191.128326
7.494240 192.210281
7.500045 195.737854
7.505850 197.604736
7.511655 197.937363
7.517460 197.806702
7.523265 197.971619
7.529070 198.625412
7.534875 199.386734
7.540680 195.322479
7.546485 364.028839
7.552290 179.801193
7.558095 180.606155
7.563900 196.589386
7.569705 205.376373
7.575510 200.265411
7.581315 206.617554
7.587120 210.823883
7.592925 211.371338
7.598730 6157.927246
7.604535 6050.495605
7.610340 5920.212891
7.616145 5831.075684
7.621950 5813.736816
7.627755 80.558266
7.633560 486.981018
7.639365 485.788879
7.645170 126.086357
7.650975 124.926437
7.656780 124.454147
7.662585 124.056450
7.668390 122.564262
7.674195 122.441902
7.680000 245.521515
7.685805 245.891617
7.691610 246.052414
7.697415 74.815727
7.703220 176.223572
7.709025 176.472107
7.714830 176.649002
7.720635 355.784027
7.726440 150.163086
7.732245 149.567352
7.738050 149.711655
7.743855 150.437775
7.749660 150.373978
7.755465 131.853180
7.761270 131.865494
7.767075 131.772797
7.772880 131.742340
7.778685 132.332291
7.784490 132.432938
7.790295 132.321213
7.796100 117.307068
7.801905 117.577141
7.807710 1338.769287
7.813515 1329.050781
7.819320 1067.972412
7.825125 1289.639404
7.830930 186.051193
7.836735 185.720825
7.842540 185.248917
7.848345 184.824326
7.854150 184.690521
7.859955 184.977539
7.865760 185.554138
7.871564 186.092224
7.877369 186.435181
7.883174 186.667664
7.888979 186.684921
7.894784 186.515076
7.900589 186.399490
7.906394 186.508316
7.912199 186.659454
7.918005 186.832169
7.923810 186.901428
7.929615 185.942169
7.935420 184.478653
7.941225 184.286804
7.947030 184.625748
7.952835 266.423126
7.958640 264.712006
7.964445 150.455795
7.970250 116.769867
7.976054 116.664238
7.981859 43.066406
7.987664 78.556389
7.993469 61.358681
7.999274 61.042496
8.005079 67.474037
8.010884 131.303421
8.016689 131.194702
8.022494 131.027023
8.028299 130.987900
8.034104 131.221771
8.039909 131.665222
8.045714 132.026779
8.051519 117.506325
8.057324 117.894089
8.063129 325.901764
8.068934 325.526947
8.074739 324.263245
8.080544 131.101639
8.086349 131.399994
8.092155 131.597168
8.097960 131.735596
8.103765 131.985123
8.109570 132.117081
8.115375 131.960144
8.121180 131.802429
8.126985 131.961823
8.132789 132.187912
8.138594 188.548950
8.144399 188.058014
8.150204 187.964920
8.156009 99.773041
8.161814 216.464142
8.167619 216.789001
8.173424 216.836548
8.179229 193.922150
8.185034 195.010056
8.190839 195.353500
8.196644 195.270126
8.202449 194.938248
8.208254 194.530304
8.214059 194.172745
8.219864 193.914917
8.225669 193.830093
8.231474 193.886185
8.237279 194.023178
8.243084 194.209366
8.248889 194.419083
8.254694 194.613617
8.260499 194.744156
8.266304 194.749557
8.272109 194.708160
8.277914 194.801132
8.283719 195.037292
8.289524 195.260880
8.295329 195.396545
8.301134 195.500763
8.306939 195.602539
8.312744 195.653000
8.318549 195.570908
8.324354 195.260101
8.330159 110.163475
8.335963 110.245453
8.341768 110.551941
8.347573 72.222359
8.353378 72.807861
8.359183 197.056183
8.364988 197.411194
8.370793 198.026901
8.376598 198.529587
8.382403 198.739120
8.388208 198.809464
8.394013 198.854523
8.399818 109.801353
8.405623 109.701393
8.411428 109.615639
8.417233 109.660889
8.423038 110.093735
8.428843 394.289490
8.434649 395.560059
8.440454 393.876007
8.446259 391.896149
8.452064 110.704140
8.457869 110.713165
8.463674 110.753418
8.469479 110.834023
8.475284 267.453491
8.481089 268.615479
8.486894 78.258377
8.492699 78.262711
8.498504 204.548096
8.504309 183.579559
8.510114 117.357727
8.515919 116.709343
8.521724 78.083214
8.527529 78.169441
8.533334 78.189644
8.539139 78.256897
8.544943 65.632263
8.550748 78.222580
8.556553 78.066406
8.562358 395.635132
8.568163 390.303040
8.573968 385.361328
8.579773 383.513397
8.585578 384.696930
8.591383 386.870087
8.597188 387.636078
8.602993 386.175568
8.608798 383.507965
8.614603 379.814331
8.620408 375.807800
8.626213 370.400238
8.632018 365.711517
8.637823 364.685272
8.643628 364.584930
8.649433 363.582916
8.655238 361.432861
8.661043 359.833008
8.666848 360.015259
8.672653 360.683868
8.678458 181.828537
8.684263 178.129639
8.690068 178.209641
8.695873 178.599564
8.701678 99.030632
8.707483 70.202499
8.713288 68.278946
8.719093 72.270447
8.724898 72.722633
8.730703 72.875641
8.736508 74.442291
8.742313 380.514465
8.748117 381.099487
8.753922 383.412079
8.759727 383.847961
8.765532 383.377594
8.771338 384.292725
8.777143 197.245270
8.782948 194.740692
8.788753 193.159286
8.794558 191.152344
8.800363 124.781548
8.806168 125.374886
8.811973 126.232689
8.817778 126.648628
8.823583 126.979370
8.829388 128.079895
8.835193 135.225571
8.840998 137.690887
8.846803 137.023254
8.852608 136.843292
8.858413 414.831482
8.864218 7395.158203
8.870023 166.372223
8.875828 167.432373
8.881633 170.881821
8.887438 170.802887
8.893243 170.796936
8.899048 170.759079
8.904853 170.766617
8.910658 170.922668
8.916463 369.802307
8.922268 371.160767
8.928073 171.718979
8.933878 178.146866
8.939683 178.721130
8.945488 179.093948
8.951293 179.457062
8.957097 180.008606
8.962902 180.212067
8.968707 175.037155
8.974512 175.611557
8.980317 176.277084
8.986122 177.133148
8.991927 177.722107
8.997732 178.247818
9.003537 179.083542
9.009342 179.880280
9.015147 180.391846
9.020952 180.953476
9.026757 181.511597
9.032562 181.928619
9.038367 182.284897
9.044172 182.651917
9.049977 182.777527
9.055782 182.899918
9.061587 183.319962
9.067392 183.621033
9.073197 183.695465
9.079002 183.873459
9.084807 184.155258
9.090612 370.252136
9.096417 366.776123
9.102222 365.142242
9.108027 363.204346
9.113832 184.984772
9.119637 185.257828
9.125443 185.804825
9.131248 186.526764
9.137053 187.084106
9.142858 187.723755
9.148663 188.525162
9.154468 188.833740
9.160272 188.784622
9.166077 188.615433
9.171882 188.570938
9.177687 188.739700
9.183492 189.123337
9.189297 189.543488
9.195102 189.832397
9.200907 189.838547
9.206712 189.665985
9.212517 189.493362
9.218322 189.360489
9.224127 189.272400
9.229932 189.216202
9.235737 125.963493
9.241542 125.009392
9.247347 126.246925
9.253152 384.467621
9.258957 386.439087
9.264762 387.643250
9.270567 386.156219
9.276372 384.065033
9.282177 383.061920
9.287982 382.576141
9.293787 382.538177
9.299592 383.028473
9.305397 383.451141
9.311202 383.135071
9.317007 382.393494
9.322812 382.154694
9.328617 382.603271
9.334422 383.310303
9.340227 384.751923
9.346032 388.375092
9.351837 394.706726
9.357642 386.940765
9.363446 383.997803
9.369251 382.764374
9.375056 381.968445
9.380861 190.680801
9.386666 190.902496
9.392471 377.164215
9.398276 372.236877
9.404081 371.434082
9.409886 370.805389
9.415691 351.048584
9.421496 364.087616
9.427301 362.862701
9.433106 361.806824
9.438911 180.068283
9.444716 187.184998
9.450521 196.749023
9.456326 199.442261
9.462132 199.000687
9.467937 326.704132
9.473742 335.921417
9.479547 338.141541
9.485352 176.628418
9.491157 170.229935
9.496962 169.900452
9.502767 170.044647
9.508572 170.296158
9.514377 170.644241
9.520182 171.057663
9.525987 347.086914
9.531792 171.687668
9.537597 171.856781
9.543402 172.023270
9.549207 172.233139
9.555012 172.323929
9.560817 172.212494
9.566622 172.225525
9.572426 172.571838
9.578231 173.044128
9.584036 597.731262
9.589841 581.984680
9.595646 575.531494
9.601451 539.579529
9.607256 216.417877
9.613061 367.491974
9.618866 361.407318
9.624671 346.150055
9.630476 169.515701
9.636281 169.300446
9.642086 119.232086
9.647891 408.358978
9.653696 206.980148
9.659501 205.127228
9.665306 203.931580
9.671111 203.187897
9.676916 202.527954
9.682721 201.854187
9.688526 201.246674
9.694331 200.829056
9.700136 200.365341
9.705941 199.424408
9.711746 198.634323
9.717551 198.097549
9.723356 197.735245
9.729161 197.477310
9.734966 197.299561
9.740771 197.145004
9.746576 196.960403
9.752381 196.712387
9.758186 192.100601
9.763991 184.226013
9.769796 175.316986
9.775600 108.482468
9.781405 108.308083
9.787210 105.867996
9.793015 66.338242
9.798820 79.383301
9.804626 200.087631
9.810431 201.247681
9.816236 200.644943
9.822041 199.642181
9.827846 198.818481
9.833651 197.613449
9.839456 195.791580
9.845261 192.620468
9.851066 191.217438
9.856871 191.356613
9.862676 155.188721
9.868481 111.586388
9.874286 98.474464
9.880091 393.195557
9.885896 388.674072
9.891701 384.465271
9.897506 383.482239
9.903311 385.908905
9.909116 387.921387
9.914921 386.719391
9.920726 385.035675
9.926531 392.992310
9.932336 409.218842
9.938141 209.214462
9.943946 205.918549
9.949751 204.525879
9.955556 204.951141
9.961361 206.745758
9.967166 207.379929
9.972971 207.177246
9.978776 207.024628
9.984580 207.210556
9.990385 207.834457
9.996190 208.803055
10.001995 209.649338
10.007800 210.157654
10.013605 210.313797
10.019410 210.284897
10.025215 210.958191
10.031020 211.168655
10.036825 208.822495
10.042630 415.155945
10.048435 407.881134
10.054240 368.772461
10.060045 351.520538
10.065850 199.301941
10.071655 342.399597
10.077460 350.898438
10.083265 355.774170
10.089070 360.964996
10.094875 361.221344
10.100680 361.139221
10.106485 370.663361
10.112290 372.764008
10.118095 185.167648
10.123900 180.000916
10.129705 175.204010
10.135510 118.051567
10.141315 114.225647
10.147120 115.920326
10.152925 87.603096
10.158731 354.783386
10.164536 69.702736
10.170341 69.646599
10.176146 69.846992
10.181951 175.869843
10.187755 175.986450
10.193560 175.831390
10.199365 175.886765
10.205170 350.250580
10.210975 349.187927
10.216780 349.124481
10.222585 350.559631
10.228390 175.502304
10.234195 174.979385
10.240000 174.854263
10.245805 175.146942
10.251610 351.623627
10.257415 351.977356
10.263220 351.668457
10.269025 351.078918
10.274830 351.145905
10.280635 351.732819
10.286440 351.599457
10.292245 350.856628
10.298050 350.873993
10.303855 352.439117
10.309660 353.607300
10.315465 353.705536
10.321270 204.781296
10.327075 204.823578
10.332880 555.893127
10.338685 559.909485
10.344490 562.721802
10.350295 560.528076
10.356100 205.562134
10.361905 207.661987
10.367710 336.130768
10.373515 217.988785
10.379320 218.669983
10.385125 219.081299
10.390930 219.254562
10.396734 219.048660
10.402539 218.366974
10.408344 217.553482
10.414149 209.803421
10.419954 209.445557
10.425759 209.050064
10.431564 208.362167
10.437369 213.965027
10.443174 213.128113
10.448979 212.455826
10.454784 211.777481
10.460589 211.212280
10.466394 210.866241
10.472199 210.636856
10.478004 210.429047
10.483809 357.730652
10.489614 355.877808
10.495420 356.230713
10.501225 359.459686
10.507030 362.134338
10.512835 374.327545
10.518640 375.759186
10.524445 376.671295
10.530250 376.244659
10.536055 376.301788
10.541860 378.735291
10.547665 204.198624
10.553470 205.428421
10.559275 206.147034
10.565080 206.816818
10.570885 207.357712
10.576690 207.842819
10.582495 208.219391
10.588300 208.164719
10.594105 207.885696
10.599909 207.792191
10.605714 207.413651
10.611519 206.921799
10.617324 207.057861
10.623129 207.740143
10.628934 208.258621
10.634739 208.168488
10.640544 207.859833
10.646349 207.441330
10.652154 174.710510
10.657959 173.742020
10.663764 174.284409
10.669569 175.112625
10.675374 175.419922
10.681179 117.045532
10.686984 117.020744
10.692789 104.969788
10.698594 69.887062
10.704399 69.936745
10.710204 581.540649
10.716009 203.762085
10.721814 205.196701
10.727619 207.385529
10.733424 209.973846
10.739229 211.470642
10.745034 212.279297
10.750839 212.714966
10.756644 212.641541
10.762449 212.220856
10.768254 211.947510
10.774059 211.810867
10.779864 211.642014
10.785669 211.593033
10.791474 211.640350
10.797279 211.371979
10.803084 210.475891
10.808888 209.097122
10.814693 208.217789
10.820498 207.841858
10.826303 355.054840
10.832108 353.746521
10.837914 177.140549
10.843719 176.883240
10.849524 353.721527
10.855329 353.749939
10.861134 353.943268
10.866939 208.691711
10.872744 204.519547
10.878549 204.467026
10.884354 205.959335
10.890159 204.943939
10.895964 204.027328
10.901769 203.586426
10.907574 203.181854
10.913379 202.788177
10.919184 202.404449
10.924989 202.046692
10.930794 201.864471
10.936599 201.884674
10.942404 201.761002
10.948209 201.314758
10.954014 762.373779
10.959819 86.198837
10.965624 86.374161
10.971429 177.171509
10.977234 176.757812
10.983039 176.455490
10.988844 176.269028
10.994649 176.165863
11.000454 176.135574
11.006259 176.142609
11.012063 176.084991
11.017868 176.240128
11.023673 176.407974
11.029478 615.251465
11.035283 570.089722
11.041088 100.182999
11.046893 100.111809
11.052698 211.757660
11.058503 211.221558
11.064308 407.875824
11.070113 365.035706
11.075918 361.936340
11.081723 178.137543
11.087528 179.780121
11.093333 181.240875
11.099138 181.846375
11.104943 182.233322
11.110748 182.548141
11.116553 182.873764
11.122358 183.111237
11.128163 183.241791
11.133968 183.262070
11.139773 183.086060
11.145578 182.759048
11.151383 182.385986
11.157188 181.914032
11.162993 181.111832
11.168798 180.178314
11.174603 179.293213
11.180408 178.412888
11.186213 177.866669
11.192019 177.751053
11.197824 177.784912
11.203629 177.689560
11.209434 177.483383
11.215239 177.186142
11.221043 175.685944
11.226848 171.367340
11.232653 172.240845
11.238458 173.574265
11.244263 173.822510
11.250068 173.904053
11.255873 174.230804
11.261678 175.251602
11.267483 177.638245
11.273288 180.154465
11.279093 181.411697
11.284898 130.991089
11.290703 130.936981
11.296508 130.900558
11.302313 176.974014
11.308118 177.277130
11.313923 177.503983
11.319728 177.702927
11.325533 119.202255
11.331338 140.944000
11.337143 140.999619
11.342948 119.358154
11.348753 118.418549
11.354558 118.015907
11.360363 117.678825
11.366168 117.256256
11.371973 176.441086
11.377778 176.209030
11.383583 117.507019
11.389388 150.094070
11.395193 150.115204
11.400998 149.874069
11.406803 149.429581
11.412608 149.154907
11.418413 149.170151
11.424217 117.781418
11.430022 175.000290
11.435827 175.323959
11.441632 177.215408
11.447437 178.960556
11.453242 180.085800
11.459047 180.991608
11.464852 181.737717
11.470657 214.515579
11.476462 211.463882
11.482267 210.737839
11.488072 210.964828
11.493877 211.280609
11.499682 105.144188
11.505487 104.955589
11.511292 104.916008
11.517097 209.855957
11.522902 209.638168
11.528708 209.892593
11.534513 210.496246
11.540318 210.452133
11.546123 209.405853
11.551928 209.199158
11.557733 209.972534
11.563538 210.426636
11.569343 210.195969
11.575148 210.005264
11.580953 209.911163
11.586758 209.754364
11.592563 208.963394
11.598368 102.637260
11.604173 101.910553
11.609978 101.815605
11.615783 654.998352
11.621588 647.618225
11.627392 88.352531
11.633197 88.310654
11.639002 88.126717
11.644807 87.880447
11.650612 87.635643
11.656417 87.603745
11.662222 87.800575
11.668027 87.953491
11.673832 87.833229
11.679637 87.452660
11.685442 106.043121
11.691247 106.086365
11.697052 860.113098
11.702857 210.713242
11.708662 209.918869
11.714467 87.713264
11.720272 548.771118
11.726077 555.245972
11.731882 570.017761
11.737687 574.415955
11.743492 566.272888
11.749297 175.094650
11.755102 174.925964
11.760907 128.277771
11.766712 105.086777
11.772517 103.579376
11.778322 86.642464
11.784127 73.926910
11.789932 73.961311
11.795737 70.682533
11.801542 66.166054
11.807347 65.993752
11.813152 65.919235
11.818957 75.169907
11.824762 65.077385
11.830567 64.952339
11.836371 65.616791
11.842176 65.780518
11.847981 65.904800
11.853786 65.997742
11.859591 65.991219
11.865396 65.995598
11.871202 66.181526
11.877007 66.240974
11.882812 66.241264
11.888617 65.180222
11.894422 65.210533
11.900227 65.784538
11.906032 65.700516
11.911837 65.720222
11.917642 65.842239
11.923447 66.376251
11.929252 193.434692
11.935057 179.245224
11.940862 179.049698
11.946667 108.879692
11.952472 108.940994
11.958277 70.020248
11.964082 69.570107
11.969887 67.151085
11.975692 67.157959
11.981497 67.148262
11.987302 67.085892
11.993107 66.920959
11.998912 66.320938
12.004717 66.231194
12.010522 65.312363
12.016327 64.845810
12.022132 65.174614
12.027937 65.703453
12.033742 65.619469
12.039546 65.669655
12.045351 65.727600
12.051156 65.282082
12.056961 64.649162
12.062766 64.874733
12.068571 64.831375
12.074376 63.898167
12.080181 63.640644
12.085986 64.258278
12.091791 103.588455
12.097596 206.186981
12.103401 200.757751
12.109206 7467.285156
12.115011 7316.378418
12.120816 7197.736816
12.126621 7056.846191
12.132426 6867.060547
12.138231 189.274368
12.144036 197.848389
12.149841 65.989700
12.155646 65.623596
12.161451 146.613464
12.167256 145.867508
12.173061 144.025986
12.178866 186.294327
12.184671 73.096397
12.190476 73.667198
12.196281 146.303101
12.202086 146.401367
12.207891 146.789749
12.213696 147.148895
12.219501 73.753189
12.225307 214.691742
12.231112 148.162613
12.236917 148.021118
12.242722 146.301193
12.248526 146.419403
12.254331 175.536179
12.260136 175.546829
12.265941 148.743744
12.271746 147.177277
12.277551 146.964691
12.283356 148.729492
12.289161 74.688271
12.294966 199.541611
12.300771 174.604706
12.306576 111.530922
12.312381 111.438026
12.318186 71.454613
12.323991 74.417732
12.329796 73.110016
12.335601 71.801407
12.341406 69.054794
12.347211 72.442223
12.353016 75.139839
12.358821 81.200974
12.364626 99.491058
12.370431 75.298119
12.376236 62.892002
12.382041 63.248707
12.387846 64.595085
12.393651 66.265701
12.399456 65.964302
12.405261 65.402473
12.411066 65.455208
12.416871 65.648598
12.422676 66.154778
12.428481 66.001907
12.434286 65.422546
12.440091 65.393982
12.445896 205.706924
12.451700 205.377869
12.457505 199.254837
12.463310 64.996544
12.469115 273.494110
12.474920 569.756287
12.480725 566.792053
12.486530 564.055664
12.492335 542.148376
12.498140 216.436401
12.503945 217.220001
12.509750 216.832306
12.515555 216.782471
12.521360 68.715591
12.527165 525.426147
12.532970 462.422424
12.538775 74.950294
12.544580 75.050446
12.550385 0.000000
12.556190 209.087952
12.561996 308.080139
12.567801 309.206696
12.573606 315.952850
12.579411 316.253601
12.585216 105.417381
12.591021 105.380135
12.596826 105.535400
12.602631 105.786209
12.608436 189.859772
12.614241 190.427063
12.620046 190.031433
12.625851 158.026764
12.631656 158.134201
12.637461 158.481888
12.643266 158.530029
12.649071 158.389816
12.654876 158.276581
12.660680 158.245316
12.666485 124.663506
12.672290 120.224068
12.678095 43.066406
12.683900 78.419952
12.689705 78.456444
12.695510 68.007721
12.701315 68.034729
12.707120 78.342079
12.712925 78.401711
12.718730 86.900772
12.724535 87.150948
12.730340 99.779083
12.736145 100.071777
12.741950 78.056931
12.747755 78.034508
12.753560 99.567627
12.759365 98.785362
12.765170 98.539665
12.770975 88.376091
12.776780 88.460114
12.782585 88.477959
12.788390 176.861771
12.794195 356.566376
12.800000 354.919495
12.805805 176.993164
12.811610 177.120193
12.817415 177.333313
12.823220 177.755051
12.829025 177.738480
12.834830 89.218803
12.840635 367.681274
12.846440 366.641174
12.852245 363.723755
12.858050 91.748390
12.863854 102.841576
12.869659 102.890457
12.875464 178.579178
12.881269 177.800247
12.887074 175.665359
12.892879 175.509460
12.898685 175.361023
12.904490 175.476135
12.910295 176.487595
12.916100 176.986282
12.921905 176.967743
12.927710 176.803589
12.933515 180.646378
12.939320 180.495743
12.945125 179.827927
12.950930 179.827545
12.956735 180.960510
12.962540 185.221436
12.968345 189.427490
12.974150 196.330688
12.979955 194.667114
12.985760 194.879730
12.991565 196.500305
12.997370 196.346603
