0.000000 831.294617
0.005805 546.999146
0.011610 550.619141
0.017415 552.630432
0.023220 292.346039
0.029025 294.442902
0.034830 296.879333
0.040635 298.880463
0.046440 299.793976
0.052245 299.615143
0.058050 298.823364
0.063855 297.830750
0.069660 296.688019
0.075465 295.303040
0.081270 294.149872
0.087075 293.688538
0.092880 293.533447
0.098685 293.143005
0.104490 292.408020
0.110295 291.703918
0.116100 290.995148
0.121905 288.553314
0.127710 284.343628
0.133515 281.975281
0.139320 280.218689
0.145125 278.286530
0.150930 276.291962
0.156735 274.816132
0.162540 273.791504
0.168345 273.922821
0.174150 273.641357
0.179955 273.255737
0.185760 307.697906
0.191565 308.064819
0.197370 264.355438
0.203175 264.504181
0.208980 265.058167
0.214785 265.619324
0.220590 265.809631
0.226395 3522.086670
0.232200 3623.081299
0.238005 3763.769043
0.243810 3840.399902
0.249615 3837.687012
0.255419 3858.122803
0.261224 3904.267090
0.267029 4724.483398
0.272834 5056.521484
0.278639 5109.009277
0.284444 5191.538086
0.290249 1332.339600
0.296054 1333.577515
0.301859 5340.898438
0.307664 5364.932617
0.313469 5303.606934
0.319274 5032.759766
0.325079 4748.019531
0.330884 763.709229
0.336689 770.043335
0.342494 799.987488
0.348299 812.587158
0.354104 818.581726
0.359909 819.510498
0.365714 1568.376953
0.371519 255.682617
0.377324 216.732803
0.383129 544.880493
0.388934 543.684875
0.394739 637.526794
0.400544 634.981262
0.406349 633.348389
0.412154 640.049194
0.417959 311.032928
0.423764 310.440155
0.429569 309.900787
0.435374 308.796661
0.441179 307.365112
0.446984 305.782440
0.452789 304.179626
0.458594 302.600800
0.464399 300.712036
0.470204 298.641602
0.476009 296.610596
0.481814 294.385712
0.487619 292.003021
0.493424 289.896210
0.499229 287.908630
0.505034 285.249542
0.510839 281.937042
0.516644 278.766632
0.522449 277.060516
0.528254 276.144318
0.534059 274.623383
0.539864 270.989624
0.545669 265.665161
0.551474 256.649445
0.557279 252.272034
0.563084 249.249603
0.568889 246.509552
0.574694 244.595535
0.580499 243.816010
0.586304 243.328796
0.592109 242.347031
0.597914 241.356476
0.603719 241.081757
0.609524 240.927124
0.615329 240.447006
0.621134 80.855766
0.626939 239.112869
0.632744 155.045090
0.638549 155.895401
0.644354 156.633621
0.650159 172.097687
0.655964 81.705261
0.661769 253.602463
0.667574 4155.654785
0.673379 4312.250000
0.679184 4421.095703
0.684989 4484.462891
0.690794 4497.999023
0.696599 288.964874
0.702404 289.384888
0.708209 291.476746
0.714014 293.150452
0.719819 293.487946
0.725624 293.170898
0.731429 292.913818
0.737234 584.554810
0.743039 290.923645
0.748844 289.144043
0.754649 287.259827
0.760454 285.035583
0.766258 282.953064
0.772063 281.289337
0.777869 279.665222
0.783673 554.784180
0.789478 549.960632
0.795283 544.998352
0.801088 115.523132
0.806893 116.530128
0.812698 177.961899
0.818503 177.004745
0.824308 87.807037
0.830113 263.211517
0.835918 261.159729
0.841723 2347.031982
0.847528 2341.713379
0.853333 2339.091309
0.859138 254.620361
0.864943 252.925537
0.870748 251.342407
0.876553 484.446350
0.882358 478.814362
0.888163 469.554657
0.893968 454.728271
0.899773 448.182190
0.905578 445.992706
0.911383 116.121407
0.917188 116.502625
0.922993 116.436386
0.928798 173.214905
0.934603 173.700104
0.940408 173.517258
0.946213 347.432983
0.952018 349.833862
0.957823 355.680145
0.963628 357.864655
0.969433 355.766174
0.975238 356.477142
0.981043 356.426117
0.986848 179.495346
0.992653 167.749313
0.998458 179.078598
1.004263 171.158890
1.010068 164.042862
1.015873 109.941292
1.021678 107.823471
1.027483 107.864136
1.033288 82.518028
1.039093 303.532013
1.044898 302.556915
1.050703 301.643005
1.056508 300.367157
1.062313 298.328888
1.068118 296.456573
1.073923 295.371277
1.079728 294.571655
1.085533 293.911163
1.091338 293.515808
1.097143 293.288940
1.102948 292.715240
1.108753 291.221191
1.114558 289.473053
1.120363 288.194489
1.126168 287.189941
1.131973 285.977783
1.137778 1134.857788
1.143583 0.000000
1.149388 69.839302
1.155193 69.494812
1.160998 272.387360
1.166803 270.918335
1.172608 269.914001
1.178413 269.788788
1.184218 67.937256
1.190023 274.072388
1.195828 262.206177
1.201633 260.893646
1.207438 259.336914
1.213243 257.277588
1.219048 254.757401
1.224853 252.021484
1.230658 248.476593
1.236463 245.848953
1.242268 244.425476
1.248073 243.520355
1.253878 875.754333
1.259683 911.788940
1.265488 68.295807
1.271293 66.982437
1.277097 66.532578
1.282902 66.101807
1.288707 62.852634
1.294513 62.910538
1.300317 66.401199
1.306122 66.116257
1.311927 65.954163
1.317732 64.872986
1.323537 64.677338
1.329342 64.229240
1.335147 67.089584
1.340952 576.587463
1.346757 582.717529
1.352562 587.713745
1.358367 592.498108
1.364172 597.710327
1.369977 602.457275
1.375782 302.300385
1.381587 301.811554
1.387392 299.082275
1.393197 296.265808
1.399002 293.410004
1.404807 290.115021
1.410612 287.058990
1.416417 285.474030
1.422222 284.902161
1.428027 284.312439
1.433832 282.768188
1.439637 6187.953613
1.445442 6343.866211
1.451247 6448.667969
1.457052 6530.705566
1.462857 6604.253906
1.468662 6673.963867
1.474467 6804.271484
1.480272 6924.617188
1.486077 6991.256836
1.491882 7022.016602
1.497687 7056.919434
1.503492 7174.216309
1.509297 1899.581421
1.515102 274.326508
1.520907 258.333496
1.526712 257.773132
1.532517 257.020660
1.538322 256.565125
1.544127 256.467987
1.549932 256.750549
1.555737 256.977356
1.561542 256.202179
1.567347 153.600586
1.573152 582.585938
1.578957 577.101257
1.584762 571.246216
1.590567 148.346741
1.596372 147.913727
1.602177 296.380981
1.607982 297.256073
1.613787 297.728455
1.619592 287.940948
1.625397 116.631104
1.631202 116.514557
1.637007 116.288910
1.642812 115.811935
1.648617 115.437126
1.654422 115.271454
1.660227 115.093094
1.666032 115.030075
1.671837 115.055702
1.677642 224.994919
1.683447 222.668823
1.689252 220.546722
1.695057 297.285919
1.700862 298.851532
1.706667 299.680084
1.712472 299.579285
1.718277 298.655762
1.724082 296.852905
1.729887 294.920837
1.735692 293.433472
1.741497 292.195312
1.747302 291.385986
1.753107 290.874908
1.758912 290.552002
1.764717 290.532013
1.770522 290.832642
1.776327 291.574799
1.782132 292.318939
1.787936 292.618103
1.793741 292.775208
1.799546 293.411926
1.805351 294.749756
1.811157 296.116333
1.816961 297.501587
1.822766 298.988159
1.828571 300.219330
1.834376 301.126801
1.840181 301.921356
1.845986 302.590851
1.851791 302.858032
1.857596 302.764832
1.863401 302.507538
1.869206 302.202606
1.875011 301.978912
1.880816 301.845947
1.886621 301.738586
1.892426 301.598145
1.898231 301.308167
1.904036 300.569153
1.909841 299.183380
1.915646 297.433960
1.921451 295.778107
1.927256 294.646820
1.933061 294.041748
1.938866 292.925659
1.944671 86.812683
1.950476 142.866516
1.956281 142.216736
1.962086 87.574188
1.967891 87.645988
1.973696 223.862885
1.979501 222.769974
1.985306 222.382156
1.991111 87.445534
1.996916 144.672333
2.002721 0.000000
2.008526 0.000000
2.014331 0.000000
2.020136 125.598297
2.025941 117.567688
2.031746 98.853241
2.037551 77.492142
2.043356 595.296814
2.049161 297.248016
2.054966 297.502380
2.060771 297.812164
2.066576 297.756775
2.072381 297.392883
2.078186 297.163483
2.083991 297.283020
2.089796 297.774017
2.095601 299.076355
2.101406 300.687042
2.107211 301.286255
2.113016 300.976166
2.118821 300.268066
2.124626 557.622070
2.130431 299.350708
2.136236 298.710999
2.142041 297.575806
2.147846 296.001312
2.153651 54.264999
2.159456 64.873009
2.165261 65.142540
2.171066 65.229462
2.176871 0.000000
2.182676 0.000000
2.188481 110.918915
2.194286 109.843056
2.200091 84.887741
2.205896 84.478462
2.211701 630.940735
2.217506 504.102844
2.223311 500.844055
2.229116 496.694885
2.234921 524.762817
2.240726 228.115845
2.246531 528.257874
2.252336 252.516342
2.258141 253.011581
2.263946 253.502090
2.269751 253.994431
2.275556 2324.547607
2.281361 2382.466797
2.287166 61.416153
2.292970 59.604832
2.298775 62.172157
2.304580 55.550022
2.310385 54.214733
2.316190 54.690746
2.321995 59.393749
2.327801 61.562984
2.333606 60.509796
2.339411 0.000000
2.345215 0.000000
2.351020 0.000000
2.356825 113.834297
2.362630 109.176979
2.368435 85.576454
2.374240 3856.255615
2.380045 3857.454346
2.385850 3854.172852
2.391655 3833.644531
2.397460 297.662933
2.403265 297.224670
2.409070 296.445557
2.414875 294.753632
2.420680 293.176453
2.426485 292.494843
2.432290 291.910919
2.438095 291.230988
2.443900 290.982971
2.449705 291.267548
2.455510 291.592712
2.461315 291.608734
2.467120 291.338409
2.472925 330.993530
2.478730 304.102783
2.484535 303.830109
2.490340 303.747467
2.496145 304.700195
2.501950 305.722809
2.507755 305.044037
2.513560 303.854309
2.519365 303.340057
2.525170 303.288910
2.530975 303.067841
2.536780 302.694702
2.542585 302.569672
2.548390 302.591034
2.554195 302.343384
2.560000 301.564484
2.565805 300.341095
2.571610 299.417694
2.577415 323.153717
2.583220 307.106506
2.589025 304.987122
2.594830 354.693787
2.600635 354.503876
2.606440 3845.516602
2.612245 5685.833496
2.618050 5713.214844
2.623855 5706.604492
2.629660 5782.079102
2.635465 6009.791504
2.641270 6272.187500
2.647075 6440.075195
2.652880 6501.862793
2.658685 6505.367188
2.664490 6488.029785
2.670295 787.030457
2.676100 771.857361
2.681905 767.522888
2.687710 769.935364
2.693515 2118.458496
2.699320 2124.009033
2.705125 2118.388428
2.710930 257.638092
2.716735 257.824524
2.722540 0.000000
2.728345 0.000000
2.734150 1505.890747
2.739955 1397.940186
2.745760 352.927673
2.751565 1954.763306
2.757370 3995.721191
2.763175 3990.612305
2.768980 3966.759277
2.774785 248.669220
2.780590 243.215149
2.786395 241.346359
2.792200 239.714142
2.798005 238.369644
2.803810 237.654724
2.809614 237.547546
2.815419 247.868225
2.821224 246.365234
2.827029 244.915726
2.832834 243.875565
2.838639 252.546814
2.844445 255.080093
2.850250 328.143829
2.856054 327.974884
2.861859 329.781891
2.867664 333.072571
2.873469 591.475769
2.879274 591.559021
2.885079 594.698547
2.890884 600.636353
2.896689 614.673584
2.902494 638.588074
2.908299 650.554138
2.914104 664.984192
2.919909 681.815796
2.925714 691.037659
2.931519 698.757202
2.937324 704.282349
2.943129 354.393585
2.948934 700.963928
2.954739 692.194336
2.960544 118.011948
2.966349 117.788406
2.972154 624.763062
2.977959 626.965454
2.983764 637.395203
2.989569 142.818451
2.995374 178.667450
3.001179 178.260910
3.006984 178.514923
3.012789 178.771210
3.018594 142.487381
3.024399 118.466934
3.030204 118.515472
3.036009 88.930435
3.041814 714.244568
3.047619 712.640259
3.053424 711.540466
3.059229 354.321991
3.065034 353.767609
3.070839 353.281677
3.076644 352.792328
3.082449 352.365417
3.088254 352.110809
3.094059 712.411804
3.099864 711.911621
3.105669 352.275024
3.111474 352.182465
3.117279 351.894775
3.123084 351.544586
3.128889 351.273743
3.134694 706.369629
3.140499 705.196533
3.146304 349.732178
3.152109 349.142456
3.157914 348.605438
3.163719 347.954010
3.169524 347.208221
3.175329 346.440277
3.181134 345.572968
3.186939 344.626740
3.192744 343.682556
3.198549 342.742523
3.204354 341.909210
3.210159 341.077423
3.215964 340.057434
3.221769 339.061157
3.227574 338.058655
3.233379 336.431061
3.239184 334.495697
3.244989 332.628784
3.250794 329.369019
3.256599 646.351013
3.262404 646.033447
3.268209 647.026062
3.274014 647.569580
3.279819 646.907776
3.285624 644.163696
3.291429 635.195435
3.297234 627.582642
3.303039 624.491943
3.308844 606.434509
3.314649 603.996460
3.320453 602.631470
3.326258 598.548523
3.332063 591.030579
3.337868 594.037231
3.343673 608.134033
3.349478 747.812683
3.355283 771.549377
3.361089 780.004028
3.366894 779.305115
3.372698 0.000000
3.378503 0.000000
3.384308 0.000000
3.390113 0.000000
3.395918 0.000000
3.401723 0.000000
3.407528 202.312515
3.413333 277.567291
3.419138 280.363800
3.424943 293.911346
3.430748 292.980438
3.436553 292.704346
3.442358 292.788208
3.448163 292.870850
3.453968 292.939453
3.459773 293.063232
3.465578 293.290894
3.471383 293.443787
3.477188 293.480499
3.482993 293.446350
3.488798 292.937836
3.494603 3855.033691
3.500408 313.973328
3.506213 746.888916
3.512018 754.503052
3.517823 952.069031
3.523628 171.494553
3.529433 171.312790
3.535238 171.466644
3.541043 158.502060
3.546848 209.475693
3.552653 209.382858
3.558458 209.440964
3.564263 0.000000
3.570068 272.372711
3.575873 272.933929
3.581678 274.415131
3.587483 285.994141
3.593288 286.476135
3.599093 287.040039
3.604898 289.099701
3.610703 1596.673462
3.616508 1616.229248
3.622313 1778.226440
3.628118 1808.160034
3.633923 296.341248
3.639728 302.848358
3.645533 311.206451
3.651338 311.266144
3.657143 310.670349
3.662948 290.381805
3.668753 290.996216
3.674558 160.262756
3.680363 160.367538
3.686168 160.169754
3.691973 165.541565
3.697778 110.444160
3.703583 328.713837
3.709388 327.762115
3.715193 326.819183
3.720998 326.142273
3.726803 325.259064
3.732608 323.807983
3.738413 343.556396
3.744218 343.979523
3.750023 344.731415
3.755828 345.160919
3.761633 345.109863
3.767438 345.336456
3.773243 345.977570
3.779048 346.682220
3.784853 346.791504
3.790658 345.098114
3.796463 341.154938
3.802268 670.697937
3.808073 673.284790
3.813878 682.116150
3.819683 350.880554
3.825488 4180.795898
3.831293 4027.492432
3.837097 3992.685059
3.842902 4134.342285
3.848707 4359.576660
3.854512 4297.785156
3.860317 4223.381836
3.866122 4261.904297
3.871927 4356.882324
3.877733 4397.594727
3.883538 4388.902344
3.889342 4393.480469
3.895147 4405.057617
3.900952 4418.450195
3.906757 4361.023438
3.912562 4189.217773
3.918367 4050.922607
3.924172 4023.656006
3.929977 4057.122803
3.935782 4057.671387
3.941587 4024.132324
3.947392 3980.543213
3.953197 3946.128418
3.959002 4003.702393
3.964807 4102.993652
3.970612 4100.390137
3.976417 3998.551270
3.982222 3928.433350
3.988027 3997.254150
3.993832 4054.522705
3.999637 344.523254
4.005442 343.684113
4.011247 341.651306
4.017052 336.700470
4.022857 333.975830
4.028662 333.302643
4.034467 333.689423
4.040272 679.330200
4.046077 678.325623
4.051882 341.955719
4.057687 654.922485
4.063492 308.546387
4.069297 305.759613
4.075102 302.155640
4.080907 916.113342
4.086712 897.830811
4.092517 871.761475
4.098322 372.941864
4.104127 741.874939
4.109932 749.590759
4.115737 902.783386
4.121542 908.663025
4.127347 906.808472
4.133152 907.938354
4.138957 917.968750
4.144762 920.870605
4.150567 910.526428
4.156372 910.042419
4.162177 915.291016
4.167982 912.277283
4.173787 910.035950
4.179592 912.555786
4.185397 923.769043
4.191202 942.122864
4.197007 4631.836914
4.202812 4544.162598
4.208617 4429.635254
4.214422 4327.423828
4.220227 4259.187500
4.226032 4140.295898
4.231837 1966.326782
4.237642 1998.081787
4.243447 1990.258057
4.249252 1976.453125
4.255057 1964.158569
4.260862 147.835785
4.266667 147.498077
4.272471 280.716156
4.278276 313.912140
4.284081 292.553802
4.289886 291.586060
4.295691 480.216614
4.301497 478.834839
4.307302 476.963959
4.313107 474.282654
4.318912 470.203583
4.324717 412.465057
4.330522 412.897430
4.336327 412.608215
4.342132 373.246552
4.347937 372.654419
4.353742 373.907867
4.359547 411.490021
4.365352 549.551758
4.371157 549.694641
4.376961 2016.436768
4.382766 557.479919
4.388571 217.476929
4.394376 217.798889
4.400181 657.015503
4.405986 475.145020
4.411791 1343.166870
4.417596 351.781006
4.423401 1985.011719
4.429206 4014.132324
4.435011 3999.078369
4.440816 3970.492920
4.446621 151.672256
4.452426 404.011444
4.458231 405.149536
4.464036 405.605988
4.469841 406.935822
4.475646 411.208435
4.481451 414.292328
4.487256 413.137604
4.493061 409.795990
4.498866 372.803467
4.504671 411.346252
4.510476 412.035034
4.516281 412.276917
4.522086 412.521942
4.527891 412.127075
4.533696 411.383636
4.539501 410.016083
4.545306 408.708160
4.551111 408.703857
4.556916 408.859131
4.562721 408.598907
4.568526 408.410797
4.574331 408.883820
4.580136 408.909698
4.585941 408.259674
4.591746 407.608459
4.597551 407.235168
4.603356 407.772827
4.609161 408.783630
4.614966 409.575195
4.620771 410.217285
4.626576 409.804596
4.632381 408.687042
4.638186 408.114349
4.643991 408.227905
4.649796 408.376343
4.655601 406.577301
4.661406 407.255737
4.667211 243.971191
4.673016 265.873444
4.678821 267.690033
4.684626 4327.117188
4.690431 4496.053711
4.696236 310.333923
4.702041 310.372955
4.707846 290.883484
4.713651 294.522644
4.719456 298.230774
4.725261 299.073303
4.731066 299.795929
4.736871 299.370605
4.742676 296.872406
4.748481 293.896881
4.754286 292.072296
4.760091 290.746918
4.765896 289.841583
4.771701 289.730682
4.777506 290.857330
4.783311 146.464569
4.789115 146.007111
4.794920 145.563110
4.800725 145.112640
4.806530 288.972961
4.812335 287.257111
4.818141 285.094849
4.823946 283.952759
4.829751 283.771179
4.835556 283.191589
4.841361 282.072266
4.847166 280.370819
4.852971 277.976654
4.858776 275.574707
4.864581 273.825806
4.870386 272.479095
4.876191 271.643188
4.881996 271.516388
4.887800 271.729126
4.893605 89.761345
4.899410 832.976929
4.905215 852.608948
4.911020 861.413818
4.916825 240.640610
4.922630 240.475250
4.928435 240.505203
4.934240 240.396606
4.940045 171.534225
4.945850 153.631058
4.951655 153.598358
4.957460 153.391464
4.963265 153.036926
4.969070 152.688553
4.974875 151.427094
4.980680 148.722672
4.986485 148.527847
4.992290 148.319321
4.998095 0.000000
5.003900 153.437714
5.009705 0.000000
5.015510 178.654633
5.021315 85.705040
5.027120 85.717781
5.032925 4405.716309
5.038730 4401.377441
5.044535 4423.346680
5.050340 85.716248
5.056145 85.701172
5.061950 85.693184
5.067755 85.686310
5.073560 85.680954
5.079365 85.694023
5.085170 68.903923
5.090975 69.051926
5.096780 85.828049
5.102585 87.900879
5.108390 115.607094
5.114195 115.567146
5.120000 114.289200
5.125805 87.378883
5.131610 57.766224
5.137415 57.830452
5.143220 57.832092
5.149025 88.638405
5.154830 111.028458
5.160635 111.372818
5.166440 114.158318
5.172245 57.900352
5.178050 57.375748
5.183855 337.352051
5.189660 338.370911
5.195465 338.618439
5.201270 338.411041
5.207075 338.165833
5.212880 338.122986
5.218685 357.173950
5.224490 5386.071289
5.230295 5372.447754
5.236100 5375.139648
5.241905 5375.108398
5.247710 342.286072
5.253515 341.241821
5.259320 340.196381
5.265125 340.093658
5.270930 339.598602
5.276735 70.642120
5.282540 70.513199
5.288345 71.516724
5.294150 71.486137
5.299954 59.007748
5.305759 58.995480
5.311564 58.979988
5.317369 58.276531
5.323174 58.336823
5.328979 58.512585
5.334785 57.962841
5.340590 56.938667
5.346395 307.848511
5.352200 308.436035
5.358005 308.872681
5.363810 309.372070
5.369615 548.495300
5.375420 291.472931
5.381225 292.141449
5.387030 292.884766
5.392835 293.000458
5.398640 292.427246
5.404444 291.253021
5.410249 290.597717
5.416054 290.402710
5.421859 290.295197
5.427664 289.974518
5.433469 288.984955
5.439274 287.243195
5.445079 285.374542
5.450884 283.694458
5.456689 281.683716
5.462494 278.220734
5.468299 274.177948
5.474104 272.150177
5.479909 272.000061
5.485714 272.325836
5.491519 272.426605
5.497324 56.244751
5.503129 75.639244
5.508934 161.076126
5.514739 167.870087
5.520544 177.846756
5.526349 359.170868
5.532154 358.782166
5.537959 85.720940
5.543764 85.717102
5.549569 85.729477
5.555374 5625.357422
5.561179 5540.647949
5.566984 5500.940430
5.572789 165.330978
5.578594 164.210129
5.584399 164.394745
5.590204 164.316086
5.596009 164.502060
5.601814 164.458374
5.607619 164.437531
5.613424 164.742645
5.619229 165.307938
5.625034 165.641800
5.630839 165.275467
5.636644 164.498627
5.642449 164.023102
5.648254 164.217361
5.654059 164.606705
5.659864 164.865570
5.665669 165.057510
5.671474 165.239182
5.677279 747.153992
5.683084 768.754578
5.688889 785.089355
5.694694 789.640259
5.700499 85.722267
5.706304 85.709518
5.712109 85.694176
5.717914 85.687981
5.723719 85.675987
5.729524 85.671471
5.735329 85.695175
5.741134 85.726967
5.746939 85.743614
5.752744 85.742615
5.758549 85.749428
5.764354 85.745789
5.770159 85.736916
5.775964 85.730438
5.781769 85.717903
5.787574 1679.542603
5.793379 1631.937622
5.799184 1626.237183
5.804989 1747.671997
5.810794 1778.702271
5.816598 1775.170898
5.822403 1775.587158
5.828208 383.634674
5.834013 384.115601
5.839818 1691.300537
5.845623 111.002090
5.851429 153.903900
5.857234 908.253357
5.863039 912.633362
5.868844 257.689728
5.874649 240.986969
5.880454 240.063705
5.886259 239.094147
5.892064 120.057632
5.897869 238.859619
5.903674 240.708679
5.909479 242.526230
5.915284 243.299393
5.921088 243.974670
5.926893 244.781784
5.932698 245.642532
5.938503 246.522797
5.944308 247.289902
5.950113 247.751617
5.955918 248.246216
5.961723 250.290466
5.967528 253.660095
5.973333 255.960953
5.979138 260.403992
5.984943 262.353333
5.990748 263.344666
5.996553 264.509460
6.002358 281.024872
6.008163 286.674011
6.013968 290.263916
6.019773 291.022095
6.025578 291.368866
6.031383 291.369904
6.037188 291.068481
6.042993 290.687744
6.048798 290.446869
6.054603 290.272614
6.060408 289.910706
6.066213 289.609375
6.072018 288.955414
6.077823 287.291840
6.083628 286.002350
6.089433 285.549225
6.095238 285.704651
6.101043 285.882812
6.106848 286.060516
6.112653 286.802002
6.118458 288.318115
6.124263 289.854401
6.130068 290.503662
6.135873 290.284332
6.141678 289.378265
6.147483 289.325592
6.153288 304.904358
6.159093 306.697632
6.164898 306.976013
6.170703 311.839752
6.176508 306.054108
6.182313 300.062164
6.188118 298.059662
6.193923 297.030975
6.199728 297.119843
6.205533 298.336426
6.211338 300.332703
6.217143 320.698914
6.222948 321.862976
6.228753 321.993469
6.234558 321.083862
6.240363 319.377167
6.246168 317.362061
6.251973 313.892853
6.257778 295.947144
6.263583 295.378235
6.269388 294.312988
6.275193 292.801208
6.280998 291.363739
6.286803 290.062317
6.292608 288.441772
6.298413 286.873474
6.304218 286.100677
6.310023 285.794434
6.315828 286.193298
6.321633 289.522614
6.327438 87.864655
6.333242 355.379547
6.339047 308.562683
6.344852 307.737793
6.350657 82.077316
6.356462 160.051636
6.362267 159.998901
6.368073 127.164146
6.373878 107.762535
6.379683 326.669281
6.385488 324.794220
6.391293 324.105621
6.397098 324.494476
6.402903 326.335846
6.408708 329.401520
6.414513 332.503540
6.420318 336.113525
6.426123 340.002319
6.431927 342.770660
6.437732 344.406067
6.443537 345.023560
6.449342 344.718994
6.455147 344.511658
6.460952 346.256409
6.466757 349.207611
6.472562 717.976929
6.478367 719.826172
6.484172 726.119202
6.489977 614.521057
6.495782 365.449707
6.501587 364.068207
6.507392 362.982788
6.513197 363.205048
6.519002 364.003235
6.524807 363.801117
6.530612 362.407135
6.536417 67.785873
6.542222 66.631462
6.548027 65.546455
6.553832 66.131454
6.559637 68.553368
6.565442 69.849609
6.571247 70.635033
6.577052 69.590561
6.582857 70.897377
6.588662 69.854034
6.594467 69.738205
6.600272 69.443283
6.606077 68.685066
6.611882 66.833054
6.617687 67.142563
6.623492 68.132645
6.629297 67.560104
6.635102 60.762222
6.640907 66.608917
6.646712 60.870430
6.652517 59.597538
6.658322 59.587158
6.664127 65.549286
6.669932 735.990112
6.675737 733.079346
6.681542 727.577087
6.687347 715.022095
6.693152 708.854858
6.698957 707.694214
6.704762 707.508667
6.710567 334.563110
6.716372 331.805725
6.722177 327.826843
6.727982 323.775818
6.733787 318.033539
6.739592 313.185486
6.745397 310.226990
6.751202 305.929565
6.757007 288.437256
6.762812 283.659454
6.768617 820.357544
6.774422 820.471680
6.780227 827.696655
6.786032 840.992310
6.791837 851.295715
6.797642 852.367676
6.803447 849.572510
6.809252 847.903503
6.815057 847.939819
6.820862 855.796936
6.826667 878.909241
6.832472 886.625122
6.838277 883.991333
6.844081 891.218018
6.849886 911.292969
6.855691 919.071960
6.861496 923.842285
6.867301 928.886108
6.873106 930.254211
6.878911 71.278160
6.884717 291.147430
6.890522 295.444794
6.896327 299.852844
6.902132 304.251648
6.907937 311.463104
6.913742 321.679230
6.919547 323.122803
6.925352 593.996887
6.931157 294.939545
6.936962 294.649292
6.942767 297.548279
6.948571 297.999084
6.954376 296.368835
6.960181 292.703247
6.965986 289.880219
6.971791 117.049576
6.977596 116.926163
6.983401 116.853470
6.989206 114.622490
6.995011 114.578766
7.000816 114.631218
7.006621 114.674103
7.012426 114.479790
7.018231 736.872070
7.024036 745.215942
7.029841 797.949097
7.035646 821.151367
7.041451 826.043701
7.047256 819.584045
7.053061 806.265320
7.058866 217.819382
7.064671 217.643188
7.070476 217.683533
7.076281 217.891464
7.082086 468.672272
7.087891 471.945312
7.093696 477.389465
7.099501 805.300354
7.105306 806.888794
7.111111 221.361359
7.116916 221.339508
7.122721 221.301498
7.128526 146.095596
7.134331 145.908951
7.140136 145.614944
7.145941 145.762802
7.151746 145.848694
7.157551 145.394699
7.163356 144.831390
7.169161 144.882645
7.174966 87.655251
7.180771 87.619530
7.186576 87.512169
7.192381 87.412766
7.198186 223.750000
7.203991 224.205536
7.209796 225.710800
7.215601 228.902588
7.221406 231.371872
7.227211 232.618896
7.233016 221.155869
7.238821 484.448730
7.244626 493.177338
7.250431 499.290192
7.256236 256.867889
7.262041 259.817078
7.267846 262.673279
7.273651 264.303558
7.279456 265.743469
7.285261 269.084106
7.291066 272.378784
7.296871 273.953644
7.302676 274.723480
7.308481 274.730072
7.314286 552.996704
7.320091 546.438354
7.325896 531.872009
7.331701 575.134644
7.337506 586.663391
7.343311 591.765686
7.349116 594.433777
7.354921 595.917664
7.360725 296.377960
7.366530 293.928345
7.372335 292.235321
7.378140 291.708557
7.383945 292.286072
7.389750 293.532074
7.395555 294.268677
7.401361 294.471008
7.407166 294.234283
7.412971 293.620880
7.418776 293.123962
7.424581 293.108582
7.430386 291.182800
7.436191 285.815094
7.441996 7239.524902
7.447801 7377.256348
7.453606 7428.784668
7.459411 7308.830078
7.465215 7141.425781
7.471020 6968.237793
7.476825 292.126678
7.482630 292.197723
7.488435 290.014374
7.494240 287.028015
7.500045 258.034180
7.505850 258.505310
7.511655 269.769348
7.517460 267.262726
7.523265 286.150421
7.529070 287.106537
7.534875 310.369812
7.540680 310.155975
7.546485 264.416382
7.552290 263.240082
7.558095 262.645935
7.563900 261.459259
7.569705 259.438904
7.575510 258.028778
7.581315 257.852966
7.587120 258.323273
7.592925 259.158051
7.598730 260.401245
7.604535 261.724609
7.610340 262.570557
7.616145 263.005920
7.621950 262.782043
7.627755 250.696152
7.633560 251.070480
7.639365 252.990845
7.645170 214.764832
7.650975 219.262329
7.656780 217.086441
7.662585 215.750473
7.668390 216.008820
7.674195 217.447754
7.680000 43.066406
7.685805 0.000000
7.691610 0.000000
7.697415 0.000000
7.703220 113.563271
7.709025 113.433174
7.714830 95.392029
7.720635 84.043274
7.726440 580.014038
7.732245 579.148682
7.738050 581.678345
7.743855 302.189087
7.749660 301.104980
7.755465 300.558838
7.761270 599.660400
7.767075 598.678284
7.772880 297.948608
7.778685 296.770691
7.784490 295.285797
7.790295 292.605347
7.796100 577.173279
7.801905 571.666260
7.807710 568.190369
7.813515 566.195618
7.819320 567.368958
7.825125 57.813236
7.830930 58.147095
7.836735 70.108162
7.842540 69.042976
7.848345 68.287529
7.854150 59.638855
7.859955 177.757217
7.865760 177.681702
7.871564 177.522171
7.877369 177.220840
7.883174 176.986450
7.888979 177.123581
7.894784 177.359879
7.900589 177.602249
7.906394 253.875015
7.912199 252.630783
7.918005 251.791977
7.923810 251.557632
7.929615 251.802551
7.935420 252.417892
7.941225 253.492172
7.947030 254.667068
7.952835 255.494339
7.958640 255.996841
7.964445 256.194489
7.970250 256.067566
7.976054 307.782837
7.981859 308.592407
7.987664 311.906250
7.993469 294.130005
7.999274 295.930786
8.005079 307.432709
8.010884 310.761169
8.016689 312.579987
8.022494 290.577423
8.028299 0.000000
8.034104 4625.378418
8.039909 4576.713867
8.045714 4508.171875
8.051519 4411.103516
8.057324 599.260193
8.063129 295.130249
8.068934 586.281555
8.074739 583.095764
8.080544 290.306091
8.086349 289.518066
8.092155 289.394531
8.097960 289.692596
8.103765 290.132751
8.109570 290.556152
8.115375 290.892670
8.121180 291.232147
8.126985 291.800140
8.132789 292.980286
8.138594 294.740417
8.144399 296.274841
8.150204 297.687714
8.156009 299.683929
8.161814 302.293030
8.167619 303.835419
8.173424 304.153839
8.179229 303.419556
8.185034 69.726799
8.190839 5508.999023
8.196644 335.002228
8.202449 335.733673
8.208254 335.570190
8.214059 334.578278
8.219864 333.639526
8.225669 5532.944336
8.231474 5717.549805
8.237279 6013.235352
8.243084 6245.002930
8.248889 6369.400391
8.254694 6334.599121
8.260499 6191.606445
8.266304 6121.704102
8.272109 6213.072266
8.277914 6392.040527
8.283719 349.400452
8.289524 364.464844
8.295329 360.369415
8.301134 358.562927
8.306939 363.067322
8.312744 58.305435
8.318549 312.611694
8.324354 312.534821
8.330159 275.574646
8.335963 277.650879
8.341768 280.095490
8.347573 283.629578
8.353378 287.835938
8.359183 746.908569
8.364988 746.962769
8.370793 308.553772
8.376598 813.122925
8.382403 815.178955
8.388208 91.594086
8.394013 0.000000
8.399818 206.785004
8.405623 305.039429
8.411428 304.900757
8.417233 153.415741
8.423038 1537.479004
8.428843 100.003197
8.434649 794.194702
8.440454 797.349976
8.446259 496.918121
8.452064 300.106934
8.457869 297.963135
8.463674 296.788483
8.469479 295.682526
8.475284 294.751648
8.481089 294.042694
8.486894 293.260376
8.492699 292.161774
8.498504 290.492371
8.504309 287.581421
8.510114 284.279053
8.515919 282.072845
8.521724 279.776245
8.527529 179.685944
8.533334 179.233490
8.539139 0.000000
8.544943 105.876190
8.550748 85.969749
8.556553 85.832413
8.562358 1774.165894
8.568163 759.513672
8.573968 238.291962
8.579773 236.796738
8.585578 235.786285
8.591383 234.555786
8.597188 232.492859
8.602993 231.096741
8.608798 233.104340
8.614603 236.872025
8.620408 238.136871
8.626213 238.865753
8.632018 478.843262
8.637823 479.172333
8.643628 481.599823
8.649433 58.493519
8.655238 58.523457
8.661043 57.525883
8.666848 57.515766
8.672653 57.526733
8.678458 58.242046
8.684263 4130.282227
8.690068 4173.738281
8.695873 4436.627441
8.701678 4661.441406
8.707483 4794.765625
8.713288 4834.633301
8.719093 332.468842
8.724898 335.238800
8.730703 336.989807
8.736508 306.291626
8.742313 307.439178
8.748117 289.234161
8.753922 290.293976
8.759727 290.780457
8.765532 290.645935
8.771338 289.866882
8.777143 288.386108
8.782948 286.496429
8.788753 284.016754
8.794558 277.755707
8.800363 274.992889
8.806168 273.420410
8.811973 272.221466
8.817778 270.609253
8.823583 57.606056
8.829388 57.491283
8.835193 57.432457
8.840998 70.726891
8.846803 70.736771
8.852608 70.856400
8.858413 7453.466797
8.864218 57.523418
8.870023 0.000000
8.875828 394.146576
8.881633 330.570801
8.887438 345.479370
8.893243 357.971619
8.899048 117.213394
8.904853 117.011932
8.910658 459.535919
8.916463 461.612854
8.922268 462.391632
8.928073 459.796692
8.933878 450.966797
8.939683 447.537445
8.945488 443.331604
8.951293 429.723785
8.957097 425.512634
8.962902 421.235840
8.968707 415.340210
8.974512 409.436859
8.980317 387.071289
8.986122 370.327698
8.991927 369.566925
8.997732 368.233307
9.003537 364.474609
9.009342 58.086613
9.015147 58.249081
9.020952 0.000000
9.026757 0.000000
9.032562 0.000000
9.038367 0.000000
9.044172 4655.750488
9.049977 4707.995117
9.055782 88.348251
9.061587 88.405144
9.067392 69.641457
9.073197 980.057434
9.079002 978.008850
9.084807 977.751587
9.090612 980.917664
9.096417 986.842285
9.102222 994.066040
9.108027 1006.256958
9.113832 138.812210
9.119637 139.002716
9.125443 51.400963
9.131248 75.236382
9.137053 69.146019
9.142858 61.258656
9.148663 60.126957
9.154468 76.165810
9.160272 51.663151
9.166077 0.000000
9.171882 0.000000
9.177687 53.117210
9.183492 6395.254883
9.189297 6542.719727
9.195102 6483.600586
9.200907 6312.828125
9.206712 6083.629883
9.212517 5895.229004
9.218322 0.000000
9.224127 284.713104
9.229932 286.904633
9.235737 288.155670
9.241542 289.130981
9.247347 290.449036
9.253152 597.735901
9.258957 314.294006
9.264762 316.777130
9.270567 316.181610
9.276372 153.004959
9.282177 153.080444
9.287982 298.564850
9.293787 299.149689
9.299592 299.754974
9.305397 300.371429
9.311202 301.094513
9.317007 302.301361
9.322812 303.857178
9.328617 304.815491
9.334422 304.955231
9.340227 304.860504
9.346032 288.092957
9.351837 288.737396
9.357642 288.429230
9.363446 289.101227
9.369251 4425.780762
9.375056 4539.623535
9.380861 291.611389
9.386666 292.751984
9.392471 294.626343
9.398276 295.362396
9.404081 295.452362
9.409886 295.578400
9.415691 295.199158
9.421496 293.200256
9.427301 291.197388
9.433106 290.162964
9.438911 289.327698
9.444716 288.443115
9.450521 287.752258
9.456326 287.248291
9.462132 286.894745
9.467937 286.683105
9.473742 286.633636
9.479547 286.624054
9.485352 286.438995
9.491157 286.233063
9.496962 52.337521
9.502767 52.457661
9.508572 52.544861
9.514377 72.144157
9.520182 68.548416
9.525987 69.345528
9.531792 68.063942
9.537597 4241.601562
9.543402 513.232239
9.549207 269.051849
9.555012 267.095154
9.560817 527.164185
9.566622 523.696045
9.572426 518.959900
9.578231 254.744461
9.584036 252.058197
9.589841 250.202438
9.595646 247.936356
9.601451 485.493408
9.607256 483.218536
9.613061 236.172195
9.618866 231.713470
9.624671 229.913071
9.630476 229.085464
9.636281 262.679596
9.642086 2584.362793
9.647891 480.513977
9.653696 478.556091
9.659501 476.232574
9.665306 473.557953
9.671111 411.417542
9.676916 412.280762
9.682721 414.589294
9.688526 405.039276
9.694331 372.040131
9.700136 745.875854
9.705941 746.916199
9.711746 154.723389
9.717551 154.671326
9.723356 2031.305054
9.729161 555.813232
9.734966 556.382141
9.740771 554.647766
9.746576 301.889954
9.752381 301.689087
9.758186 300.600952
9.763991 353.579681
9.769796 219.154572
9.775600 305.985657
9.781405 306.417999
9.787210 307.940308
9.793015 297.976349
9.798820 298.737762
9.804626 301.608917
9.810431 303.417023
9.816236 304.013641
9.822041 303.993225
9.827846 303.619324
9.833651 303.049469
9.839456 302.733612
9.845261 302.728424
9.851066 302.433441
9.856871 300.793365
9.862676 298.960571
9.868481 298.483734
9.874286 301.977325
9.880091 303.723724
9.885896 287.726257
9.891701 285.633301
9.897506 283.759766
9.903311 281.599701
9.909116 275.692139
9.914921 273.479889
9.920726 274.746765
9.926531 740.955505
9.932336 743.528015
9.938141 744.192322
9.943946 743.705627
9.949751 744.149902
9.955556 746.861816
9.961361 748.118103
9.967166 746.477661
9.972971 744.416870
9.978776 738.811401
9.984580 127.698013
9.990385 127.203491
9.996190 252.513931
10.001995 250.267166
10.007800 442.206757
10.013605 436.084076
10.019410 223.995316
10.025215 4164.896973
10.031020 4315.106445
10.036825 4467.400879
10.042630 4617.059570
10.048435 4764.972656
10.054240 4859.181152
10.060045 4882.860352
10.065850 260.711578
10.071655 261.864166
10.077460 263.640503
10.083265 271.303497
10.089070 274.754669
10.094875 277.371521
10.100680 279.281525
10.106485 280.795013
10.112290 281.652496
10.118095 282.107269
10.123900 282.699768
10.129705 283.604431
10.135510 284.465881
10.141315 284.757874
10.147120 284.460846
10.152925 283.281982
10.158731 280.252960
10.164536 276.602295
10.170341 274.754578
10.176146 268.102295
10.181951 266.033112
10.187755 265.233246
10.193560 265.253479
10.199365 265.767883
10.205170 265.751526
10.210975 87.109123
10.216780 86.793289
10.222585 257.036987
10.228390 254.760269
10.234195 253.323853
10.240000 252.288971
10.245805 250.776947
10.251610 248.751663
10.257415 247.338089
10.263220 246.610550
10.269025 239.433090
10.274830 6705.787598
10.280635 6734.824219
10.286440 6852.334473
10.292245 3958.174805
10.298050 3930.500000
10.303855 3928.747070
10.309660 3981.915771
10.315465 4056.351562
10.321270 4116.009766
10.327075 4143.263672
10.332880 154.629776
10.338685 154.625656
10.344490 154.506897
10.350295 151.471130
10.356100 0.000000
10.361905 0.000000
10.367710 0.000000
10.373515 0.000000
10.379320 4500.070801
10.385125 4587.785645
10.390930 4557.483887
10.396734 76.099686
10.402539 69.759735
10.408344 0.000000
10.414149 306.271545
10.419954 61.654617
10.425759 61.631126
10.431564 61.583633
10.437369 305.552643
10.443174 305.695862
10.448979 305.286102
10.454784 304.139374
10.460589 302.479248
10.466394 300.924744
10.472199 299.261017
10.478004 296.870331
10.483809 60.071533
10.489614 61.614613
10.495420 55.876995
10.501225 55.937916
10.507030 57.393604
10.512835 58.783627
10.518640 59.267246
10.524445 58.429665
10.530250 68.698242
10.536055 336.117981
10.541860 358.692078
10.547665 357.161774
10.553470 355.492371
10.559275 353.288177
10.565080 275.330505
10.570885 272.729736
10.576690 268.317078
10.582495 266.244751
10.588300 263.756012
10.594105 262.096405
10.599909 261.291199
10.605714 260.731964
10.611519 260.227448
10.617324 259.998627
10.623129 259.918549
10.628934 258.963348
10.634739 255.668976
10.640544 252.724365
10.646349 251.631699
10.652154 250.213699
10.657959 246.391739
10.663764 64.966690
10.669569 244.399780
10.675374 243.934311
10.681179 243.681870
10.686984 244.108902
10.692789 244.641632
10.698594 240.218704
10.704399 228.246094
10.710204 237.614517
10.716009 356.109039
10.721814 356.082581
10.727619 355.962952
10.733424 708.067078
10.739229 251.416153
10.745034 251.443436
10.750839 251.054459
10.756644 250.886810
10.762449 250.209900
10.768254 248.113708
10.774059 245.850128
10.779864 241.824921
10.785669 57.717892
10.791474 57.744286
10.797279 57.733639
10.803084 57.653370
10.808888 56.946365
10.814693 56.696236
10.820498 56.694111
10.826303 57.357269
10.832108 247.824936
10.837914 247.970337
10.843719 78.605080
10.849524 57.180103
10.855329 266.777832
10.861134 271.774750
10.866939 289.922974
10.872744 291.378021
10.878549 292.392487
10.884354 294.341797
10.890159 297.479065
10.895964 299.716003
10.901769 301.102753
10.907574 302.052734
10.913379 303.040466
10.919184 303.957855
10.924989 303.813293
10.930794 303.143829
10.936599 302.424622
10.942404 301.956238
10.948209 301.870850
10.954014 301.826355
10.959819 301.384216
10.965624 300.719177
10.971429 300.054169
10.977234 299.173615
10.983039 297.954010
10.988844 296.526886
10.994649 295.239624
11.000454 294.092102
11.006259 292.680725
11.012063 290.661469
11.017868 288.961517
11.023673 287.509125
11.029478 285.875977
11.035283 747.961365
11.041088 758.601929
11.046893 813.346863
11.052698 845.350464
11.058503 850.487488
11.064308 273.267059
11.070113 273.023926
11.075918 206.634827
11.081723 1717.351074
11.087528 1675.235352
11.093333 202.696762
11.099138 351.242615
11.104943 351.901184
11.110748 1894.556030
11.116553 1904.982544
11.122358 794.610168
11.128163 233.349503
11.133968 231.871262
11.139773 168.716660
11.145578 1857.051758
11.151383 1863.908936
11.157188 1895.178711
11.162993 1921.895508
11.168798 247.968826
11.174603 249.365692
11.180408 250.450195
11.186213 251.196869
11.192019 251.743988
11.197824 251.888138
11.203629 236.638474
11.209434 235.533844
11.215239 234.417923
11.221043 224.374908
11.226848 222.165390
11.232653 221.431458
11.238458 5330.045410
11.244263 5389.643066
11.250068 5480.377441
11.255873 5595.188477
11.261678 5651.714355
11.267483 5650.613281
11.273288 5642.116211
11.279093 5653.667480
11.284898 5702.594238
11.290703 5781.674316
11.296508 5847.730469
11.302313 5905.385742
11.308118 157.457733
11.313923 169.165787
11.319728 169.789124
11.325533 83.241066
11.331338 83.493599
11.337143 83.661209
11.342948 83.887428
11.348753 251.682175
11.354558 252.339920
11.360363 253.358566
11.366168 253.715698
11.371973 254.595657
11.377778 258.120331
11.383583 258.642303
11.389388 249.621887
11.395193 248.492233
11.400998 246.122864
11.406803 245.327087
11.412608 244.069260
11.418413 478.787781
11.424217 476.256317
11.430022 473.624634
11.435827 468.938904
11.441632 451.789917
11.447437 115.651100
11.453242 174.828384
11.459047 174.683899
11.464852 117.206345
11.470657 116.863121
11.476462 115.745964
11.482267 115.795502
11.488072 113.824539
11.493877 118.440338
11.499682 119.173759
11.505487 270.459381
11.511292 272.501312
11.517097 272.197083
11.522902 268.174744
11.528708 269.314178
11.534513 271.751648
11.540318 298.376190
11.546123 300.113770
11.551928 601.930176
11.557733 603.285950
11.563538 301.754730
11.569343 149.773911
11.575148 149.983902
11.580953 304.288910
11.586758 304.010254
11.592563 303.629089
11.598368 303.258667
11.604173 302.894592
11.609978 302.537415
11.615783 302.066650
11.621588 301.302094
11.627392 300.360687
11.633197 299.512939
11.639002 298.388214
11.644807 296.815033
11.650612 295.399109
11.656417 293.969696
11.662222 292.015747
11.668027 290.117188
11.673832 288.761444
11.679637 287.468781
11.685442 285.341980
11.691247 281.666718
11.697052 278.476532
11.702857 145.352783
11.708662 148.790161
11.714467 0.000000
11.720272 107.781670
11.726077 107.749603
11.731882 88.253716
11.737687 497.362091
11.743492 316.694092
11.749297 717.349731
11.755102 716.265015
11.760907 709.785950
11.766712 704.269714
11.772517 725.256409
11.778322 69.482788
11.784127 57.348938
11.789932 138.448120
11.795737 51.203529
11.801542 51.310097
11.807347 74.311638
11.813152 64.595573
11.818957 60.344318
11.824762 74.602783
11.830567 53.625519
11.836371 52.266212
11.842176 0.000000
11.847981 71.024696
11.853786 70.273819
11.859591 65.117989
11.865396 70.131233
11.871202 71.177574
11.877007 71.270660
11.882812 413.794037
11.888617 461.477844
11.894422 113.043221
11.900227 112.433609
11.906032 222.828751
11.911837 221.519791
11.917642 219.804077
11.923447 218.783615
11.929252 218.852310
11.935057 219.646027
11.940862 220.485001
11.946667 221.213287
11.952472 214.182465
11.958277 213.487213
11.964082 204.358887
11.969887 3885.142578
11.975692 3882.426758
11.981497 3021.377441
11.987302 3045.635254
11.993107 3299.819824
11.998912 3609.880859
12.004717 3649.237061
12.010522 3668.618164
12.016327 3726.534912
12.022132 4932.621582
12.027937 4917.393066
12.033742 4503.232910
12.039546 4192.871582
12.045351 4648.661621
12.051156 4577.641113
12.056961 4655.838867
12.062766 4641.617676
12.068571 4560.474609
12.074376 4433.773926
12.080181 4281.513184
12.085986 274.007599
12.091791 319.806244
12.097596 287.559296
12.103401 288.034637
12.109206 288.630066
12.115011 291.798157
12.120816 293.804077
12.126621 289.748047
12.132426 285.973785
12.138231 282.884033
12.144036 281.005646
12.149841 280.022614
12.155646 278.822784
12.161451 274.760071
12.167256 262.267181
12.173061 260.713684
12.178866 52.539059
12.184671 53.875462
12.190476 238.998001
12.196281 234.366013
12.202086 226.003998
12.207891 53.128765
12.213696 2007.323730
12.219501 2015.501221
12.225307 60.123569
12.231112 244.792572
12.236917 245.133560
12.242722 244.505829
12.248526 242.470856
12.254331 73.662224
12.260136 72.143799
12.265941 326.190521
12.271746 325.662445
12.277551 323.824768
12.283356 294.354462
12.289161 295.848755
12.294966 297.669800
12.300771 297.568146
12.306576 296.648499
12.312381 295.477570
12.318186 288.975922
12.323991 116.649872
12.329796 116.379501
12.335601 116.018196
12.341406 115.649170
12.347211 115.476151
12.353016 141.979202
12.358821 115.179230
12.364626 370.435638
12.370431 737.899353
12.376236 737.723511
12.382041 738.817017
12.387846 849.653320
12.393651 874.621643
12.399456 215.991379
12.405261 216.406342
12.411066 302.919891
12.416871 303.193512
12.422676 302.367615
12.428481 288.340424
12.434286 287.922882
12.440091 288.231110
12.445896 473.088684
12.451700 1915.881836
12.457505 310.302704
12.463310 309.405762
12.469115 308.164764
12.474920 306.398346
12.480725 305.354340
12.486530 304.910065
12.492335 304.531403
12.498140 303.766113
12.503945 302.395996
12.509750 300.914978
12.515555 298.855774
12.521360 296.537262
12.527165 295.009430
12.532970 293.583221
12.538775 290.880524
12.544580 287.587830
12.550385 754.584656
12.556190 756.904236
12.561996 148.160995
12.567801 294.661377
12.573606 290.133331
12.579411 284.886322
12.585216 282.262299
12.591021 143.053040
12.596826 227.891739
12.602631 479.592590
12.608436 225.813843
12.614241 226.690491
12.620046 233.202576
12.625851 233.209351
12.631656 231.048630
12.637461 228.377747
12.643266 226.842987
12.649071 219.418198
12.654876 219.793930
12.660680 221.064133
12.666485 218.918167
12.672290 217.552246
12.678095 217.108932
12.683900 217.391022
12.689705 177.697266
12.695510 176.187302
12.701315 4261.389648
12.707120 4372.274902
12.712925 4487.729492
12.718730 4580.182617
12.724535 4625.626953
12.730340 4559.251465
12.736145 4403.077148
12.741950 4319.938965
12.747755 4143.689453
12.753560 3792.334961
12.759365 3643.881348
12.765170 278.517761
12.770975 279.112061
12.776780 278.757141
12.782585 277.406677
12.788390 277.372284
12.794195 280.541260
12.800000 282.376923
12.805805 279.936554
12.811610 273.910950
12.817415 270.800598
12.823220 268.439392
12.829025 265.054565
12.834830 261.784973
12.840635 259.271729
12.846440 256.332397
12.852245 252.081924
12.858050 246.812286
12.863854 243.290009
12.869659 121.709946
12.875464 120.136902
12.881269 354.890625
12.887074 368.828827
12.892879 435.428253
12.898685 447.311859
12.904490 463.616486
12.910295 466.713837
12.916100 468.666870
12.921905 472.492065
12.927710 232.684570
12.933515 228.946655
12.939320 226.984756
12.945125 226.138519
12.950930 225.503983
12.956735 224.395538
12.962540 405.829285
12.968345 407.657776
12.974150 424.886566
12.979955 451.605621
12.985760 465.261902
12.991565 227.470123
12.997370 225.996780
13.003175 225.161667
13.008980 224.209686
13.014785 223.174698
13.020590 222.559448
13.026395 447.442963
13.032200 0.000000
13.038005 0.000000
13.043810 0.000000
13.049615 0.000000
13.055420 115.702065
13.061225 4630.868164
13.067030 4582.411621
13.072834 82.537651
13.078639 70.901443
13.084444 72.332741
13.090249 301.812012
13.096054 330.697052
13.101859 325.107635
13.107664 324.856781
13.113469 325.085907
13.119274 366.847931
13.125079 158.182114
13.130884 305.281952
13.136689 305.267456
13.142494 304.699463
13.148299 304.027588
13.154104 303.442230
13.159909 302.549438
13.165714 301.454163
13.171519 300.838898
13.177324 51.143456
13.183129 58.948509
13.188934 58.934689
13.194739 58.108139
13.200544 58.139404
13.206349 6098.928711
13.212154 338.748657
13.217959 337.465332
13.223764 336.041229
13.229569 335.518921
13.235374 380.059204
13.241179 378.690399
13.246984 337.469025
13.252789 340.257477
13.258595 341.914062
13.264400 3743.107666
13.270205 321.335419
13.276009 320.244812
13.281814 318.121704
13.287619 315.533478
13.293424 290.872101
13.299229 290.126526
13.305034 312.225800
13.310839 117.754013
13.316644 118.593185
13.322449 118.614899
13.328254 118.334335
13.334059 58.502754
13.339864 57.788097
13.345669 57.782017
13.351474 57.989914
13.357279 57.183956
13.363084 70.207756
13.368889 71.405937
13.374694 189.538147
13.380499 189.248489
13.386304 4706.032227
13.392109 4782.636719
13.397914 4862.300781
13.403719 4890.330078
13.409524 4897.158203
13.415329 4916.868164
13.421134 73.643852
13.426939 58.170387
13.432744 59.673859
13.438549 58.663349
13.444354 58.906441
13.450159 59.416061
13.455964 58.832378
13.461769 58.294624
13.467574 57.350647
13.473379 97.868004
13.479183 94.453911
13.484988 71.317245
13.490793 58.908997
13.496598 59.107620
13.502403 60.021423
13.508208 58.679878
13.514013 57.832424
13.519818 58.446320
13.525623 59.604713
13.531428 59.748901
13.537233 5677.824219
13.543038 336.718567
13.548843 336.456604
13.554648 290.632690
13.560453 290.718597
13.566258 291.776642
13.572063 293.198730
13.577868 294.430634
13.583673 280.719330
13.589478 585.851013
13.595284 584.047119
13.601089 313.049469
13.606894 313.205475
13.612699 312.904541
13.618504 312.556854
13.624309 312.578644
13.630114 312.971008
13.635919 313.195801
13.641724 313.040741
13.647529 312.713379
13.653334 312.328766
13.659139 311.665771
13.664944 310.777740
13.670749 310.025879
13.676554 309.513245
13.682359 308.968475
13.688163 308.140869
13.693968 307.103302
13.699773 305.729126
13.705578 304.563507
13.711383 304.374207
13.717188 747.152100
13.722993 189.597504
13.728798 189.617172
13.734603 189.578690
13.740408 0.000000
13.746213 0.000000
13.752018 0.000000
13.757823 193.428192
13.763628 203.421448
13.769433 202.957031
13.775238 202.409012
13.781043 1862.409912
13.786848 1930.986328
13.792653 1943.909180
13.798458 1908.928345
13.804263 774.358521
13.810068 257.927124
13.815873 253.222580
13.821678 249.764343
13.827483 248.281937
13.833288 292.621155
13.839093 254.956467
13.844898 254.651108
13.850703 225.945343
13.856508 225.104950
13.862313 223.656021
13.868118 222.117401
13.873923 155.295959
13.879728 154.682220
13.885533 146.080353
13.891337 119.345963
13.897142 108.157440
13.902947 682.212830
13.908752 683.835693
13.914557 219.694122
13.920362 220.535187
13.926167 221.328110
13.931973 222.971329
13.937778 847.410400
13.943583 855.294556
13.949388 858.777771
13.955193 859.072571
13.960998 746.427185
13.966803 739.146606
13.972608 349.272858
13.978413 349.363098
13.984218 654.653564
13.990023 659.889526
13.995828 663.356628
14.001633 663.878723
14.007438 768.940247
14.013243 767.611694
14.019048 762.831421
14.024853 760.429810
14.030658 357.047699
14.036463 250.861969
14.042268 251.072464
14.048073 4112.206543
14.053878 4307.087402
14.059683 4448.740234
14.065488 412.248749
14.071293 378.803040
14.077098 378.211700
14.082903 271.366516
14.088708 274.909149
14.094513 277.321045
14.100317 279.145935
14.106122 280.753937
14.111927 281.182739
14.117732 280.132141
14.123537 278.243378
14.129342 276.915649
14.135147 276.139069
14.140952 275.650604
14.146757 275.186493
14.152562 266.023956
14.158367 265.090057
14.164172 4363.029785
14.169977 4338.407227
14.175782 4326.171387
14.181587 4349.670898
14.187392 4383.162598
14.193197 4406.659180
14.199002 4435.384277
14.204807 4434.563477
14.210612 4309.610352
14.216417 4114.619141
14.222222 352.818542
14.228027 0.000000
14.233832 0.000000
14.239637 0.000000
14.245442 1701.214478
14.251247 1715.680176
14.257052 1714.250488
14.262857 0.000000
14.268662 222.831909
14.274467 428.184814
14.280272 429.151703
14.286077 0.000000
14.291883 0.000000
14.297688 0.000000
14.303492 425.101074
14.309297 430.994446
14.315102 437.250244
14.320907 216.550369
14.326712 215.723740
14.332517 227.210297
14.338322 228.235107
14.344127 208.254486
14.349932 237.600937
14.355737 265.868286
14.361542 265.596161
14.367347 245.036041
14.373152 245.787567
14.378957 47.082737
14.384762 136.658401
14.390567 136.503616
14.396372 136.896088
14.402177 81.377838
14.407982 321.690399
14.413787 320.453735
14.419592 319.265503
14.425397 318.659424
14.431202 318.615570
14.437007 319.208954
14.442812 320.229675
14.448617 321.226715
14.454422 322.188324
14.460227 323.257965
14.466032 340.069275
14.471837 340.437836
14.477642 340.511047
14.483447 342.230286
14.489252 344.995850
14.495057 345.934570
14.500862 344.910980
14.506667 342.737122
14.512471 342.071106
14.518276 344.591888
14.524081 345.081635
14.529886 344.888916
14.535691 344.276031
14.541496 343.345428
14.547301 342.619690
14.553106 342.467041
14.558911 342.735901
14.564716 342.446869
14.570521 340.738342
14.576326 634.983582
14.582131 635.642944
14.587936 636.936279
14.593741 642.539307
14.599546 671.424561
14.605351 674.592224
14.611156 674.802002
14.616961 677.249207
14.622766 682.240295
14.628572 680.417664
14.634377 669.721008
14.640182 661.073059
14.645987 652.634521
14.651792 645.284302
14.657597 641.170654
14.663402 636.890808
14.669207 627.759277
14.675012 610.547607
14.680817 594.335510
14.686622 585.624084
14.692427 589.723633
14.698232 52.780815
14.704037 341.413574
14.709842 340.427490
14.715646 3997.884033
14.721451 4009.463623
14.727256 3980.753906
14.733061 3924.512207
14.738866 3908.288574
14.744671 3944.084473
14.750476 3991.628906
14.756281 327.514008
14.762086 300.825684
14.767891 299.222168
14.773696 297.664612
14.779501 296.410675
14.785306 4039.183594
14.791111 4057.667236
14.796916 312.755615
14.802721 312.330475
14.808526 311.985535
14.814331 3916.134521
14.820136 3949.531982
14.825941 3918.453369
14.831746 3881.250244
14.837551 3909.897461
14.843356 3950.879883
14.849161 3959.250000
14.854966 3960.150391
14.860771 3990.367676
14.866576 546.263855
14.872381 481.157043
14.878186 479.365448
14.883991 473.464386
14.889796 469.527618
14.895601 467.002228
14.901406 462.158539
14.907211 453.425476
14.913016 451.701874
14.918821 453.291229
14.924625 455.365387
14.930430 457.187469
14.936235 403.935730
14.942040 1974.350830
14.947845 1947.255737
14.953650 1927.414062
14.959455 5751.033203
14.965261 5563.594238
14.971066 5474.719238
14.976871 72.674988
14.982676 72.616058
14.988481 297.022614
14.994286 2567.007568
15.000091 2611.917236
15.005896 476.965729
15.011701 472.885193
15.017506 410.507233
15.023311 411.783173
15.029116 415.412109
15.034921 422.090820
15.040726 147.300537
15.046531 152.339096
15.052336 316.070496
15.058141 315.589935
15.063946 315.065582
15.069751 313.266205
15.075556 599.104370
15.081361 295.767914
15.087166 294.887207
15.092971 294.300446
15.098776 293.558105
15.104581 292.878510
15.110386 292.584442
15.116191 292.417328
15.121996 291.958160
15.127800 290.917297
15.133605 287.986603
15.139410 286.986237
15.145215 286.681335
15.151020 286.440735
15.156825 286.225189
15.162630 510.858612
15.168435 60.877670
15.174240 4588.807129
15.180045 4540.027832
15.185850 4351.795410
15.191655 4221.853027
15.197460 4286.625977
15.203265 4356.739258
15.209070 4228.533691
15.214875 4081.259277
15.220680 4034.918945
15.226485 71.476776
15.232290 287.153198
15.238095 3739.644287
15.243900 3643.489014
15.249705 3597.583984
15.255510 3594.657471
15.261315 3614.665771
15.267120 291.451202
15.272925 290.597870
15.278730 289.634888
15.284535 288.985321
15.290340 288.532349
15.296145 3835.646484
15.301950 3927.644531
15.307755 3962.360596
15.313560 3980.070068
15.319366 4012.588135
15.325171 4020.041260
15.330976 4003.145264
15.336780 293.899353
15.342585 293.317047
15.348390 292.823975
15.354195 4057.754395
15.360000 3967.311523
15.365805 3922.499268
15.371610 3947.293945
15.377415 288.096710
15.383220 626.548645
15.389025 138.083435
15.394830 137.476334
15.400635 137.776016
15.406440 138.164124
15.412245 256.957458
15.418050 256.888306
15.423855 256.490021
15.429660 255.724258
15.435465 254.416382
15.441270 252.442780
15.447075 4182.472656
15.452880 4189.630859
15.458685 4237.166504
15.464490 60.687614
15.470295 983.081726
15.476100 1007.434387
15.481905 1003.429993
15.487710 981.000061
15.493515 943.763367
15.499320 898.122925
15.505125 825.753296
15.510930 759.593872
15.516735 637.764832
15.522540 556.189880
15.528345 543.574524
15.534150 471.145264
15.539954 445.561310
15.545759 422.901886
15.551564 413.330811
15.557369 406.070282
15.563174 342.869354
15.568979 110.840416
15.574784 162.979996
15.580589 152.247925
15.586394 279.980194
15.592199 132.653671
15.598004 81.978073
15.603809 218.532379
15.609614 215.673492
15.615419 208.868042
15.621224 69.888786
15.627029 67.058594
15.632834 66.974121
15.638639 72.887375
15.644444 72.971275
15.650249 72.866394
15.656054 298.959015
15.661860 292.253510
15.667665 276.107147
15.673470 538.460022
15.679275 574.011108
15.685080 581.174316
15.690885 570.864990
15.696690 538.973938
15.702495 505.518066
15.708300 484.798004
15.714105 475.491364
15.719910 463.125610
15.725715 128.372986
15.731520 127.093552
15.737325 343.292969
15.743129 330.932709
15.748934 321.391632
15.754739 317.331146
15.760544 314.036835
15.766349 287.305542
15.772154 67.540070
15.777959 68.751747
15.783764 69.168678
15.789569 72.209930
15.795374 72.276260
15.801179 60.914780
15.806984 67.678131
15.812789 68.690742
15.818594 68.683319
15.824399 58.397919
15.830204 68.842606
15.836009 68.873314
15.841814 58.097664
15.847619 58.440182
15.853424 58.432251
15.859229 58.991753
15.865034 58.267860
15.870839 59.092758
15.876644 680.707581
15.882449 676.314209
15.888254 669.512817
15.894059 662.894470
15.899864 657.976929
15.905669 269.198090
15.911474 271.214661
15.917279 275.224976
15.923084 279.619080
15.928889 282.154175
15.934694 283.991302
15.940499 285.810791
15.946304 287.391388
15.952108 289.084656
15.957913 274.059052
15.963718 274.953857
15.969523 275.429901
15.975328 510.506775
15.981133 509.861084
15.986938 59.540150
15.992743 58.554825
15.998549 58.517273
16.004354 58.532635
16.010159 58.682438
16.015965 58.838604
16.021769 58.888424
16.027575 58.908993
16.033379 58.951366
16.039185 59.046192
16.044989 354.570312
16.050795 625.373474
16.056599 622.263245
16.062403 618.215881
16.068209 616.024353
16.074013 614.931519
16.079819 610.349792
16.085623 297.311340
16.091429 295.941864
16.097233 295.275726
16.103039 294.758759
16.108843 294.381439
16.114649 294.300873
16.120453 294.274628
16.126259 294.043396
16.132063 293.631409
16.137869 293.087128
16.143673 292.226990
16.149479 290.744812
16.155283 288.789856
16.161089 59.392815
16.166893 58.633511
16.172699 58.592957
16.178503 57.857155
16.184309 57.978455
16.190113 58.744263
16.195919 57.967449
16.201723 58.621635
16.207529 59.685127
16.213333 58.572754
16.219139 5420.497070
16.224943 0.000000
16.230749 121.685417
16.236553 121.627274
16.242359 164.964844
16.248163 164.851166
16.253969 164.436981
16.259773 162.559341
16.265577 475.933472
16.271383 477.667603
16.277187 82.198624
16.282993 64.821083
16.288797 65.098251
16.294603 65.503616
16.300407 65.575378
16.306213 65.301338
16.312017 64.790810
16.317823 64.692543
16.323627 65.199684
16.329433 65.493362
16.335238 65.584297
16.341043 65.261314
16.346848 65.048859
16.352654 65.109161
16.358458 6305.752930
16.364264 6011.188477
16.370068 5901.373047
16.375874 781.434814
16.381678 780.635071
16.387484 782.872498
16.393288 789.352234
16.399094 797.498352
16.404898 801.871277
16.410704 154.280930
16.416508 289.486420
16.422314 289.120941
16.428118 4107.381836
16.433924 4169.423340
16.439728 351.953918
16.445534 353.093201
16.451338 352.925018
16.457144 1991.546875
16.462948 2016.738892
16.468752 288.531769
16.474558 287.292053
16.480362 287.389435
16.486168 286.518005
16.491972 1951.104980
16.497778 1936.961060
16.503582 1938.640137
16.509388 1939.917236
16.515192 1936.322510
16.520998 1940.973389
16.526802 1982.355225
16.532608 0.000000
16.538412 2070.509277
16.544218 4455.598633
16.550022 749.150818
16.555828 903.985046
16.561632 912.942200
16.567438 932.941589
16.573242 363.384949
16.579048 1178.528076
16.584852 1163.223145
16.590658 5844.138672
16.596462 5925.338379
16.602268 5965.717773
16.608072 5997.824707
16.613878 1364.109741
16.619682 6080.977051
16.625488 3711.701172
16.631292 3751.222412
16.637098 3853.368164
16.642902 3871.550049
16.648708 3783.610596
16.654512 934.985779
16.660318 936.872986
16.666122 3899.329346
16.671926 3860.321045
16.677732 3763.730469
16.683537 3685.547363
16.689342 3720.362061
16.695147 3803.140625
16.700953 3764.966309
16.706757 3739.726807
16.712563 4000.524658
16.718367 4158.704102
16.724173 4301.290039
16.729977 1241.721802
16.735783 331.177917
16.741587 330.655487
16.747393 306.661804
16.753197 305.447418
16.759003 321.710907
16.764807 317.831238
16.770613 317.918091
16.776417 319.566406
16.782223 323.057312
16.788027 326.696503
16.793833 329.589539
16.799637 332.681549
16.805443 335.671814
16.811247 337.671753
16.817053 339.079285
16.822857 340.261566
16.828663 341.720978
16.834467 344.061676
16.840273 345.681183
16.846077 346.431580
16.851883 347.269470
16.857687 347.944855
16.863493 348.241180
16.869297 348.309967
16.875101 348.333160
16.880907 348.415680
16.886711 348.439789
16.892517 348.109406
16.898321 347.451294
16.904127 346.731903
16.909931 345.653961
16.915737 344.008972
16.921541 342.246887
16.927347 340.804169
16.933151 339.645935
16.938957 338.747559
16.944761 338.390015
16.950567 338.980591
16.956371 339.925659
16.962177 341.223633
16.967981 342.779144
16.973787 343.296173
16.979591 343.094635
16.985397 342.805786
16.991201 342.526306
16.997007 368.218811
17.002811 369.812622
17.008617 370.280609
17.014421 346.937195
17.020227 346.799683
17.026031 345.737915
17.031837 369.673126
17.037642 369.712555
17.043447 0.000000
17.049252 0.000000
17.055058 0.000000
17.060862 159.825439
17.066668 120.816818
17.072472 120.919098
17.078278 86.698479
17.084082 296.348969
17.089886 296.320160
17.095692 296.096313
17.101496 294.963654
17.107302 293.284332
17.113106 292.425964
17.118912 291.555115
17.124716 289.668365
17.130522 287.503815
17.136326 286.359650
17.142132 285.324982
17.147936 284.156860
17.153742 283.220642
17.159546 282.809082
17.165352 282.757935
17.171156 283.155884
17.176962 284.019287
17.182766 285.184875
17.188572 287.170471
17.194376 290.323578
17.200182 750.567932
17.205986 749.890564
17.211792 749.074341
17.217596 305.054779
17.223402 305.388885
17.229206 306.219818
17.235012 305.786835
17.240816 299.377594
17.246622 298.184814
17.252426 298.511932
17.258232 298.331970
17.264036 297.269775
17.269842 294.312683
17.275646 291.818970
17.281452 290.932892
17.287256 598.510010
17.293060 71.545868
17.298866 71.348862
17.304670 69.885277
17.310476 69.777702
17.316280 67.182182
17.322086 63.596672
17.327890 62.576187
17.333696 61.106503
17.339500 68.705673
17.345306 68.695335
17.351110 68.655533
17.356916 68.640800
17.362720 68.602364
17.368526 68.564957
17.374331 3984.919189
17.380136 4014.866943
17.385941 4133.726074
17.391747 4310.220215
17.397551 4465.804688
17.403357 4596.325195
17.409161 309.816986
17.414967 309.424957
17.420771 635.917175
17.426577 643.828125
17.432381 653.422607
17.438187 660.032715
17.443991 662.888367
17.449797 330.410522
17.455601 331.253113
17.461407 332.041595
17.467211 333.062744
17.473017 335.890411
17.478821 676.185181
17.484627 680.280457
17.490431 685.115112
17.496235 689.260498
17.502041 693.295166
17.507845 698.455566
17.513651 703.168396
17.519455 706.355652
17.525261 707.731567
17.531065 706.234436
17.536871 702.638245
17.542675 699.300598
17.548481 695.999268
17.554285 344.205780
17.560091 336.990845
17.565895 331.627502
17.571701 331.160400
17.577505 331.637604
17.583311 332.364075
17.589115 332.645691
17.594921 331.812195
17.600725 330.363159
17.606531 328.041473
17.612335 325.246796
17.618141 323.969299
17.623945 322.576935
17.629751 317.238770
17.635555 295.421082
17.641361 295.660095
17.647165 296.092285
17.652971 296.838898
17.658775 296.438843
17.664581 292.020111
17.670385 116.730103
17.676191 116.413826
17.681995 116.173935
17.687801 115.917427
17.693605 115.640366
17.699409 115.331810
17.705215 115.030373
17.711020 114.680229
17.716825 748.892273
17.722630 769.723389
17.728436 791.514954
17.734240 806.876160
17.740046 819.835205
17.745850 823.251770
17.751656 143.961914
17.757460 293.441315
17.763266 293.471283
17.769070 293.343811
17.774876 293.225616
17.780680 292.994598
17.786486 292.824646
17.792290 292.189270
17.798096 290.144531
17.803900 288.815704
17.809706 288.409210
17.815510 287.919067
17.821316 287.394684
17.827120 287.363373
17.832926 287.767792
17.838730 288.283081
17.844536 288.572906
17.850340 288.309784
17.856146 287.742737
17.861950 288.476715
17.867756 292.069183
17.873560 294.424103
17.879366 295.895020
17.885170 298.066833
17.890976 300.187958
17.896780 301.096680
17.902586 301.339905
17.908390 301.154877
17.914194 300.737793
17.920000 300.423523
17.925804 300.582947
17.931610 302.022491
17.937414 305.239502
17.943220 306.560699
17.949024 144.513275
17.954830 143.684692
17.960634 87.197525
17.966440 87.179230
17.972244 7087.502930
17.978050 6948.515137
17.983854 6651.720215
17.989660 6310.820801
17.995464 5988.762207
18.001270 5647.558105
18.007074 5435.171875
18.012880 87.556274
18.018684 87.529999
18.024490 87.512207
18.030294 87.559555
18.036100 87.556778
18.041904 87.754959
18.047710 4070.925537
18.053514 4186.341309
18.059320 4390.153809
18.065125 4502.439941
18.070930 4530.028320
18.076735 4468.512207
18.082541 4332.171875
18.088345 296.353027
18.094151 295.663483
18.099955 295.437103
18.105761 295.899292
18.111565 296.673950
18.117369 297.485992
18.123175 298.065674
18.128979 298.425934
18.134785 298.594543
18.140589 298.263641
18.146395 296.923828
18.152199 295.146759
18.158005 293.258850
18.163809 230.769958
18.169615 280.843658
18.175419 281.054199
18.181225 281.957977
18.187029 289.873749
18.192835 300.081512
18.198639 304.909515
18.204445 303.646942
18.210249 303.224762
18.216055 303.321014
18.221859 303.917236
18.227665 304.526306
18.233469 304.580170
18.239275 304.350250
18.245079 304.051392
18.250885 303.652985
18.256689 303.133362
18.262495 302.697327
18.268299 302.274445
18.274105 301.678040
18.279909 301.127197
18.285715 300.379364
18.291519 299.213654
18.297325 297.926422
18.303129 296.912659
18.308935 296.045441
18.314739 295.284393
18.320543 294.571106
18.326349 294.311310
18.332153 303.444672
18.337959 303.089661
18.343763 296.440430
18.349569 296.495880
18.355373 296.384644
18.361179 296.375122
18.366983 439.787048
18.372789 438.895966
18.378593 0.000000
18.384399 0.000000
18.390203 0.000000
18.396009 0.000000
18.401814 121.429962
18.407619 4715.540527
18.413424 4741.684570
18.419230 81.141991
18.425034 69.731750
18.430840 1632.040283
18.436644 1618.446045
18.442450 1626.518921
18.448254 1617.784912
18.454060 1585.912598
18.459864 424.990021
18.465670 432.301483
18.471474 435.656952
18.477280 437.854279
18.483084 440.348450
18.488890 443.225189
18.494694 445.998688
18.500500 448.125092
18.506304 449.390930
18.512110 450.388153
18.517914 452.170776
18.523718 455.679535
18.529524 462.009644
18.535328 472.143951
18.541134 491.746124
18.546938 530.073486
18.552744 542.726074
18.558548 275.288116
18.564354 184.481888
18.570158 185.032227
18.575964 185.680862
18.581768 279.844513
18.587574 280.874359
18.593378 281.485657
18.599184 281.400970
18.604988 280.343506
18.610794 184.801346
18.616598 184.694778
18.622404 3497.467529
18.628208 3532.889160
18.634014 3581.464355
18.639818 3594.615723
18.645624 3581.763672
18.651428 3597.643311
18.657234 3623.433594
18.663038 3589.041748
18.668844 3477.088379
18.674648 3389.775391
18.680454 3359.850586
18.686258 3349.422607
18.692064 366.222473
18.697868 312.822662
18.703674 311.341187
18.709478 309.169983
18.715284 307.263519
18.721088 306.515381
18.726892 160.474426
18.732698 160.701553
18.738503 160.730255
18.744308 107.987206
18.750113 618.048828
18.755919 622.699463
18.761723 292.476898
18.767529 291.186218
18.773333 288.788971
18.779139 285.906921
18.784943 283.321838
18.790749 281.569397
18.796553 879.454285
18.802359 413.343292
18.808163 272.431427
18.813969 272.265533
18.819773 272.838348
18.825579 272.744690
18.831383 797.615845
18.837189 789.432068
18.842993 783.096558
18.848799 259.327820
18.854603 258.078339
18.860409 256.810577
18.866213 255.857986
18.872019 255.635666
18.877823 255.497910
18.883629 254.993790
18.889433 254.716644
18.895239 255.878647
18.901043 258.210358
18.906849 260.115265
18.912653 261.670898
18.918459 262.493774
18.924263 263.915588
18.930069 270.441833
18.935873 271.251862
18.941677 271.628235
18.947483 271.296875
18.953287 270.102020
18.959093 267.280853
18.964897 264.416138
18.970703 263.444366
18.976507 263.440735
18.982313 263.471863
18.988117 262.770416
18.993923 260.672302
18.999727 512.513550
19.005533 501.557800
19.011337 477.043915
19.017143 470.685638
19.022947 468.622345
19.028753 467.812042
19.034557 467.010498
19.040363 444.649445
19.046167 438.732544
19.051973 393.799469
19.057777 757.749756
19.063583 783.826904
19.069387 807.911438
19.075193 819.725281
19.080997 543.237427
19.086803 0.000000
19.092607 206.842087
19.098413 206.880615
19.104218 0.000000
19.110023 285.865021
19.115828 284.897858
19.121634 353.485138
19.127438 1936.418091
19.133244 1947.174683
19.139048 1946.945923
19.144852 1939.517822
19.150658 1922.567261
19.156462 1847.828247
19.162268 1596.013672
19.168072 1732.904297
19.173878 1797.831055
19.179682 1828.311768
19.185488 1815.872070
19.191292 306.248993
19.197098 385.844482
19.202902 337.222717
19.208708 340.184906
19.214512 50.030460
19.220318 0.000000
19.226122 0.000000
19.231928 0.000000
19.237732 117.688011
19.243538 112.520294
19.249342 8113.534668
19.255148 82.484680
19.260952 71.008949
19.266758 8339.302734
19.272562 8408.016602
19.278368 58.617012
19.284172 58.600216
19.289978 58.512035
19.295782 58.501911
19.301588 58.467075
19.307392 58.357681
19.313198 58.270874
19.319002 49.954994
19.324808 87.972855
19.330612 69.667694
19.336418 58.534405
19.342222 58.515453
19.348026 58.540867
19.353832 57.125332
19.359636 56.117207
19.365442 56.989517
19.371246 58.822491
19.377052 59.873905
19.382856 4140.407227
19.388662 4213.766113
19.394466 4344.720703
19.400272 4483.870117
19.406076 4628.479004
19.411882 4735.902344
19.417686 4758.333008
19.423492 4706.403809
19.429296 356.138458
19.435102 353.717834
19.440907 327.353180
19.446712 330.828094
19.452517 331.659943
19.458323 330.923920
19.464127 331.535767
19.469933 331.936005
19.475737 329.589874
19.481543 323.120880
19.487347 322.101685
19.493153 324.651276
19.498957 331.391663
19.504763 333.168121
19.510567 332.477692
19.516373 332.763916
19.522177 58.347874
19.527983 330.468292
19.533787 58.457817
19.539593 58.594593
19.545397 58.591026
19.551201 58.571972
19.557007 58.572903
19.562811 59.619316
19.568617 323.635071
19.574421 334.266022
19.580227 371.735016
19.586031 379.187469
19.591837 382.289368
19.597641 428.323395
19.603447 447.428528
19.609251 456.863556
19.615057 464.250275
19.620861 472.522461
19.626667 491.054932
19.632471 502.091888
19.638277 508.865265
19.644081 514.428833
19.649887 519.654785
19.655691 524.626709
19.661497 528.736206
19.667301 531.364746
19.673107 260.817688
19.678911 259.214478
19.684717 278.677277
19.690521 279.259033
19.696327 278.147339
19.702131 270.035767
19.707937 271.605103
19.713741 277.217010
19.719547 285.373291
19.725351 287.612671
19.731157 144.150711
19.736961 115.110611
19.742767 111.841194
19.748571 115.542076
19.754377 618.310303
19.760181 293.254883
19.765985 293.082123
19.771791 292.523254
19.777596 291.348724
19.783401 290.647186
19.789206 291.226624
19.795012 292.115417
19.800816 293.039368
19.806622 293.887238
19.812426 294.784912
19.818232 295.695679
19.824036 296.405273
19.829842 296.860229
19.835646 3684.550049
19.841452 3715.418213
19.847256 71.206619
19.853062 73.811409
19.858866 73.804436
19.864672 145.287537
19.870476 290.755157
19.876282 290.486328
19.882086 72.313347
19.887892 72.195518
19.893696 290.431793
19.899502 291.567688
19.905306 292.719513
19.911112 294.396332
19.916916 295.840790
19.922722 296.152740
19.928526 296.052277
19.934332 590.479004
19.940136 589.668884
19.945942 587.036560
19.951746 582.838074
19.957552 579.046570
19.963356 576.560486
19.969160 575.721497
19.974966 289.748260
19.980770 290.181610
19.986576 290.348450
19.992380 290.791534
19.998186 67.096603
20.003990 68.526299
20.009796 68.692413
20.015600 68.521294
20.021406 67.625641
20.027210 68.210991
20.033016 68.643593
20.038820 68.502594
20.044626 597.542358
20.050430 596.016174
20.056236 593.757202
20.062040 598.664246
20.067846 293.514435
20.073650 293.001312
20.079456 292.937378
20.085260 293.383759
20.091066 294.230316
20.096870 294.605011
20.102676 294.509735
20.108480 294.284332
20.114286 294.057373
20.120090 293.834839
20.125896 293.611877
20.131701 293.438477
20.137506 293.333679
20.143311 293.231934
20.149117 293.081879
20.154921 292.930328
20.160727 292.923401
20.166531 293.165192
20.172335 293.586639
20.178141 293.986542
20.183945 294.111450
20.189751 293.856781
20.195555 293.197571
20.201361 292.220245
20.207165 291.170837
20.212971 290.036743
20.218775 289.143463
20.224581 289.480927
20.230385 290.346405
20.236191 291.053925
20.241995 291.590790
20.247801 292.034882
20.253605 292.472839
20.259411 292.808533
20.265215 293.002350
20.271021 293.105286
20.276825 293.128845
20.282631 292.938751
20.288435 147.001190
20.294241 146.952499
20.300045 146.749619
20.305851 146.389191
20.311655 291.857666
20.317461 291.896393
20.323265 292.259460
20.329071 292.855835
20.334875 293.139221
20.340681 292.415771
20.346485 581.320557
20.352291 580.334351
20.358095 580.317139
20.363901 150.950165
20.369705 151.422623
20.375509 142.921707
20.381315 143.588318
20.387119 154.835236
20.392925 358.583618
20.398729 364.385834
20.404535 309.624207
20.410339 154.821442
20.416145 2100.347168
20.421949 2056.261963
20.427755 0.000000
20.433559 330.184570
20.439365 331.360840
20.445169 332.392883
20.450975 333.188995
20.456779 678.207458
20.462585 683.304749
20.468390 668.313354
20.474195 338.688873
20.480000 338.134216
20.485806 339.100220
20.491610 341.176300
20.497416 342.812012
20.503220 343.597687
20.509026 343.860138
20.514830 343.769226
20.520636 343.547577
20.526440 343.421509
20.532246 343.294678
20.538050 342.984955
20.543856 342.257263
20.549660 341.124878
20.555466 339.764191
20.561270 338.522461
20.567076 337.547394
20.572880 375.886963
20.578686 376.583649
20.584490 110.968521
20.590294 5384.619629
20.596100 5502.691406
20.601904 5584.057617
20.607710 86.832924
20.613514 412.946198
20.619320 411.918274
20.625124 428.163391
20.630930 426.875916
20.636734 425.238129
20.642540 430.269989
20.648344 432.774414
20.654150 432.799805
20.659954 411.676056
20.665760 409.637360
20.671564 408.921265
20.677370 413.801514
20.683174 420.674286
20.688980 420.158539
20.694784 3560.814697
20.700590 151.279480
20.706394 151.444504
20.712200 301.469757
20.718004 302.472351
20.723810 311.650330
20.729614 685.086731
20.735420 685.479431
20.741224 687.027222
20.747030 291.016937
20.752834 289.069855
20.758640 285.707550
20.764444 435.193756
20.770250 276.053711
20.776054 274.546539
20.781860 273.394165
20.787664 272.699524
20.793468 272.695435
20.799274 273.155029
20.805079 273.481018
20.810884 273.871674
20.816689 143.202850
20.822495 146.041031
20.828299 148.575195
20.834105 148.559891
20.839909 148.678009
20.845715 149.273666
20.851519 149.522110
20.857325 149.796509
20.863129 155.554749
20.868935 156.126007
20.874739 153.773880
20.880545 151.920303
20.886349 157.623535
20.892155 128.905365
20.897959 128.498856
20.903765 85.532486
20.909569 171.517471
20.915375 171.227158
20.921179 171.097427
20.926985 164.977631
20.932789 318.900055
20.938595 318.433441
20.944399 241.387817
20.950205 241.469299
20.956009 163.953156
20.961815 163.833298
20.967619 506.625671
20.973425 506.288818
20.979229 506.134583
20.985035 506.297119
20.990839 506.455963
20.996643 506.348267
21.002449 506.123169
21.008253 506.172943
21.014059 506.535980
21.019863 506.835876
21.025669 506.909851
21.031473 507.024750
21.037279 507.438721
21.043083 508.083527
21.048889 508.762451
21.054693 255.770248
21.060499 0.000000
21.066303 0.000000
21.072109 0.000000
21.077913 4763.269531
21.083719 4781.627441
21.089523 4705.533691
21.095329 4456.509766
21.101133 76.164764
21.106939 3757.901611
21.112743 59.216988
21.118549 67.986610
21.124353 59.340435
21.130159 58.395790
21.135963 70.329750
21.141769 59.452122
21.147573 56.983704
21.153379 57.377010
21.159184 57.433022
21.164989 84.046371
21.170794 69.145729
21.176600 59.082653
21.182404 59.668400
21.188210 58.126751
21.194014 58.174599
21.199818 55.773098
21.205624 57.173527
21.211428 59.165455
21.217234 60.362202
21.223038 60.796978
21.228844 5317.575195
21.234648 5342.193848
21.240454 5359.463379
21.246258 5349.812012
21.252064 5340.550781
21.257868 5355.811523
21.263674 5389.425781
21.269478 355.387360
21.275284 292.721588
21.281088 293.320740
21.286894 294.627411
21.292698 296.799072
21.298504 302.224915
21.304308 303.850098
21.310114 303.144501
21.315918 301.446991
21.321724 299.178009
21.327528 297.179443
21.333334 295.686981
21.339138 294.012115
21.344944 291.756317
21.350748 290.344696
21.356554 290.136963
21.362358 290.688873
21.368164 145.878357
21.373968 145.962021
21.379774 146.104767
21.385578 292.790649
21.391384 293.320099
21.397188 293.957245
21.402992 294.560883
21.408798 294.727692
21.414602 294.294556
21.420408 293.492950
21.426212 293.014130
21.432018 293.007233
21.437822 292.893829
21.443628 292.003571
21.449432 290.607819
21.455238 291.069122
21.461042 292.208923
21.466848 292.680847
21.472652 3810.164551
21.478458 3832.115967
21.484262 3863.372559
21.490068 58.056026
21.495872 58.053299
21.501678 57.458378
21.507483 57.478687
21.513288 57.478664
21.519093 57.507610
21.524899 57.543701
21.530703 57.555401
21.536509 57.572186
21.542313 57.620041
21.548119 57.695110
21.553923 56.903538
21.559729 5378.776367
21.565533 313.154938
21.571339 313.432526
21.577143 358.684326
21.582949 357.464386
21.588753 5517.425293
21.594559 5555.569824
21.600363 355.425079
21.606169 307.775024
21.611973 304.752930
21.617777 303.229370
21.623583 302.480286
21.629387 301.725189
21.635193 300.841461
21.640997 300.365143
21.646803 300.373322
21.652607 300.505157
21.658413 300.601135
21.664217 300.907654
21.670023 301.658417
21.675827 302.667389
21.681633 303.778412
21.687437 304.630035
21.693243 305.084930
21.699047 305.112122
21.704853 304.734680
21.710657 303.766510
21.716463 302.061890
21.722267 300.662811
21.728073 149.875900
21.733877 901.615906
21.739683 854.676086
21.745487 830.956116
21.751293 829.820923
21.757097 830.079895
21.762903 0.000000
21.768707 207.325241
21.774513 206.967407
21.780317 4413.945312
21.786123 0.000000
21.791927 698.880310
21.797733 276.258514
21.803537 1356.313965
21.809343 1349.757690
21.815147 1949.430420
21.820951 1933.897095
21.826757 1900.207153
21.832561 1830.523193
21.838367 1806.040527
21.844172 1792.371826
21.849977 1790.935913
21.855782 1795.349243
21.861588 1789.627441
21.867392 380.398621
21.873198 1777.985596
21.879002 1810.649780
21.884808 1836.640259
21.890612 323.177673
21.896418 392.486969
21.902222 940.367065
21.908028 940.551331
21.913832 182.959610
21.919638 183.009476
21.925442 183.581863
21.931248 184.012009
21.937052 184.277298
21.942858 179.751770
21.948662 179.855438
21.954468 179.844360
21.960272 179.850647
21.966078 180.256485
21.971882 181.306366
21.977688 160.230698
21.983492 160.669083
21.989298 163.331009
21.995102 166.356873
