0.000000 0.000000
0.005805 309.238159
0.011610 307.804260
0.017415 133.572723
0.023220 133.003128
0.029025 83.477188
0.034830 83.384010
0.040635 83.332619
0.046440 83.336678
0.052245 83.249435
0.058050 194.181488
0.063855 194.037964
0.069660 81.439247
0.075465 79.782600
0.081270 83.474144
0.087075 83.341965
0.092880 83.150703
0.098685 83.020317
0.104490 118.209587
0.110295 118.330704
0.116100 197.368759
0.121905 197.706177
0.127710 196.799103
0.133515 197.127609
0.139320 83.596855
0.145125 83.273369
0.150930 83.192513
0.156735 83.195717
0.162540 130.843353
0.168345 130.389694
0.174150 129.771896
0.179955 129.320557
0.185760 83.491653
0.191565 83.213058
0.197370 83.062744
0.203175 83.055885
0.208980 83.043709
0.214785 82.976501
0.220590 82.887062
0.226395 82.981728
0.232200 127.756180
0.238005 83.048592
0.243810 82.706512
0.249615 82.373985
0.255419 82.458382
0.261224 197.052475
0.267029 197.158051
0.272834 197.369446
0.278639 197.336426
0.284444 239.555634
0.290249 239.074890
0.296054 82.441246
0.301859 82.373642
0.307664 82.266922
0.313469 82.677742
0.319274 129.871429
0.325079 129.231964
0.330884 128.455780
0.336689 83.079819
0.342494 83.096214
0.348299 83.007996
0.354104 82.941307
0.359909 82.866585
0.365714 82.712151
0.371519 82.507118
0.377324 82.508247
0.383129 82.886482
0.388934 124.429764
0.394739 124.292366
0.400544 243.402008
0.406349 82.224686
0.412154 82.433228
0.417959 82.548012
0.423764 82.713257
0.429569 82.864464
0.435374 82.838814
0.441179 82.827003
0.446984 82.910667
0.452789 83.153374
0.458594 83.171677
0.464399 83.112862
0.470204 82.778854
0.476009 82.123672
0.481814 197.843353
0.487619 196.404449
0.493424 166.404465
0.499229 166.110291
0.505034 166.413391
0.510839 166.533554
0.516644 165.217300
0.522449 164.651123
0.528254 164.895706
0.534059 98.405487
0.539864 98.286819
0.545669 98.181870
0.551474 82.525620
0.557279 82.555908
0.563084 82.596336
0.568889 82.644638
0.574694 507.341736
0.580499 499.471954
0.586304 246.485977
0.592109 244.821640
0.597914 242.213623
0.603719 240.060959
0.609524 83.143608
0.615329 82.953697
0.621134 82.796638
0.626939 82.652649
0.632744 82.770927
0.638549 83.165359
0.644354 196.426834
0.650159 196.454758
0.655964 195.713547
0.661769 195.246017
0.667574 83.607788
0.673379 167.750931
0.679184 167.715134
0.684989 167.538620
0.690794 167.578506
0.696599 167.801346
0.702404 195.571411
0.708209 195.980850
0.714014 196.388031
0.719819 83.871613
0.725624 83.852425
0.731429 83.827698
0.737234 83.433136
0.743039 83.012718
0.748844 82.866577
0.754649 82.690643
0.760454 82.577492
0.766258 81.657249
0.772063 81.670021
0.777869 81.709106
0.783673 82.531868
0.789478 82.791870
0.795283 239.497360
0.801088 238.788040
0.806893 197.011292
0.812698 196.841736
0.818503 196.745407
0.824308 196.745544
0.830113 98.647240
0.835918 83.313934
0.841723 83.274536
0.847528 83.089439
0.853333 82.910568
0.859138 83.043571
0.864943 83.195007
0.870748 83.214104
0.876553 83.137352
0.882358 98.728737
0.888163 196.988098
0.893968 197.417328
0.899773 98.729843
0.905578 98.442955
0.911383 196.132782
0.917188 195.479919
0.922993 195.807251
0.928798 196.913437
0.934603 197.339951
0.940408 197.272034
0.946213 83.902649
0.952018 83.803253
0.957823 83.713997
0.963628 83.505676
0.969433 83.263390
0.975238 197.133865
0.981043 196.824768
0.986848 83.234489
0.992653 83.385361
0.998458 83.497208
1.004263 83.386757
1.010068 296.330231
1.015873 195.220886
1.021678 168.400085
1.027483 147.754196
1.033288 142.755661
1.039093 137.161850
1.044898 139.262604
1.050703 139.499481
1.056508 139.555283
1.062313 139.634247
1.068118 139.864044
1.073923 140.286972
1.079728 140.279694
1.085533 140.120987
1.091338 140.016251
1.097143 140.018387
1.102948 140.075623
1.108753 140.076660
1.114558 140.052490
1.120363 140.028809
1.126168 140.141235
1.131973 140.655487
1.137778 141.249527
1.143583 141.018356
1.149388 140.268387
1.155193 140.774567
1.160998 143.095184
1.166803 144.370117
1.172608 144.390823
1.178413 143.583847
1.184218 142.533783
1.190023 142.415909
1.195828 142.746887
1.201633 141.370132
1.207438 140.775818
1.213243 140.878586
1.219048 140.556412
1.224853 140.057510
1.230658 139.788330
1.236463 139.847260
1.242268 140.105652
1.248073 140.306503
1.253878 140.260498
1.259683 140.037033
1.265488 139.873566
1.271293 139.914154
1.277097 140.134338
1.282902 140.321457
1.288707 140.318268
1.294513 140.188339
1.300317 140.111954
1.306122 140.114227
1.311927 140.035782
1.317732 140.388138
1.323537 142.128510
1.329342 144.872223
1.335147 146.762787
1.340952 146.524033
1.346757 144.417343
1.352562 142.685745
1.358367 142.733749
1.364172 139.607605
1.369977 139.559830
1.375782 139.689987
1.381587 141.401917
1.387392 142.917847
1.393197 144.140732
1.399002 131.873489
1.404807 131.003418
1.410612 131.276978
1.416417 143.479218
1.422222 144.825226
1.428027 145.837418
1.433832 145.817612
1.439637 141.786224
1.445442 133.543869
1.451247 132.031250
1.457052 145.470978
1.462857 145.453476
1.468662 143.560211
1.474467 141.291397
1.480272 134.367874
1.486077 134.448349
1.491882 134.854813
1.497687 135.119476
1.503492 132.499359
1.509297 193.587952
1.515102 83.613678
1.520907 83.585457
1.526712 83.133003
1.532517 82.877045
1.538322 82.793335
1.544127 82.684265
1.549932 127.829346
1.555737 127.121948
1.561542 123.265038
1.567347 123.106110
1.573152 124.046364
1.578957 125.460365
1.584762 125.924797
1.590567 119.972076
1.596372 120.156624
1.602177 120.633286
1.607982 127.943520
1.613787 127.837372
1.619592 129.097107
1.625397 129.889664
1.631202 130.181366
1.637007 129.804321
1.642812 125.474068
1.648617 127.739792
1.654422 128.631073
1.660227 129.004700
1.666032 129.185135
1.671837 122.526833
1.677642 123.594856
1.683447 123.717949
1.689252 123.411423
1.695057 128.678375
1.700862 129.011444
1.706667 128.764252
1.712472 128.023926
1.718277 127.431923
1.724082 127.183846
1.729887 126.139328
1.735692 124.517555
1.741497 82.535538
1.747302 82.612541
1.753107 82.705124
1.758912 82.673378
1.764717 82.565338
1.770522 82.300163
1.776327 82.003242
1.782132 81.974388
1.787936 82.144081
1.793741 82.201675
1.799546 126.993362
1.805351 127.398811
1.811157 127.714394
1.816961 128.526108
1.822766 129.952026
1.828571 129.577209
1.834376 74.002083
1.840181 74.189934
1.845986 74.002457
1.851791 74.000092
1.857596 73.973251
1.863401 73.949768
1.869206 73.909737
1.875011 73.981827
1.880816 73.932480
1.886621 73.813942
1.892426 73.547112
1.898231 73.478844
1.904036 73.838348
1.909841 74.330093
1.915646 74.435486
1.921451 74.183693
1.927256 73.863762
1.933061 73.766212
1.938866 110.032303
1.944671 110.183899
1.950476 115.775406
1.956281 116.779701
1.962086 117.185532
1.967891 0.000000
1.973696 179.671234
1.979501 179.423309
1.985306 161.181976
1.991111 132.170914
1.996916 124.515915
2.002721 120.275551
2.008526 140.023514
2.014331 105.600586
2.020136 73.538971
2.025941 73.476120
2.031746 73.426270
2.037551 108.003174
2.043356 62.073940
2.049161 62.085575
2.054966 62.959469
2.060771 62.984585
2.066576 69.664833
2.072381 69.637512
2.078186 69.663612
2.083991 62.129650
2.089796 3638.696533
2.095601 3635.611084
2.101406 132.497360
2.107211 132.308456
2.113016 132.065109
2.118821 62.852760
2.124626 3827.413086
2.130431 134.725693
2.136236 135.296295
2.142041 141.496368
2.147846 69.773453
2.153651 3364.761963
2.159456 3296.359375
2.165261 3285.359375
2.171066 0.000000
2.176871 79.652962
2.182676 0.000000
2.188481 67.978210
2.194286 69.362549
2.200091 71.127563
2.205896 71.032570
2.211701 71.026070
2.217506 70.703621
2.223311 70.756386
2.229116 71.003502
2.234921 71.090065
2.240726 71.099052
2.246531 71.001457
2.252336 70.869110
2.258141 70.804100
2.263946 70.794922
2.269751 70.836586
2.275556 69.842636
2.281361 69.900421
2.287166 70.859848
2.292970 71.165199
2.298775 71.254105
2.304580 70.409134
2.310385 69.653580
2.316190 69.678696
2.321995 70.633583
2.327801 70.621468
2.333606 70.996925
2.339411 70.977219
2.345215 70.977203
2.351020 71.059921
2.356825 71.120293
2.362630 71.118408
2.368435 70.001289
2.374240 69.999702
2.380045 70.003082
2.385850 70.005341
2.391655 71.049103
2.397460 71.324081
2.403265 81.420776
2.409070 81.387215
2.414875 82.743340
2.420680 84.650894
2.426485 84.594414
2.432290 137.950775
2.438095 455.754303
2.443900 458.579620
2.449705 461.454102
2.455510 466.534851
2.461315 100.682045
2.467120 465.028473
2.472925 464.402374
2.478730 466.090027
2.484535 467.351898
2.490340 466.948425
2.496145 109.761192
2.501950 109.773033
2.507755 191.579254
2.513560 109.802635
2.519365 383.090759
2.525170 471.108551
2.530975 441.215424
2.536780 445.790802
2.542585 142.745514
2.548390 142.745987
2.554195 142.773972
2.560000 142.765717
2.565805 142.706985
2.571610 164.685089
2.577415 259.627502
2.583220 259.738190
2.589025 0.000000
2.594830 598.624695
2.600635 308.206665
2.606440 308.653595
2.612245 309.170074
2.618050 105.493095
2.623855 105.212799
2.629660 104.958542
2.635465 104.762009
2.641270 70.547386
2.647075 70.482086
2.652880 83.336792
2.658685 125.692299
2.664490 71.431900
2.670295 69.081039
2.676100 71.155968
2.681905 69.964569
2.687710 69.983948
2.693515 70.003548
2.699320 70.007515
2.705125 71.463326
2.710930 69.396027
2.716735 69.878593
2.722540 69.917038
2.728345 71.621094
2.734150 71.606148
2.739955 70.405945
2.745760 71.413391
2.751565 71.399551
2.757370 70.757370
2.763175 70.787651
2.768980 70.822327
2.774785 70.875015
2.780590 142.504852
2.786395 179.387390
2.792200 178.893829
2.798005 178.457748
2.803810 178.496262
2.809614 74.868561
2.815419 74.798332
2.821224 74.771080
2.827029 76.298302
2.832834 74.356155
2.838639 76.200470
2.844445 536.876648
2.850250 534.672668
2.856054 532.857483
2.861859 531.761536
2.867664 531.035950
2.873469 530.393250
2.879274 529.674805
2.885079 528.685974
2.890884 520.647827
2.896689 515.182556
2.902494 515.178040
2.908299 529.810120
2.914104 530.120850
2.919909 132.040161
2.925714 0.000000
2.931519 0.000000
2.937324 0.000000
2.943129 0.000000
2.948934 0.000000
2.954739 130.060104
2.960544 130.019257
2.966349 129.975906
2.972154 134.794525
2.977959 134.779236
2.983764 134.255661
2.989569 134.034241
2.995374 134.069733
3.001179 134.158081
3.006984 134.231415
3.012789 134.263657
3.018594 134.208893
3.024399 138.501511
3.030204 138.265854
3.036009 137.903320
3.041814 137.678543
3.047619 137.557037
3.053424 222.925674
3.059229 109.898529
3.065034 110.694565
3.070839 110.344704
3.076644 355.820709
3.082449 354.657440
3.088254 220.487167
3.094059 237.348892
3.099864 132.766907
3.105669 132.796341
3.111474 128.941391
3.117279 129.233124
3.123084 133.143097
3.128889 133.186432
3.134694 133.217133
3.140499 133.266922
3.146304 133.322876
3.152109 133.319839
3.157914 133.214005
3.163719 133.096313
3.169524 133.013657
3.175329 132.941833
3.181134 128.919006
3.186939 128.902390
3.192744 128.881042
3.198549 132.622253
3.204354 133.549789
3.210159 136.788895
3.215964 84.832207
3.221769 84.851913
3.227574 123.004341
3.233379 123.062698
3.239184 123.113007
3.244989 123.144501
3.250794 129.395416
3.256599 134.641525
3.262404 134.927216
3.268209 136.498215
3.274014 110.844490
3.279819 111.080048
3.285624 66.055237
3.291429 66.158607
3.297234 138.068665
3.303039 138.253754
3.308844 124.644722
3.314649 66.196304
3.320453 66.127525
3.326258 1131.543945
3.332063 1131.418579
3.337868 123.987312
3.343673 125.038803
3.349478 62.810032
3.355283 1135.828613
3.361089 1130.738525
3.366894 137.675552
3.372698 137.586639
3.378503 159.813934
3.384308 160.050171
3.390113 162.043625
3.395918 163.093567
3.401723 352.536926
3.407528 130.138016
3.413333 136.340668
3.419138 135.063385
3.424943 134.177277
3.430748 133.875427
3.436553 133.811829
3.442358 135.574951
3.448163 135.608414
3.453968 135.553680
3.459773 136.080872
3.465578 136.677551
3.471383 136.784668
3.477188 136.810837
3.482993 137.160706
3.488798 137.612625
3.494603 137.833160
3.500408 137.976578
3.506213 138.100845
3.512018 138.112183
3.517823 73.228912
3.523628 72.741608
3.529433 68.954094
3.535238 138.146881
3.541043 138.152161
3.546848 138.025421
3.552653 139.119553
3.558458 73.960770
3.564263 74.233002
3.570068 100.166710
3.575873 43.195862
3.581678 100.675537
3.587483 100.963867
3.593288 101.504341
3.599093 75.167831
3.604898 283.769562
3.610703 280.694611
3.616508 279.389343
3.622313 279.609161
3.628118 158.774231
3.633923 159.276962
3.639728 355.331146
3.645533 355.874756
3.651338 73.766762
3.657143 357.018646
3.662948 356.102051
3.668753 94.370049
3.674558 283.235992
3.680363 282.001160
3.686168 285.576691
3.691973 295.815277
3.697778 306.429932
3.703583 306.379944
3.709388 289.523926
3.715193 137.367645
3.720998 137.385635
3.726803 81.141731
3.732608 80.617203
3.738413 80.139694
3.744218 137.371429
3.750023 137.289627
3.755828 137.168945
3.761633 137.050186
3.767438 73.195503
3.773243 73.337784
3.779048 73.400215
3.784853 65.424393
3.790658 73.679466
3.796463 137.541321
3.802268 137.570023
3.808073 73.568680
3.813878 73.435020
3.819683 73.224625
3.825488 72.959579
3.831293 72.927322
3.837097 73.115646
3.842902 348.089081
3.848707 348.509308
3.854512 347.244812
3.860317 343.332916
3.866122 130.777084
3.871927 130.639008
3.877733 130.771439
3.883538 130.842926
3.889342 273.086334
3.895147 260.139771
3.900952 286.396332
3.906757 286.887787
3.912562 133.678070
3.918367 3736.334473
3.924172 3678.184570
3.929977 3561.397217
3.935782 3321.802734
3.941587 3102.125732
3.947392 3092.714111
3.953197 3121.995361
3.959002 3115.384277
3.964807 3080.789795
3.970612 556.904480
3.976417 552.825134
3.982222 185.411224
3.988027 185.274734
3.993832 184.828156
3.999637 158.396744
4.005442 158.224869
4.011247 70.918259
4.017052 71.479492
4.022857 71.453621
4.028662 73.766403
4.034467 73.856354
4.040272 74.069183
4.046077 71.474205
4.051882 71.694366
4.057687 72.411118
4.063492 72.257515
4.069297 72.061874
4.075102 72.018921
4.080907 73.197319
4.086712 73.371880
4.092517 73.367142
4.098322 72.944077
4.104127 72.792130
4.109932 72.642090
4.115737 72.422882
4.121542 71.963905
4.127347 71.763412
4.133152 71.886902
4.138957 72.061081
4.144762 73.013084
4.150567 73.065407
4.156372 69.526421
4.162177 180.562515
4.167982 282.922150
4.173787 282.410553
4.179592 130.869614
4.185397 130.973633
4.191202 130.844864
4.197007 273.831085
4.202812 273.622955
4.208617 273.187134
4.214422 273.813354
4.220227 273.796692
4.226032 273.665222
4.231837 273.717743
4.237642 134.350983
4.243447 134.300049
4.249252 262.843048
4.255057 263.013733
4.260862 263.996979
4.266667 272.841125
4.272471 273.009705
4.278276 273.774475
4.284081 274.584015
4.289886 134.698853
4.295691 134.630402
4.301497 227.099762
4.307302 264.333649
4.313107 264.277252
4.318912 264.679443
4.324717 275.684906
4.330522 277.301178
4.336327 357.948792
4.342132 109.966194
4.347937 137.021454
4.353742 136.492218
4.359547 134.476898
4.365352 126.511284
4.371157 85.116829
4.376961 85.090660
4.382766 85.182999
4.388571 86.317558
4.394376 86.362312
4.400181 85.331497
4.405986 85.163170
4.411791 84.910362
4.417596 81.810806
4.423401 71.857735
4.429206 73.469131
4.435011 92.086006
4.440816 0.000000
4.446621 189.172287
4.452426 122.895935
4.458231 122.453339
4.464036 124.663849
4.469841 136.438004
4.475646 140.305878
4.481451 140.336487
4.487256 84.648491
4.493061 72.189842
4.498866 72.232941
4.504671 98.132568
4.510476 98.263153
4.516281 74.176384
4.522086 74.185226
4.527891 101.745613
4.533696 101.812859
4.539501 75.757355
4.545306 75.794205
4.551111 76.098480
4.556916 62.160511
4.562721 73.381790
4.568526 73.527641
4.574331 63.800262
4.580136 69.518044
4.585941 62.835690
4.591746 63.928059
4.597551 3606.775391
4.603356 3527.062744
4.609161 136.885193
4.614966 68.482918
4.620771 3378.611328
4.626576 3287.950195
4.632381 3274.009521
4.638186 3299.533691
4.643991 3371.198486
4.649796 86.132759
4.655601 86.125328
4.661406 87.914169
4.667211 171.461945
4.673016 69.117706
4.678821 70.469330
4.684626 70.343277
4.690431 68.820091
4.696236 71.094078
4.702041 71.092552
4.707846 70.165977
4.713651 70.180283
4.719456 70.179573
4.725261 70.878563
4.731066 70.788635
4.736871 70.714043
4.742676 70.090569
4.748481 70.075264
4.754286 70.074181
4.760091 86.020332
4.765896 84.872513
4.771701 84.805679
4.777506 84.794472
4.783311 349.880432
4.789115 173.893158
4.794920 69.788918
4.800725 69.844337
4.806530 69.900055
4.812335 69.937752
4.818141 102.569176
4.823946 102.556465
4.829751 83.942894
4.835556 83.887024
4.841361 83.871956
4.847166 83.864677
4.852971 83.847458
4.858776 83.824974
4.864581 84.836388
4.870386 84.840576
4.876191 84.820114
4.881996 83.737106
4.887800 83.657616
4.893605 83.591728
4.899410 83.562706
4.905215 83.567329
4.911020 460.281036
4.916825 176.263687
4.922630 176.182617
4.928435 176.046356
4.934240 176.003067
4.940045 109.048050
4.945850 109.210022
4.951655 176.738754
4.957460 176.827744
4.963265 109.764397
4.969070 176.330948
4.974875 175.992249
4.980680 153.593170
4.986485 153.592484
4.992290 162.190842
4.998095 162.597656
5.003900 84.920403
5.009705 84.872787
5.015510 84.896400
5.021315 84.973427
5.027120 176.185379
5.032925 163.998627
5.038730 163.994492
5.044535 163.823639
5.050340 163.586060
5.056145 589.973633
5.061950 589.867798
5.067755 589.161987
5.073560 308.868713
5.079365 310.109100
5.085170 105.454849
5.090975 105.084045
5.096780 0.000000
5.102585 69.802231
5.108390 135.568222
5.114195 135.599823
5.120000 135.285995
5.125805 72.044922
5.131610 72.057266
5.137415 70.810387
5.143220 70.794235
5.149025 70.005424
5.154830 69.993385
5.160635 70.006660
5.166440 71.531967
5.172245 134.809357
5.178050 71.539413
5.183855 69.819565
5.189660 71.564453
5.195465 71.559525
5.201270 71.536057
5.207075 70.343086
5.212880 70.433052
5.218685 70.734612
5.224490 70.828880
5.230295 71.195053
5.236100 71.019745
5.241905 71.303505
5.247710 142.405685
5.253515 130.747864
5.259320 130.719620
5.265125 178.745209
5.270930 178.668884
5.276735 133.042542
5.282540 74.644737
5.288345 74.596321
5.294150 67.247726
5.299954 74.348145
5.305759 74.298576
5.311564 67.277908
5.317369 88.710571
5.323174 88.635529
5.328979 88.592903
5.334785 531.615723
5.340590 531.328918
5.346395 531.012695
5.352200 530.623169
5.358005 530.226685
5.363810 554.333557
5.369615 554.803589
5.375420 175.996613
5.381225 0.000000
5.387030 0.000000
5.392835 173.405334
5.398640 173.605179
5.404444 0.000000
5.410249 0.000000
5.416054 0.000000
5.421859 111.511673
5.427664 203.945389
5.433469 177.781326
5.439274 178.181274
5.445079 178.667480
5.450884 132.455673
5.456689 132.239120
5.462494 169.139496
5.468299 66.594894
5.474104 113.977966
5.479909 0.000000
5.485714 0.000000
5.491519 179.973495
5.497324 558.112122
5.503129 567.331421
5.508934 106.462234
5.514739 199.975510
5.520544 200.060135
5.526349 200.045746
5.532154 269.820190
5.537959 270.630280
5.543764 0.000000
5.549569 225.720551
5.555374 226.694138
5.561179 237.129456
5.566984 132.828552
5.572789 132.823547
5.578594 128.976501
5.584399 129.180908
5.590204 129.274689
5.596009 133.121033
5.601814 133.187408
5.607619 133.241028
5.613424 133.233154
5.619229 133.031677
5.625034 132.743225
5.630839 65.219353
5.636644 65.217400
5.642449 64.375923
5.648254 128.830750
5.654059 128.861710
5.659864 128.822403
5.665669 128.687912
5.671474 64.640991
5.677279 65.250374
5.683084 87.625702
5.688889 0.000000
5.694694 0.000000
5.700499 120.623459
5.706304 131.238342
5.712109 131.377243
5.717914 131.613113
5.723719 62.372093
5.729524 64.395309
5.735329 64.372856
5.741134 64.279030
5.746939 64.307205
5.752744 63.147869
5.758549 63.184959
5.764354 63.193192
5.770159 63.188869
5.775964 63.654083
5.781769 63.184975
5.787574 63.086521
5.793379 63.020348
5.799184 62.749393
5.804989 62.790295
5.810794 64.705101
5.816598 63.382969
5.822403 133.856430
5.828208 63.741211
5.834013 63.644234
5.839818 63.529064
5.845623 157.829193
5.851429 169.569290
5.857234 169.452194
5.863039 3418.108154
5.868844 323.189087
5.874649 323.861481
5.880454 134.222900
5.886259 134.189743
5.892064 3115.861816
5.897869 3151.133057
5.903674 3198.098145
5.909479 3214.660889
5.915284 3220.429932
5.921088 3187.001221
5.926893 3118.355225
5.932698 3142.924072
5.938503 70.004677
5.944308 70.022430
5.950113 70.042091
5.955918 69.827133
5.961723 69.707909
5.967528 69.689041
5.973333 69.739983
5.979138 69.827332
5.984943 70.346169
5.990748 72.405289
5.996553 73.678314
6.002358 145.716797
6.008163 138.756775
6.013968 137.728287
6.019773 137.599152
6.025578 107.011337
6.031383 103.786774
6.037188 99.951874
6.042993 99.932266
6.048798 76.002121
6.054603 76.011375
6.060408 76.010384
6.066213 102.190079
6.072018 152.707733
6.077823 152.678207
6.083628 76.389641
6.089433 76.474266
6.095238 76.508530
6.101043 76.503281
6.106848 76.117882
6.112653 76.041550
6.118458 315.198425
6.124263 289.904541
6.130068 289.870422
6.135873 290.792542
6.141678 293.442413
6.147483 295.215851
6.153288 296.625488
6.159093 323.841980
6.164898 147.738754
6.170703 147.092422
6.176508 144.371384
6.182313 286.423096
6.188118 83.362396
6.193923 82.176010
6.199728 81.239876
6.205533 82.299484
6.211338 83.202957
6.217143 84.237808
6.222948 84.155479
6.228753 70.638771
6.234558 70.777771
6.240363 70.832512
6.246168 70.667839
6.251973 70.468262
6.257778 69.720680
6.263583 70.455597
6.269388 70.474464
6.275193 70.513840
6.280998 70.946388
6.286803 70.950729
6.292608 70.299034
6.298413 70.107025
6.304218 68.837151
6.310023 349.057800
6.315828 347.940796
6.321633 345.006866
6.327438 341.909760
6.333242 339.651917
6.339047 134.878952
6.344852 270.611023
6.350657 257.296600
6.356462 256.722839
6.362267 271.738861
6.368073 251.000183
6.373878 251.442490
6.379683 287.599762
6.385488 3683.172119
6.391293 3654.244141
6.397098 3549.962646
6.402903 3341.369385
6.408708 3104.341797
6.414513 3066.249756
6.420318 3090.925781
6.426123 3078.796143
6.431927 3045.806396
6.437732 3044.180664
6.443537 296.740326
6.449342 293.112854
6.455147 290.770020
6.460952 289.135468
6.466757 309.742462
6.472562 312.729950
6.478367 308.108826
6.484172 147.909836
6.489977 143.644699
6.495782 71.434769
6.501587 71.425316
6.507392 70.675560
6.513197 70.722504
6.519002 71.501183
6.524807 71.510002
6.530612 70.653580
6.536417 70.730209
6.542222 70.778145
6.548027 70.833336
6.553832 71.077789
6.559637 71.181213
6.565442 71.240540
6.571247 71.171654
6.577052 71.061317
6.582857 70.906464
6.588662 70.992912
6.594467 71.139160
6.600272 71.352753
6.606077 75.405464
6.611882 75.184532
6.617687 75.101677
6.623492 286.219025
6.629297 285.803528
6.635102 283.241455
6.640907 282.357574
6.646712 282.259796
6.652517 270.357056
6.658322 270.481689
6.664127 273.209869
6.669932 273.163544
6.675737 272.212189
6.681542 271.609650
6.687347 267.458862
6.693152 132.871078
6.698957 131.736816
6.704762 131.626617
6.710567 131.503235
6.716372 131.448318
6.722177 262.512299
6.727982 262.459991
6.733787 262.119507
6.739592 251.621017
6.745397 242.671982
6.751202 0.000000
6.757007 0.000000
6.762812 278.943817
6.768617 279.752625
6.774422 280.811890
6.780227 280.132629
6.786032 280.052979
6.791837 308.046814
6.797642 311.276886
6.803447 324.601318
6.809252 0.000000
6.815057 134.472900
6.820862 134.427551
6.826667 131.402100
6.832472 129.084824
6.838277 128.746719
6.844081 126.279839
6.849886 64.930847
6.855691 64.923073
6.861496 64.899261
6.867301 64.882088
6.873106 64.968681
6.878911 65.710037
6.884717 65.279228
6.890522 64.197365
6.896327 63.819599
6.902132 62.320705
6.907937 130.805222
6.913742 159.423218
6.919547 159.171829
6.925352 64.319931
6.931157 118.049431
6.936962 117.923393
6.942767 137.062241
6.948571 106.377121
6.954376 103.776321
6.960181 84.123039
6.965986 72.216949
6.971791 72.284180
6.977596 108.105721
6.983401 101.733917
6.989206 101.451668
6.995011 62.827515
