0.000000 0.000000
0.005805 0.000000
0.011610 0.000000
0.017415 195.518417
0.023220 147.016922
0.029025 147.108200
0.034830 147.189926
0.040635 147.271744
0.046440 147.388275
0.052245 147.552505
0.058050 147.692169
0.063855 147.689224
0.069660 147.516617
0.075465 147.415604
0.081270 147.379730
0.087075 147.265518
0.092880 147.063583
0.098685 146.915955
0.104490 146.919373
0.110295 73.619255
0.116100 147.374237
0.121905 147.422516
0.127710 147.268082
0.133515 146.972534
0.139320 146.841400
0.145125 146.828812
0.150930 146.754044
0.156735 146.653885
0.162540 146.579224
0.168345 146.523956
0.174150 146.502029
0.179955 146.582123
0.185760 146.704620
0.191565 146.751862
0.197370 146.673737
0.203175 146.529739
0.208980 146.394653
0.214785 146.394485
0.220590 146.574905
0.226395 146.801804
0.232200 146.912949
0.238005 146.876236
0.243810 146.785873
0.249615 146.664810
0.255419 146.695862
0.261224 146.882095
0.267029 147.019135
0.272834 147.033203
0.278639 146.865707
0.284444 146.637360
0.290249 130.249496
0.296054 109.861923
0.301859 109.768364
0.307664 146.285446
0.313469 146.297897
0.319274 146.304382
0.325079 146.297180
0.330884 146.287231
0.336689 146.303650
0.342494 146.349319
0.348299 146.368652
0.354104 146.322525
0.359909 146.232635
0.365714 146.162079
0.371519 146.158066
0.377324 146.161514
0.383129 146.135330
0.388934 146.101013
0.394739 146.020264
0.400544 145.887558
0.406349 145.789383
0.412154 218.846848
0.417959 109.316963
0.423764 109.348618
0.429569 145.353943
0.435374 85.220520
0.441179 85.245895
0.446984 85.246338
0.452789 85.311104
0.458594 109.828873
0.464399 110.091675
0.470204 144.638351
0.476009 221.293839
0.481814 221.440704
0.487619 221.388626
0.493424 221.354492
0.499229 221.470551
0.505034 221.678970
0.510839 145.929001
0.516644 145.871857
0.522449 145.625137
0.528254 109.966064
0.534059 150.784134
0.539864 150.836914
0.545669 150.710434
0.551474 146.083115
0.557279 145.932251
0.563084 219.512375
0.568889 219.709686
0.574694 219.877029
0.580499 145.609116
0.586304 85.322357
0.592109 85.286629
0.597914 82.646004
0.603719 82.675011
0.609524 88.406746
0.615329 82.645668
0.621134 4032.496826
0.626939 3941.340088
0.632744 3879.239990
0.638549 220.704773
0.644354 83.858665
0.650159 220.815201
0.655964 220.821732
0.661769 220.809464
0.667574 220.763245
0.673379 220.759109
0.679184 220.820435
0.684989 220.952316
0.690794 110.238716
0.696599 110.254349
0.702404 145.674149
0.708209 145.694443
0.714014 145.636765
0.719819 150.564926
0.725624 150.258545
0.731429 149.982986
0.737234 149.770721
0.743039 149.837982
0.748844 150.205429
0.754649 150.249237
0.760454 149.949570
0.766258 149.622055
0.772063 145.767746
0.777869 146.094376
0.783673 146.196960
0.789478 146.463287
0.795283 146.783920
0.801088 146.862946
0.806893 146.855652
0.812698 146.947876
0.818503 147.264023
0.824308 147.646347
0.830113 147.433563
0.835918 147.327789
0.841723 147.352219
0.847528 147.575653
0.853333 148.350388
0.859138 148.722412
0.864943 149.016037
0.870748 149.414383
0.876553 149.634659
0.882358 149.846848
0.888163 150.021759
0.893968 150.003143
0.899773 150.005203
0.905578 150.076569
0.911383 220.702652
0.917188 220.551956
0.922993 146.106979
0.928798 145.933289
0.934603 145.707428
0.940408 145.684235
0.946213 145.892044
0.952018 146.211609
0.957823 146.435211
0.963628 146.406708
0.969433 146.291534
0.975238 146.352875
0.981043 146.692169
0.986848 147.076080
0.992653 147.335236
0.998458 147.527039
1.004263 147.711777
1.010068 147.831818
1.015873 147.869537
1.021678 147.878784
1.027483 222.285706
1.033288 222.429245
1.039093 222.902725
1.044898 223.681473
1.050703 224.382812
1.056508 224.612015
1.062313 200.711197
1.068118 200.332001
1.073923 200.051239
1.079728 98.501984
1.085533 98.512970
1.091338 98.588219
1.097143 98.643883
1.102948 98.678864
1.108753 98.708107
1.114558 98.676178
1.120363 98.645424
1.126168 98.819458
1.131973 98.997581
1.137778 221.294769
1.143583 147.135071
1.149388 98.591179
1.155193 98.555641
1.160998 98.581062
1.166803 98.583778
1.172608 98.533218
1.178413 197.173019
1.184218 197.419510
1.190023 198.036102
1.195828 198.782745
1.201633 98.266914
1.207438 98.373001
1.213243 98.563461
1.219048 98.574287
1.224853 98.508499
1.230658 199.413162
1.236463 198.929474
1.242268 198.644928
1.248073 198.794373
1.253878 199.136139
1.259683 198.828369
1.265488 198.290894
1.271293 98.508003
1.277097 220.786194
1.282902 221.187103
1.288707 221.437836
1.294513 221.522720
1.300317 147.132095
1.306122 147.172867
1.311927 147.130066
1.317732 147.087662
1.323537 147.114166
1.329342 147.218735
1.335147 147.424316
1.340952 147.735840
1.346757 147.784805
1.352562 110.403496
1.358367 78.849319
1.364172 73.416229
1.369977 73.348167
1.375782 73.322563
1.381587 73.350243
1.387392 147.122345
1.393197 147.133560
1.399002 147.049484
1.404807 220.150406
1.410612 219.967926
1.416417 219.991013
1.422222 220.162659
1.428027 220.373901
1.433832 220.520218
1.439637 220.527222
1.445442 220.441315
1.451247 220.334259
1.457052 220.167450
1.462857 219.932892
1.468662 219.838135
1.474467 219.979431
1.480272 220.147369
1.486077 220.170578
1.491882 220.110214
1.497687 220.178314
1.503492 220.410995
1.509297 220.611404
1.515102 220.704895
1.520907 220.722305
1.526712 220.744827
1.532517 220.852249
1.538322 221.008560
1.544127 221.117569
1.549932 221.160858
1.555737 221.114990
1.561542 220.981415
1.567347 220.862823
1.573152 220.806702
1.578957 220.822479
1.584762 220.857056
1.590567 220.788574
1.596372 220.578339
1.602177 220.321472
1.607982 220.162491
1.613787 220.108154
1.619592 220.079102
1.625397 220.019913
1.631202 219.923126
1.637007 219.781158
1.642812 219.648087
1.648617 73.229294
1.654422 145.999115
1.660227 147.902252
1.666032 83.638542
1.671837 87.916161
1.677642 78.520973
1.683447 73.325630
1.689252 146.844452
1.695057 146.941833
1.700862 147.005798
1.706667 73.415543
1.712472 73.399605
1.718277 147.263123
1.724082 147.267929
1.729887 147.172913
1.735692 147.007004
1.741497 147.012085
1.747302 147.296982
1.753107 147.538635
1.758912 220.814468
1.764717 220.717529
1.770522 220.650101
1.776327 148.324600
1.782132 147.770615
1.787936 73.294334
1.793741 73.279991
1.799546 146.722885
1.805351 146.814392
1.811157 146.934235
1.816961 146.862793
1.822766 146.597214
1.828571 146.372604
1.834376 146.425964
1.840181 146.657303
1.845986 146.815750
1.851791 146.846634
1.857596 146.771545
1.863401 146.804199
1.869206 147.052017
1.875011 147.154663
1.880816 147.158203
1.886621 147.178589
1.892426 147.240662
1.898231 147.258926
1.904036 147.218460
1.909841 147.252640
1.915646 147.347412
1.921451 99.566284
1.927256 147.142944
1.933061 147.089386
1.938866 147.073502
1.944671 147.043869
1.950476 147.008972
1.956281 146.926865
1.962086 146.752792
1.967891 146.657394
1.973696 146.807251
1.979501 147.047363
1.985306 157.127335
1.991111 157.314041
1.996916 157.563507
2.002721 167.112442
2.008526 73.287643
2.014331 165.744858
2.020136 92.546547
2.025941 182.915863
2.031746 183.164688
2.037551 183.250992
2.043356 183.602646
2.049161 94.864120
2.054966 95.150383
2.060771 219.556946
2.066576 219.650940
2.072381 219.417236
2.078186 219.298981
2.083991 219.333847
2.089796 219.398926
2.095601 219.380661
2.101406 197.562012
2.107211 197.910477
2.113016 198.312317
2.118821 198.111694
2.124626 98.671120
2.130431 197.667526
2.136236 197.770096
2.142041 197.587326
2.147846 98.513481
2.153651 98.680092
2.159456 98.850662
2.165261 98.910446
2.171066 98.837631
2.176871 98.523239
2.182676 97.000977
2.188481 96.204514
2.194286 95.739388
2.200091 146.412842
2.205896 146.533661
2.211701 146.781952
2.217506 146.998138
2.223311 147.083878
2.229116 147.113312
2.234921 147.026047
2.240726 146.930206
2.246531 146.965485
2.252336 146.918289
2.258141 219.681381
2.263946 219.376373
2.269751 219.046967
2.275556 206.193420
2.281361 206.280807
2.287166 182.527176
2.292970 182.322937
2.298775 81.896973
2.304580 218.212982
2.310385 218.866348
2.316190 73.532341
2.321995 73.504456
2.327801 73.545807
2.333606 73.586334
2.339411 80.692924
2.345215 146.171371
2.351020 146.536514
2.356825 146.991913
2.362630 146.977585
2.368435 146.866180
2.374240 146.952515
2.380045 147.141815
2.385850 147.375900
2.391655 147.525787
2.397460 147.522568
2.403265 98.814865
2.409070 98.489944
2.414875 98.159912
2.420680 147.272964
2.426485 147.402878
2.432290 147.429825
2.438095 147.439743
2.443900 147.690353
2.449705 148.052124
2.455510 148.349106
2.461315 73.777336
2.467120 98.813774
2.472925 98.888336
2.478730 73.949051
2.484535 73.862061
2.490340 148.837372
2.496145 148.777252
2.501950 148.658142
2.507755 148.586472
2.513560 0.000000
2.519365 4286.945801
2.525170 4705.781250
2.530975 4813.501953
2.536780 4742.140625
2.542585 4603.268066
2.548390 4536.392090
2.554195 4548.190918
2.560000 4528.854004
2.565805 4389.542480
2.571610 4156.497559
2.577415 189.959442
2.583220 190.066101
2.589025 189.917694
2.594830 190.265701
2.600635 98.186272
2.606440 98.715103
2.612245 99.905830
2.618050 100.509003
2.623855 391.226471
2.629660 391.763977
2.635465 99.099991
2.641270 99.575844
2.647075 99.805450
2.652880 199.871552
2.658685 199.570633
2.664490 199.160172
2.670295 198.648224
2.676100 198.073685
2.681905 197.417267
2.687710 196.560669
2.693515 195.612976
2.699320 195.027802
2.705125 194.805420
2.710930 194.728287
2.716735 194.618164
2.722540 97.141510
2.728345 97.199928
2.734150 97.340759
2.739955 97.460632
2.745760 97.513130
2.751565 97.460983
2.757370 97.281952
2.763175 97.042503
2.768980 193.525574
2.774785 193.248001
2.780590 192.969315
2.786395 192.682877
2.792200 192.490753
2.798005 192.372910
2.803810 192.250031
2.809614 192.205048
2.815419 192.300201
2.821224 192.342636
2.827029 192.192734
2.832834 96.143463
2.838639 192.359650
2.844445 192.884857
2.850250 193.356903
2.856054 193.657120
2.861859 193.884079
2.867664 194.111908
2.873469 194.487640
2.879274 195.180771
2.885079 195.693298
2.890884 195.654526
2.896689 78.643806
2.902494 78.776833
2.908299 185.703629
2.914104 185.909988
2.919909 195.528107
2.925714 195.757767
2.931519 195.848038
2.937324 195.529907
2.943129 195.126953
2.948934 195.070068
2.954739 195.115631
2.960544 195.063049
2.966349 195.054932
2.972154 194.973740
2.977959 194.333542
2.983764 193.394836
2.989569 192.657440
2.995374 191.928986
3.001179 191.055084
3.006984 189.845016
3.012789 186.014771
3.018594 184.874588
3.024399 183.790512
3.030204 182.232239
3.036009 175.312195
3.041814 345.687653
3.047619 344.395599
3.053424 166.073532
3.059229 162.112350
3.065034 156.994537
3.070839 148.073547
3.076644 147.786041
3.082449 147.368103
3.088254 146.613831
3.094059 145.719772
3.099864 140.766113
3.105669 140.006714
3.111474 139.444046
3.117279 133.067703
3.123084 138.646637
3.128889 98.047112
3.134694 98.090050
3.140499 98.332848
3.146304 98.781967
3.152109 99.496300
3.157914 98.211105
3.163719 98.078140
3.169524 98.039398
3.175329 98.097282
3.181134 98.234215
3.186939 98.375511
3.192744 98.508957
3.198549 98.397896
3.204354 149.146927
3.210159 149.166199
3.215964 149.053238
3.221769 148.963486
3.227574 148.998520
3.233379 148.955460
3.239184 3799.056396
3.244989 3918.621094
3.250794 147.576218
3.256599 147.778992
3.262404 149.194382
3.268209 149.732285
3.274014 4510.312012
3.279819 4522.165527
3.285624 4488.619629
3.291429 99.840279
3.297234 97.738922
3.303039 148.918671
3.308844 148.465271
3.314649 147.495789
3.320453 99.120621
3.326258 99.097443
3.332063 99.142052
3.337868 99.143867
3.343673 98.453430
3.349478 98.424431
3.355283 98.334412
3.361089 98.349884
3.366894 98.821480
3.372698 98.944992
3.378503 99.221405
3.384308 99.474014
3.390113 4175.777344
3.395918 4175.100098
3.401723 4131.653320
3.407528 99.068237
3.413333 203.250137
3.419138 4116.088867
3.424943 97.708351
3.430748 97.815414
3.436553 146.145477
3.442358 146.387222
3.448163 98.348419
3.453968 220.991196
3.459773 220.624817
3.465578 220.899780
3.471383 147.331345
3.477188 147.045807
3.482993 146.581772
3.488798 215.677414
3.494603 215.013458
3.500408 215.402206
3.506213 219.102798
3.512018 219.509247
3.517823 220.095261
3.523628 198.505142
3.529433 198.874985
3.535238 199.498901
3.541043 199.760468
3.546848 199.937607
3.552653 199.875504
3.558458 199.465179
3.564263 199.107864
3.570068 198.858551
3.575873 199.165802
3.581678 199.565414
3.587483 199.772263
3.593288 199.560989
3.599093 198.120438
3.604898 197.835861
3.610703 198.234314
3.616508 198.782425
3.622313 199.387482
3.628118 199.753830
3.633923 199.974228
3.639728 199.887497
3.645533 198.430145
3.651338 196.348709
3.657143 196.512222
3.662948 196.630112
3.668753 196.772049
3.674558 197.244247
3.680363 197.070969
3.686168 196.964783
3.691973 197.021362
3.697778 198.356140
3.703583 198.429291
3.709388 198.459351
3.715193 198.440811
3.720998 198.223099
3.726803 197.989944
3.732608 198.037262
3.738413 198.011566
3.744218 197.800201
3.750023 197.619873
3.755828 197.477798
3.761633 148.296555
3.767438 148.181259
3.773243 147.810745
3.779048 147.417999
3.784853 147.389847
3.790658 147.546249
3.796463 147.430542
3.802268 146.963272
3.808073 146.952042
3.813878 147.231903
3.819683 109.954262
3.825488 109.948280
3.831293 73.388824
3.837097 73.398750
3.842902 73.379784
3.848707 146.973953
3.854512 146.713821
3.860317 146.532181
3.866122 219.999756
3.871927 220.047668
3.877733 220.160004
3.883538 220.323120
3.889342 220.328781
3.895147 220.213516
3.900952 220.194366
3.906757 220.258057
3.912562 220.292984
3.918367 220.274033
3.924172 220.247864
3.929977 109.981430
3.935782 220.138153
3.941587 220.128479
3.947392 220.161697
3.953197 220.189774
3.959002 220.163589
3.964807 220.100616
3.970612 220.095078
3.976417 146.640182
3.982222 220.167465
3.988027 220.163055
3.993832 220.144653
3.999637 220.107788
4.005442 220.064651
4.011247 220.075150
4.017052 2410.134277
4.022857 2414.030273
4.028662 2442.669434
4.034467 2476.458252
4.040272 100.667130
4.046077 100.647522
4.051882 100.570885
4.057687 220.212738
4.063492 220.137497
4.069297 220.035492
4.075102 220.034515
4.080907 220.142517
4.086712 220.265945
4.092517 220.331711
4.098322 100.375465
4.104127 73.337822
4.109932 73.300461
4.115737 147.069199
4.121542 137.745804
4.127347 96.633095
4.133152 96.629486
4.138957 95.149002
4.144762 73.319435
4.150567 73.289627
4.156372 146.604828
4.162177 219.914520
4.167982 73.412186
4.173787 73.382187
4.179592 73.345947
4.185397 146.700821
4.191202 73.325928
4.197007 219.827393
4.202812 219.716568
4.208617 219.631897
4.214422 219.667679
4.220227 219.849487
4.226032 73.322914
4.231837 219.829803
4.237642 219.738892
4.243447 110.007973
4.249252 109.982246
4.255057 220.062805
4.260862 220.024933
4.266667 219.899200
4.272471 109.938026
4.278276 220.001190
4.284081 73.396172
4.289886 73.353371
4.295691 219.816727
4.301497 219.732651
4.307302 219.823685
4.313107 109.861526
4.318912 104.990204
4.324717 100.283531
4.330522 100.239174
4.336327 219.956985
4.342132 219.811325
4.347937 219.793289
4.353742 219.866089
4.359547 219.956451
4.365352 220.042145
4.371157 220.081482
4.376961 219.962402
4.382766 200.823761
4.388571 219.815613
4.394376 219.899521
4.400181 219.960159
4.405986 219.975922
4.411791 219.966125
4.417596 219.926254
4.423401 219.825470
4.429206 219.650223
4.435011 219.492676
4.440816 219.427261
4.446621 219.455917
4.452426 219.598785
4.458231 219.647064
4.464036 155.705368
4.469841 155.824524
4.475646 221.429550
4.481451 221.701904
4.487256 221.331451
4.493061 109.990509
4.498866 109.924789
4.504671 146.300812
4.510476 146.343048
4.516281 146.395325
4.522086 219.669189
4.527891 219.522339
4.533696 219.547913
4.539501 137.911392
4.545306 137.979004
4.551111 137.892334
4.556916 441.582886
4.562721 242.343781
4.568526 242.046906
4.574331 109.679581
4.580136 109.716827
4.585941 109.822327
4.591746 109.901283
4.597551 146.282074
4.603356 146.725021
4.609161 147.094589
4.614966 147.098572
4.620771 146.914536
4.626576 313.385101
4.632381 315.313873
4.638186 315.578918
4.643991 73.265190
4.649796 146.540482
4.655601 146.644623
4.661406 146.663483
4.667211 146.618866
4.673016 146.662781
4.678821 146.886780
4.684626 147.106445
4.690431 156.282440
4.696236 99.818306
4.702041 156.564407
4.707846 95.852997
4.713651 95.714058
4.719456 146.883514
4.725261 313.397491
4.731066 270.507904
4.736871 212.481400
4.742676 211.546585
4.748481 183.947235
4.754286 158.689117
4.760091 159.984238
4.765896 162.007156
4.771701 165.845963
4.777506 279.459290
4.783311 282.305481
4.789115 173.562134
4.794920 174.979324
4.800725 176.560486
4.806530 178.201599
4.812335 178.996765
4.818141 179.313370
4.823946 179.331314
4.829751 179.575668
4.835556 183.607834
4.841361 185.233551
4.847166 186.127243
4.852971 186.874771
4.858776 187.931320
4.864581 189.233078
4.870386 191.182495
4.876191 194.427002
4.881996 197.674774
4.887800 200.212173
4.893605 202.709229
4.899410 205.414169
4.905215 210.322098
4.911020 214.636078
4.916825 216.880615
4.922630 218.325394
4.928435 219.467361
4.934240 220.302353
4.940045 220.687988
4.945850 220.761490
4.951655 220.964569
4.957460 221.751602
4.963265 223.103500
4.969070 223.878006
4.974875 223.486526
4.980680 222.204926
4.986485 220.599670
4.992290 219.500946
4.998095 219.350464
5.003900 95.788925
5.009705 96.414955
5.015510 96.766716
5.021315 96.913513
5.027120 96.947128
5.032925 96.983337
5.038730 95.069839
5.044535 94.748169
5.050340 80.562683
5.056145 80.894928
5.061950 168.709671
5.067755 168.127151
5.073560 166.496552
5.079365 166.012177
5.085170 174.660873
5.090975 175.172073
5.096780 182.070175
5.102585 183.263809
5.108390 184.970993
5.114195 187.626083
5.120000 192.473724
5.125805 196.362106
5.131610 99.616081
5.137415 200.273270
5.143220 200.995087
5.149025 201.558395
5.154830 201.869141
5.160635 201.851547
5.166440 201.499176
5.172245 200.833740
5.178050 199.790512
5.183855 198.444061
5.189660 197.129120
5.195465 196.012634
5.201270 194.983795
5.207075 193.917725
5.212880 192.911362
5.218685 192.067001
5.224490 191.294342
5.230295 190.710098
5.236100 190.392487
5.241905 95.340874
5.247710 95.589630
5.253515 192.061203
5.259320 193.388794
5.265125 194.834717
5.270930 196.427032
5.276735 197.909271
5.282540 199.202850
5.288345 200.198776
5.294150 200.677261
5.299954 200.628799
5.305759 200.193497
5.311564 199.488770
5.317369 198.646515
5.323174 197.741608
5.328979 196.975433
5.334785 196.422791
5.340590 195.985794
5.346395 97.661949
5.352200 97.651657
5.358005 97.528427
5.363810 96.712463
5.369615 76.580925
5.375420 76.265831
5.381225 76.373398
5.387030 78.652428
5.392835 133.620819
5.398640 133.506943
5.404444 78.713684
5.410249 78.658997
5.416054 134.417435
5.421859 99.362587
5.427664 99.612801
5.433469 99.523987
5.439274 99.255028
5.445079 98.927658
5.450884 98.570786
5.456689 132.863815
5.462494 131.776138
5.468299 97.927231
5.474104 97.717461
5.479909 97.344269
5.485714 97.104301
5.491519 96.964508
5.497324 96.683174
5.503129 96.323288
5.508934 96.127098
5.514739 95.949539
5.520544 95.597229
5.526349 93.944214
5.532154 147.499466
5.537959 148.108566
5.543764 153.464447
5.549569 154.645706
5.555374 155.143158
5.561179 155.054138
5.566984 148.386963
5.572789 148.179520
5.578594 148.155716
5.584399 151.070190
5.590204 150.979614
5.596009 150.938156
5.601814 150.933517
5.607619 153.060669
5.613424 147.946228
5.619229 151.422485
5.625034 151.556931
5.630839 151.066406
5.636644 146.494293
5.642449 146.353104
5.648254 150.448624
5.654059 149.946960
5.659864 96.407478
5.665669 91.265625
5.671474 187.688416
5.677279 186.955917
5.683084 198.660965
5.688889 200.198380
5.694694 101.310120
5.700499 101.382736
5.706304 202.376541
5.712109 201.620529
5.717914 200.613297
5.723719 199.377823
5.729524 198.184387
5.735329 197.339249
5.741134 196.753403
5.746939 196.203842
5.752744 195.576569
5.758549 194.979401
5.764354 194.507446
5.770159 194.029526
5.775964 193.211670
5.781769 192.359390
5.787574 95.934784
5.793379 95.896225
5.799184 96.056618
5.804989 192.551849
5.810794 192.701538
5.816598 192.212067
5.822403 95.828445
5.828208 95.639954
5.834013 189.897507
5.839818 189.340302
5.845623 95.076508
5.851429 95.243317
5.857234 177.303925
5.863039 177.075607
5.868844 176.190384
5.874649 175.248779
5.880454 174.182312
5.886259 172.450256
5.892064 171.656891
5.897869 172.173141
5.903674 173.531952
5.909479 173.555756
5.915284 148.712723
5.921088 148.734207
5.926893 149.105927
5.932698 149.600388
5.938503 168.999222
5.944308 161.312241
5.950113 161.946075
5.955918 162.015594
5.961723 162.038437
5.967528 198.051819
5.973333 198.747253
5.979138 200.230835
5.984943 200.592575
5.990748 194.621536
5.996553 194.306122
6.002358 194.482391
6.008163 194.743790
6.013968 195.016937
6.019773 195.200623
6.025578 195.347107
6.031383 195.489197
6.037188 195.451309
6.042993 195.232269
6.048798 195.005524
6.054603 194.580933
6.060408 193.833984
6.066213 193.209213
6.072018 192.912506
6.077823 192.858765
6.083628 193.031021
6.089433 193.236923
6.095238 193.110641
6.101043 193.122681
6.106848 193.460785
6.112653 193.881943
6.118458 194.264786
6.124263 194.597656
6.130068 194.806274
6.135873 97.399666
6.141678 97.596397
6.147483 97.776680
6.153288 97.911652
6.159093 98.039703
6.164898 98.218147
6.170703 98.483757
6.176508 98.738419
6.182313 98.868225
6.188118 98.929634
6.193923 98.943092
6.199728 98.885895
6.205533 98.732727
6.211338 98.471024
6.217143 98.248657
6.222948 98.212494
6.228753 98.246284
6.234558 98.256172
6.240363 98.280136
6.246168 98.350166
6.251973 98.403076
6.257778 98.380463
6.263583 98.356880
6.269388 98.351357
6.275193 178.310547
6.280998 98.181236
6.286803 98.058929
6.292608 97.935753
6.298413 97.929962
6.304218 98.036888
6.310023 98.151382
6.315828 98.215332
6.321633 98.203491
6.327438 98.113319
6.333242 196.137772
6.339047 196.041306
6.344852 196.172058
6.350657 196.400223
6.356462 196.613800
6.362267 98.292465
6.368073 196.797287
6.373878 196.751694
6.379683 98.240608
6.385488 98.152596
6.391293 98.023193
6.397098 195.595337
6.402903 195.042740
6.408708 194.524887
6.414513 194.270187
6.420318 194.253555
6.426123 194.353561
6.431927 194.432816
6.437732 194.487473
6.443537 194.666397
6.449342 195.050095
6.455147 195.530457
6.460952 195.903198
6.466757 196.149078
6.472562 196.304810
6.478367 196.145294
6.484172 195.483856
6.489977 194.162613
6.495782 192.936890
6.501587 192.499313
6.507392 192.713440
6.513197 670.792236
6.519002 667.071045
6.524807 160.090988
6.530612 98.120461
6.536417 194.740692
6.542222 194.819565
6.548027 195.186066
6.553832 391.233948
6.559637 392.156738
6.565442 393.690063
6.571247 395.935944
6.577052 398.344055
6.582857 99.026588
6.588662 98.767822
6.594467 130.476898
6.600272 129.332062
6.606077 192.988724
6.611882 191.549072
6.617687 75.644043
6.623492 75.383972
6.629297 188.867371
6.635102 188.109039
6.640907 187.576935
6.646712 187.016220
6.652517 186.032990
6.658322 185.024689
6.664127 184.487610
6.669932 184.186493
6.675737 183.761581
6.681542 183.443939
6.687347 183.409073
6.693152 183.303802
6.698957 183.134384
6.704762 183.226166
6.710567 183.404144
6.716372 183.345490
6.722177 183.572830
6.727982 184.679779
6.733787 93.326965
6.739592 93.384369
6.745397 93.425537
6.751202 186.932114
6.757007 186.660950
6.762812 185.639755
6.768617 184.801346
6.774422 184.631363
6.780227 184.906647
6.786032 93.216675
6.791837 93.662529
6.797642 98.078217
6.803447 98.262405
6.809252 98.486374
6.815057 98.620171
6.820862 98.541359
6.826667 98.456200
6.832472 98.400078
6.838277 74.450798
6.844081 74.326965
6.849886 98.517693
6.855691 98.470009
6.861496 74.394600
6.867301 110.993279
6.873106 112.167656
6.878911 112.350426
6.884717 196.679016
6.890522 198.825684
6.896327 199.197739
6.902132 113.063652
6.907937 111.640083
6.913742 110.434341
6.919547 223.880096
6.925352 74.349327
6.931157 74.358612
6.936962 74.222214
6.942767 74.098824
6.948571 74.082748
6.954376 166.392792
6.960181 167.082062
6.965986 169.870056
6.971791 171.242569
6.977596 172.718079
6.983401 175.317184
6.989206 177.246643
6.995011 178.923874
7.000816 180.330750
7.006621 181.239365
7.012426 182.331787
7.018231 183.676483
7.024036 184.802246
7.029841 185.498535
7.035646 186.013428
7.041451 186.439911
7.047256 186.723587
7.053061 186.908585
7.058866 187.061951
7.064671 187.303467
7.070476 187.597961
7.076281 187.798828
7.082086 187.824295
7.087891 187.814941
7.093696 187.853165
7.099501 187.958160
7.105306 188.116882
7.111111 188.378555
7.116916 188.729202
7.122721 188.931320
7.128526 74.656097
7.134331 74.749031
7.140136 74.779022
7.145941 97.590042
7.151746 189.137527
7.157551 128.093048
7.163356 397.038605
7.169161 395.754852
7.174966 393.918640
7.180771 127.352531
7.186576 127.726135
7.192381 127.267540
7.198186 95.388435
7.203991 190.628204
7.209796 190.304489
7.215601 190.167313
7.221406 190.542068
7.227211 191.179092
7.233016 191.632111
7.238821 191.915024
7.244626 192.431946
7.250431 197.195023
7.256236 195.782684
7.262041 97.903496
7.267846 97.928650
7.273651 93.838287
7.279456 93.903664
7.285261 191.505203
7.291066 189.710724
7.296871 189.460922
7.302676 189.207062
7.308481 421.538574
7.314286 181.046509
7.320091 180.363663
7.325896 179.473129
7.331701 179.009384
7.337506 179.308838
7.343311 362.289398
7.349116 364.501465
7.354921 369.655884
7.360725 371.424927
7.366530 370.405273
7.372335 367.719727
7.378140 363.630585
7.383945 360.077850
7.389750 358.056000
7.395555 357.776123
7.401361 358.329407
7.407166 357.891510
7.412971 178.443192
7.418776 177.788315
7.424581 177.477005
7.430386 177.407288
7.436191 177.413712
7.441996 177.203247
7.447801 297.093994
7.453606 297.948395
7.459411 176.953903
7.465215 176.610077
7.471020 176.362076
7.476825 176.866440
7.482630 177.799042
7.488435 178.737457
7.494240 179.495407
7.500045 180.004456
7.505850 180.234528
7.511655 180.113785
7.517460 179.779099
7.523265 180.292816
7.529070 293.640778
7.534875 292.183441
7.540680 291.098999
7.546485 291.214691
7.552290 195.561829
7.558095 147.688278
7.563900 195.416199
7.569705 195.157410
7.575510 195.278793
7.581315 195.519547
7.587120 195.613251
7.592925 195.645630
7.598730 97.874207
7.604535 97.925285
7.610340 98.019394
7.616145 98.157349
7.621950 98.295319
7.627755 98.405586
7.633560 196.972092
7.639365 196.915283
7.645170 98.380386
7.650975 98.344177
7.656780 98.310852
7.662585 98.281670
7.668390 98.280960
7.674195 98.234985
7.680000 196.141617
7.685805 195.824951
7.691610 195.754242
7.697415 195.883835
7.703220 195.948593
7.709025 195.916580
7.714830 195.906311
7.720635 195.986221
7.726440 196.176407
7.732245 196.458282
7.738050 196.733047
7.743855 196.869125
7.749660 196.883240
7.755465 196.899353
7.761270 196.959854
7.767075 196.940216
7.772880 196.718475
7.778685 196.430389
7.784490 196.285995
7.790295 196.274292
7.796100 196.190048
7.801905 195.998871
7.807710 195.870270
7.813515 195.718246
7.819320 158.662323
7.825125 131.341064
7.830930 131.497391
7.836735 88.152794
7.842540 65.341331
7.848345 131.762497
7.854150 131.727631
7.859955 131.900528
7.865760 193.748474
7.871564 194.214569
7.877369 194.426163
7.883174 194.474304
7.888979 197.602463
7.894784 198.395020
7.900589 192.693802
7.906394 193.206482
7.912199 193.232513
7.918005 130.639435
7.923810 130.894989
7.929615 130.767899
7.935420 130.254440
7.941225 130.014526
7.947030 193.724930
7.952835 193.505920
7.958640 193.244781
7.964445 198.631882
7.970250 198.712143
7.976054 198.652100
7.981859 129.829315
7.987664 129.643982
7.993469 193.661682
7.999274 197.763306
8.005079 130.486115
8.010884 130.548355
8.016689 130.540253
8.022494 130.510895
8.028299 192.424026
8.034104 192.415680
8.039909 130.185928
8.045714 194.814835
8.051519 195.042984
8.057324 195.504578
8.063129 196.178192
8.068934 196.521637
8.074739 195.396347
8.080544 195.688629
8.086349 196.360779
8.092155 197.006912
8.097960 130.348877
8.103765 130.343811
8.109570 197.065094
8.115375 130.536636
8.121180 130.626511
8.126985 196.326767
8.132789 196.283020
8.138594 196.308350
8.144399 196.433487
8.150204 196.321823
8.156009 196.162933
8.161814 196.345627
8.167619 196.556015
8.173424 196.489151
8.179229 196.500717
8.185034 196.770844
8.190839 197.021774
8.196644 197.091232
8.202449 197.056549
8.208254 196.840378
8.214059 196.468033
8.219864 196.028290
8.225669 195.831848
8.231474 196.038986
8.237279 196.470352
8.243084 196.694260
8.248889 196.505569
8.254694 196.346069
8.260499 196.483322
8.266304 196.829056
8.272109 197.074753
8.277914 196.974808
8.283719 196.750778
8.289524 196.653122
8.295329 196.501892
8.301134 196.016769
8.306939 195.650818
8.312744 195.501892
8.318549 195.459045
8.324354 195.416183
8.330159 195.431564
8.335963 195.609711
8.341768 195.837952
8.347573 196.087814
8.353378 196.279022
8.359183 196.100006
8.364988 195.777542
8.370793 195.423264
8.376598 195.052872
8.382403 194.812256
8.388208 194.690643
8.394013 194.434784
8.399818 194.245636
8.405623 194.547668
8.411428 194.890106
8.417233 194.903671
8.423038 194.797470
8.428843 194.877747
8.434649 195.147797
8.440454 195.315247
8.446259 195.066040
8.452064 191.370346
8.457869 190.845245
8.463674 130.843002
8.469479 130.763290
8.475284 193.446030
8.481089 261.394196
8.486894 261.383636
8.492699 261.563904
8.498504 190.830383
8.504309 189.899902
8.510114 189.435165
8.515919 188.935577
8.521724 188.072433
8.527529 179.284622
8.533334 177.742950
8.539139 177.350937
8.544943 176.543015
8.550748 175.121902
8.556553 131.090591
8.562358 131.081482
8.568163 131.019165
8.573968 130.908707
8.579773 130.762787
8.585578 157.813721
8.591383 296.836945
8.597188 296.282593
8.602993 296.110596
8.608798 295.851501
8.614603 139.035141
8.620408 138.366547
8.626213 131.453552
8.632018 131.332153
8.637823 131.202255
8.643628 131.021484
8.649433 130.783310
8.655238 130.572739
8.661043 130.496597
8.666848 124.202682
8.672653 123.859550
8.678458 123.716461
8.684263 123.730469
8.690068 65.509270
8.695873 65.474335
8.701678 263.052521
8.707483 263.439331
8.713288 263.659210
8.719093 263.679993
8.724898 263.681610
8.730703 263.743408
8.736508 263.656128
8.742313 131.103699
8.748117 262.966797
8.753922 262.874664
8.759727 262.930206
8.765532 130.968109
8.771338 130.979446
8.777143 130.971680
8.782948 130.973541
8.788753 131.033356
8.794558 131.074142
8.800363 65.511803
8.806168 130.938644
8.811973 65.537697
8.817778 65.549606
8.823583 65.489365
8.829388 65.455612
8.835193 65.481888
8.840998 65.499680
8.846803 65.468758
8.852608 65.428673
8.858413 65.433746
8.864218 131.151154
8.870023 131.140793
8.875828 131.064972
8.881633 65.426414
8.887438 65.443481
8.893243 65.472145
8.899048 65.487663
8.904853 65.517654
8.910658 65.526619
8.916463 196.173630
8.922268 196.071274
8.928073 196.071747
8.933878 196.119400
8.939683 130.765686
8.945488 130.911194
8.951293 130.962830
8.957097 195.460785
8.962902 195.880188
8.968707 196.345596
8.974512 196.444931
8.980317 196.591644
8.986122 130.976669
8.991927 130.799316
8.997732 130.688370
9.003537 65.409988
9.009342 65.416000
9.015147 65.404625
9.020952 65.429703
9.026757 65.489136
9.032562 65.499619
9.038367 65.448524
9.044172 65.446526
9.049977 130.971802
9.055782 131.271164
9.061587 131.233673
9.067392 131.092102
9.073197 131.058441
9.079002 131.061783
9.084807 131.062241
9.090612 131.079758
9.096417 131.055237
9.102222 130.990433
9.108027 130.935104
9.113832 130.958878
9.119637 131.013779
9.125443 131.003296
9.131248 130.945297
9.137053 130.895493
9.142858 130.858688
9.148663 130.825378
9.154468 130.826385
9.160272 130.851074
9.166077 130.851044
9.171882 130.839081
9.177687 130.831787
9.183492 130.841248
9.189297 130.851944
9.195102 130.831512
9.200907 130.812698
9.206712 130.819733
9.212517 130.813110
9.218322 130.752594
9.224127 130.715134
9.229932 130.784393
9.235737 130.861511
9.241542 130.867920
9.247347 130.835693
9.253152 130.804184
9.258957 130.763397
9.264762 130.722900
9.270567 130.718155
9.276372 130.735855
9.282177 130.741898
9.287982 130.739212
9.293787 130.750366
9.299592 130.776245
9.305397 130.816696
9.311202 130.831253
9.317007 130.796265
9.322812 130.747360
9.328617 130.706482
9.334422 130.654053
9.340227 130.621399
9.346032 130.647247
9.351837 130.704926
9.357642 130.750397
9.363446 130.765854
9.369251 130.750153
9.375056 196.321350
9.380861 196.196716
9.386666 195.992905
9.392471 195.841415
9.398276 195.829193
9.404081 195.960281
9.409886 196.051208
9.415691 196.008011
9.421496 195.987885
9.427301 196.068390
9.433106 196.110626
9.438911 195.991638
9.444716 195.767441
9.450521 195.685028
9.456326 195.830231
9.462132 195.965332
9.467937 195.985214
9.473742 65.421097
9.479547 65.407661
9.485352 65.404289
9.491157 65.409325
9.496962 65.426033
9.502767 65.422501
9.508572 65.404091
9.514377 65.405212
9.520182 65.413933
9.525987 65.413338
9.531792 65.419174
9.537597 65.440102
9.543402 65.451653
9.549207 65.454597
9.555012 65.447441
9.560817 65.431007
9.566622 65.448097
9.572426 65.462097
9.578231 65.468765
9.584036 65.484886
9.589841 65.488068
9.595646 65.487679
9.601451 65.487267
9.607256 65.460312
9.613061 65.463776
9.618866 65.490059
9.624671 65.492638
9.630476 65.482567
9.636281 65.450333
9.642086 65.426300
9.647891 65.438583
9.653696 65.406387
9.659501 65.328003
9.665306 261.700012
9.671111 261.844177
9.676916 261.917358
9.682721 262.037048
9.688526 262.176544
9.694331 262.261536
9.700136 262.255554
9.705941 262.146393
9.711746 262.016602
9.717551 261.967621
9.723356 261.998291
9.729161 262.064667
9.734966 262.102570
9.740771 262.084229
9.746576 262.034943
9.752381 262.006653
9.758186 262.001617
9.763991 261.996979
9.769796 261.957520
9.775600 261.865234
9.781405 261.765076
9.787210 261.727692
9.793015 261.788086
9.798820 261.886993
9.804626 261.969879
9.810431 262.048065
9.816236 262.092377
9.822041 262.058289
9.827846 262.002716
9.833651 261.978363
9.839456 262.009430
9.845261 262.074768
9.851066 262.026794
9.856871 261.868225
9.862676 261.800598
9.868481 261.856506
9.874286 261.924683
9.880091 261.963440
9.885896 130.936462
9.891701 130.913818
9.897506 130.918549
9.903311 130.947678
9.909116 130.965546
9.914921 130.959656
9.920726 130.941696
9.926531 262.160431
9.932336 130.911163
9.938141 130.875549
9.943946 130.856812
9.949751 130.910629
9.955556 130.988953
9.961361 262.140411
9.967166 261.796631
9.972971 261.557190
9.978776 130.700241
9.984580 260.839661
9.990385 260.036713
9.996190 259.631927
10.001995 259.696960
10.007800 259.609863
10.013605 130.824905
10.019410 130.850891
10.025215 130.796768
10.031020 130.777527
10.036825 130.857010
10.042630 130.923447
10.048435 260.102081
10.054240 130.796936
10.060045 130.868378
10.065850 131.031723
10.071655 131.069611
10.077460 130.934128
10.083265 130.814148
10.089070 130.775650
10.094875 260.792297
10.100680 261.123596
10.106485 130.853119
10.112290 130.821091
10.118095 130.737488
10.123900 130.650375
10.129705 130.608826
10.135510 130.635864
10.141315 130.656189
10.147120 261.297852
10.152925 261.248810
10.158731 130.789185
10.164536 130.714157
10.170341 130.631042
10.176146 130.664993
10.181951 130.780777
10.187755 130.852982
10.193560 130.745789
10.199365 261.050964
10.205170 260.804077
10.210975 130.803619
10.216780 124.108452
10.222585 130.931213
10.228390 130.865021
10.234195 130.778564
10.240000 130.680817
10.245805 130.628052
10.251610 130.708267
10.257415 130.860458
10.263220 130.950562
10.269025 130.926544
10.274830 130.818680
10.280635 130.773483
10.286440 130.989822
10.292245 131.393784
10.298050 131.547409
10.303855 131.571106
10.309660 131.491882
10.315465 131.312485
10.321270 131.223572
10.327075 131.192001
10.332880 131.164993
10.338685 131.084030
10.344490 130.944931
10.350295 130.821075
10.356100 130.660858
10.361905 130.449753
10.367710 130.468903
10.373515 130.705246
10.379320 130.860291
10.385125 130.782883
10.390930 130.691849
10.396734 130.703156
10.402539 130.739883
10.408344 130.738678
10.414149 130.685226
10.419954 130.638168
10.425759 130.623856
10.431564 130.667831
10.437369 130.727783
10.443174 130.743988
10.448979 130.736206
10.454784 130.725113
10.460589 130.699036
10.466394 130.656540
10.472199 130.627304
10.478004 130.616028
10.483809 130.602814
10.489614 130.538086
10.495420 130.455933
10.501225 130.423019
10.507030 130.437668
10.512835 130.452576
10.518640 130.436386
10.524445 130.409821
10.530250 130.398148
10.536055 130.404068
10.541860 130.426498
10.547665 130.510345
10.553470 130.619110
10.559275 130.657730
10.565080 130.631073
10.570885 130.608932
10.576690 130.630844
10.582495 130.676636
10.588300 130.653046
10.594105 130.535767
10.599909 130.420151
10.605714 130.371094
10.611519 195.908173
10.617324 195.891464
10.623129 195.829178
10.628934 195.775940
10.634739 195.876434
10.640544 196.000015
10.646349 196.074112
10.652154 196.189163
10.657959 196.358429
10.663764 130.723877
10.669569 130.737228
10.675374 130.797333
10.681179 130.762436
10.686984 130.658142
10.692789 130.570038
10.698594 196.645859
10.704399 196.463120
10.710204 196.579346
10.716009 130.531448
10.721814 130.437210
10.727619 130.346695
10.733424 130.365509
10.739229 130.410934
10.745034 130.438858
10.750839 130.380569
10.756644 130.149826
10.762449 129.877731
10.768254 129.863235
10.774059 130.048157
10.779864 130.232391
10.785669 130.336319
10.791474 196.393311
10.797279 196.437561
10.803084 196.426346
10.808888 196.508011
10.814693 196.507538
10.820498 196.529495
10.826303 196.723541
10.832108 196.769287
10.837914 196.709824
10.843719 130.303909
10.849524 130.392288
10.855329 130.413055
10.861134 130.361938
10.866939 130.320312
10.872744 259.368713
10.878549 259.066956
10.884354 259.121002
10.890159 259.360046
10.895964 130.225143
10.901769 130.554382
10.907574 130.832153
10.913379 130.948975
10.919184 130.983353
10.924989 130.988708
10.930794 131.002380
10.936599 131.018860
10.942404 130.989456
10.948209 130.906097
10.954014 130.852737
10.959819 130.859497
10.965624 130.883652
10.971429 130.894150
10.977234 130.879318
10.983039 130.842697
10.988844 130.818237
10.994649 130.835724
11.000454 130.878998
11.006259 130.920746
11.012063 130.934860
11.017868 130.904129
11.023673 130.843903
11.029478 130.788620
11.035283 130.766785
11.041088 130.775177
11.046893 130.777908
11.052698 130.768188
11.058503 130.779205
11.064308 130.784439
11.070113 130.747543
11.075918 130.739746
11.081723 130.762177
11.087528 130.742477
11.093333 130.683929
11.099138 130.663239
11.104943 130.731628
11.110748 130.865387
11.116553 130.991760
11.122358 131.044189
11.128163 131.027939
11.133968 130.995880
11.139773 131.002991
11.145578 131.031540
11.151383 131.011658
11.157188 130.951263
11.162993 130.892319
11.168798 130.849625
11.174603 130.832657
11.180408 130.853104
11.186213 130.886734
11.192019 130.930099
11.197824 130.965042
11.203629 130.944321
11.209434 261.946777
11.215239 261.597900
11.221043 261.020477
11.226848 130.706635
11.232653 130.689911
11.238458 130.638931
11.244263 130.487198
11.250068 130.320175
11.255873 130.334839
11.261678 130.384842
11.267483 130.369019
11.273288 130.374069
11.279093 130.455368
11.284898 130.495819
11.290703 130.526199
11.296508 130.634796
11.302313 130.719742
11.308118 130.717026
11.313923 260.044037
11.319728 260.766785
11.325533 261.297089
11.331338 261.423157
11.337143 261.317017
11.342948 261.352875
11.348753 131.035233
11.354558 130.982925
11.360363 130.951355
11.366168 130.878876
11.371973 130.752975
11.377778 130.736969
11.383583 130.820038
11.389388 260.794128
11.395193 260.795471
11.400998 260.869080
11.406803 130.728394
11.412608 130.717773
11.418413 130.726074
11.424217 130.789520
11.430022 130.819977
11.435827 130.745026
11.441632 130.688095
11.447437 130.733185
11.453242 130.768051
11.459047 130.761536
11.464852 261.587097
11.470657 261.665588
11.476462 130.993637
11.482267 131.026276
11.488072 131.000824
11.493877 192.673355
11.499682 192.679123
11.505487 130.939041
11.511292 131.112198
11.517097 131.157257
11.522902 131.055237
11.528708 130.973145
11.534513 130.917114
11.540318 130.810791
11.546123 130.732086
11.551928 130.756058
11.557733 130.730682
11.563538 130.724030
11.569343 130.805267
11.575148 130.786057
11.580953 130.593506
11.586758 130.394409
11.592563 130.380997
11.598368 130.465805
11.604173 130.582855
11.609978 130.744156
11.615783 130.916107
11.621588 131.067612
11.627392 131.164597
11.633197 131.184021
11.639002 131.144272
11.644807 131.094727
11.650612 131.130905
11.656417 131.351532
11.662222 131.569916
11.668027 131.619827
11.673832 131.615936
11.679637 131.633072
11.685442 98.554771
11.691247 196.029694
11.697052 195.347336
11.702857 195.270462
11.708662 195.574051
11.714467 195.969452
11.720272 129.916824
11.726077 258.714569
11.731882 259.734192
11.737687 187.024063
11.743492 187.344604
11.749297 187.340576
11.755102 124.699539
11.760907 124.528259
11.766712 186.360733
11.772517 186.327194
11.778322 124.145332
11.784127 293.297577
11.789932 291.610931
11.795737 130.537476
11.801542 130.746140
11.807347 131.153290
11.813152 131.372345
11.818957 131.474747
11.824762 263.685150
11.830567 263.770294
11.836371 304.485626
11.842176 195.521942
11.847981 195.615631
11.853786 195.696915
11.859591 93.317757
11.865396 196.242798
11.871202 196.619690
11.877007 196.620880
11.882812 196.529099
11.888617 196.590500
11.894422 196.482712
11.900227 196.058685
11.906032 195.848145
11.911837 195.888046
11.917642 196.055450
11.923447 362.843323
11.929252 257.696289
11.935057 365.504181
11.940862 372.073639
11.946667 372.375000
11.952472 370.948242
11.958277 370.684753
11.964082 371.646454
11.969887 98.288521
11.975692 98.343338
11.981497 98.117683
11.987302 136.748093
11.993107 97.915558
11.998912 98.084709
12.004717 98.618042
12.010522 98.665878
12.016327 98.349678
12.022132 98.266617
12.027937 98.462143
12.033742 98.556091
12.039546 98.446327
12.045351 255.421768
12.051156 98.230415
12.056961 93.590378
12.062766 195.992828
12.068571 196.024780
12.074376 196.083511
12.080181 196.206238
12.085986 300.450928
12.091791 360.367432
12.097596 363.032440
12.103401 365.170410
12.109206 366.558167
12.115011 366.455048
12.120816 365.713654
12.126621 366.196442
12.132426 299.110870
12.138231 296.385468
12.144036 262.175476
12.149841 262.405487
12.155646 262.573181
12.161451 262.668335
12.167256 131.426331
12.173061 131.376465
12.178866 131.299927
12.184671 131.257965
12.190476 262.143585
12.196281 261.714355
12.202086 261.731140
12.207891 262.050293
12.213696 131.000046
12.219501 131.057404
12.225307 131.104111
12.231112 131.085419
12.236917 130.986023
12.242722 261.688293
12.248526 261.603149
12.254331 130.742844
12.260136 130.748322
12.265941 130.809128
12.271746 130.937973
12.277551 262.761993
12.283356 262.914581
12.289161 262.862488
12.294966 262.764648
12.300771 262.527191
12.306576 262.340515
12.312381 262.580078
12.318186 262.957062
12.323991 262.976135
12.329796 262.732147
12.335601 293.975189
12.341406 293.846161
12.347211 294.049286
12.353016 262.162140
12.358821 262.282532
12.364626 262.222931
12.370431 262.164429
12.376236 262.256195
12.382041 262.352173
12.387846 130.958435
12.393651 131.063141
12.399456 131.112198
12.405261 262.068787
12.411066 261.995270
12.416871 261.984894
12.422676 261.970551
12.428481 261.856934
12.434286 261.730865
12.440091 261.775482
12.445896 262.072601
12.451700 262.511169
12.457505 262.641235
12.463310 262.116486
12.469115 260.702026
12.474920 259.351807
12.480725 193.689957
12.486530 98.710991
12.492335 264.935577
12.498140 265.145416
12.503945 294.870514
12.509750 98.808609
12.515555 98.698463
12.521360 98.589157
12.527165 98.451630
12.532970 98.430618
12.538775 260.348846
12.544580 260.659912
12.550385 261.180420
12.556190 261.652191
12.561996 261.549377
12.567801 98.541260
12.573606 195.404602
12.579411 195.926666
12.585216 196.073730
12.591021 98.275703
12.596826 260.595764
12.602631 295.374481
12.608436 98.227325
12.614241 196.012604
12.620046 260.085846
12.625851 260.421722
12.631656 260.762543
12.637461 260.986664
12.643266 385.067902
12.649071 383.909241
12.654876 382.241608
12.660680 381.601807
12.666485 294.761230
12.672290 294.792877
12.678095 390.638428
12.683900 391.191254
12.689705 390.843964
12.695510 390.280273
12.701315 389.859741
12.707120 195.320007
12.712925 195.546112
12.718730 195.857239
12.724535 195.452194
12.730340 195.117828
12.736145 194.987320
12.741950 194.834167
12.747755 194.716644
12.753560 260.875366
12.759365 261.411163
12.765170 196.518555
12.770975 196.280365
12.776780 195.797287
12.782585 195.305847
12.788390 131.181046
12.794195 131.183304
12.800000 131.208664
12.805805 195.937515
12.811610 196.207733
12.817415 196.477005
12.823220 196.739639
12.829025 196.867722
12.834830 392.430664
12.840635 393.248230
12.846440 393.872101
12.852245 131.211273
12.858050 131.286926
12.863854 131.254807
12.869659 131.097855
12.875464 392.944061
12.881269 393.498291
12.887074 393.901123
12.892879 131.124039
12.898685 131.118027
12.904490 131.008316
12.910295 130.944733
12.916100 131.074005
12.921905 131.269684
12.927710 131.300095
12.933515 131.218903
12.939320 131.135132
12.945125 131.017685
12.950930 130.941483
12.956735 130.924042
12.962540 130.834793
12.968345 130.677704
12.974150 130.600784
12.979955 130.743713
12.985760 131.066360
12.991565 131.319443
12.997370 131.301727
13.003175 131.077805
13.008980 130.891129
13.014785 262.129639
13.020590 262.162079
13.026395 262.340393
13.032200 262.630035
13.038005 263.016724
13.043810 131.665482
13.049615 131.721619
13.055420 263.457977
13.061225 263.322540
13.067030 263.367371
13.072834 263.696777
13.078639 263.829529
13.084444 131.479843
13.090249 131.387589
13.096054 262.163727
13.101859 262.166718
13.107664 262.440430
13.113469 262.684540
13.119274 131.236847
13.125079 131.244385
13.130884 131.305588
13.136689 131.301727
13.142494 262.701996
13.148299 262.644226
13.154104 262.901917
13.159909 263.415009
13.165714 291.691315
13.171519 131.222260
13.177324 131.168839
13.183129 131.129242
13.188934 131.137878
13.194739 262.640594
13.200544 262.466339
13.206349 262.393646
13.212154 262.256958
13.217959 262.191193
13.223764 262.344604
13.229569 262.441803
13.235374 262.358917
13.241179 262.448364
13.246984 262.781006
13.252789 263.022736
13.258595 131.442825
13.264400 131.470856
13.270205 138.196991
13.276009 65.561989
13.281814 382.972565
13.287619 383.220917
13.293424 93.667374
13.299229 137.830856
13.305034 137.715927
13.310839 219.294220
13.316644 218.312775
13.322449 137.913956
13.328254 137.971710
13.334059 137.973648
13.339864 393.620972
13.345669 435.488312
13.351474 87.871086
13.357279 87.964050
13.363084 390.922150
13.368889 390.859741
13.374694 391.780304
13.380499 393.526733
13.386304 131.257172
13.392109 262.470093
13.397914 262.336823
13.403719 262.287109
13.409524 131.071030
13.415329 131.029495
13.421134 131.006210
13.426939 131.063614
13.432744 131.088501
13.438549 130.990295
13.444354 130.935272
13.450159 131.000504
13.455964 261.987061
13.461769 261.854645
13.467574 261.841095
13.473379 262.126556
13.479183 262.349609
13.484988 131.187866
13.490793 131.172058
13.496598 131.122833
13.502403 261.980164
13.508208 261.939636
13.514013 261.975159
13.519818 262.082275
13.525623 262.346649
13.531428 131.114563
13.537233 131.132874
13.543038 131.081497
13.548843 262.153961
13.554648 262.030609
13.560453 130.991638
13.566258 130.905380
13.572063 130.830673
13.577868 130.863068
13.583673 130.922089
13.589478 130.955368
13.595284 131.017899
13.601089 131.089508
13.606894 131.088898
13.612699 131.018188
13.618504 131.010696
13.624309 131.100037
13.630114 131.178070
13.635919 131.213364
13.641724 87.439072
13.647529 262.333099
13.653334 87.377625
13.659139 131.046112
13.664944 131.037170
13.670749 131.089844
13.676554 131.185425
13.682359 131.251511
13.688163 131.257782
13.693968 131.200684
13.699773 131.074844
13.705578 130.923096
13.711383 130.797485
13.717188 130.753159
13.722993 130.860306
13.728798 130.977005
13.734603 131.002945
13.740408 260.842041
13.746213 260.911224
13.752018 261.045105
13.757823 261.264587
13.763628 261.657104
13.769433 262.055786
13.775238 262.297577
13.781043 262.524231
13.786848 131.361572
13.792653 131.399155
13.798458 131.424484
13.804263 262.927673
13.810068 262.929321
13.815873 262.817291
13.821678 262.683899
13.827483 262.505127
13.833288 262.297089
13.839093 262.153656
13.844898 262.182007
13.850703 262.395844
13.856508 262.680023
13.862313 262.955872
13.868118 263.008698
13.873923 262.830292
13.879728 262.814819
13.885533 262.858887
13.891337 262.751862
13.897142 131.299484
13.902947 131.448303
13.908752 131.552475
13.914557 131.511353
13.920362 131.401581
13.926167 131.328476
13.931973 262.434265
13.937778 262.395386
13.943583 262.346252
13.949388 262.314270
13.955193 262.239532
13.960998 262.125031
13.966803 131.148911
13.972608 131.200577
13.978413 262.258575
13.984218 262.454071
13.990023 262.513123
13.995828 131.626526
14.001633 131.532837
14.007438 131.597260
14.013243 131.739502
14.019048 263.291534
14.024853 263.296722
14.030658 263.144318
14.036463 262.963776
14.042268 262.840607
14.048073 262.786255
14.053878 262.828461
14.059683 262.875458
14.065488 131.618530
14.071293 131.509918
14.077098 131.194077
14.082903 131.155823
14.088708 131.370758
14.094513 131.492569
14.100317 131.522369
14.106122 262.649109
14.111927 262.641968
14.117732 146.392426
14.123537 146.365204
14.129342 263.281006
14.135147 263.262177
14.140952 263.348267
14.146757 263.416016
14.152562 263.468140
14.158367 263.622986
14.164172 263.706482
14.169977 263.393311
14.175782 262.702667
14.181587 262.043365
14.187392 261.790802
14.193197 147.354370
14.199002 147.771591
14.204807 148.070023
14.210612 148.241669
14.216417 148.000992
14.222222 262.594299
14.228027 262.496368
14.233832 262.322968
14.239637 262.330139
14.245442 262.492706
14.251247 262.665192
14.257052 262.845795
14.262857 131.037506
14.268662 130.995956
14.274467 131.029785
14.280272 130.951859
14.286077 130.822891
14.291883 559.943115
14.297688 130.793030
14.303492 130.851562
14.309297 131.035980
14.315102 131.261719
14.320907 262.720001
14.326712 131.450058
14.332517 131.467972
14.338322 131.437607
14.344127 131.340927
14.349932 131.171814
14.355737 130.982620
14.361542 130.733231
14.367347 130.469086
14.373152 130.348633
14.378957 130.310898
14.384762 393.537170
14.390567 196.178864
14.396372 443.774048
14.402177 195.708939
14.407982 195.540268
14.413787 195.526321
14.419592 195.456085
14.425397 195.370422
14.431202 195.292084
14.437007 195.223999
14.442812 391.575745
14.448617 390.899017
14.454422 98.184921
14.460227 98.178696
14.466032 98.148567
14.471837 195.743240
14.477642 391.628204
14.483447 98.201347
14.489252 98.189568
14.495057 391.917175
14.500862 98.101494
14.506667 98.051987
14.512471 98.073936
14.518276 98.152672
14.524081 98.191864
14.529886 98.226196
14.535691 98.223267
14.541496 98.135017
14.547301 98.068176
14.553106 98.047539
14.558911 97.882507
14.564716 97.881248
14.570521 195.944885
14.576326 196.503418
14.582131 197.327484
14.587936 197.884171
14.593741 198.113510
14.599546 295.838562
14.605351 295.958862
14.611156 296.170288
14.616961 296.334320
14.622766 296.304626
14.628572 296.135529
14.634377 131.060760
14.640182 131.110703
14.645987 131.133331
14.651792 131.099701
14.657597 131.068939
14.663402 131.057297
14.669207 147.407562
14.675012 147.496048
14.680817 147.438232
14.686622 147.319107
14.692427 147.201385
14.698232 295.412292
14.704037 295.003387
14.709842 294.663666
14.715646 294.567291
14.721451 294.581787
14.727256 294.592804
14.733061 294.729034
14.738866 295.058228
14.744671 295.319153
14.750476 295.177094
14.756281 294.819000
14.762086 131.074112
14.767891 131.176483
14.773696 131.254944
14.779501 131.229904
14.785306 131.175278
14.791111 131.165283
14.796916 131.167267
14.802721 131.132034
14.808526 131.120682
14.814331 131.179672
14.820136 131.175125
14.825941 131.068161
14.831746 131.088074
14.837551 131.139175
14.843356 131.029297
14.849161 130.870422
14.854966 130.852982
14.860771 130.912567
14.866576 130.945053
14.872381 87.358414
14.878186 87.375404
14.883991 87.356018
14.889796 87.253616
14.895601 292.703857
14.901406 292.938324
14.907211 293.304993
14.913016 147.085526
14.918821 294.253632
14.924625 294.418793
14.930430 294.168732
14.936235 293.758179
14.942040 293.463715
14.947845 293.135986
14.953650 292.779358
14.959455 292.716125
14.965261 293.072510
14.971066 293.743866
14.976871 294.350342
14.982676 294.629181
14.988481 294.563751
14.994286 294.215576
15.000091 293.659027
15.005896 293.353302
15.011701 293.665100
15.017506 294.096497
15.023311 294.342743
15.029116 131.114319
15.034921 131.122269
15.040726 147.794006
15.046531 147.964737
15.052336 147.869003
15.058141 294.172241
15.063946 294.518158
15.069751 295.014496
15.075556 295.479187
15.081361 295.740417
15.087166 295.587372
15.092971 295.011993
15.098776 294.675995
15.104581 295.012451
15.110386 295.245300
15.116191 294.964935
15.121996 294.450226
15.127800 293.993958
15.133605 293.634033
15.139410 293.423645
15.145215 293.372131
15.151020 293.295349
15.156825 293.086029
15.162630 292.972778
15.168435 293.139526
15.174240 293.502777
15.180045 293.645386
15.185850 293.675354
15.191655 293.882599
15.197460 294.064423
15.203265 294.046753
15.209070 293.949890
15.214875 293.918884
15.220680 293.940704
15.226485 293.989532
15.232290 294.037323
15.238095 294.683746
15.243900 295.844147
15.249705 296.505554
15.255510 296.619324
15.261315 296.507080
15.267120 146.895569
15.272925 147.058517
15.278730 147.313812
15.284535 295.526611
15.290340 295.051544
15.296145 147.067642
15.301950 146.832687
15.307755 146.702774
15.313560 291.955017
15.319366 292.146027
15.325171 292.808533
15.330976 293.059998
15.336780 292.064087
15.342585 291.602142
15.348390 292.609344
15.354195 293.708649
15.360000 294.262268
15.365805 294.275146
15.371610 293.910889
15.377415 293.325836
15.383220 293.007690
15.389025 293.907104
15.394830 147.402802
15.400635 147.362549
15.406440 147.308945
15.412245 263.308014
15.418050 263.672791
15.423855 264.071960
15.429660 264.170807
15.435465 264.006195
15.441270 263.961761
15.447075 264.178436
15.452880 264.678223
15.458685 293.357452
15.464490 293.391907
15.470295 293.566864
15.476100 293.816742
15.481905 293.807098
15.487710 293.713593
15.493515 293.818481
15.499320 294.019196
15.505125 294.088074
15.510930 294.092285
15.516735 294.096405
15.522540 294.095764
15.528345 294.201752
15.534150 294.202393
15.539954 146.906372
15.545759 146.635406
15.551564 293.205627
15.557369 293.797150
15.563174 146.365448
15.568979 146.544968
15.574784 146.471985
15.580589 297.488007
15.586394 296.487976
15.592199 97.891792
15.598004 97.835846
15.603809 97.767845
15.609614 97.719444
15.615419 97.769402
15.621224 130.639603
15.627029 98.078056
15.632834 98.133430
15.638639 439.045502
15.644444 439.948486
15.650249 131.537811
15.656054 131.575394
15.661860 131.533356
15.667665 131.117279
15.673470 130.575638
15.679275 130.506943
15.685080 196.259918
15.690885 130.906204
15.696690 131.034180
15.702495 131.183868
15.708300 131.248993
15.714105 131.237534
15.719910 131.233414
15.725715 197.555313
15.731520 197.114059
15.737325 196.531845
15.743129 196.059174
15.748934 97.969437
15.754739 97.868469
15.760544 97.869972
15.766349 97.969612
15.772154 98.103889
15.777959 98.154228
15.783764 131.001968
15.789569 130.707245
15.795374 130.725159
15.801179 131.026566
15.806984 131.266235
15.812789 131.426025
15.818594 131.525955
15.824399 131.499771
15.830204 131.347198
15.836009 131.191940
15.841814 131.150269
15.847619 131.239777
15.853424 131.373505
15.859229 293.982574
15.865034 131.289368
15.870839 131.200699
15.876644 131.161316
15.882449 131.128815
15.888254 131.086227
15.894059 131.025238
15.899864 130.978302
15.905669 131.008041
15.911474 131.078873
15.917279 131.157913
15.923084 131.237228
15.928889 131.278824
15.934694 131.219971
15.940499 131.069626
15.946304 130.935974
15.952108 130.928009
15.957913 130.985016
15.963718 131.032867
15.969523 131.052322
15.975328 131.011841
15.981133 130.949646
15.986938 130.895828
15.992743 130.845169
15.998549 130.792542
16.004354 130.794662
16.010159 130.840378
16.015965 130.895035
16.021769 130.953491
16.027575 131.055069
16.033379 131.203262
16.039185 131.293961
16.044989 131.202271
16.050795 131.013062
16.056599 130.899551
16.062403 130.928040
16.068209 98.121498
16.074013 98.156189
16.079819 98.066696
16.085623 97.950089
16.091429 97.936295
16.097233 97.983093
16.103039 98.063568
16.108843 98.162750
16.114649 98.250206
16.120453 263.566742
16.126259 262.979919
16.132063 262.879333
16.137869 262.768158
16.143673 262.484894
16.149479 262.350861
16.155283 262.532654
16.161089 262.452667
16.166893 261.828400
16.172699 261.774872
16.178503 263.765137
16.184309 380.526703
16.190113 381.242035
16.195919 262.519775
16.201723 262.626007
16.207529 263.203979
16.213333 756.060852
16.219139 753.754211
16.224943 753.398865
16.230749 753.971008
16.236553 754.012024
16.242359 753.293640
16.248163 751.988647
16.253969 750.749878
16.259773 750.139343
16.265577 749.554138
16.271383 749.137268
16.277187 749.102905
16.282993 148.713654
16.288797 297.359802
16.294603 297.120941
16.300407 296.686737
16.306213 298.085846
16.312017 377.964233
16.317823 378.742859
16.323627 379.194794
16.329433 378.857574
16.335238 377.785828
16.341043 377.475525
16.346848 379.378052
16.352654 381.290466
16.358458 381.463287
16.364264 379.800476
16.370068 377.867401
16.375874 377.522705
16.381678 377.199646
16.387484 375.727234
16.393288 187.774323
16.399094 187.952682
16.404898 164.003220
16.410704 164.672836
16.416508 376.774933
16.422314 376.413330
16.428118 197.650864
16.433924 198.266663
16.439728 198.691299
16.445534 197.920395
16.451338 128.286057
16.457144 127.469147
16.462948 127.531403
16.468752 127.955528
16.474558 128.518692
16.480362 130.468414
16.486168 130.659454
16.491972 130.766083
16.497778 130.932022
16.503582 131.101044
16.509388 131.334305
16.515192 131.679337
16.520998 131.886414
16.526802 131.926132
16.532608 131.929321
16.538412 131.971375
16.544218 131.863312
16.550022 131.341599
16.555828 131.000320
16.561632 130.664322
16.567438 130.304901
16.573242 130.100861
16.579048 130.103760
16.584852 130.216309
16.590658 130.435760
16.596462 131.179352
16.602268 132.119171
16.608072 128.204269
16.613878 128.459976
16.619682 128.541962
16.625488 128.517258
16.631292 128.477432
16.637098 255.631073
16.642902 255.110855
16.648708 188.137421
16.654512 98.223923
16.660318 293.686066
16.666122 292.891876
16.671926 376.688141
16.677732 376.269989
16.683537 376.324677
16.689342 251.972290
16.695147 252.647156
16.700953 378.425720
16.706757 382.624023
16.712563 386.089722
16.718367 130.772263
16.724173 131.145706
16.729977 264.128906
16.735783 264.429596
16.741587 265.243195
16.747393 265.835541
16.753197 131.748383
16.759003 288.014709
16.764807 96.759033
16.770613 97.512108
16.776417 97.243324
16.782223 293.482666
16.788027 98.904015
16.793833 98.997299
16.799637 198.710724
16.805443 198.929413
16.811247 223.371094
16.817053 223.166733
16.822857 127.631058
16.828663 128.479568
16.834467 124.671806
16.840273 125.377243
16.846077 125.740128
16.851883 125.827217
16.857687 125.775238
16.863493 251.834915
16.869297 252.033463
16.875101 251.914703
16.880907 251.594421
16.886711 98.051315
16.892517 97.866508
16.898321 97.741768
16.904127 249.991638
16.909931 249.888596
16.915737 249.756027
16.921541 249.500916
16.927347 130.895294
16.933151 130.933502
16.938957 131.132294
16.944761 131.168625
16.950567 131.130890
16.956371 131.154816
16.962177 131.249069
16.967981 124.577408
16.973787 98.157928
16.979591 98.147133
16.985397 124.187744
16.991201 124.437057
16.997007 124.969414
17.002811 125.339935
17.008617 125.592422
17.014421 125.762131
17.020227 125.866089
17.026031 125.944847
17.031837 125.974045
17.037642 296.688599
17.043447 130.535767
17.049252 390.706238
17.055058 390.712402
17.060862 390.501648
17.066668 390.083221
17.072472 196.411072
17.078278 262.542664
17.084082 130.753342
17.089886 130.970566
17.095692 128.427307
17.101496 128.413513
17.107302 129.021759
17.113106 130.014801
17.118912 130.437134
17.124716 130.457367
17.130522 130.423294
17.136326 130.376663
17.142132 130.271942
17.147936 130.112640
17.153742 130.028732
17.159546 130.116745
17.165352 130.239334
17.171156 130.311356
17.176962 130.286011
17.182766 130.169220
17.188572 130.063614
17.194376 130.165512
17.200182 130.460434
17.205986 130.653412
17.211792 130.708252
17.217596 130.710861
17.223402 130.724792
17.229206 130.792282
17.235012 130.860458
17.240816 130.883118
17.246622 130.863739
17.252426 130.780975
17.258232 130.702484
17.264036 130.655212
17.269842 130.653488
17.275646 130.696686
17.281452 130.756195
17.287256 130.810165
17.293060 262.541382
17.298866 262.643616
17.304670 130.797760
17.310476 130.677704
17.316280 130.677490
17.322086 130.772354
17.327890 130.870026
17.333696 97.825134
17.339500 97.834358
17.345306 97.786682
17.351110 97.725372
17.356916 97.689789
17.362720 97.696648
17.368526 97.778267
17.374331 97.891327
17.380136 97.972504
17.385941 98.096443
17.391747 98.318253
17.397551 98.516457
17.403357 297.413300
17.409161 297.684418
17.414967 298.356293
17.420771 299.410492
17.426577 300.103271
17.432381 300.411499
17.438187 300.501068
17.443991 300.011810
17.449797 98.935448
17.455601 98.703400
17.461407 98.469955
17.467211 98.202484
17.473017 97.980095
17.478821 97.804741
17.484627 97.639954
17.490431 97.485153
17.496235 97.422829
17.502041 97.537849
17.507845 97.756927
17.513651 97.967194
17.519455 98.117157
17.525261 98.218033
17.531065 98.311417
17.536871 98.418182
17.542675 98.516769
17.548481 98.603722
17.554285 98.657600
17.560091 98.700661
17.565895 98.721504
17.571701 98.671707
17.577505 98.580627
17.583311 98.501534
17.589115 98.418167
17.594921 98.385185
17.600725 98.433205
17.606531 98.475929
17.612335 98.475060
17.618141 98.452507
17.623945 98.398918
17.629751 98.321800
17.635555 98.303734
17.641361 98.315361
17.647165 98.324821
17.652971 98.330070
17.658775 98.318214
17.664581 98.269310
17.670385 98.151787
17.676191 98.015648
17.681995 147.337296
17.687801 98.093536
17.693605 98.056793
17.699409 98.005806
17.705215 98.053848
17.711020 98.154472
17.716825 98.181442
17.722630 98.154999
17.728436 98.125648
17.734240 98.161964
17.740046 98.229042
17.745850 98.219398
17.751656 98.162308
17.757460 98.128601
17.763266 98.102348
17.769070 98.070259
17.774876 98.064148
17.780680 294.372711
17.786486 294.647217
17.792290 294.633636
17.798096 294.776733
17.803900 295.185822
17.809706 295.449585
17.815510 295.313110
17.821316 294.740936
17.827120 294.094360
17.832926 98.116341
17.838730 97.974792
17.844536 97.838440
17.850340 97.856956
17.856146 293.419403
17.861950 293.115906
17.867756 293.104095
17.873560 293.709717
17.879366 294.171967
17.885170 293.974304
17.890976 293.517822
17.896780 293.128479
17.902586 98.057381
17.908390 97.847328
17.914194 97.676697
17.920000 97.534035
17.925804 97.351479
17.931610 97.266609
17.937414 97.286316
17.943220 194.841522
17.949024 194.454941
17.954830 194.027786
17.960634 193.960754
17.966440 194.413055
17.972244 195.191620
17.978050 195.620682
17.983854 195.627487
17.989660 195.199829
17.995464 194.806244
18.001270 195.026672
18.007074 300.065125
18.012880 299.492493
18.018684 98.973694
18.024490 98.804108
18.030294 98.657104
18.036100 98.560394
18.041904 97.236031
18.047710 97.346581
18.053514 97.435722
18.059320 97.496971
18.065125 223.263992
18.070930 223.021545
18.076735 222.740555
18.082541 222.171509
18.088345 97.907188
18.094151 97.873871
18.099955 97.656303
18.105761 97.427544
18.111565 97.300346
18.117369 97.220314
18.123175 195.336578
18.128979 195.688797
18.134785 195.779434
18.140589 195.581543
18.146395 195.280472
18.152199 195.676697
18.158005 196.720230
18.163809 197.046799
18.169615 197.291718
18.175419 197.594391
18.181225 197.822861
18.187029 197.924423
18.192835 197.889465
18.198639 197.745529
18.204445 188.715500
18.210249 196.946167
18.216055 196.199005
18.221859 195.511276
18.227665 195.063278
18.233469 195.033051
18.239275 195.177063
18.245079 195.462265
18.250885 195.785507
18.256689 195.879349
18.262495 195.833969
18.268299 195.814240
18.274105 195.854034
18.279909 196.133041
18.285715 220.080719
18.291519 143.753021
18.297325 142.978897
18.303129 142.556473
18.308935 210.400223
18.314739 440.351257
18.320543 443.611786
18.326349 196.829224
18.332153 196.586853
18.337959 196.615768
18.343763 406.566315
18.349569 379.499725
18.355373 148.948914
18.361179 148.926498
18.366983 223.483673
18.372789 223.148071
18.378593 223.161804
18.384399 145.270325
18.390203 144.892807
18.396009 144.688370
18.401814 224.429916
18.407619 225.157333
18.413424 226.842941
18.419230 146.905579
18.425034 146.980179
18.430840 219.062576
18.436644 220.094894
18.442450 244.552124
18.448254 246.110428
18.454060 247.299103
18.459864 248.336380
18.465670 249.174438
18.471474 249.344452
18.477280 249.124146
18.483084 248.524597
18.488890 247.690369
18.494694 246.961243
18.500500 246.300125
18.506304 245.548355
18.512110 244.987061
18.517914 244.660919
18.523718 243.952759
18.529524 242.929565
18.535328 242.360016
18.541134 242.104370
18.546938 197.548874
18.552744 218.338745
18.558548 218.991730
18.564354 220.159058
18.570158 221.448120
18.575964 222.261871
18.581768 222.716873
18.587574 223.539352
18.593378 249.660980
18.599184 132.087143
18.604988 131.853836
18.610794 131.528717
18.616598 79.902534
18.622404 79.858353
18.628208 131.260956
18.634014 131.056641
18.639818 130.542206
18.645624 129.921143
18.651428 129.583191
18.657234 129.301102
18.663038 128.829056
18.668844 128.099060
18.674648 127.715652
18.680454 96.990120
18.686258 96.881454
18.692064 96.861519
18.697868 194.384277
18.703674 194.797379
18.709478 98.396721
18.715284 98.480408
18.721088 98.685837
18.726892 197.185287
18.732698 197.263504
18.738503 98.871063
18.744308 98.980377
18.750113 99.000732
18.755919 196.512756
18.761723 196.376999
18.767529 196.389465
18.773333 213.136261
18.779139 222.977676
18.784943 213.107376
18.790749 196.325165
18.796553 196.460464
18.802359 196.543228
18.808163 196.467773
18.813969 213.011917
18.819773 212.801636
18.825579 222.436264
18.831383 196.201508
18.837189 196.193481
18.842993 196.167511
18.848799 196.116150
18.854603 196.086670
18.860409 196.147766
18.866213 196.194443
18.872019 196.136230
18.877823 222.519852
18.883629 222.357727
18.889433 406.656067
18.895239 405.417389
18.901043 131.291260
18.906849 141.537292
18.912653 131.080780
18.918459 131.225632
18.924263 143.707703
18.930069 148.674423
18.935873 144.026932
18.941677 144.224106
18.947483 144.356003
18.953287 74.471733
18.959093 74.294441
18.964897 74.145912
18.970703 74.045631
18.976507 221.621414
18.982313 73.271889
18.988117 73.099937
18.993923 72.959923
18.999727 72.911201
19.005533 72.862862
19.011337 72.767082
19.017143 72.617714
19.022947 211.795654
19.028753 212.099213
19.034557 72.663925
19.040363 72.722176
19.046167 72.789040
19.051973 72.816055
19.057777 72.807411
19.063583 72.814247
19.069387 72.874985
19.075193 73.009567
19.080997 73.136665
19.086803 219.963242
19.092607 220.132034
19.098413 220.008362
19.104218 73.872490
19.110023 98.846443
19.115828 295.585602
19.121634 295.331055
19.127438 294.874481
19.133244 294.409302
19.139048 293.924805
19.144852 293.399689
19.150658 293.140076
19.156462 98.014542
19.162268 293.494690
19.168072 293.273804
19.173878 292.750824
19.179682 292.268158
19.185488 292.164215
19.191292 292.430573
19.197098 292.708313
19.202902 146.867264
19.208708 146.742188
19.214512 146.137436
19.220318 145.651489
19.226122 145.637558
19.231928 151.688446
19.237732 363.639709
19.243538 393.959686
19.249342 432.260620
19.255148 431.197662
19.260952 430.279205
19.266758 295.748383
19.272562 296.162933
19.278368 296.444061
19.284172 295.849152
19.289978 294.627350
19.295782 293.984253
19.301588 294.080902
19.307392 294.386261
19.313198 294.396545
19.319002 294.203705
19.324808 194.944290
19.330612 195.004150
19.336418 195.338882
19.342222 195.796936
19.348026 195.983154
19.353832 195.768906
19.359636 195.504379
19.365442 195.417099
19.371246 195.355194
19.377052 195.132172
19.382856 194.838287
19.388662 194.652390
19.394466 194.605103
19.400272 194.633850
19.406076 194.777756
19.411882 194.971191
19.417686 195.079361
19.423492 195.196716
19.429296 195.488419
19.435102 195.792068
19.440907 195.944489
19.446712 196.199188
19.452517 196.628860
19.458323 197.045654
19.464127 197.446014
19.469933 99.034981
19.475737 99.082420
19.481543 98.934494
19.487347 98.618362
19.493153 97.521927
19.498957 97.379623
19.504763 293.938171
19.510567 97.399467
19.516373 97.575600
19.522177 98.397888
19.527983 98.192909
19.533787 98.053307
19.539593 97.986320
19.545397 97.868721
19.551201 292.658142
19.557007 292.412109
19.562811 292.098450
19.568617 292.139496
19.574421 292.507385
19.580227 292.816711
19.586031 293.024445
19.591837 97.385750
19.597641 97.620071
19.603447 97.804863
19.609251 98.036507
19.615057 98.294800
19.620861 98.434158
19.626667 98.540665
19.632471 98.670624
19.638277 98.798714
19.644081 98.884598
19.649887 98.867889
19.655691 98.190109
19.661497 98.057472
19.667301 97.993973
19.673107 195.683609
19.678911 195.105560
19.684717 194.786850
19.690521 194.448975
19.696327 193.649063
19.702131 192.900238
19.707937 192.664597
19.713741 195.158325
19.719547 196.299469
19.725351 196.440399
19.731157 196.371811
19.736961 196.259750
19.742767 97.982208
19.748571 97.914413
19.754377 195.622192
19.760181 195.624680
19.765985 195.915710
19.771791 196.312363
19.777596 196.690659
19.783401 98.388260
19.789206 98.351273
19.795012 98.327133
19.800816 392.852203
19.806622 147.678040
19.812426 154.443344
19.818232 154.606796
19.824036 155.083832
19.829842 156.060257
19.835646 255.796631
19.841452 258.398346
19.847256 260.296600
19.853062 260.676971
19.858866 154.350662
19.864672 153.964111
19.870476 255.079285
19.876282 147.754837
19.882086 147.757767
19.887892 147.753830
19.893696 147.585037
19.899502 147.426041
19.905306 147.402878
19.911112 147.483932
19.916916 147.608261
19.922722 248.862228
19.928526 98.326759
19.934332 98.293373
19.940136 98.250206
19.945942 98.228661
19.951746 98.235306
19.957552 196.578049
19.963356 196.602982
19.969160 196.658752
19.974966 196.773560
19.980770 196.837036
19.986576 196.839127
19.992380 98.434013
19.998186 98.468193
20.003990 98.458389
20.009796 147.941147
20.015600 147.988388
20.021406 147.946259
20.027210 147.913010
20.033016 147.863541
20.038820 147.609604
20.044626 98.256226
20.050430 98.235550
20.056236 98.210754
20.062040 98.104156
20.067846 97.949265
20.073650 97.923500
20.079456 97.942001
20.085260 97.913574
20.091066 97.879082
20.096870 97.930733
20.102676 98.064972
20.108480 98.213745
20.114286 98.300095
20.120090 98.292992
20.125896 98.273911
20.131701 98.255791
20.137506 164.283249
20.143311 163.600754
20.149117 163.108566
20.154921 122.829758
20.160727 69.606003
20.166531 82.459740
20.172335 98.863754
20.178141 99.026054
20.183945 147.998276
20.189751 148.179459
20.195555 148.376541
20.201361 248.789856
20.207165 247.800247
20.212971 246.057861
20.218775 123.243996
20.224581 245.225677
20.230385 245.518097
20.236191 245.562469
20.241995 245.169403
20.247801 122.499878
20.253605 122.593613
20.259411 122.603622
20.265215 122.490051
20.271021 143.161514
20.276825 143.110519
20.282631 143.019394
20.288435 97.870949
20.294241 97.623878
20.300045 243.987976
20.305851 323.765137
20.311655 245.511124
20.317461 246.218430
20.323265 247.075989
20.329071 247.605331
20.334875 247.876236
20.340681 248.197998
20.346485 248.802078
20.352291 249.526642
20.358095 249.714218
20.363901 249.623413
20.369705 249.696030
20.375509 250.062759
20.381315 250.522720
20.387119 250.878143
20.392925 149.224457
20.398729 148.650345
20.404535 148.269958
20.410339 148.260620
20.416145 246.922241
20.421949 246.185867
20.427755 245.647827
20.433559 245.150711
20.439365 244.419968
20.445169 243.353531
20.450975 242.607849
20.456779 243.006775
20.462585 244.880676
20.468390 246.894440
20.474195 247.885086
20.480000 248.530945
20.485806 249.067810
20.491610 249.280212
20.497416 249.013397
20.503220 248.627182
20.509026 248.246460
20.514830 247.733734
20.520636 247.029053
20.526440 246.342255
20.532246 245.981094
20.538050 245.956055
20.543856 246.123642
20.549660 195.477722
20.555466 195.348709
20.561270 195.497055
20.567076 195.721252
20.572880 195.790039
20.578686 195.742126
20.584490 195.643967
20.590294 195.829742
20.596100 247.186554
20.601904 247.501038
20.607710 195.942230
20.613514 195.758972
20.619320 196.041687
20.625124 249.341461
20.630930 250.058090
20.636734 250.489914
20.642540 250.419159
20.648344 249.918488
20.654150 98.759392
20.659954 98.590309
20.665760 247.822769
20.671564 247.024918
20.677370 188.729279
20.683174 196.911575
20.688980 197.072357
20.694784 196.720383
20.700590 196.365982
20.706394 195.969818
20.712200 195.191635
20.718004 389.106567
20.723810 388.856140
20.729614 195.567368
20.735420 195.347717
20.741224 195.113602
20.747030 194.251526
20.752834 193.279373
20.758640 193.545425
20.764444 193.817108
20.770250 192.134918
20.776054 189.102432
20.781860 189.490417
20.787664 368.665314
20.793468 157.093933
20.799274 157.058304
20.805079 157.010864
20.810884 263.821198
20.816689 263.908844
20.822495 150.557587
20.828299 150.295319
20.834105 150.174286
20.839909 150.313385
20.845715 156.531235
20.851519 156.711853
20.857325 156.714157
20.863129 150.626785
20.868935 97.847061
20.874739 150.061478
20.880545 150.187790
20.886349 150.279861
20.892155 146.391266
20.897959 146.506073
20.903765 147.117020
20.909569 147.456985
20.915375 147.718689
20.921179 148.123276
20.926985 148.566299
20.932789 148.783035
20.938595 125.244682
20.944399 394.317291
20.950205 394.097748
20.956009 393.167450
20.961815 196.717224
20.967619 196.798218
20.973425 146.977844
20.979229 145.651428
20.985035 145.503906
20.990839 73.791542
20.996643 97.506294
21.002449 97.556778
21.008253 376.901062
21.014059 149.733368
21.019863 154.917953
21.025669 155.191269
21.031473 148.750290
21.037279 148.055542
21.043083 142.998199
21.048889 97.304565
21.054693 97.295815
21.060499 319.033630
21.066303 146.724640
21.072109 146.691803
21.077913 146.815704
21.083719 75.404411
21.089523 147.818619
21.095329 148.101013
21.101133 148.202667
21.106939 96.910629
21.112743 96.893227
21.118549 96.918373
21.124353 98.867874
21.130159 158.180649
21.135963 158.072052
21.141769 96.875465
21.147573 96.846275
21.153379 96.911201
21.159184 97.035408
21.164989 97.172668
21.170794 97.334595
21.176600 97.460121
21.182404 97.390121
21.188210 97.288399
21.194014 97.302994
21.199818 97.491753
21.205624 97.635155
21.211428 97.734428
21.217234 97.776245
21.223038 97.789948
21.228844 97.925591
21.234648 98.027779
21.240454 97.614471
21.246258 97.439888
21.252064 97.665215
21.257868 98.005501
21.263674 97.831947
21.269478 97.669662
21.275284 97.671043
21.281088 97.658188
21.286894 97.625092
21.292698 97.606400
21.298504 97.592430
21.304308 97.581985
21.310114 97.439934
21.315918 97.209747
21.321724 97.187111
21.327528 251.536133
21.333334 230.154419
21.339138 230.986679
21.344944 231.290115
21.350748 230.666565
21.356554 128.660599
21.362358 128.824768
21.368164 128.990280
21.373968 147.599655
21.379774 158.330429
21.385578 127.944977
21.391384 0.000000
21.397188 96.678993
21.402992 265.142761
21.408798 264.001953
21.414602 131.329697
21.420408 131.051102
21.426212 261.987671
21.432018 261.981628
21.437822 261.815186
21.443628 130.590683
21.449432 130.473419
21.455238 130.370911
21.461042 130.254303
21.466848 130.129044
21.472652 130.025421
21.478458 129.946121
21.484262 129.787262
21.490068 129.510178
21.495872 129.329559
21.501678 258.388000
21.507483 258.630127
21.513288 129.687210
21.519093 129.766907
21.524899 129.388062
21.530703 128.353485
21.536509 134.316956
21.542313 133.859848
21.548119 97.654671
21.553923 133.034790
21.559729 132.962280
21.565533 132.818268
21.571339 132.510605
21.577143 145.387772
21.582949 145.257889
21.588753 145.237259
21.594559 145.584427
21.600363 146.002914
21.606169 148.604614
21.611973 140.531113
21.617777 140.944077
21.623583 141.417923
21.629387 145.307236
21.635193 145.297516
21.640997 145.578918
21.646803 146.168030
21.652607 146.989990
21.658413 147.159058
21.664217 147.127304
21.670023 147.054916
21.675827 147.140533
21.681633 147.377899
21.687437 147.475021
21.693243 147.532730
21.699047 250.829391
21.704853 251.556015
21.710657 251.748032
21.716463 250.334290
21.722267 146.770065
21.728073 146.461670
21.733877 123.762207
21.739683 123.596489
21.745487 123.488632
21.751293 123.422310
21.757097 123.276413
21.762903 122.880104
21.768707 122.474861
21.774513 131.182465
21.780317 131.397659
21.786123 131.648224
21.791927 131.733734
21.797733 131.584335
21.803537 131.365417
21.809343 131.357788
21.815147 131.543320
21.820951 131.644577
21.826757 97.856865
21.832561 98.081238
21.838367 248.923859
21.844172 249.442108
21.849977 134.505966
21.855782 249.469315
21.861588 147.022537
21.867392 146.836777
21.873198 146.782242
21.879002 97.869194
21.884808 97.775070
21.890612 97.722672
21.896418 97.737083
21.902222 97.675156
21.908028 97.572548
21.913832 264.209106
21.919638 264.149323
21.925442 148.763565
21.931248 148.638992
21.937052 141.840469
21.942858 97.392563
21.948662 263.069519
21.954468 263.617767
21.960272 97.301559
21.966078 264.859558
21.971882 264.964355
21.977688 293.297638
21.983492 262.908478
21.989298 261.576874
21.995102 261.494843
22.000908 262.396912
22.006712 264.764923
22.012518 268.066223
22.018322 269.802368
22.024126 134.556122
22.029932 134.448746
22.035736 266.761810
22.041542 265.474365
22.047346 264.405151
22.053152 263.028320
22.058956 130.872910
22.064762 130.136307
22.070566 258.700836
22.076372 128.821960
22.082176 128.028366
22.087982 255.033035
22.093786 254.046646
22.099592 253.014252
22.105396 252.636902
22.111202 260.244293
22.117006 262.269897
22.122812 262.917694
22.128616 141.391937
22.134422 141.442413
22.140226 141.973190
22.146032 144.245041
22.151836 144.953369
22.157642 145.299316
22.163446 148.052750
22.169252 263.401917
22.175056 263.036560
22.180862 262.602875
22.186666 261.993713
22.192472 74.641846
22.198277 142.617401
22.204082 142.653152
22.209887 142.811737
22.215693 142.953293
22.221497 262.193298
22.227301 261.606354
22.233107 261.782928
22.238911 96.841568
22.244717 96.930946
22.250521 145.779236
22.256327 131.645615
22.262131 97.872032
22.267937 97.698090
22.273741 262.098236
22.279547 262.275208
22.285351 352.571838
22.291157 346.981171
22.296961 99.862991
22.302767 180.336258
22.308571 372.270386
22.314377 371.705658
22.320181 372.738708
22.325987 311.671204
22.331791 156.884918
22.337597 157.279480
22.343401 314.788940
22.349207 314.355530
22.355011 313.778992
22.360817 313.056488
22.366621 311.933685
22.372427 310.728363
22.378231 309.701172
22.384037 308.245300
22.389841 305.815613
22.395647 303.318695
22.401451 130.698730
22.407257 149.776367
22.413061 189.806580
22.418867 207.851608
22.424671 296.075287
22.430477 296.222961
22.436281 296.573303
22.442085 296.947205
22.447891 297.414398
22.453695 297.756744
22.459501 148.473099
22.465305 148.138702
22.471111 147.842957
22.476915 98.206444
22.482721 98.066010
22.488525 97.969032
22.494331 293.731354
22.500135 293.794922
22.505941 293.781891
22.511745 146.838715
22.517551 146.750229
22.523355 146.721878
22.529161 146.815979
22.534966 97.997307
22.540771 98.058273
22.546576 98.016617
22.552382 97.953072
22.558186 97.897972
22.563992 97.844772
22.569796 97.805138
22.575602 97.798172
22.581406 97.789070
22.587212 97.714142
22.593016 97.534531
22.598822 97.339600
22.604626 97.247505
22.610432 97.207947
22.616236 97.114418
22.622042 96.945023
22.627846 96.898872
22.633652 96.969833
22.639456 145.360046
22.645260 145.486984
22.651066 145.813721
22.656870 97.934967
22.662676 97.942177
22.668480 97.864723
22.674286 97.834892
22.680090 97.856369
22.685896 97.844337
22.691700 97.738235
22.697506 97.578621
22.703310 97.426559
22.709116 97.281227
22.714920 97.188484
22.720726 97.239357
22.726530 97.367889
22.732336 97.435730
22.738140 97.483757
22.743946 97.586563
22.749750 293.694946
22.755556 294.118774
22.761360 294.356140
22.767166 294.570953
22.772970 294.840149
22.778776 295.047699
22.784580 294.973206
22.790386 294.716705
22.796190 294.508423
22.801996 294.397797
22.807800 97.944275
22.813606 97.784195
22.819410 97.612038
22.825216 97.463547
22.831020 97.342308
22.836826 291.195007
22.842630 290.851166
22.848434 290.654877
22.854240 290.739258
22.860044 291.332184
22.865850 195.006805
22.871655 195.218506
22.877460 195.509964
22.883265 293.715607
22.889071 294.030457
22.894875 294.392395
22.900681 294.667053
22.906485 294.807343
22.912291 196.568665
22.918095 196.434326
22.923901 196.263504
22.929705 195.990845
22.935511 146.061447
22.941315 146.153915
22.947121 295.339386
22.952925 97.589241
22.958731 195.043808
22.964535 194.959976
22.970341 194.769836
22.976145 220.396942
22.981951 219.957657
22.987755 97.907280
22.993561 97.704582
22.999365 219.917603
