0.000000 385.313599
0.005805 361.049805
0.011610 342.315674
0.017415 341.041870
0.023220 338.647766
0.029025 342.333740
0.034830 379.268036
0.040635 182.078659
0.046440 139.074753
0.052245 138.834534
0.058050 138.746567
0.063855 133.730408
0.069660 3849.676025
0.075465 3825.224121
0.081270 3790.327393
0.087075 3745.083740
0.092880 81.658760
0.098685 79.561165
0.104490 77.642593
0.110295 3509.654785
0.116100 3581.503418
0.121905 78.455284
0.127710 76.654778
0.133515 74.929764
0.139320 144.050461
0.145125 54.555862
0.150930 51.284100
0.156735 65.373787
0.162540 65.257500
0.168345 65.859764
0.174150 95.793503
0.179955 92.623604
0.185760 93.216789
0.191565 95.336044
0.197370 99.057373
0.203175 103.614723
0.208980 228.402313
0.214785 232.837952
0.220590 231.874954
0.226395 230.788483
0.232200 229.264023
0.238005 225.487076
0.243810 464.073212
0.249615 464.879639
0.255419 463.148132
0.261224 458.232300
0.267029 453.647766
0.272834 450.406433
0.278639 450.352173
0.284444 473.585999
0.290249 471.972748
0.296054 456.043854
0.301859 446.650055
0.307664 3878.841553
0.313469 3854.310791
0.319274 173.686615
0.325079 3779.917969
0.330884 4017.983154
0.336689 4052.590088
0.342494 597.309814
0.348299 596.920959
0.354104 102.034866
0.359909 101.901810
0.365714 290.635498
0.371519 3826.328125
0.377324 3964.050781
0.383129 4115.009277
0.388934 4070.983643
0.394739 3872.241699
0.400544 3708.628662
0.406349 122.514091
0.412154 61.386654
0.417959 127.247078
0.423764 127.110352
0.429569 126.830421
0.435374 126.721741
0.441179 126.588524
0.446984 126.458405
0.452789 126.638771
0.458594 130.696793
0.464399 130.141647
0.470204 129.921707
0.476009 3972.697998
0.481814 3978.292725
0.487619 4031.311768
0.493424 4065.462891
0.499229 4065.753418
0.505034 4052.319824
0.510839 4048.390381
0.516644 4050.651855
0.522449 3988.814697
0.528254 3651.392090
0.534059 3120.433350
0.539864 3038.189453
0.545669 3150.507568
0.551474 3453.781250
0.557279 127.443871
0.563084 122.382477
0.568889 125.975990
0.574694 126.082069
0.580499 4191.531738
0.586304 4353.447754
0.592109 4675.964844
0.597914 4848.000977
0.603719 4907.373047
0.609524 4915.034180
0.615329 5296.830078
0.621134 5957.128418
0.626939 5877.981445
0.632744 1345.544067
0.638549 4701.585449
0.644354 4324.223145
0.650159 4050.950928
0.655964 1268.167969
0.661769 1272.346924
0.667574 1280.339233
0.673379 319.437439
0.679184 5397.919434
0.684989 291.630280
0.690794 290.290894
0.696599 125.284668
0.702404 125.186295
0.708209 251.753647
0.714014 250.596191
0.719819 249.552475
0.725624 248.913284
0.731429 248.456711
0.737234 248.046036
0.743039 147.491257
0.748844 147.034500
0.754649 103.616714
0.760454 104.148026
0.766258 72.342331
0.772063 72.890312
0.777869 139.991882
0.783673 123.769760
0.789478 123.555374
0.795283 123.391426
0.801088 123.144958
0.806893 241.861649
0.812698 239.684265
0.818503 238.650803
0.824308 2550.166016
0.830113 2571.451416
0.835918 2617.535156
0.841723 2653.172363
0.847528 111.295601
0.853333 111.203423
0.859138 111.015633
0.864943 110.635849
0.870748 110.796623
0.876553 66.002205
0.882358 163.407639
0.888163 163.323868
0.893968 111.139244
0.899773 110.926750
0.905578 110.509033
0.911383 162.712708
0.917188 377.908356
0.922993 189.146423
0.928798 143.870712
0.934603 142.999298
0.940408 138.032181
0.946213 4384.110352
0.952018 4392.252930
0.957823 4373.659180
0.963628 4281.534180
0.969433 4148.305664
0.975238 4027.878662
0.981043 3948.754395
0.986848 3932.847900
0.992653 86.852219
0.998458 255.615570
1.004263 241.342743
1.010068 238.827682
1.015873 77.601395
1.021678 114.745995
1.027483 114.310623
1.033288 1084.493286
1.039093 1087.062012
1.044898 195.688889
1.050703 301.713867
1.056508 150.108932
1.062313 1050.615112
1.068118 1058.281738
1.073923 170.896103
1.079728 169.412323
1.085533 168.072754
1.091338 524.255920
1.097143 158.778168
1.102948 158.101303
1.108753 154.709122
1.114558 150.506088
1.120363 81.520500
1.126168 84.064682
1.131973 84.199661
1.137778 245.278519
1.143583 245.285843
1.149388 245.094757
1.155193 244.881134
1.160998 244.824738
1.166803 122.196800
1.172608 122.114975
1.178413 122.010529
1.184218 122.004585
1.190023 121.976059
1.195828 121.926292
1.201633 121.962440
1.207438 97.589035
1.213243 97.549423
1.219048 4270.968750
1.224853 4415.780273
1.230658 4322.827148
1.236463 3904.316895
1.242268 3676.581299
1.248073 3613.184814
1.253878 3610.808838
1.259683 3642.674805
1.265488 3685.758789
1.271293 219.023026
1.277097 219.713699
1.282902 220.368530
1.288707 221.427002
1.294513 223.192795
1.300317 224.795486
1.306122 226.183563
1.311927 227.515076
1.317732 228.468018
1.323537 229.297104
1.329342 116.866730
1.335147 236.367569
1.340952 236.871109
1.346757 3829.392578
1.352562 239.010300
1.358367 3864.732910
1.364172 183.221436
1.369977 137.064163
1.375782 136.820404
1.381587 135.470657
1.387392 127.837753
1.393197 116.099869
1.399002 97.492363
1.404807 87.193588
1.410612 81.615334
1.416417 81.797859
1.422222 81.789032
1.428027 81.732475
1.433832 2775.004395
1.439637 243.848221
1.445442 243.176636
1.451247 80.826294
1.457052 121.376450
1.462857 121.227890
1.468662 120.957024
1.474467 120.578056
1.480272 81.089783
1.486077 80.558434
1.491882 3822.578857
1.497687 3904.746094
1.503492 3996.495117
1.509297 4153.959473
1.515102 4230.542480
1.520907 0.000000
1.526712 102.091866
1.532517 216.508789
1.538322 290.469635
1.544127 290.051636
1.549932 221.118973
1.555737 221.975357
1.561542 222.793274
1.567347 236.092422
1.573152 3629.673096
1.578957 3602.956055
1.584762 3628.467773
1.590567 194.244659
1.596372 87.705742
1.602177 4887.244629
1.607982 5013.707031
1.613787 5099.592773
1.619592 5305.428711
1.625397 5745.118164
1.631202 6330.728027
1.637007 6251.471191
1.642812 85.084641
1.648617 85.121277
1.654422 896.305664
1.660227 0.000000
1.666032 598.286926
1.671837 144.293091
1.677642 144.198395
1.683447 144.133163
1.689252 349.093719
1.695057 348.972412
1.700862 4106.692871
1.706667 421.325775
1.712472 189.306473
1.718277 188.032822
1.724082 196.823410
1.729887 197.097794
1.735692 197.616943
1.741497 197.759903
1.747302 197.887726
1.753107 183.690552
1.758912 183.881699
1.764717 198.939209
1.770522 199.344330
1.776327 187.061859
1.782132 186.420578
1.787936 186.324722
1.793741 2604.890869
1.799546 187.648041
1.805351 190.408524
1.811157 181.971863
1.816961 133.737091
1.822766 133.808670
1.828571 133.614883
1.834376 3604.268311
1.840181 3531.537842
1.845986 3445.854248
1.851791 3446.925537
1.857596 3586.153076
1.863401 3662.581299
1.869206 3665.698730
1.875011 231.608612
1.880816 232.084320
1.886621 232.804321
1.892426 233.479874
1.898231 140.266373
1.904036 148.312637
1.909841 230.828033
1.915646 231.276169
1.921451 231.999863
1.927256 232.777832
1.933061 233.520523
1.938866 234.228134
1.944671 234.642731
1.950476 234.263535
1.956281 233.005554
1.962086 243.932068
1.967891 243.438522
1.973696 243.320663
1.979501 243.220276
1.985306 242.898544
1.991111 241.405045
1.996916 261.314514
2.002721 235.536682
2.008526 232.223038
2.014331 228.417892
2.020136 225.388199
2.025941 111.985077
2.031746 111.801491
2.037551 111.756439
2.043356 112.006676
2.049161 0.000000
2.054966 115.991615
2.060771 116.187912
2.066576 95.437370
2.072381 95.535744
2.078186 4610.364746
2.083991 4606.069336
2.089796 4680.684570
2.095601 4892.661133
2.101406 185.470825
2.107211 176.948212
2.113016 142.707565
2.118821 142.814301
2.124626 133.086151
2.130431 3955.027832
2.136236 3781.235840
2.142041 87.207886
2.147846 85.015068
2.153651 84.702179
2.159456 84.329567
2.165261 81.894905
2.171066 82.002487
2.176871 230.805222
2.182676 228.777451
2.188481 215.992386
2.194286 216.846619
2.200091 161.816910
2.205896 214.761383
2.211701 211.765747
2.217506 544.333435
2.223311 526.915161
2.229116 515.872131
2.234921 514.286377
2.240726 527.279663
2.246531 555.638428
2.252336 557.640686
2.258141 553.359192
2.263946 549.899780
2.269751 183.086609
2.275556 182.975906
2.281361 73.140846
2.287166 146.069260
2.292970 146.142334
2.298775 146.150253
2.304580 146.108475
2.310385 97.245804
2.316190 97.268028
2.321995 167.963364
2.327801 168.487656
2.333606 4841.150391
2.339411 4937.349121
2.345215 4951.688477
2.351020 4960.797363
2.356825 5045.963867
2.362630 5226.918457
2.368435 5404.673340
2.374240 5459.539062
2.380045 5339.229980
2.385850 5117.488281
2.391655 4832.605957
2.397460 4607.891113
2.403265 4547.050293
2.409070 4501.573242
2.414875 4366.855957
2.420680 4149.444336
2.426485 4004.338135
2.432290 3955.361084
2.438095 3950.902588
2.443900 3885.417969
2.449705 249.674072
2.455510 3629.434082
2.461315 246.446304
2.467120 244.993912
2.472925 244.236053
2.478730 243.369720
2.484535 242.649094
2.490340 242.044861
2.496145 72.844620
2.501950 72.812973
2.507755 72.888847
2.513560 72.906860
2.519365 97.274658
2.525170 97.250069
2.530975 97.246399
2.536780 72.905663
2.542585 72.706329
2.548390 242.261078
2.554195 242.314484
2.560000 136.193329
2.565805 136.179337
2.571610 122.358910
2.577415 122.423149
2.583220 122.462418
2.589025 75.403564
2.594830 75.476120
2.600635 74.026054
2.606440 73.946732
2.612245 79.179131
2.618050 79.164871
2.623855 76.446373
2.629660 76.375954
2.635465 76.265450
2.641270 77.582718
2.647075 77.560364
2.652880 120.777443
2.658685 3990.814697
2.664490 4017.757812
2.670295 4007.571289
2.676100 3980.809082
2.681905 4164.625977
2.687710 4376.985840
2.693515 4307.366211
2.699320 4177.391113
2.705125 101.882568
2.710930 101.831200
2.716735 215.293945
2.722540 204.041428
2.728345 4003.389404
2.734150 4072.186035
2.739955 4125.300781
2.745760 435.300232
2.751565 4203.544922
2.757370 4354.500000
2.763175 4868.422852
2.768980 5632.347656
2.774785 5971.931641
2.780590 6075.260254
2.786395 6089.016113
2.792200 6075.969238
2.798005 6062.294434
2.803810 6014.220215
2.809614 5762.596680
2.815419 5371.714844
2.821224 5335.678223
2.827029 5555.507812
2.832834 391.456177
2.838639 138.879791
2.844445 144.006027
2.850250 139.430649
2.856054 136.496185
2.861859 127.061470
2.867664 108.122871
2.873469 3762.741943
2.879274 87.310104
2.885079 74.416763
2.890884 74.184044
2.896689 82.303268
2.902494 80.644714
2.908299 77.354477
2.914104 77.287598
2.919909 74.641014
2.925714 76.842392
2.931519 76.620659
2.937324 2718.866455
2.943129 2715.187744
2.948934 2765.224121
2.954739 2829.740967
2.960544 2867.502930
2.966349 202.607651
2.972154 202.618866
2.977959 202.272232
2.983764 4200.469238
2.989569 4272.871094
2.995374 4284.229004
3.001179 4180.943848
3.006984 3980.882568
3.012789 3837.500977
3.018594 3807.132812
3.024399 3831.979736
3.030204 221.285248
3.036009 221.666885
3.041814 222.492020
3.047619 223.503891
3.053424 224.478073
3.059229 225.224213
3.065034 225.991470
3.070839 227.161255
3.076644 228.272354
3.082449 228.983658
3.088254 229.429413
3.094059 229.843811
3.099864 230.694855
3.105669 231.831131
3.111474 232.613571
3.117279 233.418091
3.123084 235.007355
3.128889 889.710205
3.134694 593.087891
3.140499 592.841858
3.146304 592.605713
3.152109 592.242493
3.157914 591.717651
3.163719 592.794495
3.169524 597.518188
3.175329 119.532829
3.181134 634.321594
3.186939 641.300781
3.192744 116.984558
3.198549 120.780006
3.204354 217.962051
3.210159 206.127930
3.215964 119.316620
3.221769 663.308411
3.227574 4181.405762
3.233379 4133.214844
3.239184 4085.364258
3.244989 4082.552002
3.250794 107.488564
3.256599 107.404747
3.262404 111.048332
3.268209 457.917786
3.274014 381.445770
3.279819 182.936691
3.285624 139.150879
3.291429 138.853470
3.297234 134.192810
3.303039 134.095566
3.308844 120.777710
3.314649 101.150658
3.320453 86.964516
3.326258 86.943954
3.332063 86.901833
3.337868 86.816231
3.343673 632.980957
3.349478 630.225647
3.355283 628.032654
3.361089 173.774353
3.366894 628.349548
3.372698 629.477234
3.378503 629.216248
3.384308 627.538818
3.390113 626.151855
3.395918 625.772644
3.401723 625.246765
3.407528 625.319214
3.413333 627.415527
3.419138 631.667847
3.424943 634.465332
3.430748 89.011421
3.436553 4514.589355
3.442358 4562.020996
3.448163 4745.245605
3.453968 5060.353516
3.459773 5216.488770
3.465578 5276.900391
3.471383 83.945488
3.477188 81.780113
3.482993 76.520630
3.488798 76.529808
3.494603 79.022469
3.500408 81.497375
3.506213 83.029488
3.512018 76.744530
3.517823 75.772552
3.523628 78.682617
3.529433 81.993233
3.535238 82.871758
3.541043 78.755981
3.546848 76.444298
3.552653 76.431076
3.558458 10647.744141
3.564263 10452.001953
3.570068 4739.227539
3.575873 4620.711914
3.581678 4601.050293
3.587483 4557.813965
3.593288 4321.950195
3.599093 4000.678711
3.604898 3937.032471
3.610703 3958.090088
3.616508 3952.990234
3.622313 232.581619
3.628118 231.734467
3.633923 230.109055
3.639728 227.871429
3.645533 227.733444
3.651338 228.004074
3.657143 228.078812
3.662948 227.913239
3.668753 227.436218
3.674558 225.763870
3.680363 222.774170
3.686168 221.280334
3.691973 220.790543
3.697778 221.195663
3.703583 222.083847
3.709388 222.616409
3.715193 223.030441
3.720998 223.731445
3.726803 224.580612
3.732608 225.341980
3.738413 226.160355
3.744218 227.093216
3.750023 228.252350
3.755828 229.519501
3.761633 230.358353
3.767438 230.930420
3.773243 231.654205
3.779048 232.848328
3.784853 234.542328
3.790658 235.741913
3.796463 236.270020
3.802268 236.461411
3.808073 236.606094
3.813878 237.007568
3.819683 237.732346
3.825488 65.757233
3.831293 71.388580
3.837097 71.297417
3.842902 71.257988
3.848707 67.103416
3.854512 65.564857
3.860317 65.814850
3.866122 4400.665527
3.871927 4350.139648
3.877733 593.325806
3.883538 592.468262
3.889342 101.968643
3.895147 101.892441
3.900952 292.256592
3.906757 291.323364
3.912562 4147.100098
3.918367 4133.779297
3.924172 4005.476807
3.929977 3807.063965
3.935782 3726.561279
3.941587 100.297989
3.947392 0.000000
3.953197 642.518005
3.959002 630.422546
3.964807 623.753784
3.970612 622.381531
3.976417 622.886780
3.982222 623.129333
3.988027 622.966614
3.993832 622.897522
3.999637 622.956299
4.005442 623.074036
4.011247 623.056152
4.017052 622.729248
4.022857 622.245544
4.028662 173.840622
4.034467 173.862595
4.040272 173.883713
4.046077 173.899323
4.051882 173.902039
4.057687 173.913986
4.063492 173.998505
4.069297 625.764893
4.075102 630.193665
4.080907 636.266052
4.086712 645.362732
4.092517 0.000000
4.098322 93.869469
4.104127 115.372986
4.109932 115.219124
4.115737 101.664612
4.121542 0.000000
4.127347 115.000885
4.133152 110.070824
4.138957 100.121262
4.144762 199.596497
4.150567 199.328949
4.156372 181.166077
4.162177 391.770813
4.167982 139.257675
4.173787 139.399261
4.179592 139.072662
4.185397 138.324341
4.191202 3880.978516
4.197007 3787.876953
4.202812 3756.820068
4.208617 78.586090
4.214422 75.486565
4.220227 76.350182
4.226032 76.449631
4.231837 229.426025
4.237642 231.022186
4.243447 231.973694
4.249252 232.534302
4.255057 232.973785
4.260862 116.805870
4.266667 233.376892
4.272471 233.386688
4.278276 233.634827
4.284081 234.171814
4.289886 234.517044
4.295691 234.710999
4.301497 234.918381
4.307302 235.138016
4.313107 235.276398
4.318912 235.785004
4.324717 236.844635
4.330522 237.558731
4.336327 238.004028
4.342132 237.978729
4.347937 236.804428
4.353742 234.559830
4.359547 232.111282
4.365352 230.331680
4.371157 229.749908
4.376961 230.103333
4.382766 230.434280
4.388571 230.398819
4.394376 230.333160
4.400181 230.322723
4.405986 229.424744
4.411791 226.655502
4.417596 225.603897
4.423401 225.625183
4.429206 209.854141
4.435011 209.282394
4.440816 209.132355
4.446621 207.589249
4.452426 4138.790527
4.458231 4208.232422
4.464036 4253.505859
4.469841 4208.304199
4.475646 4003.666748
4.481451 3784.375244
4.487256 3692.142822
4.493061 3670.594482
4.498866 3696.093506
4.504671 143.577805
4.510476 143.629196
4.516281 143.609253
4.522086 146.121109
4.527891 145.526596
4.533696 143.757858
4.539501 297.865936
4.545306 193.320145
4.551111 190.539642
4.556916 187.444687
4.562721 185.303452
4.568526 182.551804
4.574331 181.578918
4.580136 181.195816
4.585941 180.843033
4.591746 180.139038
4.597551 179.243408
4.603356 178.454697
4.609161 177.917175
4.614966 177.623596
4.620771 177.193909
4.626576 176.670792
4.632381 176.300201
4.638186 175.925476
4.643991 175.438187
4.649796 175.060669
4.655601 174.823257
4.661406 174.214844
4.667211 172.721039
4.673016 171.688812
4.678821 171.553543
4.684626 171.545609
4.690431 171.332672
4.696236 170.785919
4.702041 170.038544
4.707846 169.340607
4.713651 168.995987
4.719456 340.160492
4.725261 339.680115
4.731066 337.736542
4.736871 337.514099
4.742676 367.873718
4.748481 190.020721
4.754286 190.301300
4.760091 140.436142
4.765896 138.881119
4.771701 133.972610
4.777506 133.934555
4.783311 3810.961182
4.789115 3829.985107
4.794920 81.615913
4.800725 81.615715
4.806530 81.539894
4.812335 80.834442
4.818141 504.637360
4.823946 235.222198
4.829751 233.688614
4.835556 232.787643
4.841361 150.755295
4.847166 147.320435
4.852971 146.455399
4.858776 146.291626
4.864581 450.555725
4.870386 245.986725
4.876191 246.280746
4.881996 245.763947
4.887800 244.769226
4.893605 243.065079
4.899410 538.888611
4.905215 236.043808
4.911020 232.862274
4.916825 230.753311
4.922630 229.748581
4.928435 229.088150
4.934240 228.246536
4.940045 226.946487
4.945850 225.397125
4.951655 223.900131
4.957460 152.377502
4.963265 331.240051
4.969070 330.519897
4.974875 330.758911
4.980680 330.689392
4.986485 330.678009
4.992290 331.183319
4.998095 331.410004
5.003900 331.163574
5.009705 332.048889
5.015510 333.164398
5.021315 321.492035
5.027120 4400.081543
5.032925 4662.378418
5.038730 4856.524414
5.044535 4830.870117
5.050340 4475.497070
5.056145 595.600037
5.061950 595.343079
5.067755 102.054695
5.073560 292.247498
5.079365 291.558685
5.085170 3945.277344
5.090975 4018.836670
5.096780 4100.604492
5.102585 4095.247314
5.108390 4028.492432
5.114195 3937.034668
5.120000 3902.696045
5.125805 66.723801
5.131610 118.572197
5.137415 122.027542
5.143220 121.968925
5.149025 121.944756
5.154830 4074.605957
5.160635 4086.143799
5.166440 4122.332031
5.172245 4163.159668
5.178050 4216.190918
5.183855 4285.758789
5.189660 4367.846191
5.195465 4450.882324
5.201270 4499.470215
5.207075 4517.472168
5.212880 4532.349609
5.218685 4564.631348
5.224490 4555.219727
5.230295 3976.214844
5.236100 3717.445312
5.241905 3592.230225
5.247710 148.883820
5.253515 147.048248
5.259320 151.458878
5.265125 151.767654
5.270930 5286.692871
5.276735 5415.821777
5.282540 5469.844238
5.288345 5435.723145
5.294150 5337.622070
5.299954 5188.819824
5.305759 5059.355469
5.311564 5007.912598
5.317369 5026.390625
5.323174 5022.590332
5.328979 4983.685059
5.334785 4677.465820
5.340590 4342.112793
5.346395 4435.659668
5.352200 4497.187988
5.358005 4394.757324
5.363810 4117.828613
5.369615 3801.624268
5.375420 3554.224121
5.381225 3441.170166
5.387030 293.898468
5.392835 293.920685
5.398640 146.520447
5.404444 144.747253
5.410249 143.866760
5.416054 72.810295
5.421859 75.223328
5.427664 289.439026
5.433469 287.047791
5.439274 286.313202
5.445079 286.549164
5.450884 287.212036
5.456689 288.103119
5.462494 73.420227
5.468299 73.326416
5.474104 72.404640
5.479909 72.340248
5.485714 72.255287
5.491519 71.713768
5.497324 70.697792
5.503129 69.552879
5.508934 236.352615
5.514739 235.321152
5.520544 234.892151
5.526349 234.520645
5.532154 233.905746
5.537959 232.637436
5.543764 227.053101
5.549569 225.068985
5.555374 223.419189
5.561179 221.558838
5.566984 343.530945
5.572789 344.330353
5.578594 347.039001
5.584399 384.574554
5.590204 392.469543
5.596009 394.444550
5.601814 366.140259
5.607619 81.868240
5.613424 82.090630
5.619229 82.057434
5.625034 80.772583
5.630839 76.950340
5.636644 187.056259
5.642449 138.725128
5.648254 138.755310
5.654059 138.842499
5.659864 134.572540
5.665669 3998.673340
5.671474 3980.289795
5.677279 3959.298584
5.683084 79.110039
5.688889 73.413116
5.694694 81.607506
5.700499 97.989975
5.706304 3666.649902
5.712109 3670.767822
5.717914 631.508362
5.723719 536.329468
5.729524 535.246033
5.735329 92.074699
5.741134 2092.761475
5.746939 2072.894775
5.752744 3779.413330
5.758549 3832.433838
5.764354 3846.751221
5.770159 2069.540771
5.775964 98.151985
5.781769 98.266014
5.787574 98.371613
5.793379 98.605133
5.799184 98.724594
5.804989 80.258560
5.810794 5350.673828
5.816598 242.816650
5.822403 244.249191
5.828208 245.532471
5.834013 246.046005
5.839818 6381.559570
5.845623 6320.855957
5.851429 6150.154785
5.857234 5947.405273
5.863039 5838.436035
5.868844 5818.116211
5.874649 5866.590332
5.880454 5981.236328
5.886259 6143.461914
5.892064 6351.246582
5.897869 6580.087891
5.903674 6771.908203
5.909479 6857.352539
5.915284 6846.862793
5.921088 6748.507812
5.926893 244.584152
5.932698 4035.890625
5.938503 4242.550781
5.944308 4118.862305
5.950113 3830.835693
5.955918 3706.361816
5.961723 3673.999756
5.967528 453.972168
5.973333 452.449585
5.979138 216.529587
5.984943 218.074570
5.990748 219.019257
5.996553 220.198547
