0.000000 0.000000
0.005805 0.000000
0.011610 0.000000
0.017415 0.000000
0.023220 0.000000
0.029025 0.000000
0.034830 0.000000
0.040635 0.000000
0.046440 0.000000
0.052245 0.000000
0.058050 0.000000
0.063855 0.000000
0.069660 0.000000
0.075465 0.000000
0.081270 0.000000
0.087075 0.000000
0.092880 6054.100098
0.098685 6147.564941
0.104490 6190.949707
0.110295 6195.604492
0.116100 6186.899902
0.121905 6170.892578
0.127710 6149.540527
0.133515 6129.275391
0.139320 6103.317871
0.145125 6040.616211
0.150930 5960.962891
0.156735 5947.583984
0.162540 6004.276855
0.168345 5983.533691
0.174150 311.982300
0.179955 841.101562
0.185760 830.885742
0.191565 2028.625000
0.197370 998.204834
0.203175 1960.581543
0.208980 1932.515991
0.214785 1217.707153
0.220590 1205.553955
0.226395 1194.830200
0.232200 845.696106
0.238005 839.193054
0.243810 830.114563
0.249615 327.151245
0.255419 247.421570
0.261224 246.292938
0.267029 198.009720
0.272834 354.066040
0.278639 308.760773
0.284444 141.403442
0.290249 141.180893
0.296054 564.454407
0.301859 248.068146
0.307664 247.418137
0.313469 441.182861
0.319274 438.732056
0.325079 359.127838
0.330884 304.806335
0.336689 304.589874
0.342494 232.238083
0.348299 975.816406
0.354104 974.571350
0.359909 973.567444
0.365714 973.321655
0.371519 974.229187
0.377324 0.000000
0.383129 979.937378
0.388934 982.503235
0.394739 0.000000
0.400544 984.299561
0.406349 986.019409
0.412154 999.314026
0.417959 0.000000
0.423764 0.000000
0.429569 498.811981
0.435374 494.990234
0.441179 971.077026
0.446984 969.927185
0.452789 968.986023
0.458594 967.539062
0.464399 966.964783
0.470204 966.375854
0.476009 971.894470
0.481814 1024.269775
0.487619 631.309204
0.493424 631.230164
0.499229 631.129089
0.505034 1037.727783
0.510839 123.548012
0.516644 282.054291
0.522449 140.958450
0.528254 140.931641
0.534059 282.929840
0.539864 282.858490
0.545669 164.650787
0.551474 164.736938
0.557279 393.133026
0.563084 393.104645
0.568889 393.539948
0.574694 394.453491
0.580499 394.762909
0.586304 384.355927
0.592109 624.083191
0.597914 624.317749
0.603719 1917.019653
0.609524 1915.657227
0.615329 1919.300049
0.621134 1934.500122
0.626939 1964.315308
0.632744 2009.354370
0.638549 2066.385254
0.644354 2122.756104
0.650159 2164.546631
0.655964 2205.076660
0.661769 2254.492432
0.667574 2325.976074
0.673379 2411.305908
0.679184 2499.489746
0.684989 0.000000
0.690794 629.961365
0.696599 0.000000
0.702404 0.000000
0.708209 0.000000
0.714014 711.354431
0.719819 1260.726929
0.725624 6066.652832
0.731429 6122.680664
0.737234 6145.037109
0.743039 6156.096680
0.748844 6161.765137
0.754649 6161.851074
0.760454 6144.104004
0.766258 6071.563965
0.772063 5958.994141
0.777869 5872.855469
0.783673 5917.009277
0.789478 0.000000
0.795283 0.000000
0.801088 0.000000
0.806893 0.000000
0.812698 0.000000
0.818503 0.000000
0.824308 0.000000
0.830113 0.000000
0.835918 0.000000
0.841723 0.000000
0.847528 0.000000
0.853333 0.000000
0.859138 0.000000
0.864943 0.000000
0.870748 0.000000
0.876553 0.000000
0.882358 0.000000
0.888163 0.000000
0.893968 3314.650391
0.899773 0.000000
0.905578 0.000000
0.911383 0.000000
0.917188 0.000000
0.922993 0.000000
0.928798 0.000000
0.934603 0.000000
0.940408 0.000000
0.946213 0.000000
0.952018 0.000000
0.957823 0.000000
0.963628 90.870750
0.969433 0.000000
0.975238 0.000000
0.981043 0.000000
0.986848 0.000000
0.992653 3117.115234
0.998458 0.000000
1.004263 642.322998
1.010068 0.000000
1.015873 0.000000
1.021678 0.000000
1.027483 643.667419
1.033288 643.189697
1.039093 0.000000
1.044898 0.000000
1.050703 0.000000
1.056508 0.000000
1.062313 0.000000
1.068118 4649.142578
1.073923 4591.385254
1.079728 1090.694702
1.085533 1089.643311
1.091338 1021.178345
1.097143 995.746277
1.102948 991.138855
1.108753 2004.042847
1.114558 1260.564087
1.120363 1266.506958
1.126168 498.290741
1.131973 495.928833
1.137778 806.909363
1.143583 329.503845
1.149388 329.778137
1.155193 329.919708
1.160998 246.735901
1.166803 198.972015
1.172608 199.482559
1.178413 957.601440
1.184218 140.956787
1.190023 141.150772
1.195828 141.169861
1.201633 247.394211
1.207438 247.177292
1.213243 246.817795
1.219048 197.780533
1.224853 197.532135
1.230658 164.723862
1.236463 1001.984070
1.242268 998.258545
1.248073 993.209839
1.253878 989.346069
1.259683 989.236694
1.265488 990.441772
1.271293 990.285828
1.277097 989.590820
1.282902 0.000000
1.288707 989.173096
1.294513 989.377747
1.300317 989.542725
1.306122 0.000000
1.311927 988.865479
1.317732 988.892944
1.323537 989.732300
1.329342 990.618469
1.335147 990.582520
1.340952 992.514648
1.346757 984.527771
1.352562 490.738861
1.358367 490.447784
1.364172 6194.381836
1.369977 6188.812012
1.375782 6179.385254
1.381587 1036.234375
1.387392 983.291992
1.393197 982.477905
1.399002 204.367599
1.404807 258.174194
1.410612 257.863831
1.416417 257.751099
1.422222 257.717468
1.428027 141.025421
1.433832 141.006866
1.439637 310.745636
1.445442 164.501694
1.451247 164.575409
1.457052 164.601471
1.462857 164.677841
1.468662 197.313293
1.474467 197.441803
1.480272 197.588455
1.486077 198.204239
1.491882 962.260315
1.497687 956.242188
1.503492 954.991638
1.509297 956.236511
1.515102 962.993286
1.520907 976.494507
1.526712 986.787354
1.532517 997.107361
1.538322 1009.679688
1.544127 1022.792542
1.549932 783.380981
1.555737 789.499084
1.561542 797.204041
1.567347 808.570312
1.573152 0.000000
1.578957 0.000000
1.584762 3536.324219
1.590567 3492.788086
1.596372 0.000000
1.602177 0.000000
1.607982 0.000000
1.613787 0.000000
1.619592 0.000000
1.625397 0.000000
1.631202 983.782166
1.637007 1003.985107
1.642812 1003.835876
1.648617 1002.374207
1.654422 0.000000
1.660227 0.000000
1.666032 0.000000
1.671837 0.000000
1.677642 0.000000
1.683447 0.000000
1.689252 0.000000
1.695057 0.000000
1.700862 0.000000
1.706667 0.000000
1.712472 0.000000
1.718277 0.000000
1.724082 0.000000
1.729887 0.000000
1.735692 0.000000
1.741497 0.000000
1.747302 0.000000
1.753107 0.000000
1.758912 4467.727539
1.764717 0.000000
1.770522 0.000000
1.776327 0.000000
1.782132 0.000000
1.787936 0.000000
1.793741 0.000000
1.799546 333.937378
1.805351 0.000000
1.811157 4263.816895
1.816961 0.000000
1.822766 0.000000
1.828571 0.000000
1.834376 0.000000
1.840181 500.869171
1.845986 469.894379
1.851791 0.000000
1.857596 0.000000
1.863401 0.000000
1.869206 0.000000
1.875011 0.000000
1.880816 0.000000
1.886621 0.000000
1.892426 0.000000
1.898231 311.744354
1.904036 0.000000
1.909841 0.000000
1.915646 0.000000
1.921451 0.000000
1.927256 0.000000
1.933061 0.000000
1.938866 0.000000
1.944671 0.000000
1.950476 1936.233643
1.956281 0.000000
1.962086 3436.050537
1.967891 3336.074707
1.973696 6182.304688
1.979501 6197.175293
1.985306 6192.383789
1.991111 6186.976562
1.996916 6185.948730
2.002721 6191.191895
2.008526 6188.564453
2.014331 6134.614258
2.020136 6058.485352
2.025941 6029.616211
2.031746 6080.827148
2.037551 0.000000
2.043356 0.000000
2.049161 0.000000
2.054966 0.000000
2.060771 0.000000
2.066576 0.000000
2.072381 0.000000
2.078186 0.000000
2.083991 0.000000
2.089796 0.000000
2.095601 0.000000
2.101406 0.000000
2.107211 0.000000
2.113016 0.000000
2.118821 0.000000
2.124626 0.000000
2.130431 0.000000
2.136236 0.000000
2.142041 0.000000
2.147846 0.000000
2.153651 0.000000
2.159456 0.000000
2.165261 0.000000
2.171066 0.000000
2.176871 0.000000
2.182676 0.000000
2.188481 4370.257812
2.194286 989.444641
2.200091 988.313110
2.205896 988.975098
2.211701 989.561523
2.217506 990.040161
2.223311 990.383240
2.229116 989.889954
2.234921 986.572693
2.240726 984.664612
2.246531 984.619324
2.252336 984.679382
2.258141 984.776611
2.263946 984.698914
2.269751 984.464294
2.275556 984.255249
2.281361 983.271179
2.287166 980.441650
2.292970 977.824280
2.298775 979.919312
2.304580 123.580444
2.310385 123.565041
2.316190 123.538475
2.321995 123.506493
2.327801 141.130173
2.333606 141.260727
2.339411 141.288315
2.345215 141.250885
2.351020 164.643311
2.356825 164.595932
2.362630 164.570282
2.368435 197.349899
2.374240 197.551682
2.380045 197.679382
2.385850 197.801620
2.391655 198.195480
2.397460 966.826477
2.403265 969.114197
2.409070 973.974182
2.414875 977.673279
2.420680 980.069458
2.426485 983.772156
2.432290 990.564941
2.438095 996.501404
2.443900 1001.019775
2.449705 1008.188538
2.455510 1020.411621
2.461315 1038.440308
2.467120 324.622406
2.472925 329.950439
2.478730 861.760559
2.484535 489.420624
2.490340 493.045898
2.496145 498.075317
2.501950 1175.416870
2.507755 1172.203735
2.513560 1174.788696
2.519365 1185.913940
2.525170 977.038696
2.530975 988.427917
2.536780 1001.838440
2.542585 1004.897705
2.548390 1004.843018
2.554195 1004.612793
2.560000 1004.527161
2.565805 1004.532227
2.571610 1004.447632
2.577415 1004.159363
2.583220 1003.847717
2.589025 1003.733276
2.594830 1673.271240
2.600635 1631.546021
2.606440 6093.613281
2.612245 6116.190430
2.618050 6123.543945
2.623855 6121.460938
2.629660 6113.650879
2.635465 6106.796875
2.641270 6074.476562
2.647075 5993.441895
2.652880 5934.296387
2.658685 0.000000
2.664490 0.000000
2.670295 0.000000
2.676100 0.000000
2.681905 0.000000
2.687710 0.000000
2.693515 0.000000
2.699320 1002.739502
2.705125 1002.416565
2.710930 1002.593445
2.716735 1002.759460
2.722540 1002.623901
2.728345 1002.343262
2.734150 1002.203918
2.739955 1002.011658
2.745760 1000.465637
2.751565 5612.458008
2.757370 5418.639160
2.763175 5046.316895
2.768980 4563.092773
2.774785 3958.620117
2.780590 3426.778809
2.786395 3029.165283
2.792200 0.000000
2.798005 0.000000
2.803810 313.474579
2.809614 4378.400391
2.815419 4034.601074
2.821224 3753.185059
2.827029 3533.472900
2.832834 3457.822754
2.838639 336.952332
2.844445 1009.239990
2.850250 1001.651184
2.856054 502.642365
2.861859 312.638580
2.867664 313.753113
2.873469 313.963165
2.879274 313.747375
2.885079 313.585175
2.890884 2381.881348
2.896689 2152.742432
2.902494 1970.871582
2.908299 1831.466919
2.914104 1721.076172
2.919909 1655.710449
2.925714 514.069214
2.931519 503.980743
2.937324 702.304077
2.943129 666.471863
2.948934 655.577332
2.954739 649.680603
2.960544 641.375916
2.966349 397.933533
2.972154 394.539124
2.977959 283.508362
2.983764 1067.513794
2.989569 634.604004
2.995374 639.742493
3.001179 644.640198
3.006984 645.080383
3.012789 640.867615
3.018594 401.545563
3.024399 397.128204
3.030204 395.384613
3.036009 283.080688
3.041814 283.405487
3.047619 219.019470
3.053424 959.172668
3.059229 968.412659
3.065034 974.731384
3.070839 978.105835
3.076644 980.151978
3.082449 982.642334
3.088254 987.082336
3.094059 993.281677
3.099864 0.000000
3.105669 988.579590
3.111474 987.675842
3.117279 984.733215
3.123084 981.999817
3.128889 982.496765
3.134694 981.377808
3.140499 975.213318
3.146304 964.827881
3.152109 958.376404
3.157914 955.037354
3.163719 953.912903
3.169524 955.564209
3.175329 959.233093
3.181134 962.713623
3.186939 220.105026
3.192744 219.932892
3.198549 219.992004
3.204354 0.000000
3.210159 220.108780
3.215964 219.584183
3.221769 6157.257324
3.227574 6191.125977
3.233379 6194.058105
3.239184 6191.190430
3.244989 6189.697266
3.250794 6191.520996
3.256599 6187.384277
3.262404 6131.717285
3.268209 6016.861816
3.274014 5927.153320
3.279819 5934.919434
3.285624 0.000000
3.291429 0.000000
3.297234 0.000000
3.303039 0.000000
3.308844 0.000000
3.314649 0.000000
3.320453 0.000000
3.326258 0.000000
3.332063 0.000000
3.337868 0.000000
3.343673 0.000000
3.349478 0.000000
3.355283 0.000000
3.361089 0.000000
3.366894 0.000000
3.372698 0.000000
3.378503 0.000000
3.384308 1234.821899
3.390113 1244.556885
3.395918 329.185364
3.401723 329.190430
3.407528 329.239807
3.413333 1240.949219
3.419138 1238.238037
3.424943 981.960083
3.430748 985.916443
3.436553 993.205261
3.442358 999.843262
3.448163 1002.391785
3.453968 1003.037659
3.459773 1003.103943
3.465578 1002.999084
3.471383 1002.852234
3.477188 123.068016
3.482993 123.045578
3.488798 1003.037659
3.494603 1003.591064
3.500408 1004.376587
3.506213 1005.805420
3.512018 644.024292
3.517823 643.924988
3.523628 643.974121
3.529433 0.000000
3.535238 0.000000
3.541043 0.000000
3.546848 0.000000
3.552653 0.000000
3.558458 0.000000
3.564263 0.000000
3.570068 0.000000
3.575873 0.000000
3.581678 0.000000
3.587483 0.000000
3.593288 1008.999756
3.599093 1005.483032
3.604898 1003.812500
3.610703 1003.608154
3.616508 1003.799377
3.622313 1003.828918
3.628118 1003.836853
3.633923 1003.953186
3.639728 1003.935059
3.645533 1002.166992
3.651338 4715.809570
3.657143 4707.700684
3.662948 4675.412598
3.668753 312.380463
3.674558 269.551147
3.680363 311.247589
3.686168 312.272125
3.691973 312.949951
3.697778 313.552155
3.703583 314.491302
3.709388 315.103058
3.715193 314.824341
3.720998 314.244751
3.726803 314.342896
3.732608 315.616302
3.738413 196.199417
3.744218 1021.988464
3.750023 1012.041870
3.755828 315.582672
3.761633 314.583679
3.767438 314.077332
3.773243 314.093414
3.779048 313.901245
3.784853 1491.923706
3.790658 2079.196289
3.796463 2029.417114
3.802268 1998.359741
3.808073 1974.073975
3.813878 1947.777954
3.819683 1202.373169
3.825488 1195.469482
3.831293 1191.620972
3.837097 842.963440
3.842902 837.795471
3.848707 334.023956
3.854512 1623.444458
3.860317 1624.544800
3.866122 209.087952
3.871927 208.719360
3.877733 208.608002
3.883538 209.297684
3.889342 240.704102
3.895147 1692.642212
3.900952 1696.193237
3.906757 1699.304932
3.912562 242.150558
3.918367 242.084106
3.924172 241.702682
3.929977 241.071625
3.935782 211.479492
3.941587 210.706039
3.947392 210.343277
3.953197 240.397125
3.959002 240.865341
3.964807 241.194931
3.970612 241.491272
3.976417 241.839493
3.982222 112.850578
3.988027 113.006393
3.993832 113.235931
3.999637 113.455162
4.005442 113.429840
4.011247 236.027191
4.017052 235.811905
4.022857 275.338470
4.028662 128.052719
4.034467 127.894745
4.040272 127.875122
4.046077 127.830994
4.051882 127.527176
4.057687 127.319138
4.063492 127.319687
4.069297 127.309998
4.075102 127.269623
4.080907 127.191086
4.086712 127.138779
4.092517 127.095276
4.098322 126.986870
4.104127 126.805061
4.109932 126.647491
4.115737 126.562485
4.121542 126.475929
4.127347 126.435669
4.133152 126.490097
4.138957 126.588387
4.144762 126.635765
4.150567 126.707657
4.156372 126.927444
4.162177 127.331917
4.167982 348.359619
4.173787 202.402222
4.179592 202.501968
4.185397 202.084076
4.191202 201.192093
4.197007 200.518875
4.202812 200.369370
4.208617 200.478882
4.214422 200.571198
4.220227 200.475266
4.226032 200.226318
4.231837 200.023865
4.237642 199.967041
4.243447 200.046051
4.249252 200.159500
4.255057 200.207474
4.260862 200.143494
4.266667 199.996231
4.272471 199.869980
4.278276 199.825333
4.284081 199.796371
4.289886 199.767914
4.295691 199.784332
4.301497 199.800629
4.307302 199.734543
4.313107 199.572128
4.318912 198.986038
4.324717 198.556824
4.330522 198.450989
4.336327 198.482315
4.342132 199.201294
4.347937 200.008270
4.353742 199.487717
4.359547 199.011429
4.365352 199.260635
4.371157 198.784714
4.376961 364.882812
4.382766 212.533768
4.388571 212.492722
4.394376 200.546951
4.400181 200.284897
4.405986 199.836182
4.411791 199.546188
4.417596 199.374557
4.423401 199.313019
4.429206 199.370956
4.435011 199.449280
4.440816 199.486298
4.446621 199.518082
4.452426 99.760788
4.458231 99.757210
4.464036 99.728844
4.469841 99.737297
4.475646 124.299736
4.481451 4985.449219
4.487256 4928.197266
4.493061 4888.315918
4.498866 4866.078125
4.504671 164.718704
4.510476 166.183121
4.516281 166.293808
4.522086 166.314407
4.527891 166.298096
4.533696 166.488602
4.539501 166.982086
4.545306 167.343918
4.551111 167.539612
4.556916 167.845886
4.562721 168.063446
4.568526 167.734695
4.574331 167.201508
4.580136 167.257355
4.585941 167.845566
4.591746 168.718216
4.597551 169.240601
4.603356 169.357529
4.609161 169.289291
4.614966 169.067932
4.620771 168.870407
4.626576 169.130005
4.632381 169.505707
4.638186 169.563034
4.643991 99.369980
4.649796 198.198013
4.655601 197.841309
4.661406 197.613068
4.667211 197.951019
4.673016 198.394791
4.678821 198.346695
4.684626 197.994034
4.690431 197.992783
4.696236 198.018219
4.702041 197.919266
4.707846 198.016876
4.713651 198.589767
4.719456 199.329910
4.725261 200.319748
4.731066 201.234314
4.736871 201.416275
4.742676 172.533463
4.748481 172.479675
4.754286 172.975616
4.760091 173.510605
4.765896 173.938278
4.771701 174.112717
4.777506 174.133698
4.783311 174.170990
4.789115 174.271835
4.794920 6177.581055
4.800725 6183.205078
4.806530 6193.453613
4.812335 176.184082
4.818141 173.453873
4.823946 173.594955
4.829751 173.004044
4.835556 171.940414
4.841361 170.806915
4.847166 170.107834
4.852971 169.428909
4.858776 169.049820
4.864581 168.934784
4.870386 168.986877
4.876191 169.175705
4.881996 169.560669
4.887800 170.160614
4.893605 170.824753
4.899410 171.380814
4.905215 171.875061
4.911020 172.505966
4.916825 173.185349
4.922630 173.649658
4.928435 173.776962
4.934240 173.678848
4.940045 173.591553
4.945850 173.559296
4.951655 173.295639
4.957460 172.500336
4.963265 171.435364
4.969070 170.434906
4.974875 169.429565
4.980680 168.400253
4.986485 167.580521
4.992290 167.108292
4.998095 166.908691
5.003900 166.831406
5.009705 166.773254
5.015510 166.725525
5.021315 166.697418
5.027120 166.681427
5.032925 166.679047
5.038730 166.699448
5.044535 166.664185
5.050340 166.338303
5.056145 165.450363
5.061950 164.301590
5.067755 163.527420
5.073560 163.195984
5.079365 156.803543
5.085170 149.284760
5.090975 43.229389
5.096780 0.000000
5.102585 132.510208
5.108390 131.578796
5.114195 131.515350
5.120000 76.412071
5.125805 162.150528
5.131610 148.952835
5.137415 128.113663
5.143220 110.274467
5.149025 114.378128
5.154830 43.066406
5.160635 84.175774
5.166440 84.636017
5.172245 63.617599
5.178050 58.987816
5.183855 63.753441
5.189660 66.761398
5.195465 67.100845
5.201270 67.178101
5.207075 83.929329
5.212880 84.077553
5.218685 84.180946
5.224490 84.240593
5.230295 84.225967
5.236100 84.194931
5.241905 84.182793
5.247710 84.183159
5.253515 84.207985
5.259320 84.184387
5.265125 84.132858
5.270930 1236.390381
5.276735 167.702271
5.282540 167.791885
5.288345 191.665939
5.294150 84.355049
5.299954 199.574203
5.305759 211.145050
5.311564 211.284821
5.317369 211.916794
5.323174 213.428101
5.328979 221.676926
5.334785 223.385025
5.340590 223.952805
5.346395 224.986160
5.352200 226.137329
5.358005 227.528778
5.363810 230.882965
5.369615 232.795334
5.375420 233.128571
5.381225 233.245209
5.387030 233.676041
5.392835 234.504349
5.398640 235.832108
5.404444 237.545959
5.410249 479.981476
5.416054 483.038086
5.421859 485.771423
5.427664 239.707474
5.433469 240.544113
5.439274 243.216949
5.445079 245.195099
5.450884 246.266647
5.456689 246.895218
5.462494 247.523560
5.468299 248.411987
5.474104 249.631912
5.479909 250.855682
5.485714 251.851334
5.491519 252.411163
5.497324 252.369278
5.503129 251.776611
5.508934 250.771271
5.514739 249.131638
5.520544 246.154587
5.526349 237.628571
5.532154 234.212906
5.537959 231.746628
5.543764 5619.019043
5.549569 5655.629883
5.555374 5804.457520
5.561179 6177.759766
5.566984 246.516998
5.572789 123.566933
5.578594 121.433731
5.584399 131.648544
5.590204 145.373779
5.596009 148.935547
5.601814 131.606491
5.607619 127.705963
5.613424 130.970795
5.619229 262.165771
5.625034 261.892029
5.630839 261.123535
5.636644 259.594818
5.642449 257.587646
5.648254 256.256805
5.654059 255.172348
5.659864 253.738052
5.665669 251.997559
5.671474 249.711456
5.677279 247.468735
5.683084 245.523315
5.688889 243.858688
5.694694 242.683167
5.700499 241.708115
5.706304 240.379150
5.712109 238.751709
5.717914 237.062668
5.723719 235.609390
5.729524 235.483200
5.735329 0.000000
5.741134 0.000000
5.746939 217.743866
5.752744 208.430557
5.758549 253.907333
5.764354 253.699188
5.770159 252.660782
5.775964 249.978638
5.781769 247.969040
5.787574 247.014481
5.793379 246.893250
5.799184 248.024017
5.804989 248.460037
5.810794 247.881042
5.816598 246.975433
5.822403 246.017288
5.828208 244.738449
5.834013 243.344208
5.839818 242.244385
5.845623 241.219864
5.851429 240.268402
5.857234 239.549774
5.863039 238.954437
5.868844 238.566879
5.874649 238.115936
5.880454 237.438812
5.886259 236.699188
5.892064 236.046402
5.897869 235.369644
5.903674 234.212891
5.909479 231.601273
5.915284 227.642929
5.921088 224.712326
5.926893 221.568710
5.932698 216.863846
5.938503 215.034454
5.944308 214.191635
5.950113 213.732254
5.955918 213.353073
5.961723 213.009521
5.967528 212.857742
5.973333 213.238754
5.979138 214.024185
5.984943 214.686081
5.990748 215.245850
5.996553 215.624832
6.002358 215.556717
6.008163 214.899246
6.013968 214.224564
6.019773 214.445663
6.025578 227.022171
6.031383 226.620285
6.037188 225.711578
6.042993 120.246407
6.048798 120.512596
6.054603 124.171555
6.060408 77.482315
6.066213 147.665955
6.072018 143.445068
6.077823 105.629074
6.083628 106.034920
6.089433 72.189713
6.095238 100.130959
6.101043 100.095184
6.106848 66.768990
6.112653 66.783295
6.118458 69.501480
6.124263 73.166618
6.130068 227.713257
6.135873 227.883774
6.141678 228.001709
6.147483 327.434540
6.153288 328.148407
6.159093 222.450607
6.164898 220.895157
6.170703 219.807556
6.176508 219.264435
6.182313 219.278549
6.188118 219.627106
6.193923 220.089828
6.199728 220.641022
6.205533 222.057877
6.211338 225.318390
6.217143 226.990082
6.222948 227.638565
6.228753 227.609665
6.234558 227.339401
6.240363 227.524750
6.246168 228.621460
6.251973 229.748154
6.257778 230.212006
6.263583 230.311050
6.269388 230.143250
6.275193 229.640747
6.280998 228.789047
6.286803 227.778793
6.292608 227.312012
6.298413 199.785950
6.304218 199.757401
6.310023 199.898239
6.315828 200.012039
6.321633 200.022247
6.327438 199.994415
6.333242 199.999939
6.339047 200.148636
6.344852 200.376419
6.350657 200.811264
6.356462 1633.706299
6.362267 202.745926
6.368073 202.949799
6.373878 1693.407104
6.379683 1703.660034
6.385488 1690.312378
6.391293 1658.653564
6.397098 201.904083
6.402903 202.264633
6.408708 202.418045
6.414513 202.229599
6.420318 228.551926
6.426123 229.181625
6.431927 230.571548
6.437732 231.862747
6.443537 232.870911
6.449342 233.842819
6.455147 234.632309
6.460952 234.752655
6.466757 233.974228
6.472562 232.302475
6.478367 230.086548
6.484172 227.670258
6.489977 225.402069
6.495782 223.604034
6.501587 222.101379
6.507392 221.085068
6.513197 220.793869
6.519002 221.215790
6.524807 222.181015
6.530612 223.508942
6.536417 224.775467
6.542222 225.727753
6.548027 226.414780
6.553832 226.731873
6.559637 200.607803
6.565442 200.501251
6.571247 200.450287
6.577052 200.361908
6.582857 200.264282
6.588662 200.414886
6.594467 201.138046
6.600272 201.978851
6.606077 201.835678
6.611882 399.216980
6.617687 394.911163
6.623492 181.211044
6.629297 179.464340
6.635102 177.784531
6.640907 177.159943
6.646712 199.824936
6.652517 200.161285
6.658322 200.233368
6.664127 199.901184
6.669932 1629.131714
6.675737 1635.009888
6.681542 1644.771729
6.687347 1658.923218
6.693152 0.000000
6.698957 0.000000
6.704762 200.581497
6.710567 200.764175
6.716372 1586.828979
6.722177 2716.383057
6.727982 2688.825928
6.733787 158.006836
6.739592 158.187454
6.745397 158.252213
6.751202 158.487778
6.757007 83.975983
6.762812 227.199356
6.768617 198.750977
6.774422 198.654099
6.780227 198.667725
6.786032 198.967621
6.791837 198.671021
6.797642 177.132568
6.803447 177.215500
6.809252 196.704941
6.815057 198.998199
6.820862 207.668015
6.826667 178.388199
6.832472 163.049881
6.838277 142.828064
6.844081 130.238251
6.849886 115.922295
6.855691 106.677689
6.861496 99.814018
6.867301 99.700188
6.873106 94.777069
6.878911 84.667030
6.884717 83.873344
6.890522 58.994377
6.896327 67.011711
6.902132 81.681992
6.907937 84.290337
6.913742 84.228012
6.919547 84.143440
6.925352 83.210548
6.931157 3661.231934
6.936962 3641.032227
6.942767 3637.653564
6.948571 3646.291748
6.954376 3661.212158
6.960181 3641.400879
6.965986 3589.875732
6.971791 3616.017578
6.977596 3664.134521
6.983401 3691.375000
6.989206 3707.747070
6.995011 3729.541504
7.000816 3738.603760
7.006621 3710.399170
7.012426 0.000000
7.018231 84.028366
7.024036 83.872566
7.029841 83.837387
7.035646 84.008194
7.041451 84.135315
7.047256 84.072502
7.053061 83.894753
7.058866 199.142014
7.064671 203.307785
7.070476 204.535919
7.076281 204.739624
7.082086 204.538193
7.087891 203.759079
7.093696 202.149399
7.099501 200.804611
7.105306 199.354645
7.111111 198.115585
7.116916 197.243347
7.122721 196.368790
7.128526 195.812881
7.134331 195.497604
7.140136 195.271011
7.145941 194.911850
7.151746 194.553314
7.157551 194.546509
7.163356 194.997192
7.169161 195.634628
7.174966 196.382584
7.180771 197.477341
7.186576 198.663589
7.192381 199.570358
7.198186 200.168137
7.203991 200.672150
7.209796 201.143631
7.215601 201.251892
7.221406 200.753693
7.227211 199.845535
7.233016 198.862900
7.238821 196.128662
7.244626 194.907211
7.250431 195.571716
7.256236 199.769073
7.262041 200.145767
7.267846 201.205261
7.273651 220.689453
7.279456 221.448471
7.285261 223.098282
7.291066 224.950180
7.296871 225.046890
7.302676 224.471298
7.308481 223.739532
7.314286 223.361450
7.320091 222.949081
7.325896 222.802017
7.331701 222.499634
7.337506 222.142578
7.343311 222.108963
7.349116 222.121902
7.354921 221.727020
7.360725 221.073166
7.366530 112.667656
7.372335 112.552444
7.378140 223.401688
7.383945 221.795883
7.389750 220.556305
7.395555 55.807823
7.401361 55.846966
7.407166 196.196823
7.412971 197.748993
7.418776 198.033310
7.424581 84.011330
7.430386 83.995941
7.436191 0.000000
7.441996 0.000000
7.447801 130.768799
7.453606 127.393456
7.459411 130.778458
7.465215 76.376144
7.471020 146.719910
7.476825 134.591553
7.482630 113.115234
7.488435 109.911758
7.494240 0.000000
7.500045 74.611992
7.505850 74.166908
7.511655 66.536896
7.517460 60.781967
7.523265 61.605034
7.529070 67.018089
7.534875 67.093994
7.540680 66.549965
7.546485 5499.248047
7.552290 5605.767090
7.558095 6483.224609
7.563900 2446.318115
7.569705 1769.983276
7.575510 2445.437012
7.581315 6358.856445
7.587120 6076.853027
7.592925 5947.019531
7.598730 6083.220703
7.604535 118.940285
7.610340 118.685715
7.616145 75.317741
7.621950 161.788376
7.627755 152.023895
7.633560 6024.921875
7.639365 113.271759
7.645170 212.446274
7.650975 209.621109
7.656780 207.933838
7.662585 205.449829
7.668390 613.871887
7.674195 202.236511
7.680000 199.564224
7.685805 197.054626
7.691610 194.339157
7.697415 193.149811
7.703220 192.826111
7.709025 192.859268
7.714830 193.027237
7.720635 193.375061
7.726440 193.837601
7.732245 194.275223
7.738050 194.702042
7.743855 195.199203
7.749660 195.650772
7.755465 195.943604
7.761270 195.931122
7.767075 195.377335
7.772880 194.951935
7.778685 194.980972
7.784490 195.121033
7.790295 195.068726
7.796100 187.947403
7.801905 193.313583
7.807710 196.368851
7.813515 197.045013
7.819320 198.116699
7.825125 199.214035
7.830930 200.081436
7.836735 200.491699
7.842540 200.742249
7.848345 200.981277
7.854150 201.194855
7.859955 201.365128
7.865760 201.464783
7.871564 201.371979
7.877369 200.933609
7.883174 200.075500
7.888979 198.817612
7.894784 197.107742
7.900589 189.302231
7.906394 92.767151
7.912199 92.715088
7.918005 186.643478
7.923810 394.359680
7.929615 198.287262
7.935420 198.705872
7.941225 198.779724
7.947030 197.833710
7.952835 196.535568
7.958640 196.323898
7.964445 196.110764
7.970250 194.255096
7.976054 192.594513
7.981859 191.130539
7.987664 191.013504
7.993469 191.208649
7.999274 191.356552
