0.000000 515.243286
0.005805 521.336060
0.011610 527.934143
0.017415 248.442795
0.023220 247.243286
0.029025 246.393860
0.034830 246.077805
0.040635 246.384125
0.046440 246.965042
0.052245 247.653503
0.058050 248.334610
0.063855 248.862656
0.069660 248.903564
0.075465 248.363663
0.081270 247.887833
0.087075 247.567490
0.092880 246.826035
0.098685 246.306046
0.104490 123.168777
0.110295 123.301651
0.116100 246.531158
0.121905 246.568375
0.127710 246.373657
0.133515 245.707001
0.139320 245.292694
0.145125 245.601471
0.150930 79.835518
0.156735 221.171524
0.162540 220.822144
0.168345 220.270157
0.174150 220.146545
0.179955 110.585777
0.185760 117.460037
0.191565 83.267876
0.197370 79.923355
0.203175 110.763702
0.208980 157.307266
0.214785 164.622742
0.220590 124.261757
0.226395 124.602623
0.232200 83.228806
0.238005 162.553391
0.243810 171.643265
0.249615 171.846100
0.255419 184.632004
0.261224 161.999863
0.267029 161.601578
0.272834 152.889786
0.278639 153.650848
0.284444 147.276321
0.290249 223.651093
0.296054 224.002289
0.301859 240.512985
0.307664 226.075073
0.313469 225.601791
0.319274 225.180649
0.325079 224.706543
0.330884 223.961777
0.336689 223.413101
0.342494 223.046127
0.348299 222.453140
0.354104 221.890808
0.359909 221.578568
0.365714 221.192825
0.371519 220.930893
0.377324 221.202209
0.383129 221.807129
0.388934 110.406357
0.394739 110.020569
0.400544 110.044159
0.406349 110.175461
0.412154 220.359619
0.417959 146.749802
0.423764 147.492493
0.429569 209.612396
0.435374 210.421112
0.441179 209.865265
0.446984 207.012772
0.452789 202.744659
0.458594 199.119827
0.464399 196.910507
0.470204 189.462173
0.476009 187.374680
0.481814 185.280670
0.487619 91.368340
0.493424 91.665779
0.499229 92.313232
0.505034 92.355133
0.510839 92.277130
0.516644 185.524490
0.522449 92.745094
0.528254 92.921143
0.534059 190.052078
0.539864 190.195312
0.545669 190.334549
0.551474 190.465714
0.557279 190.409500
0.563084 190.044998
0.568889 189.194473
0.574694 186.798035
0.580499 183.566376
0.586304 182.229370
0.592109 181.187714
0.597914 179.415405
0.603719 176.495468
0.609524 174.789093
0.615329 168.484085
0.621134 167.870117
0.626939 104.301025
0.632744 82.170982
0.638549 82.064636
0.644354 79.990730
0.650159 78.664314
0.655964 79.087746
0.661769 80.639252
0.667574 54.551750
0.673379 82.032707
0.679184 82.076660
0.684989 55.182365
0.690794 55.202751
0.696599 55.165039
0.702404 164.951538
0.708209 165.454910
0.714014 165.809402
0.719819 166.011154
0.725624 166.377121
0.731429 166.862976
0.737234 166.815308
0.743039 55.525425
0.748844 55.399506
0.754649 55.319527
0.760454 165.963303
0.766258 165.885559
0.772063 165.718384
0.777869 166.037186
0.783673 166.505219
0.789478 166.417511
0.795283 166.014847
0.801088 165.779449
0.806893 165.714828
0.812698 165.755280
0.818503 165.864853
0.824308 165.839890
0.830113 165.714752
0.835918 165.777283
0.841723 165.919373
0.847528 165.972122
0.853333 166.042374
0.859138 166.283112
0.864943 166.382172
0.870748 166.176453
0.876553 165.978531
0.882358 166.268707
0.888163 166.391235
0.893968 166.141449
0.899773 165.812988
0.905578 165.568375
0.911383 165.498840
0.917188 165.594376
0.922993 165.646042
0.928798 165.616379
0.934603 165.593750
0.940408 165.595612
0.946213 165.455383
0.952018 165.146469
0.957823 165.137344
0.963628 165.360580
0.969433 165.484268
0.975238 165.498871
0.981043 165.415741
0.986848 165.088654
0.992653 164.391724
0.998458 163.839493
1.004263 153.946655
1.010068 153.884598
1.015873 164.759567
1.021678 164.912552
1.027483 164.701447
1.033288 164.477829
1.039093 164.680634
1.044898 220.577744
1.050703 220.584488
1.056508 220.504364
1.062313 166.073410
1.068118 166.424255
1.073923 166.814514
1.079728 166.760269
1.085533 166.384247
1.091338 166.161118
1.097143 166.196945
1.102948 110.643990
1.108753 110.630020
1.114558 110.557159
1.120363 110.535904
1.126168 110.569145
1.131973 110.595772
1.137778 110.557999
1.143583 110.426178
1.149388 110.305702
1.155193 110.294411
1.160998 110.341431
1.166803 110.381592
1.172608 110.395317
1.178413 146.884109
1.184218 146.894775
1.190023 146.868668
1.195828 110.541016
1.201633 110.628075
1.207438 110.631622
1.213243 110.594856
1.219048 110.590439
1.224853 110.597206
1.230658 110.590675
1.236463 110.627945
1.242268 110.707191
1.248073 110.742027
1.253878 110.715210
1.259683 110.660156
1.265488 110.602280
1.271293 110.563889
1.277097 110.561111
1.282902 110.550331
1.288707 110.511192
1.294513 110.504555
1.300317 110.531509
1.306122 110.549126
1.311927 110.619888
1.317732 110.691063
1.323537 110.622383
1.329342 110.503769
1.335147 110.434288
1.340952 110.398438
1.346757 110.378845
1.352562 110.353104
1.358367 110.202400
1.364172 287.446960
1.369977 245.330353
1.375782 243.974030
1.381587 233.608353
1.387392 235.608551
1.393197 115.097534
1.399002 175.568817
1.404807 377.701965
1.410612 376.773010
1.416417 334.088898
1.422222 335.918091
1.428027 336.098846
1.433832 154.173141
1.439637 154.519501
1.445442 155.750854
1.451247 156.249634
1.457052 152.542862
1.462857 151.231384
1.468662 152.972519
1.474467 153.045715
1.480272 109.824081
1.486077 109.988228
1.491882 110.075150
1.497687 110.057053
1.503492 141.124741
1.509297 134.816391
1.515102 134.761551
1.520907 140.691910
1.526712 97.118118
1.532517 109.894676
1.538322 105.679207
1.544127 110.212845
1.549932 110.578560
1.555737 110.935844
1.561542 111.031776
1.567347 111.076752
1.573152 111.134819
1.578957 111.048347
1.584762 110.895866
1.590567 110.855476
1.596372 110.863472
1.602177 110.906441
1.607982 110.876457
1.613787 110.681595
1.619592 110.576790
1.625397 220.766724
1.631202 55.310047
1.637007 55.315239
1.642812 136.606110
1.648617 139.222946
1.654422 55.413975
1.660227 55.304813
1.666032 110.571823
1.671837 110.588089
1.677642 110.609283
1.683447 110.581688
1.689252 55.364368
1.695057 55.328724
1.700862 110.590706
1.706667 110.664833
1.712472 110.740166
1.718277 110.810249
1.724082 110.792961
1.729887 110.742134
1.735692 110.732788
1.741497 110.737373
1.747302 110.725838
1.753107 110.684158
1.758912 110.622292
1.764717 110.483253
1.770522 110.316643
1.776327 738.244507
1.782132 151.824585
1.787936 152.961945
1.793741 154.891068
1.799546 157.437820
1.805351 159.100937
1.811157 160.140411
1.816961 161.030640
1.822766 161.742142
1.828571 161.888901
1.834376 161.715897
1.840181 161.651962
1.845986 161.902618
1.851791 162.355515
1.857596 162.870132
1.863401 163.551498
1.869206 164.318497
1.875011 164.663528
1.880816 164.541153
1.886621 164.583237
1.892426 165.362137
1.898231 166.256424
1.904036 166.408813
1.909841 166.168320
1.915646 166.369034
1.921451 166.924347
1.927256 167.109665
1.933061 167.055252
1.938866 167.263031
1.944671 167.619949
1.950476 167.778519
1.956281 167.596497
1.962086 167.013748
1.967891 166.439590
1.973696 166.234680
1.979501 166.190643
1.985306 166.037018
1.991111 165.974945
1.996916 166.026108
2.002721 165.636536
2.008526 165.252701
2.014331 165.159988
2.020136 164.589691
2.025941 164.297028
2.031746 165.013290
2.037551 165.326508
2.043356 164.960251
2.049161 165.527328
2.054966 165.693130
2.060771 164.883179
2.066576 164.944580
2.072381 165.288315
2.078186 164.813828
2.083991 164.774902
2.089796 165.493881
2.095601 165.537155
2.101406 165.136581
2.107211 165.558594
2.113016 166.292664
2.118821 166.623734
2.124626 167.429199
2.130431 110.321823
2.136236 109.864517
2.142041 110.447899
2.147846 113.954750
2.153651 96.707436
2.159456 80.678635
2.165261 82.129097
2.171066 82.164085
2.176871 205.617523
2.182676 209.609772
2.188481 215.714294
2.194286 218.482224
2.200091 218.305145
2.205896 215.424240
2.211701 211.226379
2.217506 210.691879
2.223311 210.378372
2.229116 210.127335
2.234921 209.818817
2.240726 209.441162
2.246531 104.950325
2.252336 104.894447
2.258141 104.950333
2.263946 105.105858
2.269751 105.410370
2.275556 106.078094
2.281361 107.026810
2.287166 107.785286
2.292970 108.262436
2.298775 108.566177
2.304580 108.894608
2.310385 109.322281
2.316190 109.749229
2.321995 110.125786
2.327801 110.499306
2.333606 110.779030
2.339411 110.871590
2.345215 110.851608
2.351020 110.957138
2.356825 73.985336
2.362630 215.426819
2.368435 214.532242
2.374240 216.906097
2.380045 218.730148
2.385850 219.432877
2.391655 219.264984
2.397460 218.434448
2.403265 217.341049
2.409070 216.939453
2.414875 216.579025
2.420680 216.105286
2.426485 216.532913
2.432290 216.843719
2.438095 216.228165
2.443900 215.303513
2.449705 214.853653
2.455510 214.842621
2.461315 215.715424
2.467120 217.134933
2.472925 217.905380
2.478730 217.962906
2.484535 218.012848
2.490340 109.546280
2.496145 109.870659
2.501950 110.463669
2.507755 111.061157
2.513560 111.646843
2.519365 110.810692
2.525170 108.052132
2.530975 96.875519
2.536780 91.153748
2.542585 90.138542
2.548390 68.585922
2.554195 68.576050
2.560000 70.153191
2.565805 80.087456
2.571610 80.320610
2.577415 246.238739
2.583220 245.736053
2.589025 245.477798
2.594830 246.108322
2.600635 247.355865
2.606440 248.033005
2.612245 247.869553
2.618050 247.337006
2.623855 246.756241
2.629660 246.214905
2.635465 245.911346
2.641270 246.119232
2.647075 246.822006
2.652880 247.594345
2.658685 248.040787
2.664490 248.197845
2.670295 248.079605
2.676100 247.675186
2.681905 247.268417
2.687710 247.075150
2.693515 246.956589
2.699320 246.998886
2.705125 247.178253
2.710930 247.354889
2.716735 123.811272
2.722540 124.037140
2.728345 124.318947
2.734150 249.601013
2.739955 250.084305
2.745760 250.072998
2.751565 249.863235
2.757370 249.756424
2.763175 249.096863
2.768980 247.907364
2.774785 247.046494
2.780590 246.689133
2.786395 246.638855
2.792200 246.691223
2.798005 246.530884
2.803810 246.074310
2.809614 245.641708
2.815419 245.444702
2.821224 245.481201
2.827029 245.692062
2.832834 246.020294
2.838639 246.332199
2.844445 246.591507
2.850250 246.914307
2.856054 247.445297
2.861859 248.170059
2.867664 249.081573
2.873469 250.072083
2.879274 249.562195
2.885079 247.762466
2.890884 245.993805
2.896689 244.643692
2.902494 246.027328
2.908299 173.991455
2.914104 177.554596
2.919909 180.040665
2.925714 181.075104
2.931519 182.888809
2.937324 271.756714
2.943129 272.194611
2.948934 272.854218
2.954739 273.967194
2.960544 137.927917
2.966349 92.033394
2.972154 138.240128
2.977959 138.311096
2.983764 138.147461
2.989569 275.848083
2.995374 274.513519
3.001179 273.463104
3.006984 273.150269
3.012789 135.838943
3.018594 135.689178
3.024399 274.334717
3.030204 275.100342
3.036009 275.785919
3.041814 136.532639
3.047619 136.242767
3.053424 135.820023
3.059229 135.499176
3.065034 83.263741
3.070839 83.461388
3.076644 87.144638
3.082449 150.865372
3.088254 150.628952
3.094059 150.828049
3.099864 151.389175
3.105669 151.775818
3.111474 144.345230
3.117279 145.322708
3.123084 146.070557
3.128889 231.169846
3.134694 146.875763
3.140499 91.601944
3.146304 91.829353
3.152109 92.016609
3.157914 92.079262
3.163719 138.159760
3.169524 138.109131
3.175329 138.093460
3.181134 274.931152
3.186939 91.606613
3.192744 91.277245
3.198549 136.772446
3.204354 136.554001
3.210159 136.542023
3.215964 136.637009
3.221769 90.991531
3.227574 136.544098
3.233379 136.451965
3.239184 136.257675
3.244989 135.984314
3.250794 90.344292
3.256599 88.033012
3.262404 146.716476
3.268209 59.147053
3.274014 134.322830
3.279819 107.085503
3.285624 107.165771
3.291429 110.390526
3.297234 110.009377
3.303039 217.865814
3.308844 217.890213
3.314649 224.458405
3.320453 225.889801
3.326258 226.162170
3.332063 226.342270
3.337868 226.641983
3.343673 226.460419
3.349478 225.568314
3.355283 224.345093
3.361089 223.147964
3.366894 222.261719
3.372698 221.858734
3.378503 221.722153
3.384308 221.622635
3.390113 221.487427
3.395918 221.599625
3.401723 222.777496
3.407528 225.036682
3.413333 226.315781
3.419138 227.434982
3.424943 229.337509
3.430748 231.844223
3.436553 234.315506
3.442358 237.046661
3.448163 239.970108
3.453968 242.166336
3.459773 243.915756
3.465578 246.076859
3.471383 248.322433
3.477188 125.093575
3.482993 125.225403
3.488798 125.275826
3.494603 125.426086
3.500408 251.371613
3.506213 83.615593
3.512018 125.887657
3.517823 756.943115
3.523628 755.005676
3.529433 761.260193
3.535238 247.813156
3.541043 124.257378
3.546848 124.189873
3.552653 82.331108
3.558458 82.319885
3.564263 246.666061
3.570068 246.163254
3.575873 246.123596
3.581678 246.250305
3.587483 245.902939
3.593288 245.457825
3.599093 82.429459
3.604898 82.545296
3.610703 82.471512
3.616508 82.446442
3.622313 246.292236
3.628118 247.131119
3.633923 247.497833
3.639728 123.786598
3.645533 123.536499
3.651338 123.099205
3.657143 122.687370
3.662948 91.302032
3.668753 91.068138
3.674558 75.322105
3.680363 81.377655
3.686168 81.843254
3.691973 81.752037
3.697778 81.777138
3.703583 122.615013
3.709388 122.991096
3.715193 123.402306
3.720998 123.936478
3.726803 82.407806
3.732608 82.308350
3.738413 123.465813
3.744218 123.459862
3.750023 123.845291
3.755828 108.318542
3.761633 108.307899
3.767438 123.559441
3.773243 123.630295
3.779048 111.528877
3.784853 725.521484
3.790658 715.510620
3.796463 61.307549
3.802268 61.224148
3.808073 61.038597
3.813878 111.984734
3.819683 113.095192
3.825488 113.149422
3.831293 81.422890
3.837097 161.859222
3.842902 91.260712
3.848707 103.962433
3.854512 80.240471
3.860317 79.695930
3.866122 102.714058
3.871927 102.625000
3.877733 102.670700
3.883538 118.361778
3.889342 117.985909
3.895147 235.449722
3.900952 234.984558
3.906757 233.886063
3.912562 232.591537
3.918367 232.465744
3.924172 232.760773
3.929977 231.644485
3.935782 230.072311
3.941587 229.256424
3.947392 228.430313
3.953197 227.818573
3.959002 227.240433
3.964807 225.971512
3.970612 223.723145
3.976417 221.223572
3.982222 219.650681
3.988027 110.188400
3.993832 108.881500
3.999637 107.348503
