0.000000 0.000000
0.005805 222.188660
0.011610 196.558090
0.017415 184.893051
0.023220 183.552811
0.029025 165.981354
0.034830 152.390579
0.040635 140.766571
0.046440 110.887665
0.052245 110.756447
0.058050 110.678772
0.063855 110.548302
0.069660 110.041794
0.075465 109.847664
0.081270 79.190971
0.087075 79.184624
0.092880 660.182129
0.098685 660.161438
0.104490 552.358276
0.110295 550.757935
0.116100 550.196411
0.121905 550.270264
0.127710 549.758911
0.133515 109.799934
0.139320 109.705856
0.145125 109.735115
0.150930 109.725800
0.156735 109.711899
0.162540 109.807281
0.168345 109.951340
0.174150 110.027840
0.179955 110.051437
0.185760 110.047798
0.191565 109.991066
0.197370 109.890762
0.203175 109.884560
0.208980 555.547180
0.214785 553.049377
0.220590 194.015213
0.226395 193.649673
0.232200 183.243057
0.238005 173.869797
0.243810 165.884872
0.249615 165.666718
0.255419 165.450821
0.261224 132.582947
0.267029 110.265465
0.272834 110.698997
0.278639 111.014015
0.284444 111.098190
0.290249 111.092827
0.296054 111.058235
0.301859 111.003792
0.307664 81.706268
0.313469 110.261955
0.319274 329.745239
0.325079 329.941559
0.330884 330.384613
0.336689 330.500458
0.342494 330.351807
0.348299 330.124237
0.354104 110.023224
0.359909 329.881836
0.365714 330.167328
0.371519 330.771179
0.377324 331.110931
0.383129 331.238251
0.388934 331.310028
0.394739 331.265930
0.400544 110.407433
0.406349 110.263527
0.412154 110.186836
0.417959 110.257187
0.423764 110.227242
0.429569 109.838943
0.435374 109.635132
0.441179 109.794380
0.446984 109.963928
0.452789 109.988388
0.458594 557.252869
0.464399 557.607361
0.470204 558.256592
0.476009 109.811607
0.481814 110.131851
0.487619 110.309402
0.493424 277.999786
0.499229 278.056305
0.505034 278.253662
0.510839 109.627235
0.516644 109.675789
0.522449 109.749184
0.528254 109.830482
0.534059 109.897339
0.539864 109.899513
0.545669 109.860229
0.551474 109.776611
0.557279 109.683212
0.563084 329.377869
0.568889 330.037170
0.574694 330.257874
0.580499 330.226990
0.586304 330.270874
0.592109 110.297745
0.597914 110.494789
0.603719 110.565369
0.609524 331.759979
0.615329 331.429321
0.621134 330.863220
0.626939 330.428650
0.632744 330.302155
0.638549 330.357391
0.644354 110.332031
0.650159 110.276184
0.655964 330.216156
0.661769 110.149529
0.667574 183.097839
0.673379 184.269287
0.679184 184.945328
0.684989 175.477081
0.690794 166.031509
0.696599 139.573151
0.702404 139.473648
0.708209 110.491898
0.714014 110.567619
0.719819 110.643600
0.725624 110.603165
0.731429 110.433464
0.737234 110.206039
0.743039 110.051201
0.748844 109.971069
0.754649 109.884346
0.760454 109.808334
0.766258 110.002899
0.772063 110.277565
0.777869 110.206505
0.783673 110.078781
0.789478 109.965027
0.795283 110.049576
0.801088 110.323868
0.806893 110.249420
0.812698 109.973801
0.818503 109.891251
0.824308 555.911621
0.830113 110.396660
0.835918 110.365616
0.841723 110.293945
0.847528 110.234238
0.853333 110.159607
0.859138 110.066551
0.864943 329.115417
0.870748 329.167847
0.876553 329.910309
0.882358 173.051010
0.888163 184.905716
0.893968 185.450607
0.899773 178.362900
0.905578 165.705124
0.911383 165.172455
0.917188 139.254639
0.922993 139.185074
0.928798 139.061783
0.934603 138.977859
0.940408 92.633064
0.946213 92.631485
0.952018 92.645172
0.957823 92.685844
0.963628 92.710617
0.969433 69.424957
0.975238 277.761566
0.981043 277.169586
0.986848 276.744385
0.992653 276.756561
0.998458 277.099304
1.004263 82.338715
1.010068 82.331650
1.015873 110.144066
1.021678 110.197891
1.027483 110.333366
1.033288 110.490356
1.039093 110.608543
1.044898 110.668831
1.050703 110.601440
1.056508 110.385910
1.062313 110.242081
1.068118 110.335945
1.073923 110.548416
1.079728 110.552452
1.085533 110.589905
1.091338 110.658333
1.097143 332.041351
1.102948 166.371429
1.108753 166.920654
1.114558 174.058090
1.120363 172.528259
1.126168 166.939163
1.131973 165.754501
1.137778 139.518890
1.143583 138.890274
1.149388 110.440674
1.155193 110.127525
1.160998 109.922890
1.166803 109.857796
1.172608 109.848763
1.178413 109.625999
1.184218 109.433510
1.190023 109.608681
1.195828 109.929482
1.201633 110.234940
1.207438 110.358368
1.213243 110.429169
1.219048 110.546829
1.224853 110.612617
1.230658 110.632164
1.236463 110.801918
1.242268 111.113579
1.248073 111.410591
1.253878 111.685875
1.259683 111.581512
1.265488 111.213074
1.271293 111.037682
1.277097 332.124359
1.282902 331.725555
1.288707 331.492004
1.294513 331.298553
1.300317 330.854828
1.306122 330.037750
1.311927 329.215454
1.317732 328.776917
1.323537 328.514648
1.329342 328.179413
1.335147 327.633911
1.340952 326.709534
1.346757 108.709129
1.352562 108.756882
1.358367 108.970062
1.364172 109.225510
1.369977 325.952576
1.375782 326.326935
1.381587 326.529236
1.387392 326.844055
1.393197 327.907013
1.399002 329.604492
1.404807 330.860535
1.410612 331.329102
1.416417 331.608276
1.422222 166.560730
1.428027 331.404633
1.433832 331.052155
1.439637 165.883255
1.445442 329.880066
1.451247 329.128540
1.457052 328.676575
1.462857 328.564514
1.468662 328.508118
1.474467 110.125862
1.480272 110.043610
1.486077 329.099915
1.491882 329.074677
1.497687 328.797455
1.503492 328.497223
1.509297 328.227051
1.515102 327.912323
1.520907 327.654999
1.526712 327.530304
1.532517 327.723907
1.538322 328.231628
1.544127 201.362534
1.549932 203.196121
1.555737 191.726303
1.561542 171.854034
1.567347 166.415344
1.573152 165.486343
1.578957 124.362717
1.584762 124.186058
1.590567 124.081757
1.596372 111.135460
1.602177 111.071297
1.607982 89.728676
1.613787 89.734169
1.619592 89.768944
1.625397 89.770103
1.631202 81.691414
1.637007 81.570061
1.642812 123.510384
1.648617 165.808960
1.654422 165.681259
1.660227 165.597534
1.666032 165.512619
1.671837 165.426102
1.677642 509.697571
1.683447 165.127792
1.689252 165.094193
1.695057 165.059067
1.700862 164.963074
1.706667 329.379211
1.712472 329.833221
1.718277 330.311554
1.724082 330.661163
1.729887 330.831177
1.735692 330.819763
1.741497 330.555695
1.747302 165.448929
1.753107 165.489105
1.758912 165.344879
1.764717 165.285080
1.770522 187.677231
1.776327 178.214203
1.782132 176.551865
1.787936 174.781998
1.793741 165.518677
1.799546 139.857773
1.805351 123.774124
1.811157 111.025055
1.816961 110.951363
1.822766 98.936951
1.828571 99.043503
1.834376 99.129730
1.840181 83.188347
1.845986 83.270485
1.851791 83.331528
1.857596 83.311768
1.863401 332.634552
1.869206 332.046143
1.875011 331.263916
1.880816 330.638947
1.886621 330.384949
1.892426 330.300812
1.898231 330.220520
1.904036 330.155426
1.909841 330.095642
1.915646 329.924530
1.921451 329.577698
1.927256 329.069702
1.933061 328.502930
1.938866 328.132141
1.944671 328.069397
1.950476 328.306274
1.956281 329.098633
1.962086 330.839722
1.967891 331.993622
1.973696 332.117767
1.979501 332.071014
1.985306 166.443100
1.991111 167.006592
1.996916 174.845581
2.002721 167.425095
2.008526 167.333771
2.014331 167.124176
2.020136 127.949203
2.025941 123.803177
2.031746 123.651115
2.037551 99.185600
2.043356 99.131630
2.049161 99.053230
2.054966 83.100243
2.060771 81.646919
2.066576 82.007301
2.072381 82.084892
2.078186 328.551178
2.083991 327.991577
2.089796 327.264954
2.095601 326.737152
2.101406 326.978638
2.107211 327.644226
2.113016 328.120239
2.118821 328.310913
2.124626 328.353943
2.130431 164.034271
2.136236 164.268646
2.142041 164.602570
2.147846 164.993622
2.153651 165.331390
2.159456 165.605270
2.165261 165.864944
2.171066 166.164169
2.176871 166.483887
2.182676 166.853851
2.188481 167.075607
2.194286 167.102615
2.200091 334.679230
2.205896 334.349243
2.211701 333.850708
2.217506 333.233856
2.223311 166.606140
2.229116 146.912308
2.234921 147.120834
2.240726 147.227402
2.246531 147.249725
2.252336 147.215179
2.258141 147.225739
2.263946 147.307663
2.269751 147.311844
2.275556 147.202484
2.281361 147.107895
2.287166 147.066559
2.292970 147.006302
2.298775 146.983490
2.304580 147.105209
2.310385 147.227966
2.316190 147.224609
2.321995 147.205078
2.327801 147.230423
2.333606 147.199600
2.339411 147.079315
2.345215 146.859161
2.351020 146.611847
2.356825 146.498764
2.362630 123.298851
2.368435 331.664307
2.374240 332.051025
2.380045 332.083099
2.385850 331.636871
2.391655 331.010742
2.397460 330.652161
2.403265 330.693329
2.409070 331.025574
2.414875 331.125885
2.420680 330.064209
2.426485 225.868820
2.432290 174.451355
2.438095 175.850159
2.443900 174.816879
2.449705 172.771530
2.455510 146.937088
2.461315 146.849197
2.467120 125.302917
2.472925 98.189568
2.478730 98.028084
2.484535 97.866005
2.490340 97.871590
2.496145 97.942467
2.501950 97.982727
2.507755 97.982697
2.513560 97.993675
2.519365 98.053680
2.525170 331.198669
2.530975 98.239281
2.536780 98.208954
2.542585 146.798218
2.548390 330.161713
2.554195 330.118683
2.560000 330.090271
2.565805 123.860680
2.571610 330.374939
2.577415 330.769836
2.583220 302.150665
2.589025 331.353149
2.594830 330.288391
2.600635 328.304260
2.606440 326.485077
2.612245 326.036102
2.618050 296.280029
2.623855 297.052368
2.629660 297.525635
2.635465 297.606384
2.641270 148.755417
2.647075 182.503342
2.652880 182.015915
2.658685 181.225876
2.664490 179.391266
2.670295 171.854752
2.676100 147.341049
2.681905 138.862320
2.687710 124.482605
2.693515 114.708282
2.699320 97.854286
2.705125 97.842941
2.710930 94.302345
2.716735 94.296486
2.722540 94.082901
2.728345 83.001427
2.734150 83.081932
2.739955 73.366791
2.745760 73.278580
2.751565 73.223206
2.757370 146.514465
2.763175 146.388580
2.768980 146.350128
2.774785 146.700821
2.780590 147.091614
2.786395 147.125931
2.792200 146.969299
2.798005 146.903076
2.803810 147.101166
2.809614 147.345184
2.815419 296.402283
2.821224 297.013947
2.827029 297.766113
2.832834 126.111603
2.838639 126.242043
2.844445 181.224274
2.850250 419.694580
2.856054 417.742249
2.861859 295.177490
2.867664 171.175507
2.873469 171.699844
2.879274 172.896896
2.885079 173.903351
2.890884 173.321518
2.896689 147.389252
2.902494 146.165543
2.908299 124.549934
2.914104 122.334450
2.919909 107.369370
2.925714 97.431961
2.931519 97.344032
2.937324 88.012383
2.943129 73.422783
2.948934 73.486839
2.954739 73.528351
2.960544 73.620522
2.966349 74.145615
2.972154 74.230316
2.977959 74.140236
2.983764 148.150757
2.989569 296.699097
2.995374 296.695923
