0.000000 0.000000
0.005805 0.000000
0.011610 0.000000
0.017415 0.000000
0.023220 0.000000
0.029025 0.000000
0.034830 0.000000
0.040635 0.000000
0.046440 0.000000
0.052245 0.000000
0.058050 0.000000
0.063855 0.000000
0.069660 0.000000
0.075465 0.000000
0.081270 0.000000
0.087075 0.000000
0.092880 0.000000
0.098685 0.000000
0.104490 0.000000
0.110295 0.000000
0.116100 0.000000
0.121905 0.000000
0.127710 0.000000
0.133515 0.000000
0.139320 0.000000
0.145125 0.000000
0.150930 0.000000
0.156735 0.000000
0.162540 0.000000
0.168345 0.000000
0.174150 0.000000
0.179955 0.000000
0.185760 0.000000
0.191565 0.000000
0.197370 0.000000
0.203175 0.000000
0.208980 0.000000
0.214785 0.000000
0.220590 0.000000
0.226395 0.000000
0.232200 0.000000
0.238005 0.000000
0.243810 0.000000
0.249615 0.000000
0.255419 0.000000
0.261224 0.000000
0.267029 0.000000
0.272834 0.000000
0.278639 0.000000
0.284444 0.000000
0.290249 0.000000
0.296054 0.000000
0.301859 0.000000
0.307664 0.000000
0.313469 0.000000
0.319274 0.000000
0.325079 0.000000
0.330884 0.000000
0.336689 0.000000
0.342494 0.000000
0.348299 0.000000
0.354104 0.000000
0.359909 0.000000
0.365714 0.000000
0.371519 0.000000
0.377324 0.000000
0.383129 0.000000
0.388934 0.000000
0.394739 0.000000
0.400544 0.000000
0.406349 0.000000
0.412154 0.000000
0.417959 0.000000
0.423764 0.000000
0.429569 0.000000
0.435374 0.000000
0.441179 0.000000
0.446984 0.000000
0.452789 0.000000
0.458594 0.000000
0.464399 0.000000
0.470204 0.000000
0.476009 0.000000
0.481814 0.000000
0.487619 0.000000
0.493424 0.000000
0.499229 0.000000
0.505034 0.000000
0.510839 0.000000
0.516644 237.332016
0.522449 217.311523
0.528254 208.366791
0.534059 198.259964
0.539864 197.568085
0.545669 0.000000
0.551474 108.538071
0.557279 108.587944
0.563084 126.918816
0.568889 126.492638
0.574694 125.898758
0.580499 113.498360
0.586304 110.708687
0.592109 110.388741
0.597914 107.388580
0.603719 59.623177
0.609524 58.292431
0.615329 60.582664
0.621134 60.596596
0.626939 58.326485
0.632744 54.289143
0.638549 53.677746
0.644354 58.723331
0.650159 67.838692
0.655964 59.228905
0.661769 68.881927
0.667574 68.791542
0.673379 68.262268
0.679184 68.515762
0.684989 68.923965
0.690794 69.072487
0.696599 69.143616
0.702404 69.313179
0.708209 69.250916
0.714014 69.180199
0.719819 69.194992
0.725624 69.206970
0.731429 69.130821
0.737234 69.165611
0.743039 69.163773
0.748844 69.047714
0.754649 69.230270
0.760454 69.676064
0.766258 69.563858
0.772063 69.164001
0.777869 69.173767
0.783673 68.925034
0.789478 59.543140
0.795283 59.345825
0.801088 60.149914
0.806893 59.522835
0.812698 59.010967
0.818503 59.990913
0.824308 60.398205
0.830113 59.263203
0.835918 59.803543
0.841723 60.973476
0.847528 59.484550
0.853333 59.221401
0.859138 60.525696
0.864943 59.900188
0.870748 59.039375
0.876553 60.240280
0.882358 60.793377
0.888163 59.213234
0.893968 59.564724
0.899773 61.486137
0.905578 60.110329
0.911383 59.721394
0.917188 61.282444
0.922993 60.423737
0.928798 58.002419
0.934603 58.878086
0.940408 61.207874
0.946213 2536.220215
0.952018 2503.951904
0.957823 2491.198242
0.963628 2482.305664
0.969433 2470.863281
0.975238 2461.308105
0.981043 67.908478
0.986848 2544.287109
0.992653 2539.905518
0.998458 2545.698242
1.004263 202.429962
1.010068 209.836258
1.015873 210.194794
1.021678 208.183151
1.027483 200.998230
1.033288 200.743088
1.039093 200.629089
1.044898 208.169052
1.050703 208.328033
1.056508 208.687759
1.062313 208.893372
1.068118 209.124100
1.073923 0.000000
1.079728 209.805145
1.085533 210.384888
1.091338 193.528748
1.097143 193.124527
1.102948 224.210388
1.108753 224.590714
1.114558 224.737106
1.120363 211.023758
1.126168 196.980133
1.131973 197.062042
1.137778 210.760971
1.143583 212.526337
1.149388 213.923187
1.155193 218.917526
1.160998 207.199738
1.166803 206.599411
1.172608 212.615448
1.178413 223.488495
1.184218 224.779358
1.190023 226.657089
1.195828 241.472534
1.201633 242.871994
1.207438 243.867111
1.213243 262.559082
1.219048 263.430389
1.224853 283.909210
1.230658 310.748505
1.236463 311.421539
1.242268 311.991608
1.248073 284.872681
1.253878 3402.458984
1.259683 103.973373
1.265488 103.927528
1.271293 103.917320
1.277097 415.582428
1.282902 103.847549
1.288707 103.747375
1.294513 103.684311
1.300317 103.687111
1.306122 338.820099
1.311927 337.947205
1.317732 337.553070
1.323537 138.344955
1.329342 138.325348
1.335147 138.175980
1.340952 137.827225
1.346757 137.306152
1.352562 136.201981
1.358367 135.632812
1.364172 261.133698
1.369977 260.910431
1.375782 312.307159
1.381587 312.828064
1.387392 103.899162
1.393197 103.893135
1.399002 103.873764
1.404807 103.830750
1.410612 103.796440
1.416417 103.765373
1.422222 316.629700
1.428027 316.343201
1.433832 316.190033
1.439637 316.263702
1.445442 316.311707
1.451247 316.283630
1.457052 316.357758
1.462857 316.806946
1.468662 317.346039
1.474467 317.435516
1.480272 317.675079
1.486077 318.335480
1.491882 318.376862
1.497687 318.010895
1.503492 318.170715
1.509297 318.955292
1.515102 319.754578
1.520907 320.583679
1.526712 321.974243
1.532517 103.752472
1.538322 138.338257
1.544127 138.270309
1.549932 142.277847
1.555737 262.213104
1.561542 82.794914
1.567347 264.144684
1.573152 264.858002
1.578957 1917.747681
1.584762 4538.479980
1.590567 4166.868652
1.596372 421.791901
1.602177 103.705963
1.607982 103.673111
1.613787 103.695930
1.619592 138.122086
1.625397 138.138336
1.631202 138.268463
1.637007 138.379120
1.642812 245.012192
1.648617 259.398834
1.654422 259.418823
1.660227 306.981445
1.666032 280.251434
1.671837 260.548737
1.677642 259.957733
1.683447 259.590485
1.689252 259.368713
1.695057 298.216003
1.700862 298.122162
1.706667 298.265320
1.712472 314.570984
1.718277 315.061127
1.724082 316.453125
1.729887 316.384003
1.735692 298.411591
1.741497 313.309875
1.747302 312.400940
1.753107 311.120239
1.758912 309.038605
1.764717 309.238251
1.770522 309.134613
1.776327 308.507446
1.782132 309.752655
1.787936 310.366608
1.793741 309.695709
1.799546 309.748657
1.805351 310.802765
1.811157 310.353790
1.816961 309.839905
1.822766 310.367035
1.828571 310.862885
1.834376 310.436676
1.840181 309.163788
1.845986 308.013428
1.851791 307.274078
1.857596 306.360962
1.863401 305.207367
1.869206 1742.306519
1.875011 1745.891479
1.880816 1761.652954
1.886621 1780.302246
1.892426 1679.217407
1.898231 1651.381836
1.904036 1650.859619
1.909841 478.502167
1.915646 1657.983398
1.921451 1643.415039
1.927256 1611.482788
1.933061 3024.725830
1.938866 1578.007935
1.944671 1606.277832
1.950476 1636.599609
1.956281 1644.008423
1.962086 1639.592529
1.967891 918.040222
1.973696 915.722168
1.979501 1589.364136
1.985306 1585.591064
1.991111 1588.118896
1.996916 960.700623
2.002721 958.837891
2.008526 956.844910
2.014331 1622.383667
2.020136 1621.781982
2.025941 1620.342529
2.031746 1620.495117
2.037551 1626.432129
2.043356 1645.873779
2.049161 1687.811279
2.054966 1705.967896
2.060771 1696.135986
2.066576 1698.105591
2.072381 1705.317505
2.078186 1710.843140
2.083991 1707.031738
2.089796 1695.465332
2.095601 1683.863281
2.101406 1688.602539
2.107211 1707.425049
2.113016 1711.391479
2.118821 1701.513550
2.124626 1687.737549
2.130431 1689.122803
2.136236 389.441498
2.142041 1708.409302
2.147846 1687.532104
2.153651 1680.132446
2.159456 1691.313721
2.165261 1714.354492
2.171066 1747.618286
2.176871 1776.848877
2.182676 1779.374023
2.188481 1761.745361
2.194286 1736.512451
2.200091 1712.732422
2.205896 1695.938843
2.211701 1694.442871
2.217506 1706.697144
2.223311 859.006226
2.229116 866.537903
2.234921 1229.316650
2.240726 873.647705
2.246531 870.407166
2.252336 307.162354
2.258141 307.955597
2.263946 411.104370
2.269751 411.087036
2.275556 815.119568
2.281361 809.865906
2.287166 803.209656
2.292970 781.981934
2.298775 435.062592
2.304580 1246.362427
2.310385 1233.123169
2.316190 1217.726318
2.321995 1209.644287
2.327801 1207.582642
2.333606 1207.502563
2.339411 2442.015625
2.345215 2425.879150
2.351020 2425.918945
2.356825 2454.363770
2.362630 2529.323486
2.368435 2636.441406
2.374240 146.226654
2.380045 1898.740601
2.385850 214.093475
2.391655 213.588425
2.397460 411.332092
2.403265 297.883850
2.409070 296.906311
2.414875 476.713867
2.420680 477.461090
2.426485 478.696167
2.432290 476.785706
2.438095 462.405182
2.443900 447.458344
2.449705 402.097595
2.455510 399.608765
2.461315 399.734650
2.467120 398.989777
2.472925 398.947723
2.478730 400.045776
2.484535 401.591949
2.490340 238.357559
2.496145 237.579376
2.501950 235.797150
2.507755 1612.975464
2.513560 812.044067
2.519365 811.869995
2.525170 812.245178
2.530975 813.508057
2.536780 818.423584
2.542585 3459.523926
2.548390 3456.796387
2.554195 3470.900635
2.560000 3499.920898
2.565805 3520.792969
2.571610 3526.352295
2.577415 3507.965332
2.583220 3435.814209
2.589025 3393.977539
2.594830 3387.502197
2.600635 3391.026855
2.606440 3396.021729
2.612245 3402.528809
2.618050 3406.588379
2.623855 3388.803223
2.629660 3344.623779
2.635465 313.555054
2.641270 313.187012
2.647075 312.981995
2.652880 138.630310
2.658685 138.592422
2.664490 138.513123
2.670295 315.626923
2.676100 316.888123
2.681905 317.974915
2.687710 318.694183
2.693515 138.419678
2.699320 138.352127
2.705125 317.586884
2.710930 318.336792
2.716735 318.573364
2.722540 318.449768
2.728345 318.092682
2.734150 304.332245
2.739955 301.665955
2.745760 338.024353
2.751565 337.534149
2.757370 2482.613525
2.763175 2540.160889
2.768980 313.235962
2.774785 313.967499
2.780590 320.828552
2.786395 325.445435
2.792200 326.186890
2.798005 135.924850
2.803810 135.193878
2.809614 321.883087
2.815419 309.522858
2.821224 309.069366
2.827029 309.368835
2.832834 310.279449
2.838639 311.352966
2.844445 310.680908
2.850250 310.032532
2.856054 309.660034
2.861859 309.848114
2.867664 311.034485
2.873469 312.066956
2.879274 311.209167
2.885079 310.354797
2.890884 310.350952
2.896689 309.677673
2.902494 309.086639
2.908299 310.445160
2.914104 312.916412
2.919909 313.444000
2.925714 311.365631
2.931519 137.620392
2.937324 129.521332
2.943129 129.270020
2.948934 129.099533
2.954739 122.031624
2.960544 122.572174
2.966349 123.025772
2.972154 123.092651
2.977959 110.931931
2.983764 110.768814
2.989569 110.341454
2.995374 105.251389
3.001179 197.525772
3.006984 207.947723
3.012789 208.846741
3.018594 209.202026
3.024399 203.028946
3.030204 204.145782
3.036009 207.212967
3.041814 209.285431
3.047619 209.008972
3.053424 208.201187
3.059229 208.734818
3.065034 210.113190
3.070839 210.362656
3.076644 209.288330
3.082449 208.437271
3.088254 206.862076
3.094059 0.000000
3.099864 156.317734
3.105669 146.318405
3.111474 108.987556
3.117279 109.054634
3.123084 113.414879
3.128889 108.371277
3.134694 108.449265
3.140499 126.406342
3.146304 127.094856
3.152109 127.171844
3.157914 61.188187
3.163719 62.912014
3.169524 62.823463
3.175329 57.886105
3.181134 57.097939
3.186939 57.086479
3.192744 55.462429
3.198549 79.003082
3.204354 78.975357
3.210159 1419.805054
3.215964 1420.218384
3.221769 1402.756592
3.227574 65.344086
3.233379 65.442329
3.239184 65.435936
3.244989 65.134598
3.250794 64.990120
3.256599 65.582283
3.262404 65.714691
3.268209 65.496216
3.274014 65.158195
3.279819 64.901550
3.285624 63.717327
3.291429 63.347103
3.297234 57.393665
3.303039 61.251816
3.308844 61.260811
3.314649 58.326771
3.320453 55.879757
3.326258 66.318939
3.332063 61.639957
3.337868 61.619846
3.343673 59.904873
3.349478 62.690800
3.355283 62.708584
3.361089 56.694359
3.366894 3417.245605
3.372698 3428.885742
3.378503 11134.870117
3.384308 11142.335938
3.390113 0.000000
3.395918 196.842941
3.401723 197.170868
3.407528 197.777496
3.413333 198.260193
3.419138 157.163727
3.424943 135.818558
3.430748 135.711288
3.436553 128.953354
3.442358 126.014885
3.448163 125.964752
3.453968 108.620522
3.459773 108.383377
3.465578 107.942833
3.471383 62.230679
3.477188 61.934803
3.482993 64.471680
3.488798 70.146553
3.494603 70.271431
3.500408 53.617355
3.506213 63.674191
3.512018 95.733231
3.517823 194.460999
3.523628 67.062675
3.529433 67.089653
3.535238 64.461075
3.541043 62.798058
3.546848 65.409401
3.552653 65.926460
3.558458 65.898689
3.564263 66.209824
3.570068 67.302338
3.575873 65.655090
3.581678 63.817806
3.587483 65.486755
3.593288 65.903908
3.599093 65.857491
3.604898 65.664330
3.610703 65.488632
3.616508 65.330589
3.622313 56.278160
3.628118 56.380291
3.633923 57.142281
3.639728 57.277584
3.645533 57.285667
3.651338 57.275616
3.657143 57.232391
3.662948 56.204075
3.668753 56.236214
3.674558 56.205788
3.680363 57.701153
3.686168 57.026348
3.691973 1796.207764
3.697778 1802.694580
3.703583 1788.735229
3.709388 1770.850342
3.715193 0.000000
3.720998 261.990143
3.726803 261.857300
3.732608 262.299774
3.738413 262.984009
3.744218 310.045258
3.750023 310.596283
3.755828 310.623627
3.761633 310.410889
3.767438 310.357452
3.773243 310.444183
3.779048 310.370300
3.784853 310.323120
3.790658 310.448303
3.796463 310.383972
3.802268 310.416107
3.808073 311.314575
3.813878 312.727448
3.819683 312.960449
3.825488 312.644012
3.831293 312.269684
3.837097 312.144073
3.842902 313.151611
3.848707 314.429321
3.854512 315.333710
3.860317 315.894897
3.866122 275.349609
3.871927 273.452911
3.877733 316.748413
3.883538 315.563782
3.889342 97.309669
3.895147 264.117737
3.900952 103.592949
3.906757 103.694481
3.912562 310.090088
3.918367 310.001312
3.924172 309.896606
3.929977 310.639648
3.935782 312.146332
3.941587 312.902771
3.947392 312.444519
3.953197 311.571136
3.959002 312.472382
3.964807 314.145569
3.970612 316.425812
3.976417 318.863220
3.982222 320.026611
3.988027 319.488373
3.993832 318.810852
3.999637 319.694855
4.005442 322.177124
4.011247 323.858368
4.017052 322.370667
4.022857 320.290009
4.028662 317.622559
4.034467 315.897186
4.040272 315.971191
4.046077 317.293274
4.051882 390.594330
4.057687 392.408173
4.063492 130.819931
4.069297 130.737854
4.075102 130.733292
4.080907 320.610657
4.086712 382.884949
4.092517 379.354156
4.098322 380.536011
4.104127 158.699203
4.109932 231.877518
4.115737 317.810059
4.121542 284.071289
4.127347 327.955353
4.133152 178.294693
4.138957 178.271332
4.144762 608.293518
4.150567 608.412415
4.156372 190.890152
4.162177 154.165802
4.167982 154.371048
4.173787 266.937927
4.179592 267.137451
4.185397 267.583344
4.191202 267.630493
4.197007 266.558716
4.202812 264.854797
4.208617 282.961945
4.214422 283.100922
4.220227 283.016571
4.226032 267.480438
4.231837 267.616486
4.237642 310.375885
4.243447 311.308044
4.249252 311.138550
4.255057 311.243286
4.260862 311.536469
4.266667 311.340240
4.272471 310.965057
4.278276 310.873779
4.284081 310.483612
4.289886 309.682861
4.295691 309.440033
4.301497 309.738922
4.307302 309.358429
4.313107 308.902771
4.318912 309.224457
4.324717 308.961395
4.330522 308.353363
4.336327 309.081512
4.342132 309.800598
4.347937 309.327515
4.353742 309.401489
4.359547 310.450134
4.365352 310.943390
4.371157 310.586090
4.376961 310.714172
4.382766 311.890686
4.388571 312.982178
4.394376 312.522247
4.400181 311.334534
4.405986 310.556061
4.411791 307.021790
4.417596 307.718903
4.423401 312.616211
4.429206 311.980194
4.435011 309.842987
4.440816 307.860260
4.446621 306.881958
4.452426 297.872925
4.458231 284.109375
4.464036 284.467499
4.469841 284.699097
4.475646 302.595062
4.481451 303.218872
4.487256 304.510406
4.493061 306.695160
4.498866 317.407379
4.504671 319.689850
4.510476 320.914703
4.516281 154.856903
4.522086 155.085907
4.527891 305.529419
4.533696 265.882935
4.539501 265.115753
4.545306 245.657166
4.551111 3645.605957
4.556916 3395.589844
4.562721 253.573807
4.568526 271.658783
4.574331 269.832855
4.580136 297.179535
4.585941 312.103851
4.591746 311.759552
4.597551 311.689850
4.603356 312.710144
4.609161 312.625519
4.614966 311.269897
4.620771 232.798584
4.626576 231.878876
4.632381 264.329254
4.638186 264.022644
4.643991 263.425415
4.649796 333.432465
4.655601 336.711945
4.661406 336.562347
4.667211 334.876282
4.673016 728.675842
4.678821 266.406738
4.684626 263.918579
4.690431 262.816254
4.696236 262.830292
4.702041 263.462219
4.707846 264.473602
4.713651 265.783081
4.719456 267.264191
4.725261 268.006714
4.731066 267.880890
4.736871 267.364075
4.742676 266.489990
4.748481 265.020264
4.754286 262.920990
4.760091 260.770477
4.765896 258.928986
4.771701 257.533051
4.777506 256.550720
4.783311 255.645050
4.789115 254.524673
4.794920 253.205826
4.800725 251.755768
4.806530 249.829330
4.812335 246.649765
4.818141 242.533585
4.823946 239.105270
4.829751 235.512848
4.835556 230.448410
4.841361 226.449783
4.847166 223.884323
4.852971 221.071381
4.858776 208.464371
4.864581 208.725601
4.870386 188.650574
4.876191 188.745697
4.881996 180.648941
4.887800 161.173431
4.893605 161.372040
4.899410 145.294525
4.905215 145.602356
4.911020 130.799942
4.916825 130.557129
4.922630 145.520828
4.928435 771.064148
4.934240 771.893127
4.940045 255.493820
4.945850 255.452759
4.951655 255.550247
4.957460 254.519714
4.963265 252.606445
4.969070 251.163239
4.974875 251.290894
4.980680 251.925903
4.986485 236.410507
4.992290 236.560150
4.998095 0.000000
5.003900 520.517578
5.009705 525.462402
5.015510 542.992493
5.021315 557.256714
5.027120 600.303101
5.032925 605.483948
5.038730 562.039368
5.044535 559.032837
5.050340 556.340881
5.056145 218.445129
5.061950 436.204803
5.067755 105.481705
5.073560 105.186417
5.079365 224.954956
5.085170 407.032806
5.090975 441.581024
5.096780 442.573120
5.102585 195.009735
5.108390 194.491425
5.114195 194.165405
5.120000 142.715012
5.125805 143.287903
5.131610 143.510635
5.137415 191.113525
5.143220 189.352814
5.149025 189.321198
5.154830 224.335693
5.160635 224.965469
5.166440 917.166687
5.172245 240.364090
5.178050 240.904831
5.183855 241.364243
5.189660 241.994125
5.195465 243.537109
5.201270 247.378036
5.207075 262.163818
5.212880 309.201447
5.218685 309.551361
5.224490 309.522125
5.230295 309.385834
5.236100 309.720520
5.241905 310.397217
5.247710 310.664185
5.253515 310.664825
5.259320 310.437408
5.265125 309.838501
5.270930 309.899475
5.276735 311.978516
5.282540 313.046295
5.288345 313.108002
5.294150 313.782928
5.299954 313.960663
5.305759 313.165039
5.311564 312.847717
5.317369 312.971924
5.323174 311.702301
5.328979 304.247620
5.334785 299.361542
5.340590 296.575043
5.346395 296.706757
5.352200 298.959167
5.358005 301.705261
5.363810 303.610809
5.369615 304.602448
5.375420 304.822021
5.381225 304.312378
5.387030 303.121490
5.392835 301.519806
5.398640 300.001678
5.404444 298.737701
5.410249 297.432251
5.416054 295.928925
5.421859 294.880249
5.427664 294.506409
5.433469 294.459229
5.439274 294.490295
5.445079 294.389740
5.450884 294.129517
5.456689 293.872498
5.462494 293.727783
5.468299 293.707397
5.474104 293.923737
5.479909 294.764740
5.485714 297.282166
5.491519 197.329239
5.497324 149.958023
5.503129 150.215942
5.508934 113.542686
5.514739 123.750999
5.520544 123.704330
5.526349 104.793571
5.532154 108.164131
5.537959 110.916092
5.543764 190.922333
5.549569 191.110855
5.555374 61.893990
5.561179 66.080345
5.566984 66.400246
5.572789 66.028656
5.578594 193.446167
5.584399 192.971054
5.590204 194.035629
5.596009 66.156708
5.601814 66.440231
5.607619 65.985611
5.613424 65.197220
5.619229 64.905823
5.625034 65.056023
5.630839 65.281403
5.636644 65.582001
5.642449 65.554024
5.648254 199.214752
5.654059 186.000549
5.659864 156.449402
5.665669 113.624832
5.671474 113.526276
5.677279 113.365990
5.683084 113.062820
5.688889 109.866081
5.694694 110.041969
5.700499 93.672264
5.706304 93.706268
5.712109 280.049438
5.717914 278.032043
5.723719 274.947876
5.729524 272.745331
5.735329 270.988739
5.741134 268.722473
5.746939 265.842041
5.752744 262.976135
5.758549 260.986938
5.764354 260.276825
5.770159 260.615631
5.775964 261.741089
5.781769 263.302948
5.787574 264.674316
5.793379 265.617981
5.799184 266.270935
5.804989 267.203339
5.810794 268.549194
5.816598 269.496979
5.822403 269.705383
5.828208 269.324127
5.834013 268.704834
5.839818 267.939758
5.845623 267.015472
5.851429 265.774384
5.857234 263.926605
5.863039 261.254395
5.868844 258.340942
5.874649 525.180664
5.880454 497.617462
5.886259 491.885010
5.892064 490.141144
5.897869 241.589676
5.903674 59.648624
5.909479 58.600605
5.915284 75.540443
5.921088 67.773560
5.926893 66.873055
5.932698 66.879532
5.938503 65.541527
5.944308 60.389965
5.950113 60.574329
5.955918 61.176510
5.961723 59.583237
5.967528 59.358715
5.973333 66.345940
5.979138 65.636169
5.984943 60.152885
5.990748 65.619408
5.996553 65.623322
6.002358 58.590298
6.008163 60.618130
6.013968 63.550419
6.019773 59.814152
6.025578 59.656036
6.031383 67.662537
6.037188 67.680641
6.042993 66.505753
6.048798 67.135086
6.054603 67.096344
6.060408 65.233200
6.066213 66.340141
6.072018 66.835426
6.077823 66.512825
6.083628 253.079483
6.089433 253.222412
6.095238 103.673073
6.101043 103.768959
6.106848 103.848839
6.112653 0.000000
6.118458 5951.221191
6.124263 5888.756836
6.130068 5733.659180
6.135873 5590.041504
6.141678 5481.435547
6.147483 5422.116699
6.153288 5337.596191
6.159093 5033.292480
6.164898 4802.547363
6.170703 5081.795898
6.176508 5231.521973
6.182313 5285.491699
6.188118 5376.747559
6.193923 204.936340
6.199728 204.839417
6.205533 204.756836
6.211338 204.782272
6.217143 204.783356
6.222948 204.724350
6.228753 204.815552
6.234558 205.190231
6.240363 205.868958
6.246168 206.299301
6.251973 206.262222
6.257778 206.214478
6.263583 104.402870
6.269388 0.000000
6.275193 0.000000
6.280998 5910.034668
6.286803 5885.030273
6.292608 5815.365723
6.298413 5702.086426
6.304218 5529.666016
6.310023 263.566498
6.315828 262.955231
6.321633 249.100555
6.327438 231.209198
6.333242 231.062607
6.339047 230.862152
6.344852 103.906677
6.350657 103.858749
6.356462 103.843361
6.362267 416.608429
6.368073 416.580994
6.373878 416.527466
6.379683 103.867836
6.385488 103.870193
6.391293 103.907440
6.397098 103.877892
6.402903 309.524597
6.408708 311.359680
6.414513 313.335541
6.420318 314.801483
6.426123 314.648041
6.431927 312.163391
6.437732 309.029816
6.443537 337.738922
6.449342 5673.553223
6.455147 5499.266602
6.460952 5331.432129
6.466757 208.633194
6.472562 208.333511
6.478367 208.104706
6.484172 219.409210
6.489977 219.299423
6.495782 219.230301
6.501587 232.159439
6.507392 138.273727
6.513197 138.224945
6.519002 138.256592
6.524807 299.608337
6.530612 302.665039
6.536417 308.154236
6.542222 306.421661
6.548027 304.946899
6.553832 306.175629
6.559637 306.218109
6.565442 136.118759
6.571247 136.284042
6.577052 136.565552
6.582857 308.826447
6.588662 309.872894
6.594467 310.151489
6.600272 308.806793
6.606077 137.645782
6.611882 137.501419
6.617687 137.233459
6.623492 137.188156
6.629297 313.980225
6.635102 314.997803
6.640907 285.587769
6.646712 284.378113
6.652517 256.904755
6.658322 257.039246
6.664127 257.022034
6.669932 256.919769
6.675737 256.898621
6.681542 256.910309
6.687347 265.321014
6.693152 265.315765
6.698957 265.462860
6.704762 265.244934
6.710567 263.773071
6.716372 130.873825
6.722177 130.783676
6.727982 130.542801
6.733787 258.059235
6.739592 2084.516357
6.745397 86.981567
6.751202 0.000000
6.757007 5835.597168
6.762812 5649.859375
6.768617 5507.147949
6.774422 5401.389160
6.780227 298.124237
6.786032 315.049469
6.791837 249.963882
6.797642 250.600555
6.803447 232.808182
6.809252 104.024368
6.815057 103.957756
6.820862 103.901901
6.826667 103.860008
6.832472 103.847755
6.838277 103.814079
6.844081 103.719070
6.849886 103.614937
6.855691 103.594261
6.861496 103.611275
6.867301 103.616341
6.873106 103.635803
6.878911 103.657310
6.884717 103.628265
6.890522 103.647575
6.896327 103.743645
6.902132 103.769806
6.907937 103.734619
6.913742 103.727631
6.919547 103.773911
6.925352 103.893486
6.931157 338.861420
6.936962 338.940674
6.942767 340.096466
6.948571 341.455078
6.954376 341.062531
6.960181 317.478546
6.965986 103.815109
6.971791 341.160767
6.977596 285.659119
6.983401 286.095062
6.989206 286.440247
6.995011 308.041473
7.000816 309.897278
7.006621 310.273560
7.012426 310.429077
7.018231 310.165710
7.024036 267.266937
7.029841 267.046295
7.035646 267.009735
7.041451 309.760925
7.047256 307.013428
7.053061 305.350220
7.058866 304.257172
7.064671 300.041382
7.070476 6019.305176
7.076281 5984.197266
7.082086 5922.915527
7.087891 5826.107910
7.093696 5676.870117
7.099501 5537.489746
7.105306 5444.140137
7.111111 5385.196289
7.116916 5326.674316
7.122721 5259.937988
7.128526 5215.737305
7.134331 5206.589844
7.140136 5225.288574
7.145941 5342.282715
7.151746 268.433075
7.157551 267.746704
7.163356 267.437775
7.169161 267.168457
7.174966 267.103699
7.180771 267.143097
7.186576 267.329163
7.192381 253.771133
7.198186 253.923004
7.203991 0.000000
7.209796 254.111832
7.215601 241.421799
7.221406 286.043457
7.227211 1864.916260
7.233016 5981.533203
7.238821 5935.752441
7.244626 5861.632812
7.250431 5673.952148
7.256236 282.225189
7.262041 2471.322021
7.267846 283.120667
7.273651 628.762695
7.279456 625.338196
7.285261 621.886963
7.291066 1842.152100
7.296871 1238.259888
7.302676 1242.747314
7.308481 229.856750
7.314286 919.317810
7.320091 1244.895630
7.325896 1245.315308
7.331701 1249.275391
7.337506 1256.025513
7.343311 1264.554688
7.349116 1268.522461
7.354921 1268.256470
7.360725 1268.934448
7.366530 1271.450439
7.372335 864.966003
7.378140 872.075439
7.383945 875.187195
7.389750 2465.609131
7.395555 2510.349365
7.401361 2470.934570
7.407166 2422.188965
7.412971 0.000000
7.418776 0.000000
7.424581 2419.274902
7.430386 2458.864258
7.436191 2483.607422
7.441996 2495.072266
7.447801 4913.620117
7.453606 5059.130371
7.459411 5265.647461
7.465215 5366.833984
7.471020 5545.584473
7.476825 5767.882324
7.482630 2443.499756
7.488435 2365.986084
7.494240 2336.056641
7.500045 2338.848145
7.505850 2339.748047
7.511655 2285.885010
7.517460 114.202202
7.523265 160.140060
7.529070 907.225098
7.534875 910.562988
7.540680 912.738281
7.546485 361.324371
7.552290 1822.258179
7.558095 370.780670
7.563900 282.434509
7.569705 282.643219
7.575510 282.889618
7.581315 0.000000
7.587120 341.477631
7.592925 341.315643
7.598730 341.172638
7.604535 159.308517
7.610340 850.705505
7.616145 850.463928
7.621950 851.715454
7.627755 852.654419
7.633560 180.157455
7.639365 1246.940796
7.645170 357.684021
7.650975 849.169250
7.656780 859.518311
7.662585 1881.616089
7.668390 3790.086914
7.674195 3806.032715
7.680000 1853.643188
7.685805 1828.665527
7.691610 1851.825317
7.697415 1896.574219
7.703220 1924.581055
7.709025 1906.893555
7.714830 193.576157
7.720635 0.000000
7.726440 261.557343
7.732245 261.615997
7.738050 262.085907
7.743855 263.211792
7.749660 263.258118
7.755465 261.892731
7.761270 260.852112
7.767075 103.959106
7.772880 103.930344
7.778685 297.009521
7.784490 316.187317
7.790295 316.792755
7.796100 316.235168
7.801905 315.010651
7.807710 314.084320
7.813515 313.551971
7.819320 312.966095
7.825125 312.529816
7.830930 312.814362
7.836735 312.864075
7.842540 312.600098
7.848345 312.211761
7.854150 310.481232
7.859955 309.182648
7.865760 309.262329
7.871564 309.040588
7.877369 308.757965
7.883174 315.925842
7.888979 316.373657
7.894784 316.518372
7.900589 316.756714
7.906394 317.271942
7.912199 317.295105
7.918005 315.238281
7.923810 312.058014
7.929615 311.946472
7.935420 311.942505
7.941225 311.783966
7.947030 311.525085
7.952835 311.157013
7.958640 310.941986
7.964445 311.507385
7.970250 312.058319
7.976054 310.797974
7.981859 309.574921
7.987664 310.304260
7.993469 311.417450
7.999274 311.200439
