0.000000 532.968201
0.005805 469.136169
0.011610 184.809586
0.017415 184.025787
0.023220 182.856979
0.029025 181.674713
0.034830 180.736465
0.040635 180.482178
0.046440 180.933868
0.052245 181.234451
0.058050 180.380188
0.063855 179.058838
0.069660 178.141678
0.075465 177.582809
0.081270 176.856140
0.087075 175.963028
0.092880 175.472198
0.098685 175.528687
0.104490 175.758743
0.110295 175.771454
0.116100 175.667664
0.121905 176.094879
0.127710 177.443069
0.133515 178.829330
0.139320 179.277206
0.145125 179.233093
0.150930 179.804840
0.156735 181.243042
0.162540 182.124924
0.168345 182.645844
0.174150 182.833389
0.179955 182.324921
0.185760 178.947906
0.191565 177.598785
0.197370 177.036423
0.203175 176.594986
0.208980 176.703522
0.214785 177.630875
0.220590 179.277176
0.226395 183.062408
0.232200 182.955765
0.238005 182.386993
0.243810 183.332199
0.249615 184.004623
0.255419 184.200043
0.261224 69.385384
0.267029 104.631424
0.272834 104.383873
0.278639 104.321892
0.284444 69.172691
0.290249 69.291367
0.296054 347.016815
0.301859 345.963562
0.307664 346.992706
0.313469 69.409698
0.319274 69.329361
0.325079 69.238564
0.330884 69.258492
0.336689 69.364311
0.342494 69.371613
0.348299 69.318024
0.354104 69.347359
0.359909 69.401772
0.365714 69.452461
0.371519 69.406013
0.377324 69.364723
0.383129 69.427788
0.388934 69.514862
0.394739 69.551506
0.400544 69.469017
0.406349 69.427864
0.412154 69.483681
0.417959 69.525925
0.423764 301.135925
0.429569 69.530663
0.435374 69.432770
0.441179 69.434029
0.446984 69.499969
0.452789 303.053436
0.458594 69.464737
0.464399 69.434502
0.470204 69.524055
0.476009 69.597664
0.481814 69.572876
0.487619 69.340218
0.493424 69.181450
0.499229 69.208672
0.505034 69.290802
0.510839 69.313087
0.516644 69.296089
0.522449 69.345520
0.528254 69.395027
0.534059 69.424019
0.539864 69.455597
0.545669 69.491432
0.551474 69.535912
0.557279 69.531509
0.563084 69.515457
0.568889 69.487831
0.574694 69.441216
0.580499 69.372955
0.586304 69.296684
0.592109 69.271393
0.597914 69.288811
0.603719 69.271515
0.609524 69.245575
0.615329 69.223244
0.621134 69.237961
0.626939 69.272766
0.632744 69.281609
0.638549 69.323189
0.644354 69.339386
0.650159 69.354622
0.655964 69.361664
0.661769 69.359970
0.667574 69.383713
0.673379 69.364876
0.679184 69.373093
0.684989 69.390984
0.690794 69.352928
0.696599 69.335938
0.702404 69.319595
0.708209 69.294701
0.714014 69.334129
0.719819 69.420685
0.725624 69.497627
0.731429 69.499359
0.737234 69.479630
0.743039 69.479858
0.748844 69.478523
0.754649 69.504814
0.760454 69.535614
0.766258 69.549263
0.772063 69.519043
0.777869 69.482277
0.783673 69.491409
0.789478 69.507034
0.795283 69.501495
0.801088 69.479706
0.806893 69.452980
0.812698 69.429688
0.818503 69.370087
0.824308 69.264397
0.830113 207.400360
0.835918 69.147598
0.841723 69.176521
0.847528 69.222183
0.853333 69.275650
0.859138 69.326859
0.864943 69.369164
0.870748 69.402275
0.876553 69.427948
0.882358 69.459656
0.888163 69.510910
0.893968 104.199539
0.899773 104.359116
0.905578 104.453552
0.911383 208.814316
0.917188 208.437134
0.922993 207.999420
0.928798 207.655029
0.934603 207.517181
0.940408 207.578903
0.946213 207.711868
0.952018 207.788513
0.957823 207.774490
0.963628 207.668350
0.969433 207.516449
0.975238 207.381393
0.981043 207.280136
0.986848 207.221130
0.992653 207.300476
0.998458 207.616348
1.004263 207.946091
1.010068 208.105484
1.015873 103.846848
1.021678 103.666229
1.027483 103.676201
1.033288 69.350769
1.039093 69.344170
1.044898 69.346725
1.050703 138.876556
1.056508 138.802948
1.062313 138.703842
1.068118 138.658173
1.073923 138.723343
1.079728 138.838257
1.085533 138.897141
1.091338 138.811768
1.097143 138.675369
1.102948 138.815872
1.108753 139.069504
1.114558 139.095551
1.120363 138.912567
1.126168 138.720810
1.131973 138.667908
1.137778 138.753082
1.143583 138.926117
1.149388 139.007339
1.155193 138.992844
1.160998 138.985916
1.166803 138.677429
1.172608 138.305466
1.178413 138.251709
1.184218 138.237625
1.190023 12088.734375
1.195828 12171.054688
1.201633 139.201157
1.207438 12075.094727
1.213243 12013.908203
1.219048 12034.108398
1.224853 6249.335938
1.230658 6243.547852
1.236463 104.244377
1.242268 104.248413
1.248073 104.263336
1.253878 104.271568
1.259683 104.255013
1.265488 104.190697
1.271293 104.058899
1.277097 104.025383
1.282902 104.031799
1.288707 104.085014
1.294513 104.148148
1.300317 104.186844
1.306122 104.184166
1.311927 104.185600
1.317732 104.197754
1.323537 104.135864
1.329342 104.016098
1.335147 103.906929
1.340952 103.872665
1.346757 103.925400
1.352562 69.597008
1.358367 69.902489
1.364172 66.594254
1.369977 66.586174
1.375782 66.513321
1.381587 66.158264
1.387392 325.466980
1.393197 324.579163
1.399002 324.609650
1.404807 325.220642
1.410612 325.277954
1.416417 213.724579
1.422222 213.032425
1.428027 102.862259
1.433832 102.834526
1.439637 102.807701
1.445442 100.683434
1.451247 100.732666
1.457052 76.299446
1.462857 76.263184
1.468662 168.087753
1.474467 173.991760
1.480272 174.356094
1.486077 175.285919
1.491882 312.456360
1.497687 313.926910
1.503492 314.070984
1.509297 313.243591
1.515102 312.249786
1.520907 311.644867
1.526712 311.177643
1.532517 310.236877
1.538322 307.751312
1.544127 304.851440
1.549932 303.812805
1.555737 303.927917
1.561542 304.907532
1.567347 306.606689
1.573152 307.752441
1.578957 307.050964
1.584762 304.714539
1.590567 302.286072
1.596372 300.363129
1.602177 139.731857
1.607982 139.046753
1.613787 138.980423
1.619592 139.031906
1.625397 138.871933
1.631202 138.664932
1.637007 138.480286
1.642812 138.393372
1.648617 138.309341
1.654422 137.741425
1.660227 88.825195
1.666032 88.930351
1.671837 91.244232
1.677642 87.463158
1.683447 87.346649
1.689252 90.227684
1.695057 2150.687256
1.700862 2164.199707
1.706667 2173.391113
1.712472 2136.809326
1.718277 2100.976807
1.724082 2091.111328
1.729887 2111.121094
1.735692 138.468536
1.741497 290.674927
1.747302 292.355530
1.753107 301.906250
1.758912 307.887970
1.764717 310.394928
1.770522 311.364624
1.776327 311.554474
1.782132 156.549057
1.787936 156.224716
1.793741 156.039413
1.799546 156.059769
1.805351 156.184723
1.811157 156.182220
1.816961 155.901810
1.822766 155.618561
1.828571 155.683151
1.834376 155.883728
1.840181 155.915482
1.845986 155.894211
1.851791 155.982391
1.857596 156.177780
1.863401 156.390869
1.869206 156.562454
1.875011 156.642242
1.880816 156.709747
1.886621 156.870193
1.892426 157.013351
1.898231 156.964462
1.904036 156.927658
1.909841 157.122955
1.915646 157.166000
1.921451 156.949188
1.927256 156.720230
1.933061 156.643784
1.938866 156.595612
1.944671 156.374054
1.950476 156.038254
1.956281 155.984299
1.962086 156.242691
1.967891 156.495407
1.973696 156.622116
1.979501 156.690231
1.985306 156.695084
1.991111 156.588181
1.996916 156.406204
2.002721 156.243286
2.008526 156.141495
2.014331 156.144363
2.020136 156.326492
2.025941 156.718124
2.031746 157.127350
2.037551 157.474869
2.043356 157.776138
2.049161 157.941299
2.054966 157.942749
2.060771 157.906113
2.066576 157.907822
2.072381 157.908920
2.078186 157.881912
2.083991 157.904770
2.089796 157.995789
2.095601 157.989517
2.101406 157.596573
2.107211 92.732948
2.113016 87.593346
2.118821 87.319977
2.124626 87.424309
2.130431 87.652802
2.136236 87.114769
2.142041 86.998505
2.147846 87.141853
2.153651 87.228989
2.159456 85.446579
2.165261 91.414337
2.171066 87.418610
2.176871 156.825775
2.182676 156.695236
2.188481 156.547836
2.194286 156.378510
2.200091 87.531189
2.205896 205.811859
2.211701 207.694489
2.217506 209.956619
2.223311 211.404831
2.229116 211.728500
2.234921 211.250076
2.240726 210.212112
2.246531 208.682022
2.252336 207.220840
2.258141 206.157425
2.263946 205.301422
2.269751 204.499954
2.275556 203.869095
2.281361 203.711151
2.287166 204.096329
2.292970 204.804245
2.298775 205.535049
2.304580 206.157684
2.310385 206.739304
2.316190 207.417969
2.321995 208.102188
2.327801 208.619720
2.333606 209.009872
2.339411 209.342377
2.345215 209.508789
2.351020 209.363007
2.356825 209.019867
2.362630 208.711868
2.368435 208.490311
2.374240 208.341721
2.380045 208.266525
2.385850 208.260605
2.391655 208.330963
2.397460 208.414474
2.403265 208.441666
2.409070 208.426544
2.414875 208.408432
2.420680 208.339249
2.426485 208.185562
2.432290 208.071243
2.438095 208.053787
2.443900 208.056747
2.449705 208.009766
2.455510 207.895172
2.461315 207.734772
2.467120 207.552231
2.472925 207.374252
2.478730 207.177536
2.484535 207.010834
2.490340 207.060837
2.496145 415.130920
2.501950 415.767059
2.507755 416.052856
2.513560 415.817566
2.519365 415.070160
2.525170 414.106934
2.530975 413.682373
2.536780 206.751312
2.542585 206.957916
2.548390 207.026001
2.554195 206.957825
2.560000 206.755783
2.565805 206.430954
2.571610 206.082901
2.577415 205.934921
2.583220 206.055786
2.589025 206.349747
2.594830 413.700348
2.600635 414.576538
2.606440 415.451904
2.612245 416.173065
2.618050 416.604218
2.623855 416.754303
2.629660 416.715271
2.635465 416.642792
2.641270 416.652252
2.647075 416.625671
2.652880 416.279999
2.658685 415.617462
2.664490 415.062683
2.670295 414.694458
2.676100 414.275909
2.681905 413.810760
2.687710 413.559143
2.693515 413.595032
2.699320 413.690643
2.705125 413.637756
2.710930 413.479645
2.716735 413.409088
2.722540 413.481873
2.728345 413.584747
2.734150 413.630219
2.739955 413.608765
2.745760 413.562561
2.751565 413.512756
2.757370 413.420532
2.763175 413.284210
2.768980 413.262390
2.774785 413.568604
2.780590 414.081909
2.786395 414.496460
2.792200 414.775513
2.798005 415.134735
2.803810 415.599091
2.809614 415.912628
2.815419 416.065460
2.821224 416.212433
2.827029 416.339417
2.832834 416.360535
2.838639 416.241516
2.844445 415.990509
2.850250 415.609192
2.856054 415.175140
2.861859 414.793762
2.867664 414.539612
2.873469 414.454437
2.879274 414.549347
2.885079 414.884796
2.890884 415.489502
2.896689 416.083588
2.902494 416.300659
2.908299 416.094757
2.914104 415.662720
2.919909 415.273102
2.925714 415.106964
2.931519 415.134827
2.937324 415.203400
2.943129 415.265320
2.948934 415.433807
2.954739 415.784271
2.960544 416.209076
2.966349 416.505676
2.972154 416.569763
2.977959 416.452057
2.983764 416.246552
2.989569 415.971405
2.995374 415.603882
3.001179 415.202759
3.006984 414.895874
3.012789 414.641052
3.018594 414.015350
3.024399 412.763184
3.030204 411.327301
3.036009 410.751678
3.041814 206.871994
3.047619 207.938828
3.053424 208.252640
3.059229 208.441467
3.065034 419.702942
3.070839 159.810822
3.076644 160.971298
3.082449 490.587463
3.088254 494.402802
3.094059 496.698517
3.099864 497.011169
3.105669 495.781067
3.111474 493.492218
3.117279 490.079834
3.123084 485.262573
3.128889 479.703430
3.134694 474.323517
3.140499 469.063873
3.146304 464.271149
3.152109 460.552856
3.157914 228.028870
3.163719 458.878662
3.169524 459.468140
3.175329 461.104767
3.181134 464.094543
3.186939 467.666718
3.192744 471.298065
3.198549 474.612793
3.204354 476.542084
3.210159 477.216583
3.215964 477.436188
3.221769 477.438171
3.227574 476.975586
3.233379 476.133240
3.239184 475.151520
3.244989 474.133728
3.250794 472.584045
3.256599 469.639252
3.262404 465.880646
3.268209 462.902893
3.274014 461.321503
3.279819 459.907745
3.285624 458.489685
3.291429 459.279327
3.297234 464.690033
3.303039 470.802368
3.308844 474.398438
3.314649 476.997253
3.320453 479.148804
3.326258 480.616211
3.332063 481.509766
3.337868 481.746368
3.343673 481.041382
3.349478 479.265900
3.355283 476.682434
3.361089 473.945251
3.366894 471.140869
3.372698 468.551941
3.378503 466.746063
3.384308 466.953064
3.390113 469.590912
3.395918 473.889160
3.401723 479.321198
3.407528 485.234436
3.413333 490.903320
3.419138 496.935120
3.424943 502.984222
3.430748 507.906982
3.436553 511.902679
3.442358 515.346741
3.448163 517.769714
3.453968 519.214844
3.459773 520.237305
3.465578 520.924011
3.471383 521.316895
3.477188 521.312988
3.482993 521.071045
3.488798 520.865173
3.494603 520.797058
3.500408 520.877258
3.506213 521.341064
3.512018 522.236023
3.517823 523.067444
3.523628 523.510376
3.529433 523.663513
3.535238 523.617126
3.541043 523.071655
3.546848 521.839294
3.552653 519.615173
3.558458 516.112793
3.564263 510.603180
3.570068 501.922729
3.575873 493.644440
3.581678 488.510345
3.587483 484.172363
3.593288 478.393677
3.599093 473.028229
3.604898 469.500305
3.610703 468.641113
3.616508 469.726105
3.622313 470.966125
3.628118 472.351532
3.633923 474.470459
3.639728 476.708984
3.645533 478.769928
3.651338 479.142792
3.657143 479.284515
3.662948 479.868256
3.668753 480.649261
3.674558 480.001923
3.680363 477.525146
3.686168 478.350067
3.691973 149.558289
3.697778 115.177841
3.703583 130.963348
3.709388 130.614777
3.715193 1030.841187
3.720998 1035.078247
3.726803 1034.457886
3.732608 1028.885498
3.738413 1021.901733
3.744218 1017.188660
3.750023 1014.773071
3.755828 1010.288025
3.761633 1002.976379
3.767438 997.574036
3.773243 993.079163
3.779048 985.291565
3.784853 116.803665
3.790658 116.974640
3.796463 117.986046
3.802268 118.034386
3.808073 11598.639648
3.813878 117.186264
3.819683 138.244965
3.825488 164.648727
3.831293 164.717133
3.837097 164.726974
3.842902 114.806969
3.848707 114.845085
3.854512 115.641693
3.860317 115.789253
3.866122 115.903076
3.871927 116.015984
3.877733 174.039154
3.883538 174.260864
3.889342 116.382568
3.895147 116.629829
3.900952 116.571609
3.906757 116.166466
3.912562 173.594894
3.918367 174.069855
3.924172 116.370422
3.929977 116.299141
3.935782 174.679153
3.941587 174.695908
3.947392 174.882538
3.953197 481.140564
3.959002 474.796936
3.964807 473.487427
3.970612 472.567657
3.976417 470.830322
3.982222 467.533997
3.988027 463.073273
3.993832 459.890167
3.999637 458.739288
4.005442 458.216766
4.011247 457.684479
4.017052 457.750244
4.022857 458.762817
4.028662 460.560181
4.034467 462.892029
4.040272 465.237213
4.046077 467.455139
4.051882 469.409180
4.057687 471.124481
4.063492 472.683746
4.069297 474.067627
4.075102 475.316315
4.080907 476.260986
4.086712 476.402222
4.092517 475.415192
4.098322 473.547089
4.104127 471.169708
4.109932 468.743073
4.115737 466.408966
4.121542 464.066284
4.127347 461.662720
4.133152 459.450623
4.138957 457.827972
4.144762 457.048798
4.150567 456.783417
4.156372 456.751038
4.162177 456.971039
4.167982 457.952545
4.173787 459.097839
4.179592 460.316376
4.185397 463.355103
4.191202 468.257172
4.197007 472.105804
4.202812 473.895508
4.208617 475.125824
4.214422 477.400513
4.220227 480.221130
4.226032 480.896912
4.231837 479.467896
4.237642 477.765198
4.243447 476.415649
4.249252 475.029358
4.255057 473.113586
4.260862 470.967712
4.266667 469.773132
4.272471 468.773773
4.278276 466.549225
4.284081 464.343811
4.289886 465.246674
4.295691 468.194641
4.301497 470.521881
4.307302 468.879578
4.313107 463.679230
4.318912 462.597809
4.324717 115.090027
4.330522 115.330307
4.336327 115.930458
4.342132 116.841820
4.347937 479.338684
4.353742 481.679565
4.359547 482.615265
4.365352 478.925507
4.371157 117.634857
4.376961 117.086281
4.382766 117.025291
4.388571 116.894089
4.394376 116.079956
4.400181 115.447258
4.405986 115.152878
4.411791 115.325935
4.417596 115.711647
4.423401 115.944801
4.429206 115.995689
4.435011 116.178368
4.440816 116.707703
4.446621 117.083191
4.452426 117.304756
4.458231 117.336349
4.464036 117.247391
4.469841 117.422226
4.475646 117.682716
4.481451 117.666321
4.487256 117.520012
4.493061 117.313301
4.498866 117.193237
4.504671 117.054382
4.510476 116.604057
4.516281 115.821114
4.522086 115.755898
4.527891 115.825912
4.533696 115.998024
4.539501 116.153732
4.545306 116.208138
4.551111 116.276634
4.556916 116.495270
4.562721 116.509293
4.568526 3934.666992
4.574331 3919.919189
4.580136 116.229675
4.585941 116.881302
4.591746 116.948105
4.597551 113.953758
4.603356 116.070839
4.609161 116.336594
4.614966 116.972076
4.620771 117.388725
4.626576 117.615715
4.632381 117.727173
4.638186 117.516380
4.643991 116.786201
4.649796 116.438316
4.655601 115.857658
4.661406 115.663681
4.667211 119.126869
4.673016 119.065834
4.678821 115.497353
4.684626 115.787674
4.690431 120.123680
4.696236 120.399315
4.702041 120.639595
4.707846 120.858025
4.713651 120.879738
4.719456 120.978561
4.725261 115.865067
4.731066 115.972214
4.736871 116.088074
4.742676 116.146446
4.748481 116.142059
4.754286 116.162994
4.760091 116.117744
4.765896 115.947708
4.771701 116.180359
4.777506 116.272362
4.783311 116.171364
4.789115 116.061600
4.794920 116.020508
4.800725 116.014709
4.806530 116.034103
4.812335 116.095505
4.818141 117.056519
4.823946 117.476631
4.829751 116.417152
4.835556 116.475494
4.841361 116.735870
4.847166 119.220016
4.852971 59.599113
4.858776 150.916855
4.864581 152.204758
4.870386 157.392822
4.876191 320.507935
4.881996 322.442444
4.887800 323.493622
4.893605 323.723206
4.899410 323.181244
4.905215 322.073517
4.911020 320.652069
4.916825 318.945740
4.922630 316.977631
4.928435 315.099121
4.934240 313.338135
4.940045 311.636749
4.945850 310.180420
4.951655 309.050415
4.957460 308.184143
4.963265 307.310242
4.969070 306.569336
4.974875 306.113190
4.980680 305.997742
4.986485 306.232239
4.992290 306.814514
4.998095 307.615509
5.003900 308.439789
5.009705 309.228058
5.015510 310.021393
5.021315 310.773010
5.027120 311.554169
5.032925 312.325439
5.038730 156.158875
5.044535 156.368301
5.050340 156.488770
5.056145 156.582657
5.061950 156.625107
5.067755 156.577911
5.073560 156.490799
5.079365 156.361359
5.085170 156.158401
5.090975 311.815186
5.096780 311.220795
5.102585 310.352417
5.108390 309.287415
5.114195 308.520630
5.120000 308.249146
5.125805 308.427002
5.131610 308.832001
5.137415 154.819443
5.143220 154.976746
5.149025 154.987030
5.154830 154.954453
5.160635 155.024292
5.166440 155.230637
5.172245 155.496048
5.178050 155.774094
5.183855 155.947098
5.189660 156.027374
5.195465 156.222168
5.201270 156.602936
5.207075 156.855865
5.212880 313.620972
5.218685 313.480865
5.224490 313.959869
5.230295 314.937012
5.236100 116.798141
5.241905 318.566650
5.247710 320.835815
5.253515 185.921234
5.259320 188.530731
5.265125 77.838142
5.270930 155.134521
5.276735 155.400970
5.282540 156.126816
5.288345 481.145630
5.294150 481.022034
5.299954 480.720673
5.305759 480.119202
5.311564 478.550629
5.317369 475.579193
5.323174 471.943390
5.328979 468.647064
5.334785 465.768311
5.340590 463.792847
5.346395 463.490295
5.352200 464.668823
5.358005 466.964386
5.363810 470.588928
5.369615 475.516846
5.375420 480.392944
5.381225 484.646667
5.387030 488.968170
5.392835 493.651733
5.398640 498.180878
5.404444 501.830048
5.410249 504.561249
5.416054 506.777374
5.421859 508.775055
5.427664 511.093475
5.433469 513.434326
5.439274 515.195129
5.445079 516.409119
5.450884 517.340576
5.456689 518.018005
5.462494 518.365051
5.468299 518.626648
5.474104 519.039429
5.479909 519.569946
5.485714 520.125183
5.491519 520.671692
5.497324 521.218201
5.503129 522.002014
5.508934 523.254089
5.514739 524.586548
5.520544 525.531067
5.526349 526.009155
5.532154 526.234924
5.537959 526.358398
5.543764 526.284607
5.549569 525.904663
5.555374 525.423218
5.561179 525.147949
5.566984 524.915710
5.572789 524.268982
5.578594 523.322754
5.584399 522.701111
5.590204 522.642944
5.596009 522.689209
5.601814 522.320679
5.607619 521.585388
5.613424 520.759705
5.619229 519.922668
5.625034 519.013306
5.630839 518.189941
5.636644 518.042786
5.642449 155.939621
5.648254 127.186340
5.654059 518.881287
5.659864 519.087402
5.665669 519.231628
5.671474 519.899292
5.677279 521.304565
5.683084 522.502747
5.688889 521.947327
5.694694 518.986206
5.700499 515.147278
5.706304 512.071106
5.712109 509.063232
5.717914 506.337067
5.723719 503.775726
5.729524 501.280853
5.735329 498.407135
5.741134 495.272705
5.746939 492.001709
5.752744 488.846405
5.758549 485.665161
5.764354 482.639587
5.770159 479.969360
5.775964 477.915985
5.781769 476.382843
5.787574 475.291962
5.793379 474.451202
5.799184 473.431793
5.804989 472.128326
5.810794 470.927673
5.816598 470.038696
5.822403 469.458099
5.828208 468.930725
5.834013 468.014313
5.839818 466.464355
5.845623 464.865875
5.851429 463.778839
5.857234 463.349609
5.863039 463.443359
5.868844 463.635712
5.874649 463.700836
5.880454 463.718994
5.886259 463.845123
5.892064 464.065491
5.897869 464.277649
5.903674 464.544952
5.909479 464.869751
5.915284 465.091125
5.921088 465.169312
5.926893 465.335846
5.932698 465.742737
5.938503 466.287079
5.944308 466.860626
5.950113 467.200897
5.955918 467.018707
5.961723 466.505737
5.967528 466.391144
5.973333 466.801239
5.979138 467.113861
5.984943 466.988007
5.990748 466.518311
5.996553 466.034241
6.002358 465.685394
6.008163 465.453949
6.013968 465.408966
6.019773 465.582458
6.025578 465.740540
6.031383 465.600891
6.037188 465.341675
6.042993 465.269928
6.048798 465.350861
6.054603 465.373474
6.060408 465.335114
6.066213 465.389252
6.072018 465.484039
6.077823 465.386383
6.083628 465.133820
6.089433 464.977173
6.095238 464.936890
6.101043 464.889282
6.106848 464.814728
6.112653 464.871552
6.118458 465.224762
6.124263 465.732056
6.130068 466.086609
6.135873 466.209686
6.141678 466.252899
6.147483 466.351013
6.153288 466.482697
6.159093 466.475006
6.164898 466.246307
6.170703 465.998749
6.176508 465.956207
6.182313 465.994324
6.188118 465.931671
6.193923 465.800598
6.199728 465.664307
6.205533 465.466095
6.211338 465.133331
6.217143 464.873535
6.222948 464.927765
6.228753 465.252350
6.234558 465.552612
6.240363 465.632172
6.246168 465.578125
6.251973 465.510498
6.257778 465.492676
6.263583 465.471802
6.269388 465.321381
6.275193 465.035400
6.280998 464.851776
6.286803 464.914734
6.292608 465.168976
6.298413 465.522125
6.304218 465.862091
6.310023 466.041443
6.315828 465.950256
6.321633 465.696655
6.327438 465.459412
6.333242 465.346375
6.339047 465.367950
6.344852 465.545166
6.350657 465.766357
6.356462 465.893188
6.362267 465.938690
6.368073 465.951874
6.373878 465.819031
6.379683 465.567902
6.385488 465.535645
6.391293 465.811218
6.397098 466.125214
6.402903 466.253754
6.408708 466.264374
6.414513 466.305115
6.420318 466.423920
6.426123 466.602051
6.431927 466.766754
6.437732 466.846588
6.443537 466.898743
6.449342 466.984314
6.455147 467.059204
6.460952 467.155457
6.466757 467.361725
6.472562 467.542542
6.478367 467.557281
6.484172 467.538788
6.489977 467.556946
6.495782 467.436188
6.501587 467.157410
6.507392 466.944885
6.513197 466.828125
6.519002 466.722137
6.524807 466.658539
6.530612 466.643921
6.536417 466.505554
6.542222 466.130188
6.548027 465.685913
6.553832 465.411011
6.559637 465.395142
6.565442 465.577667
6.571247 465.858154
6.577052 466.162323
6.582857 466.416626
6.588662 466.526794
6.594467 466.428223
6.600272 466.254364
6.606077 466.239471
6.611882 466.438812
6.617687 466.718018
6.623492 466.978394
6.629297 467.134766
6.635102 467.142181
6.640907 467.186615
6.646712 467.324860
6.652517 467.323151
6.658322 467.111786
6.664127 466.856995
6.669932 466.587250
6.675737 466.208801
6.681542 465.814941
6.687347 465.453491
6.693152 465.126740
6.698957 465.138885
6.704762 465.541412
6.710567 465.907684
6.716372 466.107635
6.722177 466.504303
6.727982 467.232391
6.733787 467.983826
6.739592 468.579895
6.745397 469.078949
6.751202 469.359100
6.757007 469.252960
6.762812 469.077698
6.768617 469.091644
6.774422 469.315765
6.780227 469.484802
6.786032 469.212830
6.791837 468.721924
6.797642 468.397522
6.803447 468.206573
6.809252 467.970795
6.815057 467.781708
6.820862 467.763702
6.826667 467.716156
6.832472 467.592194
6.838277 467.623932
6.844081 467.672974
6.849886 467.488251
6.855691 467.247498
6.861496 467.154663
6.867301 467.144257
6.873106 467.071808
6.878911 466.918488
6.884717 466.769928
6.890522 466.751221
6.896327 466.810028
6.902132 466.829285
6.907937 466.916748
6.913742 467.168396
6.919547 467.630005
6.925352 468.388855
6.931157 469.483948
6.936962 470.643280
6.942767 471.629669
6.948571 472.516357
6.954376 473.060242
6.960181 473.168701
6.965986 472.985962
6.971791 156.706589
6.977596 156.422440
6.983401 156.019653
6.989206 155.636093
6.995011 155.314056
7.000816 155.212494
7.006621 155.350769
7.012426 77.710899
7.018231 77.832741
7.024036 155.992859
7.029841 156.189758
7.035646 78.092155
7.041451 77.959961
7.047256 77.872589
7.053061 77.995140
7.058866 77.945473
7.064671 321.974396
7.070476 321.215271
7.076281 154.866669
7.082086 154.895325
7.087891 155.004181
7.093696 155.107727
7.099501 155.131027
7.105306 155.174393
7.111111 155.358047
7.116916 155.550598
7.122721 77.906586
7.128526 77.815758
7.134331 77.765129
7.140136 77.786903
7.145941 77.836967
7.151746 77.885490
7.157551 77.962250
7.163356 78.053444
7.169161 78.043037
7.174966 77.934746
7.180771 77.626343
7.186576 77.522530
7.192381 77.541977
7.198186 77.549339
7.203991 77.522400
7.209796 77.509499
7.215601 156.621658
7.221406 156.444717
7.227211 156.276291
7.233016 77.892586
7.238821 77.852158
7.244626 77.892052
7.250431 77.969772
7.256236 78.025764
7.262041 77.525436
7.267846 77.496094
7.273651 77.593445
7.279456 78.013229
7.285261 77.945419
7.291066 77.591629
7.296871 77.674072
7.302676 77.862511
7.308481 309.872864
7.314286 307.274109
7.320091 154.694641
7.325896 154.605896
7.331701 155.092102
7.337506 155.892349
7.343311 156.232178
7.349116 155.997177
7.354921 155.606873
7.360725 155.284973
7.366530 157.332901
7.372335 157.437958
7.378140 157.230408
7.383945 157.051529
7.389750 156.863251
7.395555 207.903519
7.401361 286.497314
7.407166 287.047729
7.412971 271.023010
7.418776 93.412933
7.424581 93.161331
7.430386 143.101929
7.436191 155.133759
7.441996 155.379242
7.447801 155.426910
7.453606 155.406219
7.459411 155.275787
7.465215 155.210983
7.471020 155.350143
7.476825 155.529205
7.482630 206.565720
7.488435 206.640472
7.494240 155.360886
7.500045 92.996437
7.505850 92.959145
7.511655 155.133667
7.517460 155.393646
7.523265 116.610397
7.529070 116.391396
7.534875 116.148354
7.540680 71.539703
7.546485 74.162544
7.552290 171.778320
7.558095 135.637711
7.563900 184.526291
7.569705 297.648224
7.575510 312.014679
7.581315 319.460480
7.587120 162.248337
7.592925 163.010498
7.598730 175.938141
7.604535 128.865494
7.610340 132.198318
7.616145 133.798035
7.621950 413.366455
7.627755 421.043823
7.633560 429.223999
7.639365 433.710846
7.645170 435.081268
7.650975 435.252777
7.656780 434.350952
7.662585 432.585205
7.668390 430.666779
7.674195 429.824158
7.680000 430.145294
7.685805 430.984985
7.691610 432.061676
7.697415 433.477631
7.703220 435.317108
7.709025 437.854431
7.714830 442.120697
7.720635 447.774078
7.726440 452.734772
7.732245 457.281464
7.738050 462.388916
7.743855 467.019226
7.749660 470.255676
7.755465 472.646729
7.761270 474.310974
7.767075 474.919708
7.772880 474.257874
7.778685 472.458466
7.784490 469.897522
7.790295 467.275543
7.796100 464.996155
7.801905 463.175079
7.807710 461.646118
7.813515 460.678101
7.819320 460.358887
7.825125 460.460938
7.830930 460.723724
7.836735 461.142853
7.842540 461.820221
7.848345 462.735382
7.854150 463.733276
7.859955 464.668732
7.865760 465.301453
7.871564 465.589783
7.877369 465.777435
7.883174 466.177917
7.888979 467.232147
7.894784 469.311615
7.900589 471.436676
7.906394 471.628967
7.912199 470.853119
7.918005 470.441284
7.923810 469.860168
7.929615 468.147186
7.935420 464.935974
7.941225 460.845947
7.947030 458.694702
7.952835 78.187912
7.958640 474.584290
7.964445 475.104645
7.970250 476.368500
7.976054 476.791565
7.981859 474.321320
7.987664 470.280365
7.993469 156.283661
7.999274 155.818283
8.005079 155.155762
8.010884 154.358200
8.016689 461.762604
8.022494 462.006714
8.028299 462.490326
8.034104 462.396667
8.039909 461.876892
8.045714 307.451385
8.051519 307.508728
8.057324 460.757935
8.063129 460.985657
8.068934 460.720520
8.074739 459.468384
8.080544 458.695496
8.086349 461.200989
8.092155 465.510651
8.097960 468.382233
8.103765 469.513611
8.109570 468.835907
8.115375 466.702087
8.121180 465.294647
8.126985 464.340302
8.132789 462.449646
8.138594 459.520203
8.144399 456.447510
8.150204 453.930573
8.156009 451.775238
8.161814 450.074310
8.167619 448.990997
8.173424 448.842194
8.179229 449.829224
8.185034 451.777954
8.190839 454.178955
8.196644 456.776306
8.202449 459.991455
8.208254 463.396118
8.214059 466.562897
8.219864 469.987152
8.225669 473.707123
8.231474 476.989136
8.237279 479.515961
8.243084 481.386169
8.248889 482.756653
8.254694 483.397003
8.260499 483.205505
8.266304 482.138641
8.272109 480.395050
8.277914 478.437897
8.283719 476.385529
8.289524 474.182892
8.295329 471.553955
8.301134 468.410889
8.306939 464.923309
8.312744 461.766907
8.318549 458.959198
8.324354 456.515686
8.330159 455.041199
8.335963 227.010010
8.341768 226.730789
8.347573 151.035522
8.353378 113.328705
8.359183 113.758980
8.364988 114.518364
8.370793 461.445587
8.376598 463.425323
8.382403 465.677673
8.388208 468.406555
8.394013 471.221771
8.399818 473.762451
8.405623 475.526031
8.411428 476.678833
8.417233 477.452637
8.423038 478.099304
8.428843 478.579987
8.434649 478.396271
8.440454 477.210144
8.446259 475.556000
8.452064 474.099579
8.457869 472.643433
8.463674 470.786102
8.469479 468.602234
8.475284 466.328125
8.481089 464.296265
8.486894 462.164581
8.492699 459.920746
8.498504 458.155823
8.504309 227.828903
8.510114 227.578552
8.515919 227.638443
8.521724 457.466156
8.527529 458.737152
8.533334 460.271729
8.539139 462.232391
8.544943 464.382446
8.550748 466.748962
8.556553 469.306030
8.562358 471.701752
8.568163 473.847809
8.573968 475.735260
8.579773 477.125916
8.585578 477.778778
8.591383 477.708923
8.597188 477.015198
8.602993 475.843109
8.608798 474.593475
8.614603 473.663544
8.620408 472.885895
8.626213 471.361511
8.632018 468.906128
8.637823 466.424500
8.643628 464.401154
8.649433 462.656738
8.655238 461.175537
8.661043 460.192657
8.666848 459.569489
8.672653 459.138702
8.678458 459.020477
8.684263 459.472717
8.690068 460.256897
8.695873 461.067078
8.701678 461.970886
8.707483 463.307709
8.713288 465.042175
8.719093 466.871185
8.724898 468.677582
8.730703 470.425140
8.736508 472.087036
8.742313 473.640930
8.748117 475.134277
8.753922 476.331543
8.759727 477.126221
8.765532 477.686066
8.771338 478.056213
8.777143 478.024628
8.782948 477.515411
8.788753 476.544769
8.794558 475.100830
8.800363 473.451691
8.806168 471.814240
8.811973 469.950012
8.817778 467.746399
8.823583 465.549164
8.829388 463.482910
8.835193 461.411896
8.840998 459.888977
8.846803 459.131927
8.852608 458.975037
8.858413 459.108917
8.864218 459.393005
8.870023 459.952515
8.875828 460.889282
8.881633 462.325592
8.887438 464.417328
8.893243 466.782257
8.899048 468.692749
8.904853 470.276245
8.910658 471.969391
8.916463 473.706604
8.922268 475.269653
8.928073 476.660583
8.933878 477.766327
8.939683 478.313934
8.945488 478.185303
8.951293 477.734558
8.957097 477.272675
8.962902 476.772186
8.968707 476.027344
8.974512 474.666473
8.980317 472.251221
8.986122 469.128845
8.991927 467.027679
8.997732 466.313843
9.003537 466.262451
9.009342 466.324738
9.015147 466.434723
9.020952 467.180603
9.026757 469.175171
9.032562 471.540100
9.038367 472.899536
9.044172 472.957245
9.049977 471.627380
9.055782 467.957916
9.061587 462.507904
9.067392 115.378036
9.073197 115.346062
9.079002 115.545021
9.084807 115.966827
9.090612 116.352066
9.096417 116.632935
9.102222 116.737030
9.108027 116.715797
9.113832 116.707191
9.119637 117.229607
9.125443 117.197456
9.131248 117.187347
9.137053 117.460785
9.142858 118.040031
9.148663 118.115623
9.154468 118.083015
9.160272 346.952240
9.166077 346.836060
9.171882 175.976074
9.177687 184.810333
9.183492 199.606613
9.189297 212.361755
9.195102 217.227341
9.200907 216.888733
9.206712 216.067841
9.212517 214.386169
9.218322 212.413818
9.224127 117.228859
9.229932 116.956413
9.235737 233.572845
9.241542 233.854706
9.247347 174.905136
9.253152 174.987503
9.258957 175.094391
9.264762 116.698807
9.270567 175.553986
9.276372 175.370895
9.282177 175.133209
9.287982 116.860191
9.293787 116.800850
9.299592 116.810219
9.305397 116.865944
9.311202 116.946159
9.317007 116.987587
9.322812 116.990913
9.328617 117.027740
9.334422 117.060730
9.340227 117.055817
9.346032 351.473297
9.351837 350.850586
9.357642 350.537720
9.363446 350.716156
9.369251 351.093292
9.375056 116.951904
9.380861 116.992294
9.386666 117.137085
9.392471 117.196960
9.398276 117.085106
9.404081 116.890053
9.409886 116.701584
9.415691 116.620026
9.421496 233.446121
9.427301 233.536285
9.433106 233.744965
9.438911 233.974075
9.444716 235.266190
9.450521 233.807037
9.456326 233.715973
9.462132 233.719986
9.467937 233.691788
9.473742 116.645279
9.479547 116.642715
9.485352 116.675400
9.491157 116.706665
9.496962 116.751686
9.502767 116.811577
9.508572 350.940948
9.514377 350.829773
9.520182 351.635376
9.525987 352.393433
9.531792 116.412666
9.537597 116.442001
9.543402 116.678375
9.549207 435.733002
9.555012 447.501678
9.560817 447.383636
9.566622 445.674011
9.572426 443.464783
9.578231 441.084747
9.584036 145.962875
9.589841 144.786224
9.595646 108.187965
9.601451 108.657349
9.607256 437.501740
9.613061 440.158081
9.618866 443.245544
9.624671 446.765900
9.630476 451.572540
9.636281 456.331665
9.642086 459.694580
9.647891 462.347626
9.653696 464.880310
9.659501 467.103333
9.665306 468.596008
9.671111 469.206299
9.676916 469.166107
9.682721 468.728149
9.688526 468.068634
9.694331 467.254547
9.700136 466.447723
9.705941 465.978363
9.711746 466.004028
9.717551 466.395416
9.723356 466.758423
9.729161 466.789856
9.734966 466.707031
9.740771 467.073364
9.746576 467.999573
9.752381 469.128448
9.758186 469.978088
9.763991 469.906982
9.769796 468.108490
9.775600 464.291992
9.781405 459.312439
9.787210 453.668060
9.793015 447.741791
9.798820 442.842529
9.804626 439.473450
9.810431 437.268127
9.816236 436.316132
9.822041 436.530853
9.827846 437.592102
9.833651 439.120239
9.839456 440.862518
9.845261 442.509918
9.851066 443.943420
9.856871 445.208862
9.862676 446.692200
9.868481 448.665283
9.874286 450.768799
9.880091 453.170197
9.885896 233.892410
9.891701 233.263840
9.897506 233.123215
9.903311 116.648399
9.909116 116.600967
9.914921 116.555458
9.920726 116.519157
9.926531 116.523018
9.932336 116.580688
9.938141 116.625069
9.943946 116.643631
9.949751 116.688812
9.955556 116.792191
9.961361 117.004028
9.967166 117.203606
9.972971 117.187851
9.978776 233.530563
9.984580 232.764816
9.990385 116.030273
9.996190 116.207779
10.001995 116.895828
10.007800 117.268257
10.013605 467.107880
10.019410 466.197144
10.025215 463.978577
10.031020 461.075897
10.036825 457.847565
10.042630 454.168579
10.048435 450.468384
10.054240 447.604492
10.060045 445.188049
10.065850 442.865448
10.071655 441.354614
10.077460 441.344666
10.083265 442.570557
10.089070 443.754089
10.094875 443.826172
10.100680 443.222778
10.106485 442.920929
10.112290 443.212250
10.118095 443.836578
10.123900 444.071320
10.129705 443.293152
10.135510 441.852570
10.141315 440.759430
10.147120 440.546692
10.152925 440.854004
10.158731 441.087585
10.164536 441.041626
10.170341 440.718323
10.176146 440.232361
10.181951 439.986176
10.187755 440.249542
10.193560 440.787720
10.199365 441.223755
10.205170 441.558655
10.210975 441.914368
10.216780 442.227356
10.222585 442.387115
10.228390 442.399170
10.234195 442.274292
10.240000 441.897247
10.245805 441.348999
10.251610 440.905365
10.257415 440.568604
10.263220 440.175140
10.269025 439.874512
10.274830 439.842773
10.280635 439.990692
10.286440 440.349609
10.292245 440.955109
10.298050 441.412384
10.303855 441.229279
10.309660 440.603088
10.315465 439.974335
10.321270 439.854095
10.327075 174.817459
10.332880 174.853973
10.338685 116.590393
10.344490 116.326447
10.350295 109.805122
10.356100 445.102905
10.361905 445.071045
10.367710 444.142578
10.373515 442.676178
10.379320 440.066620
10.385125 437.219208
10.390930 435.744659
10.396734 482.907898
10.402539 486.389679
10.408344 486.987122
10.414149 486.160126
10.419954 484.045380
10.425759 481.294586
10.431564 478.441498
10.437369 474.847565
10.443174 469.953308
10.448979 464.542511
10.454784 459.609222
10.460589 455.418579
10.466394 452.250153
10.472199 450.416565
10.478004 449.775177
10.483809 450.001465
10.489614 225.807190
10.495420 227.242752
10.501225 229.851685
10.507030 462.974487
10.512835 467.952728
10.518640 473.609558
10.524445 478.059296
10.530250 480.351379
10.536055 481.116577
10.541860 480.611603
10.547665 478.893951
10.553470 475.296509
10.559275 468.764465
10.565080 462.517151
10.570885 459.481567
10.576690 457.782043
10.582495 456.573822
10.588300 456.540558
10.594105 458.009979
10.599909 460.581268
10.605714 463.416351
10.611519 465.650757
10.617324 468.103760
10.623129 470.859222
10.628934 473.227509
10.634739 159.927429
10.640544 482.421906
10.646349 485.188263
10.652154 485.587891
10.657959 484.488770
10.663764 160.203476
10.669569 159.533356
10.675374 158.857376
10.681179 158.257721
10.686984 474.214813
10.692789 473.499481
10.698594 158.027679
10.704399 158.679749
10.710204 159.624191
10.716009 160.829620
10.721814 162.176208
10.727619 974.319275
10.733424 986.008911
10.739229 998.964844
10.745034 254.391312
10.750839 255.793732
10.756644 256.865356
10.762449 257.823242
10.768254 258.677368
10.774059 172.505981
10.779864 172.688141
10.785669 172.799316
10.791474 172.799896
10.797279 172.779160
10.803084 172.847061
10.808888 172.871902
10.814693 172.811600
10.820498 172.917557
10.826303 208.186172
10.832108 208.403824
10.837914 208.647064
10.843719 173.949905
10.849524 173.949921
10.855329 173.957214
10.861134 173.986298
10.866939 173.987350
10.872744 174.022720
10.878549 174.080704
10.884354 174.046753
10.890159 173.891006
10.895964 173.742996
10.901769 173.726685
10.907574 173.788116
10.913379 173.777924
10.919184 173.663254
10.924989 173.539124
10.930794 173.393982
10.936599 173.241150
10.942404 173.150543
10.948209 173.124619
10.954014 519.123901
10.959819 519.957092
10.965624 174.025879
10.971429 174.565430
10.977234 174.763885
10.983039 174.731628
10.988844 174.549271
10.994649 174.120758
11.000454 519.253357
11.006259 515.289185
11.012063 510.640747
11.017868 504.993134
11.023673 497.804565
11.029478 490.199341
11.035283 482.438019
11.041088 473.328949
11.046893 465.625549
11.052698 459.953796
11.058503 454.544678
11.064308 449.323578
11.070113 224.407852
11.075918 111.174591
11.081723 110.865509
11.087528 110.702980
11.093333 441.845642
11.099138 441.252106
11.104943 147.278061
11.110748 147.294220
11.116553 147.352921
11.122358 438.987366
11.128163 438.385803
11.133968 437.935852
11.139773 438.119141
11.145578 438.392365
11.151383 438.163055
11.157188 437.964081
11.162993 219.510086
11.168798 219.639587
11.174603 146.674591
11.180408 146.808228
11.186213 146.915268
11.192019 220.304993
11.197824 220.547974
11.203629 220.789215
11.209434 439.242279
11.215239 173.507309
11.221043 258.239136
11.226848 438.180511
11.232653 224.228043
11.238458 149.090012
11.244263 148.991943
11.250068 448.052460
11.255873 446.981140
11.261678 445.581818
11.267483 444.439423
11.273288 443.358154
11.279093 442.203217
11.284898 441.277924
11.290703 440.972687
11.296508 441.017822
11.302313 440.728088
11.308118 440.144012
11.313923 439.810181
11.319728 439.632263
11.325533 439.244812
11.331338 438.742645
11.337143 438.311859
11.342948 437.697845
11.348753 436.838776
11.354558 436.087616
11.360363 435.491882
11.366168 434.717438
11.371973 434.005737
11.377778 109.941132
11.383583 110.113174
11.389388 110.247925
11.395193 436.731750
11.400998 437.563904
11.406803 438.609985
11.412608 439.657166
11.418413 439.861328
11.424217 439.300385
11.430022 438.351227
11.435827 437.431671
11.441632 437.010468
11.447437 437.294586
11.453242 438.090332
11.459047 439.101532
11.464852 440.144653
11.470657 441.068817
11.476462 441.666840
11.482267 441.920319
11.488072 442.108398
11.493877 442.423523
11.499682 442.782745
11.505487 442.970276
11.511292 442.800781
11.517097 442.139893
11.522902 441.281097
11.528708 440.697205
11.534513 440.385345
11.540318 220.043793
11.546123 219.895782
11.551928 219.767380
11.557733 219.674484
11.563538 439.211060
11.569343 439.330658
11.575148 439.775452
11.580953 440.510803
11.586758 441.361755
11.592563 442.001892
11.598368 442.132202
11.604173 441.655640
11.609978 220.329971
11.615783 219.555237
11.621588 218.588882
11.627392 217.856766
11.633197 217.565964
11.639002 145.588837
11.644807 146.460190
11.650612 1005.137024
11.656417 87.657150
11.662222 87.840057
11.668027 117.536484
11.673832 117.722832
11.679637 117.876083
11.685442 117.906326
11.691247 117.738892
11.697052 117.431488
11.702857 117.178215
11.708662 153.000244
11.714467 152.057129
11.720272 227.264816
11.726077 226.987411
11.731882 226.723495
11.737687 455.224518
11.743492 205.117065
11.749297 151.731445
11.755102 152.075912
11.760907 152.410034
11.766712 929.233948
11.772517 921.999268
11.778322 922.430603
11.784127 353.856415
11.789932 355.932251
11.795737 359.589111
11.801542 363.076813
11.807347 363.038910
11.813152 360.821991
11.818957 87.541664
11.824762 87.546616
11.830567 175.577454
11.836371 222.405670
11.842176 221.022400
11.847981 125.248787
11.853786 116.156487
11.859591 197.152466
11.865396 196.850693
11.871202 196.161667
11.877007 195.676880
11.882812 195.880615
11.888617 196.071548
11.894422 195.849945
11.900227 195.831268
11.906032 196.774734
11.911837 196.992233
11.917642 196.791626
11.923447 196.140015
11.929252 224.912888
11.935057 225.259003
11.940862 449.329346
11.946667 448.786469
11.952472 448.604980
11.958277 447.545563
11.964082 443.890778
11.969887 197.061996
11.975692 198.101639
11.981497 199.333633
11.987302 200.746231
11.993107 202.469345
11.998912 409.061279
12.004717 405.770233
12.010522 401.593445
12.016327 398.181641
12.022132 395.426025
12.027937 392.781616
12.033742 389.932739
12.039546 386.896851
12.045351 383.972870
12.051156 381.237701
12.056961 378.699188
12.062766 377.090149
12.068571 376.983429
12.074376 378.157990
12.080181 379.718842
12.085986 381.295135
12.091791 383.460236
12.097596 386.582123
12.103401 390.003754
12.109206 392.899109
12.115011 395.235077
12.120816 397.234650
12.126621 399.014008
12.132426 400.834290
12.138231 402.745209
12.144036 404.030914
12.149841 202.018280
12.155646 201.230545
12.161451 199.709976
12.167256 197.879578
12.173061 391.728394
12.178866 388.030762
12.184671 383.651733
12.190476 380.062744
12.196281 377.704681
12.202086 375.739899
12.207891 374.176453
12.213696 374.003326
12.219501 375.103882
12.225307 376.590149
12.231112 378.343323
12.236917 380.537567
12.242722 382.887665
12.248526 385.568512
12.254331 388.827789
12.260136 391.620300
12.265941 393.512726
12.271746 395.465088
12.277551 398.392761
12.283356 401.267487
12.289161 403.265533
12.294966 404.439636
12.300771 404.072113
12.306576 402.515961
12.312381 401.092499
12.318186 399.508209
12.323991 396.902802
12.329796 393.677460
12.335601 390.905029
12.341406 388.731598
12.347211 386.937592
12.353016 385.261932
12.358821 383.992035
12.364626 383.629028
12.370431 383.967163
12.376236 384.157379
12.382041 384.469421
12.387846 385.252167
12.393651 386.071381
12.399456 386.710663
12.405261 388.059692
12.411066 390.795929
12.416871 394.498993
12.422676 399.215729
12.428481 402.947540
12.434286 403.848602
12.440091 402.742188
12.445896 400.618591
12.451700 398.925934
12.457505 397.264160
12.463310 395.564941
12.469115 196.578278
12.474920 196.782928
12.480725 197.084915
12.486530 197.909348
12.492335 198.655716
12.498140 394.006836
12.503945 394.310608
12.509750 394.480713
12.515555 394.470245
12.521360 394.117065
12.527165 393.323608
12.532970 391.972473
12.538775 389.830383
12.544580 387.073914
12.550385 384.756989
12.556190 383.314911
12.561996 381.778717
12.567801 381.019379
12.573606 381.658691
12.579411 382.794250
12.585216 382.156189
12.591021 379.911072
12.596826 378.918152
12.602631 380.966766
12.608436 383.386200
12.614241 384.675690
12.620046 152.762115
12.625851 198.576553
12.631656 153.484619
12.637461 387.199615
12.643266 385.840759
12.649071 387.898071
12.654876 392.503326
12.660680 393.002472
12.666485 392.022858
12.672290 392.062988
12.678095 393.546753
12.683900 394.684937
12.689705 394.419525
12.695510 392.270599
12.701315 390.131592
12.707120 389.277039
12.712925 388.371094
12.718730 386.984619
12.724535 385.411530
12.730340 383.785553
12.736145 382.736053
12.741950 383.049042
12.747755 383.535919
12.753560 383.850189
12.759365 384.758667
12.765170 385.567688
12.770975 384.699707
12.776780 191.232239
12.782585 191.282410
12.788390 191.254333
12.794195 383.380219
12.800000 383.527802
12.805805 383.764832
12.811610 383.845490
12.817415 383.775299
12.823220 299.250000
12.829025 297.987579
12.834830 297.487732
12.840635 296.791962
12.846440 297.211029
12.852245 299.356995
12.858050 301.195007
12.863854 199.150085
12.869659 113.447250
12.875464 113.827591
12.881269 114.532715
12.887074 103.602165
12.892879 93.518211
12.898685 393.676971
12.904490 372.838837
12.910295 369.000580
12.916100 367.202759
12.921905 367.575500
12.927710 368.742828
12.933515 369.059662
12.939320 369.587738
12.945125 333.528137
12.950930 332.778656
12.956735 332.081085
12.962540 329.366089
12.968345 325.305450
12.974150 323.792450
12.979955 162.779648
12.985760 163.288330
12.991565 164.297638
12.997370 165.213593
13.003175 166.539948
13.008980 1066.986694
13.014785 369.089417
13.020590 372.981506
13.026395 376.031586
13.032200 379.051605
13.038005 191.373749
13.043810 192.580063
13.049615 385.416748
13.055420 384.746246
13.061225 384.087250
13.067030 385.747498
13.072834 388.878723
13.078639 391.207367
13.084444 298.722809
13.090249 300.041504
13.096054 298.233124
13.101859 148.330856
13.107664 109.085625
13.113469 382.178192
13.119274 381.952179
13.125079 378.662170
13.130884 373.886597
13.136689 372.341278
13.142494 373.907074
13.148299 375.498627
13.154104 367.955292
13.159909 358.462341
13.165714 356.693207
13.171519 355.957825
13.177324 354.055542
13.183129 349.890137
13.188934 1365.277588
13.194739 337.129913
13.200544 332.496368
13.206349 329.910065
13.212154 330.119995
13.217959 667.935913
13.223764 1339.881836
13.229569 1354.649536
13.235374 1356.415894
13.241179 361.498505
13.246984 370.445374
13.252789 379.159760
13.258595 385.744843
13.264400 389.485901
13.270205 391.052277
13.276009 391.624420
13.281814 130.891449
13.287619 119.426849
13.293424 104.345772
13.299229 86.538048
13.305034 86.593987
13.310839 86.601578
13.316644 176.936523
13.322449 177.368790
13.328254 188.144135
13.334059 187.786804
13.339864 187.365051
13.345669 187.709991
13.351474 379.499634
13.357279 130.033554
13.363084 198.377426
13.368889 197.863739
13.374694 130.697006
13.380499 130.657227
13.386304 196.878632
13.392109 196.426773
13.397914 194.238953
13.403719 264.392395
13.409524 1185.084106
13.415329 556.935913
13.421134 556.666199
13.426939 557.467529
13.432744 558.458618
13.438549 558.418213
13.444354 556.919128
13.450159 554.704956
13.455964 552.640808
13.461769 550.269836
13.467574 546.837891
13.473379 544.010315
13.479183 543.381592
13.484988 544.184204
13.490793 547.200195
13.496598 552.578430
13.502403 1117.921021
13.508208 1127.374390
13.514013 1136.525635
13.519818 1145.039429
13.525623 1153.220337
13.531428 1160.537109
13.537233 1167.551270
13.543038 1173.572998
13.548843 1177.315430
13.554648 1179.290649
13.560453 1178.570312
13.566258 1175.780884
13.572063 1173.981812
13.577868 1174.553467
13.583673 1176.073364
13.589478 1176.554565
13.595284 1174.727905
13.601089 1172.161133
13.606894 1171.249756
13.612699 1169.635864
13.618504 1166.770996
13.624309 1164.706909
13.630114 1163.016235
13.635919 1161.064453
13.641724 1160.991943
13.647529 386.354584
13.653334 387.431915
13.659139 1173.375732
13.664944 1175.688477
13.670749 1179.251221
13.676554 1181.890747
13.682359 1183.687988
13.688163 1186.312134
13.693968 1187.989014
13.699773 1187.551147
13.705578 1186.341553
13.711383 1184.972900
13.717188 587.909668
13.722993 582.784607
13.728798 578.692261
13.734603 384.446777
13.740408 382.594147
13.746213 380.422119
13.752018 564.728577
13.757823 561.421936
13.763628 558.551636
13.769433 555.249756
13.775238 551.779968
13.781043 548.223511
13.786848 544.266663
13.792653 540.569702
13.798458 537.938843
13.804263 535.924133
13.810068 533.818542
13.815873 531.391418
13.821678 528.942627
13.827483 527.334534
13.833288 526.574341
13.839093 525.823364
13.844898 525.050293
13.850703 524.859314
13.856508 525.322144
13.862313 526.012634
13.868118 526.538147
13.873923 526.776672
13.879728 526.918457
13.885533 527.418823
13.891337 528.318787
13.897142 528.894043
13.902947 528.484619
13.908752 527.751831
13.914557 527.918518
13.920362 530.025330
13.926167 534.813477
13.931973 539.911072
13.937778 537.421631
13.943583 535.542786
13.949388 265.271393
13.955193 394.036835
13.960998 391.278809
13.966803 388.958130
13.972608 386.771606
13.978413 386.156982
13.984218 388.296509
13.990023 570.600220
13.995828 575.846008
14.001633 576.060608
14.007438 572.145508
14.013243 562.872742
14.019048 552.875000
14.024853 546.622437
14.030658 541.907104
14.036463 536.836060
14.042268 531.216736
14.048073 525.710083
14.053878 521.017822
14.059683 517.621033
14.065488 516.116577
14.071293 516.955872
14.077098 520.280701
14.082903 526.723450
14.088708 534.033630
14.094513 539.545410
14.100317 545.225952
14.106122 551.508972
14.111927 557.445435
14.117732 562.309387
14.123537 563.335999
14.129342 558.330933
14.135147 550.503479
14.140952 543.568604
14.146757 537.783813
14.152562 532.887085
14.158367 529.396973
14.164172 527.074463
14.169977 526.243652
14.175782 527.254883
14.181587 530.267273
14.187392 535.037903
14.193197 542.582092
14.199002 553.007874
14.204807 561.017639
14.210612 189.529251
14.216417 566.423401
14.222222 566.032715
14.228027 563.234070
14.233832 558.603516
14.239637 554.333557
14.245442 550.691223
14.251247 547.820862
14.257052 548.400452
14.262857 551.351440
14.268662 553.740051
14.274467 555.572998
14.280272 557.262024
14.286077 558.311218
14.291883 557.908875
14.297688 556.203674
14.303492 553.806213
14.309297 550.798157
14.315102 547.157837
14.320907 543.570251
14.326712 540.157837
14.332517 537.354492
14.338322 534.980347
14.344127 532.655823
14.349932 530.520447
14.355737 528.874573
14.361542 527.595154
14.367347 526.481384
14.373152 525.705139
14.378957 525.656677
14.384762 526.112976
14.390567 526.696106
14.396372 527.072937
14.402177 526.790588
14.407982 525.505615
14.413787 522.766724
14.419592 518.140808
14.425397 511.658325
14.431202 503.806366
14.437007 496.112579
14.442812 488.488678
14.448617 479.505280
14.454422 471.274292
14.460227 465.995392
14.466032 463.061462
14.471837 230.653412
14.477642 230.918579
14.483447 231.330139
14.489252 231.628159
14.495057 231.845367
14.500862 232.125137
14.506667 232.527878
14.512471 155.578217
14.518276 155.834961
14.524081 155.910599
14.529886 155.782440
14.535691 155.376266
14.541496 154.840530
14.547301 154.639862
14.553106 467.717865
14.558911 155.441666
14.564716 155.312729
14.570521 155.147308
14.576326 155.189697
14.582131 155.325897
14.587936 87.535576
14.593741 537.586426
14.599546 175.992584
14.605351 175.818130
14.611156 210.382019
14.616961 174.314117
14.622766 173.610550
14.628572 172.655045
14.634377 253.396408
14.640182 196.664566
14.645987 945.429138
14.651792 236.772507
14.657597 234.733871
14.663402 234.709610
14.669207 474.626343
14.675012 478.009491
14.680817 478.961487
14.686622 478.519775
14.692427 476.670532
14.698232 236.638962
14.704037 235.239517
14.709842 233.324295
14.715646 231.367279
14.721451 229.721695
14.727256 228.195251
14.733061 454.631531
14.738866 452.177155
14.744671 449.998016
14.750476 223.811707
14.756281 223.560684
14.762086 448.408783
14.767891 449.388947
14.773696 450.922333
14.779501 452.894623
14.785306 455.097748
14.791111 457.235565
14.796916 459.164764
14.802721 461.122253
14.808526 463.229034
14.814331 465.088379
14.820136 466.546875
14.825941 467.655731
14.831746 468.519440
14.837551 469.217133
14.843356 469.607269
14.849161 469.515564
14.854966 468.789154
14.860771 467.335358
14.866576 465.437683
14.872381 463.536346
14.878186 461.541382
14.883991 459.431854
14.889796 457.252533
14.895601 455.344757
14.901406 453.858124
14.907211 452.898041
14.913016 452.433929
14.918821 452.317505
14.924625 150.549088
14.930430 113.021935
14.936235 113.193001
14.942040 454.518158
14.947845 455.342377
14.953650 456.776794
14.959455 458.483337
14.965261 459.978943
14.971066 461.345795
14.976871 462.686279
14.982676 464.044586
14.988481 465.688873
14.994286 467.677521
15.000091 469.498322
15.005896 470.673309
15.011701 470.938049
15.017506 470.613708
15.023311 469.904907
15.029116 468.550140
15.034921 466.321014
15.040726 463.695770
15.046531 461.266968
15.052336 459.203735
15.058141 456.662689
15.063946 453.488251
15.069751 450.815979
15.075556 449.411346
15.081361 448.920807
15.087166 449.250885
15.092971 450.397736
15.098776 451.887299
15.104581 453.120880
15.110386 453.935059
15.116191 454.823242
15.121996 456.264862
15.127800 458.214539
15.133605 460.185211
15.139410 461.995789
15.145215 463.987518
15.151020 466.511108
15.156825 468.959564
15.162630 470.296143
15.168435 470.827118
15.174240 471.121399
15.180045 471.391968
15.185850 471.255768
15.191655 470.225128
15.197460 468.533569
15.203265 466.725464
15.209070 465.210571
15.214875 463.755554
15.220680 461.882080
15.226485 459.315430
15.232290 456.056030
15.238095 453.217010
15.243900 451.710510
15.249705 451.478180
15.255510 451.856110
15.261315 452.403473
15.267120 453.033997
15.272925 453.844391
15.278730 454.917236
15.284535 456.490875
15.290340 458.663574
15.296145 460.614441
15.301950 462.018707
15.307755 463.215240
15.313560 464.180817
15.319366 465.181091
15.325171 466.754700
15.330976 468.609039
15.336780 469.715240
15.342585 469.918274
15.348390 469.500214
15.354195 468.203735
15.360000 465.925507
15.365805 463.863373
15.371610 462.492126
15.377415 461.310516
15.383220 459.907013
15.389025 458.014130
15.394830 455.698700
15.400635 453.722046
15.406440 452.548981
15.412245 451.827606
15.418050 451.000885
15.423855 449.999908
15.429660 449.080200
15.435465 448.849304
15.441270 450.042450
15.447075 452.808472
15.452880 456.096436
15.458685 459.003204
15.464490 461.267548
15.470295 463.220673
15.476100 464.990967
15.481905 466.773865
15.487710 468.135529
15.493515 468.281036
15.499320 467.071106
15.505125 465.177124
15.510930 462.804138
15.516735 459.594147
15.522540 456.080414
15.528345 453.554901
15.534150 452.951874
15.539954 454.107605
15.545759 456.259491
15.551564 459.198212
15.557369 462.579529
15.563174 465.956757
15.568979 469.195038
15.574784 471.511444
15.580589 466.332092
15.586394 462.578094
15.592199 461.791382
15.598004 461.116516
15.603809 461.229858
15.609614 461.833160
15.615419 460.862823
15.621224 458.109070
15.627029 455.965973
15.632834 149.602432
15.638639 149.741791
15.644444 150.087372
15.650249 452.667206
15.656054 453.010376
15.661860 453.387695
15.667665 455.329468
15.673470 461.840729
15.679275 462.903137
15.685080 232.500290
15.690885 233.153976
15.696690 233.499146
15.702495 233.330185
15.708300 232.682526
15.714105 231.939972
15.719910 231.325333
15.725715 230.791077
15.731520 458.943848
15.737325 458.155548
15.743129 360.461426
15.748934 361.462860
15.754739 182.866577
15.760544 183.434799
15.766349 232.524506
15.772154 233.550461
15.777959 233.388641
15.783764 232.977859
15.789569 232.551834
15.795374 232.242905
15.801179 231.913025
15.806984 227.367645
15.812789 226.722549
15.818594 226.863434
15.824399 150.243912
15.830204 117.451515
15.836009 117.350319
15.841814 173.163864
15.847619 174.199402
15.853424 174.733917
15.859229 227.448532
15.865034 230.763229
15.870839 230.843628
15.876644 230.898941
15.882449 116.234993
15.888254 116.375771
15.894059 233.483459
15.899864 233.814240
15.905669 233.821136
15.911474 233.575897
15.917279 233.016830
15.923084 230.832901
15.928889 229.834320
15.934694 228.225601
15.940499 452.285461
15.946304 451.373657
15.952108 452.142456
15.957913 450.617645
15.963718 446.819580
15.969523 442.301300
15.975328 438.566193
15.981133 435.440704
15.986938 431.808105
15.992743 427.609833
15.998549 424.329651
16.004354 423.055878
16.010159 423.661682
16.015965 425.742279
16.021769 429.007538
16.027575 432.786469
16.033379 436.736450
16.039185 440.799683
16.044989 444.368927
16.050795 447.454865
16.056599 450.734070
16.062403 454.301849
16.068209 457.530518
16.074013 459.989899
16.079819 461.439148
16.085623 461.995392
16.091429 462.094055
16.097233 461.937805
16.103039 461.566223
16.108843 461.219879
16.114649 461.096588
16.120453 461.227448
16.126259 461.667145
16.132063 462.390167
16.137869 463.143890
16.143673 463.865204
16.149479 464.557190
16.155283 465.214783
16.161089 465.829346
16.166893 466.207123
16.172699 466.274414
16.178503 466.756927
16.184309 467.954437
16.190113 468.833252
16.195919 468.880249
16.201723 468.212616
16.207529 466.968506
16.213333 465.439606
16.219139 463.823120
16.224943 462.618286
16.230749 461.919525
16.236553 461.099762
16.242359 459.730255
16.248163 458.597870
16.253969 458.659729
16.259773 459.382751
16.265577 459.666840
16.271383 458.692902
16.277187 456.651886
16.282993 454.535126
16.288797 452.997650
16.294603 451.775055
16.300407 450.088440
16.306213 223.124207
16.312017 222.571243
16.317823 445.788422
16.323627 445.539581
16.329433 445.124207
16.335238 444.882690
16.341043 444.887512
16.346848 445.047882
16.352654 444.995697
16.358458 444.473907
16.364264 443.670624
16.370068 443.118622
16.375874 442.573364
16.381678 441.741608
16.387484 441.235107
16.393288 441.248169
16.399094 441.871979
16.404898 443.017761
16.410704 444.299133
16.416508 445.567047
16.422314 447.931732
16.428118 454.766693
16.433924 455.213196
16.439728 453.932434
16.445534 453.832336
16.451338 455.597229
16.457144 456.826721
16.462948 457.312927
16.468752 457.731995
16.474558 458.126862
16.480362 458.357666
16.486168 458.297455
16.491972 458.035645
16.497778 457.803925
16.503582 457.262085
16.509388 455.808807
16.515192 454.393066
16.520998 453.370239
16.526802 452.004364
16.532608 449.197998
16.538412 446.225433
16.544218 444.904968
16.550022 445.944580
16.555828 449.001465
16.561632 453.683716
16.567438 153.576736
16.573242 115.937584
16.579048 115.849426
16.584852 115.618034
16.590658 460.394653
16.596462 458.697693
16.602268 456.621796
16.608072 454.567261
16.613878 452.114471
16.619682 449.388000
16.625488 446.992096
16.631292 445.236389
16.637098 443.864288
16.642902 442.822784
16.648708 442.104370
16.654512 441.741486
16.660318 441.690826
16.666122 441.699066
16.671926 441.663177
16.677732 441.461456
16.683537 440.937164
16.689342 440.288361
16.695147 440.044525
16.700953 440.495819
16.706757 441.339874
16.712563 442.084747
16.718367 442.420044
16.724173 442.273163
16.729977 441.806671
16.735783 441.178802
16.741587 440.559540
16.747393 439.975769
16.753197 439.400421
16.759003 439.018616
16.764807 438.808472
16.770613 438.702240
16.776417 438.813263
16.782223 439.123047
16.788027 439.178009
16.793833 438.631989
16.799637 437.861420
16.805443 437.452942
16.811247 437.602722
16.817053 438.103394
16.822857 438.545258
16.828663 438.651764
16.834467 438.355804
16.840273 437.863831
16.846077 437.607361
16.851883 437.936188
16.857687 438.967529
16.863493 440.240295
16.869297 441.124969
16.875101 441.625183
16.880907 441.824860
16.886711 441.633301
16.892517 441.105225
16.898321 440.385040
16.904127 439.819366
16.909931 220.198639
16.915737 220.512253
16.921541 88.344681
16.927347 88.497261
16.933151 174.596954
16.938957 174.502136
16.944761 379.050690
16.950567 425.508942
16.956371 424.261200
16.962177 420.506470
16.967981 130.086548
16.973787 130.189072
16.979591 238.656433
16.985397 239.322311
16.991201 239.091385
16.997007 238.204544
17.002811 236.802933
17.008617 468.133698
17.014421 464.481140
17.020227 460.769592
17.026031 456.753571
17.031837 453.931580
17.037642 454.533813
17.043447 458.933075
17.049252 465.774811
17.055058 472.661102
17.060862 478.637054
17.066668 484.841400
17.072472 494.279022
17.078278 506.652130
17.084082 167.684311
17.089886 174.446259
17.095692 174.174057
17.101496 173.661819
17.107302 173.258118
17.113106 220.938934
17.118912 221.107666
17.124716 110.431076
17.130522 110.573769
17.136326 174.733383
17.142132 175.143921
17.147936 175.370911
17.153742 175.422974
17.159546 175.217987
17.165352 174.928574
17.171156 174.498871
17.176962 173.085663
17.182766 171.523575
17.188572 178.137436
17.194376 179.698883
17.200182 158.587112
17.205986 157.294571
17.211792 156.460953
17.217596 156.019333
17.223402 156.098145
17.229206 265.972076
17.235012 264.886047
17.240816 266.117432
17.246622 275.650085
17.252426 162.771698
17.258232 162.012512
17.264036 161.432022
17.269842 161.215118
17.275646 161.307281
17.281452 161.417252
17.287256 161.396439
17.293060 161.334579
17.298866 161.571915
17.304670 962.078857
17.310476 492.109772
17.316280 497.671051
17.322086 501.713806
17.327890 503.920502
17.333696 506.129883
17.339500 337.957062
17.345306 339.755920
17.351110 341.169891
17.356916 341.979401
17.362720 516.627502
17.368526 172.409592
17.374331 172.809311
17.380136 173.043350
17.385941 173.462067
17.391747 174.116104
17.397551 174.405090
17.403357 174.318726
17.409161 174.225800
17.414967 174.158859
17.420771 174.093964
17.426577 174.122971
17.432381 174.290848
17.438187 174.495667
17.443991 174.620361
17.449797 174.668365
17.455601 174.769913
17.461407 174.975143
17.467211 175.088638
17.473017 174.933029
17.478821 174.594681
17.484627 174.369446
17.490431 174.344193
17.496235 1030.665894
17.502041 1026.708252
17.507845 1020.385071
17.513651 174.562561
17.519455 174.591293
17.525261 174.523560
17.531065 174.349091
17.536871 174.285431
17.542675 174.422379
17.548481 174.506668
17.554285 174.333160
17.560091 523.347900
17.565895 173.710007
17.571701 173.465820
17.577505 173.232681
17.583311 173.014832
17.589115 172.808273
17.594921 172.562378
17.600725 172.266464
17.606531 171.919968
17.612335 1020.203308
17.618141 1018.132202
17.623945 1008.948975
17.629751 499.431915
17.635555 492.670776
17.641361 485.355804
17.647165 475.368988
17.652971 464.525177
17.658775 456.630310
17.664581 450.937225
17.670385 446.450653
17.676191 443.317719
17.681995 219.752625
17.687801 219.217712
17.693605 219.279800
17.699409 443.055237
17.705215 447.185883
17.711020 909.370056
17.716825 920.049744
17.722630 931.029724
17.728436 939.269470
17.734240 943.840698
17.740046 950.533691
17.745850 355.176514
17.751656 348.257141
17.757460 346.374481
17.763266 346.714752
17.769070 173.629776
17.774876 173.731094
17.780680 173.716324
17.786486 173.763840
17.792290 173.741608
17.798096 519.013245
17.803900 259.810181
17.809706 259.193268
17.815510 258.850220
17.821316 258.424713
17.827120 1009.354004
17.832926 1020.279968
17.838730 1024.677490
17.844536 1027.046997
17.850340 1028.376831
17.856146 1026.833984
17.861950 1020.220520
17.867756 175.631256
17.873560 175.802658
17.879366 175.697845
17.885170 175.462952
17.890976 175.097015
17.896780 174.807007
17.902586 175.096176
17.908390 175.792191
17.914194 262.173737
17.920000 262.580780
17.925804 262.893036
17.931610 263.129272
17.937414 115.381264
17.943220 114.810814
17.949024 151.570419
17.954830 151.022644
17.960634 150.403336
17.966440 149.670547
17.972244 221.524323
17.978050 219.542084
17.983854 218.459763
17.989660 145.650482
17.995464 145.714523
18.001270 146.086502
18.007074 146.422836
18.012880 219.664322
18.018684 219.686890
18.024490 219.743927
18.030294 220.021027
18.036100 146.355637
18.041904 221.207840
18.047710 88.378876
18.053514 88.389412
18.059320 88.307083
18.065125 445.867798
18.070930 443.189117
18.076735 146.278137
18.082541 146.083878
18.088345 220.069199
18.094151 220.290787
18.099955 146.261551
18.105761 146.373413
18.111565 292.806183
18.117369 292.788788
18.123175 292.726990
18.128979 439.408081
18.134785 439.682678
18.140589 439.944733
18.146395 219.963638
18.152199 220.185471
18.158005 220.376358
18.163809 294.133667
18.169615 293.965668
18.175419 874.457092
18.181225 219.469345
18.187029 219.356857
18.192835 439.034302
18.198639 439.601624
18.204445 440.071747
18.210249 146.378113
18.216055 146.420258
18.221859 146.527527
18.227665 146.587311
18.233469 440.762878
18.239275 146.407806
18.245079 146.528778
18.250885 220.280899
18.256689 220.409012
18.262495 220.564545
18.268299 220.764496
18.274105 220.903442
18.279909 220.996231
18.285715 221.161530
18.291519 221.363434
18.297325 221.426453
18.303129 221.316452
18.308935 221.151184
18.314739 176.410156
18.320543 176.356354
18.326349 176.796097
18.332153 890.502197
18.337959 902.521973
18.343763 455.951202
18.349569 460.560425
18.355373 936.531860
18.361179 950.447021
18.366983 961.981689
18.372789 973.841370
18.378593 988.090454
18.384399 1002.867188
18.390203 347.473480
18.396009 352.944214
18.401814 178.240921
18.407619 178.597473
18.413424 178.174301
18.419230 531.447876
18.425034 526.844910
18.430840 523.980774
18.436644 522.300659
18.442450 520.979858
18.448254 519.804932
18.454060 518.888855
18.459864 518.333374
18.465670 518.377136
18.471474 518.838257
18.477280 258.487305
18.483084 258.364349
18.488890 258.457611
18.494694 258.977966
18.500500 259.924133
18.506304 260.845673
18.512110 261.080658
18.517914 260.518280
18.523718 128.993088
18.529524 128.044830
18.535328 127.278778
18.541134 127.001289
18.546938 881.290161
18.552744 892.274658
18.558548 908.351990
18.564354 466.222809
18.570158 940.692383
18.575964 940.613464
18.581768 937.015198
18.587574 948.119202
18.593378 127.242874
18.599184 175.935623
18.604988 177.303467
18.610794 178.237411
18.616598 178.295898
18.622404 1031.953735
18.628208 117.879395
18.634014 940.201965
18.639818 936.661377
18.645624 935.284729
18.651428 933.098267
18.657234 929.719421
18.663038 460.270111
18.668844 459.342682
18.674648 228.940979
18.680454 228.246002
18.686258 227.466370
18.692064 150.907974
18.697868 150.917831
18.703674 150.962723
18.709478 151.165146
18.715284 151.797897
18.721088 152.886444
18.726892 464.213531
18.732698 465.588531
18.738503 467.040100
18.744308 469.091003
18.750113 471.245239
18.755919 472.950745
18.761723 474.061646
18.767529 474.650604
18.773333 189.870071
18.779139 189.954300
18.784943 189.851471
18.790749 157.058395
18.796553 156.330551
18.802359 155.689468
18.808163 155.083801
18.813969 154.497620
18.819773 461.715576
18.825579 917.321899
18.831383 907.861938
18.837189 896.461975
18.842993 887.393555
18.848799 882.610474
18.854603 883.870056
18.860409 891.895752
18.866213 901.634460
18.872019 229.241470
18.877823 463.520386
18.883629 466.844910
18.889433 469.731293
18.895239 472.229584
18.901043 474.164062
18.906849 942.030945
18.912653 944.384399
18.918459 240.626648
18.924263 482.263824
18.930069 482.775604
18.935873 192.783615
18.941677 192.169479
18.947483 477.443390
18.953287 190.667709
18.959093 189.951218
18.964897 156.225830
18.970703 155.103394
18.976507 153.778244
18.982313 152.657745
18.988117 152.126099
18.993923 152.131866
18.999727 152.549316
19.005533 871.871826
19.011337 858.801025
19.017143 155.900681
19.022947 156.911652
19.028753 158.229111
19.034557 159.202255
19.040363 318.591888
19.046167 195.852097
19.051973 196.741135
19.057777 250.352112
19.063583 994.469788
19.069387 997.438293
19.075193 990.738464
19.080997 921.676331
19.086803 153.370651
19.092607 838.993713
19.098413 822.548584
19.104218 193.189926
19.110023 193.720230
19.115828 192.938583
19.121634 192.561874
19.127438 192.525208
19.133244 192.107498
19.139048 191.584763
19.144852 192.432693
19.150658 194.550156
19.156462 195.207077
19.162268 194.684021
19.168072 386.940735
19.173878 386.812042
19.179682 195.559387
19.185488 195.144165
19.191292 194.327881
19.197098 194.022400
19.202902 194.237961
19.208708 194.516006
19.214512 155.649536
19.220318 155.470291
19.226122 155.259583
19.231928 193.192108
19.237732 192.397629
19.243538 837.996826
19.249342 838.537537
19.255148 194.015137
19.260952 194.473007
19.266758 813.245850
19.272562 152.549210
19.278368 152.467224
19.284172 152.166031
19.289978 152.313309
19.295782 155.152527
19.301588 313.194061
19.307392 321.385040
19.313198 334.161438
19.319002 329.020996
19.324808 328.959412
19.330612 778.213623
19.336418 789.458496
19.342222 783.628052
19.348026 778.167358
19.353832 770.692993
19.359636 747.445312
19.365442 349.410431
19.371246 234.258347
19.377052 350.859131
19.382856 349.164307
19.388662 348.293671
19.394466 152.944595
19.400272 153.033325
19.406076 152.964127
19.411882 152.786530
19.417686 724.916992
19.423492 691.621277
19.429296 681.737549
19.435102 686.196533
19.440907 154.579956
19.446712 127.018761
19.452517 117.981979
19.458323 96.717255
19.464127 117.994942
19.469933 117.856842
19.475737 117.631325
19.481543 348.020477
19.487347 695.247864
19.493153 341.195282
19.498957 340.707947
19.504763 340.909851
19.510567 341.386261
19.516373 342.059601
19.522177 342.675201
19.527983 342.851135
19.533787 343.163086
19.539593 344.463715
19.545397 347.444275
19.551201 352.099640
19.557007 357.427887
19.562811 361.680450
19.568617 364.269165
19.574421 366.653625
19.580227 370.477844
19.586031 376.178589
19.591837 382.561798
19.597641 386.979492
19.603447 389.059631
19.609251 390.982880
19.615057 197.153824
19.620861 196.536697
19.626667 196.860596
19.632471 302.907288
19.638277 302.827942
19.644081 302.028656
19.649887 300.494843
19.655691 299.803436
19.661497 305.610199
19.667301 309.014038
19.673107 309.878571
19.678911 310.051208
19.684717 312.080414
19.690521 320.714203
19.696327 324.244049
19.702131 125.830193
19.707937 372.030640
19.713741 375.977509
19.719547 375.817719
19.725351 374.638214
19.731157 373.203918
19.736961 371.067841
19.742767 367.050262
19.748571 361.379791
19.754377 356.522125
19.760181 352.939514
19.765985 350.413818
19.771791 349.006165
19.777596 348.695496
19.783401 349.644287
19.789206 351.860626
19.795012 354.651276
19.800816 357.050720
19.806622 358.610992
19.812426 180.027527
19.818232 358.615448
19.824036 356.487030
19.829842 352.726471
19.835646 673.350281
19.841452 688.123108
19.847256 77.426529
19.853062 77.343941
19.858866 116.028915
19.864672 115.512344
19.870476 99.379295
19.876282 86.624298
19.882086 86.406876
19.887892 86.590569
19.893696 175.139389
19.899502 344.916504
19.905306 344.345825
19.911112 341.106934
19.916916 323.218475
19.922722 793.418152
19.928526 784.265442
19.934332 346.121185
19.940136 348.072968
19.945942 347.985840
19.951746 347.360260
19.957552 173.164459
19.963356 173.551208
19.969160 573.922913
19.974966 566.143799
19.980770 561.880310
19.986576 559.241699
19.992380 556.937073
19.998186 555.300537
20.003990 553.996826
20.009796 551.932861
20.015600 547.020386
20.021406 356.112000
20.027210 355.318756
20.033016 532.674500
20.038820 532.003357
20.044626 532.490479
20.050430 177.833801
20.056236 357.735931
20.062040 360.995453
20.067846 364.986237
20.073650 369.201202
20.079456 373.372009
20.085260 574.109253
20.091066 579.615173
20.096870 583.092590
20.102676 584.505676
20.108480 584.190125
20.114286 583.420471
20.120090 583.013000
20.125896 582.784058
20.131701 582.455322
20.137506 582.303650
20.143311 582.473022
20.149117 582.598328
20.154921 582.339722
20.160727 581.992249
20.166531 582.398560
20.172335 583.747131
20.178141 585.192932
20.183945 585.598877
20.189751 585.159180
20.195555 584.313721
20.201361 583.413330
20.207165 583.494995
20.212971 584.229858
20.218775 583.761658
20.224581 581.908875
20.230385 580.871765
20.236191 581.277710
20.241995 582.109009
20.247801 582.981384
20.253605 583.453735
20.259411 583.097778
20.265215 582.776855
20.271021 582.992798
20.276825 583.462158
20.282631 584.386047
20.288435 586.019287
20.294241 587.020508
20.300045 586.066589
20.305851 584.673523
20.311655 583.958130
20.317461 583.924988
20.323265 584.186218
20.329071 584.125671
20.334875 583.399963
20.340681 582.418213
20.346485 581.429688
20.352291 579.873291
20.358095 576.660278
20.363901 571.465210
20.369705 565.373047
20.375509 559.693848
20.381315 553.904907
20.387119 547.682068
20.392925 542.447327
20.398729 538.908203
20.404535 535.902771
20.410339 533.095703
20.416145 175.414932
20.421949 174.970917
20.427755 174.669800
20.433559 174.670578
20.439365 174.918884
20.445169 528.415833
20.450975 529.530945
20.456779 530.453125
20.462585 531.073730
20.468390 532.111450
20.474195 533.955627
20.480000 536.514343
20.485806 539.661743
20.491610 544.251160
20.497416 230.562485
20.503220 230.543610
20.509026 230.798721
20.514830 231.593719
20.520636 232.802826
20.526440 233.432877
20.532246 233.399475
20.538050 233.506500
20.543856 233.886429
20.549660 233.758545
20.555466 233.138931
20.561270 232.567154
20.567076 232.030029
20.572880 231.335281
20.578686 576.654602
20.584490 568.870544
20.590294 562.595154
20.596100 557.981506
20.601904 555.152161
20.607710 554.605957
20.613514 175.291687
20.619320 174.980637
20.625124 174.732712
20.630930 174.641647
20.636734 174.761673
20.642540 174.948364
20.648344 175.019592
20.654150 174.999634
20.659954 174.964310
20.665760 195.228073
20.671564 366.106201
20.677370 362.463837
20.683174 175.773529
20.688980 176.066223
20.694784 265.599091
20.700590 549.395386
20.706394 554.772644
20.712200 553.443298
20.718004 548.705994
20.723810 543.422668
20.729614 538.852234
20.735420 534.789795
20.741224 530.604187
20.747030 526.108643
20.752834 522.109436
20.758640 520.042480
20.764444 520.042419
20.770250 521.067322
20.776054 522.256348
20.781860 523.410095
20.787664 524.300659
20.793468 524.777039
20.799274 525.382874
20.805079 527.023865
20.810884 529.922607
20.816689 532.889709
20.822495 533.949463
20.828299 175.807098
20.834105 175.040039
20.839909 175.257812
20.845715 175.406738
20.851519 175.163193
20.857325 174.614334
20.863129 174.273956
20.868935 174.019669
20.874739 173.829102
20.880545 173.739273
20.886349 111.404121
20.892155 111.531036
20.897959 87.396919
20.903765 184.324265
20.909569 278.937134
20.915375 276.809387
20.921179 546.578979
20.926985 544.488220
20.932789 179.603607
20.938595 178.803757
20.944399 536.211914
20.950205 532.378906
20.956009 527.831665
20.961815 258.009216
20.967619 490.389343
20.973425 488.843842
20.979229 483.933228
20.985035 473.980621
20.990839 116.252472
20.996643 115.823074
21.002449 230.733200
21.008253 230.186234
21.014059 229.674561
21.019863 229.119919
21.025669 228.849060
21.031473 229.325424
21.037279 462.437012
21.043083 467.563751
21.048889 474.276825
21.054693 482.476196
21.060499 490.299469
21.066303 497.422607
21.072109 504.882294
21.077913 512.078308
21.083719 87.674034
21.089523 175.649887
21.095329 175.681335
21.101133 175.339142
21.106939 174.853653
21.112743 174.540863
21.118549 235.288712
21.124353 234.442108
21.130159 270.583527
21.135963 269.274445
21.141769 267.108612
21.147573 531.755981
21.153379 530.198547
21.159184 528.440491
21.164989 261.383972
21.170794 259.596924
21.176600 259.379944
21.182404 260.124176
21.188210 519.238647
21.194014 517.262268
21.199818 515.475403
21.205624 515.627502
21.211428 464.302368
21.217234 480.630402
21.223038 487.435852
21.228844 490.834869
21.234648 492.030396
21.240454 488.038300
21.246258 455.386475
21.252064 226.112656
21.257868 453.801666
21.263674 455.338806
21.269478 455.741364
21.275284 453.864929
21.281088 449.378021
21.286894 444.258606
21.292698 440.360443
21.298504 437.835907
21.304308 436.507904
21.310114 436.504456
21.315918 438.027740
21.321724 441.021759
21.327528 445.360779
21.333334 450.785522
21.339138 456.079224
21.344944 460.438965
21.350748 464.267151
21.356554 467.763885
21.362358 471.177399
21.368164 474.646484
21.373968 477.166748
21.379774 477.856171
21.385578 476.744019
21.391384 474.488007
21.397188 471.615082
21.402992 468.216339
21.408798 464.325043
21.414602 460.539917
21.420408 457.158997
21.426212 454.037537
21.432018 451.032501
21.437822 448.638214
21.443628 447.483368
21.449432 447.695496
21.455238 448.793213
21.461042 450.515320
21.466848 452.897736
21.472652 455.576355
21.478458 458.250641
21.484262 460.986694
21.490068 463.824097
21.495872 466.215393
21.501678 468.369659
21.507483 470.670563
21.513288 472.989594
21.519093 474.511902
21.524899 475.408752
21.530703 475.941315
21.536509 476.134338
21.542313 475.683105
21.548119 474.397552
21.553923 472.421204
21.559729 469.887970
21.565533 466.774506
21.571339 463.372009
21.577143 460.291199
21.582949 457.677368
21.588753 454.811249
21.594559 451.364044
21.600363 447.991394
21.606169 445.650330
21.611973 444.759674
21.617777 445.043152
21.623583 446.483704
21.629387 448.841400
21.635193 451.486786
21.640997 454.381775
21.646803 457.667938
21.652607 461.322327
21.658413 464.642120
21.664217 467.260834
21.670023 469.561951
21.675827 471.332123
21.681633 472.037720
21.687437 471.300323
21.693243 469.146149
21.699047 465.762329
21.704853 461.097168
21.710657 455.159607
21.716463 449.995239
21.722267 447.046387
21.728073 446.651123
21.733877 448.989441
21.739683 452.812561
21.745487 456.998138
21.751293 928.068115
21.757097 945.060913
21.762903 480.723358
21.768707 483.965637
21.774513 473.054840
21.780317 467.173004
21.786123 464.332947
21.791927 461.756500
21.797733 458.662415
21.803537 454.711090
21.809343 450.998291
21.815147 451.099762
21.820951 453.782043
21.826757 455.667847
21.832561 454.669189
21.838367 453.780304
21.844172 453.064392
21.849977 452.896637
21.855782 454.329224
21.861588 456.207367
21.867392 458.833282
21.873198 461.342133
21.879002 463.111694
21.884808 464.304443
21.890612 232.262589
21.896418 232.579071
21.902222 232.618073
21.908028 464.243195
21.913832 462.150604
21.919638 231.029510
21.925442 230.109177
21.931248 295.797668
21.937052 148.172150
21.942858 451.726013
21.948662 457.859528
21.954468 461.760986
21.960272 464.176453
21.966078 195.645889
21.971882 464.284058
21.977688 461.643158
21.983492 459.361115
21.989298 230.251541
21.995102 229.796814
22.000908 229.119553
22.006712 228.081253
22.012518 227.009842
22.018322 226.915146
22.024126 197.380966
22.029932 196.270065
22.035736 195.810867
22.041542 195.637268
22.047346 194.929031
22.053152 764.080200
22.058956 97.179123
22.064762 229.325439
22.070566 230.156418
22.076372 231.480362
22.082176 232.659515
22.087982 232.433792
22.093786 462.023224
22.099592 460.089142
22.105396 459.262970
22.111202 173.516968
22.117006 457.032013
22.122812 228.563873
22.128616 227.991531
22.134422 227.071838
22.140226 226.839523
22.146032 227.368439
22.151836 227.800949
22.157642 227.901947
22.163446 228.247604
22.169252 229.042648
22.175056 229.706772
22.180862 229.513290
22.186666 228.801376
22.192472 228.033844
22.198277 227.446564
22.204082 382.844116
22.209887 386.571472
22.215693 394.805176
22.221497 404.925446
22.227301 417.433411
22.233107 430.680817
22.238911 442.339233
22.244717 452.031128
22.250521 461.690704
22.256327 471.591614
22.262131 478.804016
22.267937 482.585754
22.273741 486.131287
22.279547 490.837219
22.285351 495.689362
22.291157 500.253510
22.296961 505.115021
22.302767 509.908356
22.308571 513.262146
22.314377 257.805878
22.320181 258.169250
22.325987 258.608582
22.331791 259.599182
22.337597 260.849609
22.343401 261.700989
22.349207 262.281281
22.355011 526.236755
22.360817 527.681702
22.366621 529.068054
22.372427 530.529236
22.378231 532.670715
22.384037 535.737976
22.389841 539.813843
22.395647 545.545654
22.401451 552.351074
22.407257 558.550720
22.413061 563.724121
22.418867 568.333496
22.424671 572.341980
22.430477 288.094940
22.436281 289.249878
22.442085 290.462708
22.447891 292.005096
22.453695 293.434753
22.459501 294.494324
22.465305 295.280029
22.471111 295.752472
22.476915 295.551514
22.482721 294.479279
22.488525 292.959869
22.494331 291.361237
22.500135 289.522034
22.505941 568.482971
22.511745 563.313477
22.517551 558.452393
22.523355 554.811279
22.529161 553.160339
22.534966 553.820496
22.540771 555.973022
22.546576 558.654480
22.552382 562.608887
22.558186 567.441956
22.563992 289.046448
22.569796 576.504028
22.575602 583.005737
22.581406 591.102661
22.587212 600.010071
22.593016 304.557190
22.598822 306.386871
22.604626 307.568573
22.610432 307.776611
22.616236 306.805481
22.622042 304.742889
22.627846 301.628632
22.633652 298.213776
22.639456 295.456238
22.645260 293.171661
22.651066 290.671539
22.656870 288.104767
22.662676 286.858337
22.668480 286.990814
22.674286 287.766571
22.680090 288.772766
22.685896 290.082397
22.691700 291.798737
22.697506 293.775482
22.703310 591.250061
22.709116 596.469116
22.714920 602.722595
22.720726 303.685608
22.726530 305.053192
22.732336 1256.520142
22.738140 1254.738892
22.743946 1239.623413
22.749750 601.800964
22.755556 596.023560
22.761360 591.297485
22.767166 194.817001
22.772970 193.884155
22.778776 193.354843
22.784580 192.918365
22.790386 192.632156
22.796190 288.865814
22.801996 579.304626
22.807800 581.084900
22.813606 583.477478
22.819410 586.257080
22.825216 588.864136
22.831020 197.370529
22.836826 296.081055
22.842630 295.506653
22.848434 197.053192
22.854240 196.757034
22.860044 196.421646
22.865850 294.221954
22.871655 293.593567
22.877460 293.294739
22.883265 293.358337
22.889071 293.514557
22.894875 293.399994
22.900681 195.287247
22.906485 195.449020
22.912291 294.168915
22.918095 295.386688
22.923901 296.250092
22.929705 296.334167
22.935511 197.264511
22.941315 197.014618
22.947121 196.953323
22.952925 196.682678
22.958731 195.916931
22.964535 195.665070
22.970341 195.896622
22.976145 195.858322
22.981951 195.706528
22.987755 195.658325
22.993561 195.576645
22.999365 194.809845
23.005171 201.020538
23.010975 201.144547
23.016781 200.044006
23.022585 611.532288
23.028391 611.022766
23.034195 295.910919
23.040001 295.810730
23.045805 234.417221
23.051609 295.052460
23.057415 295.181488
23.063219 154.667404
23.069025 302.985077
23.074829 305.713135
23.080635 192.086212
23.086439 192.254379
23.092245 192.912216
23.098049 580.430420
23.103855 595.317871
23.109659 621.370361
23.115465 626.938110
23.121269 625.469421
23.127075 619.522217
23.132879 602.542542
23.138685 576.070129
23.144489 1122.232666
23.150295 1105.835327
23.156099 1089.403931
23.161905 1077.871582
23.167709 1069.735352
23.173515 1063.447998
23.179319 1059.779541
23.185125 1058.548096
23.190929 1060.433472
23.196735 1068.501343
23.202539 1081.876099
23.208345 1096.368164
23.214149 553.803772
23.219955 560.067322
23.225760 565.951965
23.231565 285.694977
23.237370 287.999969
23.243176 290.340393
23.248980 291.638672
23.254784 291.516541
23.260590 582.627625
23.266394 581.053955
23.272200 579.610718
23.278004 578.799133
23.283810 579.130188
23.289614 289.659363
23.295420 289.940857
23.301224 290.332855
23.307030 290.920868
23.312834 291.393372
23.318640 291.556030
23.324444 584.712891
23.330250 584.973999
23.336054 585.390625
23.341860 585.361877
23.347664 584.519653
23.353470 582.769714
23.359274 579.671997
23.365080 575.909790
23.370884 572.934021
23.376690 286.810394
23.382494 285.387360
23.388300 565.638245
23.394104 560.857178
23.399910 554.960938
23.405714 549.096802
23.411520 543.992859
23.417324 539.043762
23.423130 534.275879
23.428934 530.050598
23.434740 526.226440
23.440544 522.758728
23.446350 519.802795
23.452154 517.720642
23.457960 516.881409
23.463764 517.365601
23.469568 519.110291
23.475374 521.956909
23.481178 525.360352
23.486984 528.767700
23.492788 531.576660
23.498594 534.348511
23.504398 146.197372
23.510204 292.314362
23.516008 292.384186
23.521814 290.775177
23.527618 288.698334
23.533424 230.449219
23.539228 230.811020
23.545034 231.184509
23.550838 186.252151
23.556644 185.510147
23.562449 184.997726
23.568254 146.233368
23.574059 365.340546
23.579865 184.342911
23.585669 185.189941
23.591475 185.561874
23.597279 185.575577
23.603085 185.231705
23.608889 184.531128
23.614695 183.521973
23.620499 182.176468
23.626305 539.953125
23.632109 535.804077
23.637915 531.129150
23.643719 525.400574
23.649525 519.261108
23.655329 514.257812
23.661135 512.022339
23.666939 512.720947
23.672743 515.293640
23.678549 518.888733
23.684353 523.238953
23.690159 527.475586
23.695963 178.367493
23.701769 180.202469
23.707573 180.599518
23.713379 179.592209
23.719183 178.409439
23.724989 177.286926
23.730793 226.068863
23.736599 225.581223
23.742403 190.826416
23.748209 184.798645
23.754013 184.328659
23.759819 184.301178
23.765623 184.226028
23.771429 184.749329
23.777233 186.524414
23.783039 474.298492
23.788843 476.238251
23.794649 475.777588
23.800453 473.753021
23.806259 472.458649
23.812063 473.337982
23.817869 237.231552
23.823673 237.303345
23.829479 236.616226
23.835283 235.197205
23.841089 233.748703
23.846893 232.752274
23.852699 232.230270
23.858503 232.222427
23.864309 232.726303
23.870113 468.500061
23.875917 471.271667
23.881723 475.737183
23.887527 482.052612
23.893333 488.996643
23.899137 495.485321
23.904943 501.794189
23.910748 508.797424
23.916553 515.851868
23.922358 521.127808
23.928164 525.334534
23.933968 528.455139
23.939774 529.405334
23.945578 527.966248
23.951384 524.817566
23.957188 520.638306
23.962994 516.985596
23.968798 514.917786
23.974604 514.806030
23.980408 516.672668
23.986214 519.985474
23.992018 523.525146
23.997824 526.682129
24.003628 530.029053
24.009434 533.868042
24.015238 538.556152
24.021044 543.772400
24.026848 548.307007
24.032654 551.176025
24.038458 552.227295
24.044264 551.490051
24.050068 548.722839
24.055874 543.983826
24.061678 537.681763
24.067484 530.232544
24.073288 522.421753
24.079092 515.225891
24.084898 509.767059
24.090702 506.878052
24.096508 506.130219
24.102312 506.430145
24.108118 507.261536
24.113922 508.527344
24.119728 510.055298
24.125532 511.433136
24.131338 512.536316
24.137142 513.786072
24.142948 515.112183
24.148752 515.900940
24.154558 515.890625
24.160362 515.522949
24.166168 514.983704
24.171972 514.144470
24.177778 513.296021
24.183582 512.865967
24.189388 513.049255
24.195192 513.674011
24.200998 514.525085
24.206802 515.666931
24.212608 517.036316
24.218412 518.149231
24.224218 518.710693
24.230022 518.729370
24.235828 518.529724
24.241632 518.651123
24.247438 519.167114
24.253242 519.631775
24.259048 519.723999
24.264853 519.727173
24.270658 520.001587
24.276463 520.609619
24.282269 521.391357
24.288073 521.978821
24.293877 521.648438
24.299683 519.882141
24.305487 516.726135
24.311293 511.897156
24.317097 505.472015
24.322903 498.986542
24.328707 495.091095
24.334513 1003.818726
24.340317 185.085892
24.346123 185.035767
24.351927 185.475464
24.357733 185.801041
24.363537 519.000061
24.369343 519.159973
24.375147 184.443649
24.380953 184.420151
24.386757 184.625198
24.392563 370.110809
24.398367 369.743042
24.404173 370.213104
24.409977 372.548676
24.415783 467.158356
24.421587 468.752716
24.427393 234.776016
24.433197 234.570450
24.439003 233.437668
24.444807 231.638962
24.450613 229.808472
24.456417 228.122589
24.462223 450.596283
24.468027 444.021271
24.473833 439.568695
24.479637 438.431244
24.485443 441.555023
24.491247 184.182816
24.497051 943.074829
24.502857 952.790894
24.508661 477.410248
24.514467 482.377258
24.520271 489.898743
24.526077 227.849014
24.531881 228.769257
24.537687 229.833740
24.543491 230.414017
24.549297 230.572342
24.555101 230.655258
24.560907 183.916473
24.566711 184.496216
24.572517 184.660141
24.578321 184.615845
24.584127 184.570221
24.589931 184.598022
24.595737 184.962402
24.601542 185.488510
24.607347 185.669067
24.613152 185.658401
24.618958 185.965240
24.624762 230.644455
24.630568 230.389969
24.636372 230.326843
24.642178 230.863663
24.647982 515.958618
24.653788 515.720947
24.659592 518.234863
24.665398 520.593994
24.671202 522.031616
24.677008 522.721924
24.682812 523.164124
24.688618 523.886353
24.694422 523.764404
24.700226 521.906189
24.706032 519.804382
24.711836 518.513489
24.717642 517.744202
24.723446 517.284119
24.729252 517.504517
24.735056 518.186096
24.740862 519.172302
24.746666 521.005981
24.752472 523.779114
24.758276 527.285217
24.764082 531.775391
24.769886 536.629028
24.775692 270.805511
24.781496 272.853149
24.787302 274.963928
24.793106 556.357300
24.798912 560.083679
24.804716 563.290955
24.810522 566.683899
24.816326 569.671204
24.822132 572.139648
24.827936 574.389221
24.833742 576.799316
24.839546 579.493958
24.845352 581.877686
24.851156 291.811340
24.856962 291.756073
24.862766 291.499969
24.868572 291.529572
24.874376 292.009430
24.880182 292.586090
24.885986 292.819580
24.891792 292.725372
24.897596 292.531860
24.903400 583.855957
24.909206 583.495728
24.915010 292.797699
24.920816 293.020538
24.926620 292.924866
24.932426 292.666046
24.938231 292.437103
24.944036 292.298340
24.949841 585.274353
24.955647 584.754211
24.961451 583.663818
24.967257 582.021790
24.973061 581.023254
24.978867 581.419006
24.984671 582.569031
24.990477 583.030823
24.996281 291.062195
25.002087 291.054657
25.007891 291.210236
25.013697 291.163605
25.019501 290.364227
25.025307 289.130768
25.031111 576.169128
25.036917 574.368103
25.042721 572.449768
25.048527 569.794250
25.054331 566.250549
25.060137 563.673035
25.065941 562.115479
25.071747 559.068176
25.077551 554.230103
25.083357 550.805786
25.089161 549.566589
25.094967 548.077698
25.100771 545.465698
25.106575 542.954041
25.112381 541.268982
25.118185 539.835571
25.123991 537.874939
25.129795 536.604370
25.135601 536.910217
25.141405 538.300537
25.147211 539.552490
25.153015 540.322937
25.158821 540.746765
25.164625 230.263962
25.170431 230.785294
25.176235 231.435272
25.182041 116.494904
25.187845 116.676483
25.193651 1090.359009
25.199455 230.217957
25.205261 230.317429
25.211065 230.289658
25.216871 230.414536
25.222675 115.557236
25.228481 115.705368
25.234285 115.898926
25.240091 352.724335
25.245895 351.542084
25.251701 352.304321
25.257505 355.750671
25.263311 115.422791
25.269115 115.347153
25.274921 576.750793
25.280725 579.487305
25.286531 578.064514
25.292336 286.435760
25.298141 285.000763
25.303946 282.956573
25.309752 557.243103
25.315556 549.629150
25.321360 541.974304
25.327166 533.716309
25.332970 526.221802
25.338776 520.921021
25.344580 518.792908
25.350386 520.109131
25.356190 523.431641
25.361996 526.672363
25.367800 529.279846
25.373606 531.419861
25.379410 1074.071411
25.385216 233.247864
25.391020 232.157333
25.396826 231.631165
25.402630 231.541534
25.408436 115.791092
25.414240 115.740746
25.420046 293.249298
25.425850 290.391907
25.431656 115.899734
25.437460 115.823318
25.443266 115.617325
25.449070 115.279160
25.454876 115.173431
25.460680 1062.929565
25.466486 1070.473511
25.472290 351.135834
25.478096 353.271149
25.483900 547.228088
25.489706 1098.180542
25.495510 469.757721
25.501316 157.644531
25.507120 158.146240
25.512926 475.881256
25.518730 476.680847
25.524534 476.500244
25.530340 475.783508
25.536144 474.611664
25.541950 473.131287
25.547754 471.637695
25.553560 470.595215
25.559364 470.373474
25.565170 471.329285
25.570974 473.821777
25.576780 478.005493
25.582584 484.102417
25.588390 492.136414
25.594194 500.478516
25.600000 507.136353
25.605804 513.205627
25.611610 521.061035
25.617414 266.604736
25.623220 269.638367
25.629025 181.181564
25.634830 181.603134
25.640635 181.457718
25.646441 180.772949
25.652245 538.296997
25.658051 532.941895
25.663855 526.963135
25.669661 522.302673
25.675465 519.822754
25.681271 519.534668
25.687075 521.021301
25.692881 524.255310
25.698685 528.675171
25.704491 533.567993
25.710295 539.200500
25.716101 545.083191
25.721905 549.538330
25.727709 552.280579
25.733515 553.912903
25.739319 554.443237
25.745125 553.699951
25.750929 551.757385
25.756735 548.891846
25.762539 545.525940
25.768345 542.115845
25.774149 538.555664
25.779955 534.938049
25.785759 531.201355
25.791565 527.614502
25.797369 524.828247
25.803175 523.131042
25.808979 522.388611
25.814785 522.244141
25.820589 522.226685
25.826395 521.982605
25.832199 521.440552
25.838005 520.900879
25.843809 520.687988
25.849615 520.478821
25.855419 519.498718
25.861225 517.828613
25.867029 516.198120
25.872835 515.048279
25.878639 514.679321
25.884445 514.990234
25.890249 515.747437
25.896055 516.822632
25.901859 518.078552
25.907665 519.511841
25.913469 520.992371
25.919275 522.141235
25.925079 174.012558
25.930883 174.006073
25.936689 522.494202
25.942493 521.541504
25.948299 520.441895
25.954103 519.776062
25.959909 519.942993
25.965714 520.560486
25.971519 520.509521
25.977324 519.249939
25.983130 517.515747
25.988934 516.147339
25.994740 517.150024
26.000544 349.672394
26.006350 174.629715
26.012154 116.180550
26.017960 234.727448
26.023764 233.527481
26.029570 239.661804
26.035374 293.668884
26.041180 115.925179
26.046984 115.842567
26.052790 115.811340
26.058594 350.618317
26.064400 349.302338
26.070204 348.425720
26.076010 347.706238
26.081814 346.538483
26.087620 172.930481
26.093424 345.184814
26.099230 346.382812
26.105034 173.365341
26.110840 173.444336
26.116644 173.170868
26.122450 173.142548
26.128254 458.681854
26.134060 463.080231
26.139864 471.670044
26.145668 484.006287
26.151474 479.920166
26.157278 473.702759
26.163084 472.090118
26.168888 470.764526
26.174694 468.342651
26.180498 465.925476
26.186304 464.672699
26.192108 463.613312
26.197914 462.269318
26.203718 461.302307
26.209524 461.422760
26.215328 152.599228
26.221134 152.009506
26.226938 150.357941
26.232744 464.384216
26.238548 464.433350
26.244354 288.076202
26.250158 287.913025
26.255964 116.194847
26.261768 116.116661
26.267574 116.038628
26.273378 115.996429
26.279184 173.386993
26.284988 173.159546
26.290794 234.257828
26.296598 235.336594
26.302404 234.492020
26.308208 232.820602
26.314014 231.933060
26.319818 350.894592
26.325624 352.415558
26.331429 354.117340
26.337234 118.248260
26.343039 118.227150
26.348843 118.059509
26.354649 116.336784
26.360453 115.949905
26.366259 485.007294
26.372063 486.819885
26.377869 486.414062
26.383673 486.575714
26.389479 487.762604
26.395283 488.021545
26.401089 486.565521
26.406893 483.920868
26.412699 480.713715
26.418503 477.934113
26.424309 475.793915
26.430113 118.421692
26.435919 118.236069
26.441723 118.328979
26.447529 478.373962
26.453333 483.969177
26.459139 490.894318
26.464943 496.741028
26.470749 501.740173
26.476553 507.296387
26.482359 512.906189
26.488163 517.111877
26.493969 519.899048
26.499773 521.683777
26.505579 522.364197
26.511383 521.996765
26.517189 521.132446
26.522993 520.294128
26.528799 519.502319
26.534603 518.466858
26.540409 517.333069
26.546213 516.886536
26.552017 517.594421
26.557823 519.051270
26.563627 520.398438
26.569433 260.665039
26.575237 260.766388
26.581043 260.697693
26.586847 260.549866
26.592653 260.411011
26.598457 520.385620
26.604263 519.312866
26.610067 517.771790
26.615873 515.850281
26.621677 513.112732
26.627483 509.326721
26.633287 505.304413
26.639093 500.932709
26.644897 494.760376
26.650703 485.087097
26.656507 474.153381
26.662313 466.213348
26.668118 461.442230
26.673923 229.611618
26.679728 153.007050
26.685534 229.617096
26.691338 230.356934
26.697144 462.713898
26.702948 232.946823
26.708754 234.075394
26.714558 234.649033
26.720364 234.614685
26.726168 234.149506
26.731974 233.411667
26.737778 463.800049
26.743584 458.746399
26.749388 227.773346
26.755192 226.644958
26.760998 508.575226
26.766802 496.417786
26.772608 805.689758
26.778412 795.437744
26.784218 389.247986
26.790022 386.028503
26.795828 191.829788
26.801632 192.020309
26.807438 385.497375
26.813242 386.253876
26.819048 386.795898
26.824852 387.328125
26.830658 388.013855
26.836462 193.766312
26.842268 230.000854
26.848072 130.064148
26.853878 194.438797
26.859682 194.613678
26.865488 194.413086
26.871292 193.906708
26.877098 193.232849
26.882902 192.565369
26.888708 191.995712
26.894512 191.663116
26.900318 191.532791
26.906122 191.547104
26.911928 300.559021
26.917732 302.206299
26.923538 389.363251
26.929342 195.884216
26.935148 196.439499
26.940952 197.330231
26.946758 198.511703
26.952562 199.461624
26.958366 199.919373
26.964172 200.038757
26.969976 200.070816
26.975782 400.757538
26.981586 400.953094
26.987392 400.980957
26.993196 399.882355
26.999002 396.993988
27.004807 393.438354
27.010612 195.145020
27.016417 462.514587
27.022223 458.434845
27.028027 190.138000
27.033833 189.410141
27.039637 188.904663
27.045443 377.847595
27.051247 377.790924
27.057053 189.389725
27.062857 190.015060
27.068663 190.626450
27.074467 191.440750
27.080273 192.891159
27.086077 228.859909
27.091883 195.057205
27.097687 392.412964
27.103493 394.492340
27.109297 397.344177
27.115103 399.822052
27.120907 401.461182
27.126713 402.289642
27.132517 402.643768
27.138323 402.453766
27.144127 401.509827
27.149933 399.954926
27.155737 397.701080
27.161543 394.416382
27.167347 390.588135
27.173151 386.867340
27.178957 383.213074
27.184761 380.403717
27.190567 378.923035
27.196371 378.490387
27.202177 379.074707
27.207981 380.295013
27.213787 381.936127
27.219591 384.548523
27.225397 387.862335
27.231201 194.776581
27.237007 195.521545
27.242811 196.573776
27.248617 396.467194
27.254421 398.402893
27.260227 400.300629
27.266031 186.361877
27.271837 186.514725
27.277641 186.411484
27.283447 186.038361
27.289251 198.549805
27.295057 196.833450
27.300861 194.748749
27.306667 129.332092
27.312471 129.205643
27.318277 129.207825
27.324081 129.392075
27.329887 114.693413
27.335691 198.278687
27.341497 198.559662
27.347301 197.882477
27.353107 307.715088
27.358912 305.234619
27.364717 231.545914
27.370522 229.604202
27.376326 227.891235
27.382132 227.834839
27.387936 227.845978
27.393742 227.769974
27.399546 306.919281
27.405352 303.876770
27.411156 301.176147
27.416962 298.826111
27.422766 297.578583
27.428572 299.427856
27.434376 195.955841
27.440182 196.415222
27.445986 197.232056
27.451792 313.750702
27.457596 314.687714
27.463402 312.997589
27.469206 305.683533
27.475012 303.345215
27.480816 186.223999
27.486622 304.848938
27.492426 303.984100
27.498232 304.008759
27.504036 306.168732
27.509842 306.335022
27.515646 305.088348
27.521452 304.096710
27.527256 303.619751
27.533062 469.985870
27.538866 468.369720
27.544672 226.347153
27.550476 227.950317
27.556282 229.136658
27.562086 229.260956
27.567892 229.124466
27.573696 228.611099
27.579500 227.539413
27.585306 101.435196
27.591110 157.092834
27.596916 157.799011
27.602720 158.766525
27.608526 159.324463
27.614330 190.246201
27.620136 190.618103
27.625940 191.216858
27.631746 193.325409
27.637550 157.198151
27.643356 156.962051
27.649160 311.901550
27.654966 309.104065
27.660770 307.096985
27.666576 198.263382
27.672380 197.879990
27.678186 196.874664
27.683990 154.200562
27.689796 154.036987
27.695601 153.360596
27.701406 152.740479
27.707211 152.447845
27.713017 151.836960
27.718821 298.901764
27.724627 297.507660
27.730431 295.924377
27.736237 227.554642
27.742041 228.874252
27.747847 155.774399
27.753651 156.134705
27.759457 156.610657
27.765261 186.700882
27.771067 187.014343
27.776871 226.313385
27.782675 186.474258
27.788481 184.580490
27.794285 184.618317
27.800091 185.220810
27.805895 187.327057
27.811701 187.725891
27.817505 187.969162
27.823311 188.037781
27.829115 187.596130
27.834921 186.938751
27.840725 186.946823
27.846531 154.157166
27.852335 228.060257
27.858141 228.358276
27.863945 228.776154
27.869751 229.336212
27.875555 190.020432
27.881361 189.822525
27.887165 375.939178
27.892971 374.838440
27.898775 369.465149
27.904581 359.093506
27.910385 723.122986
27.916191 335.976837
27.921995 331.828613
27.927801 329.737518
27.933605 326.979675
27.939411 323.470886
27.945215 321.458313
27.951021 321.328491
27.956825 322.237976
27.962631 323.580811
27.968435 325.551453
27.974241 330.607605
27.980045 154.686234
27.985851 155.142883
27.991655 184.651016
27.997459 116.492599
