0.000000 861.365723
0.005805 394.681549
0.011610 394.539673
0.017415 394.475067
0.023220 394.331055
0.029025 394.004669
0.034830 393.528320
0.040635 393.243347
0.046440 393.314423
0.052245 393.546387
0.058050 393.792145
0.063855 393.989532
0.069660 394.030579
0.075465 393.920837
0.081270 393.729553
0.087075 393.496948
0.092880 196.533096
0.098685 196.620514
0.104490 196.714676
0.110295 393.751831
0.116100 393.707214
0.121905 393.689209
0.127710 393.666412
0.133515 393.538910
0.139320 393.422089
0.145125 393.410370
0.150930 393.197052
0.156735 392.640411
0.162540 392.349121
0.168345 131.002213
0.174150 131.064697
0.179955 131.100510
0.185760 131.092636
0.191565 196.784836
0.197370 196.755432
0.203175 196.649353
0.208980 196.616745
0.214785 131.030838
0.220590 131.007385
0.226395 391.565216
0.232200 392.524231
0.238005 131.161087
0.243810 392.742340
0.249615 393.737030
0.255419 394.614197
0.261224 394.540466
0.267029 393.673737
0.272834 392.899353
0.278639 196.294373
0.284444 196.559647
0.290249 196.751022
0.296054 392.826477
0.301859 393.104950
0.307664 391.906189
0.313469 389.820404
0.319274 389.144501
0.325079 389.739594
0.330884 194.781097
0.336689 195.110901
0.342494 195.192825
0.348299 194.879486
0.354104 525.853271
0.359909 525.296448
0.365714 525.455322
0.371519 525.926697
0.377324 525.924561
0.383129 525.688232
0.388934 525.436890
0.394739 525.143005
0.400544 262.289795
0.406349 262.358124
0.412154 262.514801
0.417959 262.577301
0.423764 131.209366
0.429569 131.150894
0.435374 131.069702
0.441179 131.026016
0.446984 131.056564
0.452789 131.082779
0.458594 131.051422
0.464399 262.078979
0.470204 262.151978
0.476009 525.628174
0.481814 525.938599
0.487619 525.834595
0.493424 525.164429
0.499229 524.625427
0.505034 524.724976
0.510839 525.262939
0.516644 525.531738
0.522449 525.233704
0.528254 525.020081
0.534059 525.046143
0.539864 525.142212
0.545669 525.190857
0.551474 525.045654
0.557279 524.870850
0.563084 524.883057
0.568889 524.837219
0.574694 524.399475
0.580499 523.892639
0.586304 523.879883
0.592109 524.259644
0.597914 524.725159
0.603719 524.936401
0.609524 524.917542
0.615329 524.886536
0.621134 524.789124
0.626939 262.109375
0.632744 262.122192
0.638549 262.212036
0.644354 262.357941
0.650159 262.447693
0.655964 174.567383
0.661769 174.608475
0.667574 87.352333
0.673379 262.187714
0.679184 262.250092
0.684989 262.199829
0.690794 131.070724
0.696599 131.025848
0.702404 524.453674
0.708209 524.269287
0.714014 524.305908
0.719819 262.329010
0.725624 262.335022
0.731429 131.182999
0.737234 131.212128
0.743039 131.239502
0.748844 526.185181
0.754649 526.069763
0.760454 526.843018
0.766258 530.698181
0.772063 540.019592
0.777869 544.965210
0.783673 827.715149
0.789478 329.072510
0.795283 166.971207
0.801088 143.936279
0.806893 144.045486
0.812698 399.414398
0.818503 398.558929
0.824308 398.100616
0.830113 397.499237
0.835918 397.013672
0.841723 396.740326
0.847528 396.558044
0.853333 396.463043
0.859138 396.414215
0.864943 396.134247
0.870748 395.644104
0.876553 131.633972
0.882358 395.514282
0.888163 395.807129
0.893968 395.914062
0.899773 395.853485
0.905578 395.538300
0.911383 394.865448
0.917188 393.971191
0.922993 393.642303
0.928798 394.335632
0.934603 395.132812
0.940408 395.076813
0.946213 393.019104
0.952018 360.391510
0.957823 359.573761
0.963628 359.582123
0.969433 359.996918
0.975238 132.048172
0.981043 400.824493
0.986848 404.024719
0.992653 473.602051
0.998458 880.551758
1.004263 429.384888
1.010068 395.160858
1.015873 394.744934
1.021678 131.520859
1.027483 197.029388
1.033288 197.074219
1.039093 197.035629
1.044898 196.999771
1.050703 197.017487
1.056508 197.005493
1.062313 131.211380
1.068118 131.222580
1.073923 131.226364
1.079728 131.154114
1.085533 393.036835
1.091338 393.339203
1.097143 393.451416
1.102948 393.141235
1.108753 392.941498
1.114558 393.386322
1.120363 394.105255
1.126168 394.175873
1.131973 393.561462
1.137778 393.135193
1.143583 393.067108
1.149388 393.049805
1.155193 393.116730
1.160998 393.597595
1.166803 196.966583
1.172608 197.398453
1.178413 197.735489
1.184218 131.734329
1.190023 131.766602
1.195828 395.126129
1.201633 394.521820
1.207438 131.601334
1.213243 131.713120
1.219048 197.804382
1.224853 132.000641
1.230658 197.843613
1.236463 197.766266
1.242268 395.113861
1.248073 394.334473
1.253878 394.079285
1.259683 394.168579
1.265488 394.515198
1.271293 394.902771
1.277097 394.877991
1.282902 394.433441
1.288707 394.111725
1.294513 394.196106
1.300317 394.298431
1.306122 394.004639
1.311927 393.626251
1.317732 196.645950
1.323537 196.719437
1.329342 196.879349
1.335147 131.527252
1.340952 395.843048
1.346757 395.972717
1.352562 395.593292
1.358367 395.063019
1.364172 394.892151
1.369977 197.789215
1.375782 197.880188
1.381587 198.042053
1.387392 132.034683
1.393197 395.741089
1.399002 198.459625
1.404807 198.510406
1.410612 198.465790
1.416417 198.338272
1.422222 397.624542
1.428027 397.059357
1.433832 396.824890
1.439637 396.682098
1.445442 396.515564
1.451247 396.343506
1.457052 396.206604
1.462857 396.106842
1.468662 395.994476
1.474467 395.934204
1.480272 395.968018
1.486077 395.846680
1.491882 395.681488
1.497687 395.998596
1.503492 396.527313
1.509297 396.440369
1.515102 395.973328
1.520907 395.852844
1.526712 396.077820
1.532517 396.276520
1.538322 396.237823
1.544127 396.119568
1.549932 396.187988
1.555737 198.025162
1.561542 198.361221
1.567347 198.708923
1.573152 198.701324
1.578957 98.988075
1.584762 395.970551
1.590567 396.321014
1.596372 396.661926
1.602177 396.854034
1.607982 396.730438
1.613787 396.359039
1.619592 396.329376
1.625397 396.875061
1.631202 397.421692
1.637007 397.426544
1.642812 396.949310
1.648617 396.563354
1.654422 396.582153
1.660227 396.879272
1.666032 198.612274
1.671837 198.684189
1.677642 198.705063
1.683447 198.689880
1.689252 198.510880
1.695057 396.054077
1.700862 395.660187
1.706667 395.319946
1.712472 394.916168
1.718277 393.882538
1.724082 386.605774
1.729887 373.651825
1.735692 372.217407
1.741497 371.440826
1.747302 124.028191
1.753107 371.300598
1.758912 371.331573
1.764717 371.520294
1.770522 371.684174
1.776327 371.405212
1.782132 117.703239
1.787936 117.274445
1.793741 117.096069
1.799546 116.977409
1.805351 349.888885
1.811157 349.991791
1.816961 350.393066
1.822766 350.950836
1.828571 351.834869
1.834376 353.315308
1.840181 388.652374
1.845986 537.095215
1.851791 538.614502
1.857596 179.157059
1.863401 178.924438
1.869206 195.794174
1.875011 126.058662
1.880816 1027.477905
1.886621 353.168030
1.892426 88.074974
1.898231 353.137482
1.904036 352.971954
1.909841 352.991241
1.915646 353.184601
1.921451 353.288361
1.927256 353.139160
1.933061 352.951416
1.938866 352.803131
1.944671 352.602814
1.950476 352.403046
1.956281 352.325745
1.962086 352.248688
1.967891 351.940216
1.973696 351.670868
1.979501 351.574799
1.985306 351.391785
1.991111 351.156555
1.996916 351.073608
2.002721 351.141113
2.008526 351.187317
2.014331 351.262085
2.020136 351.433533
2.025941 351.800568
2.031746 352.183319
2.037551 175.135666
2.043356 175.204926
2.049161 175.344162
2.054966 175.482513
2.060771 352.210754
2.066576 353.355255
2.072381 354.212708
2.078186 354.727539
2.083991 355.120300
2.089796 355.493225
2.095601 355.833984
2.101406 356.026733
2.107211 356.090424
2.113016 356.166809
2.118821 356.275970
2.124626 356.365082
2.130431 356.481262
2.136236 356.715424
2.142041 356.996826
2.147846 357.000702
2.153651 356.557526
2.159456 355.972961
2.165261 355.563660
2.171066 355.089142
2.176871 354.128357
2.182676 353.102844
2.188481 352.585022
2.194286 324.118744
2.200091 325.530914
2.205896 877.938782
2.211701 882.904419
2.217506 876.704956
2.223311 352.919556
2.229116 353.024506
2.234921 352.041504
2.240726 350.529602
2.246531 175.524963
2.252336 175.372665
2.258141 175.455200
2.263946 175.585388
2.269751 175.615173
2.275556 175.582458
2.281361 350.681793
2.287166 350.802704
2.292970 350.894226
2.298775 351.008606
2.304580 351.045288
2.310385 350.833435
2.316190 350.750031
2.321995 351.091980
2.327801 351.299072
2.333606 350.645081
2.339411 349.191345
2.345215 530.326233
2.351020 268.751740
2.356825 269.154144
2.362630 359.192230
2.368435 356.369293
2.374240 354.712128
2.380045 353.626465
2.385850 352.691711
2.391655 352.043518
2.397460 351.859680
2.403265 351.863892
2.409070 351.853027
2.414875 351.807770
2.420680 351.727264
2.426485 351.591156
2.432290 175.591476
2.438095 175.551682
2.443900 351.340942
2.449705 351.199097
2.455510 351.306335
2.461315 351.503021
2.467120 351.573975
2.472925 351.464935
2.478730 351.154816
2.484535 350.777679
2.490340 350.545441
2.496145 350.615509
2.501950 350.792328
2.507755 350.921173
2.513560 350.987457
2.519365 350.946442
2.525170 350.900696
2.530975 350.927429
2.536780 350.904175
2.542585 350.801971
2.548390 350.810944
2.554195 350.918091
2.560000 350.953735
2.565805 350.921875
2.571610 351.012299
2.577415 351.184113
2.583220 351.260956
2.589025 351.192444
2.594830 351.077667
2.600635 350.884735
2.606440 350.578461
2.612245 350.427155
2.618050 350.452759
2.623855 350.315216
2.629660 175.291550
2.635465 175.250916
2.641270 175.309738
2.647075 350.999023
2.652880 350.913147
2.658685 350.913910
2.664490 350.951080
2.670295 350.787811
2.676100 350.634491
2.681905 350.636993
2.687710 350.704987
2.693515 350.718018
2.699320 350.612762
2.705125 350.527557
2.710930 350.588989
2.716735 350.691345
2.722540 350.684601
2.728345 350.605560
2.734150 350.600616
2.739955 175.232803
2.745760 175.245071
2.751565 175.260864
2.757370 175.254562
2.763175 175.213104
2.768980 175.117401
2.774785 116.336349
2.780590 70.417892
2.786395 178.830566
2.792200 540.796692
2.798005 542.124451
2.803810 543.707886
2.809614 174.776474
2.815419 174.626709
2.821224 356.470245
2.827029 356.155182
2.832834 354.883850
2.838639 353.347595
2.844445 352.639618
2.850250 176.290329
2.856054 352.755829
2.861859 352.838806
2.867664 352.847565
2.873469 352.776062
2.879274 352.639252
2.885079 352.548645
2.890884 352.588989
2.896689 352.720978
2.902494 352.910919
2.908299 353.403046
2.914104 354.575897
2.919909 394.417999
2.925714 197.629730
2.931519 197.580383
2.937324 197.506302
2.943129 131.485260
2.948934 98.594063
2.954739 98.612686
2.960544 98.628899
2.966349 98.628265
2.972154 394.335724
2.977959 393.949615
2.983764 393.398743
2.989569 392.824615
2.995374 392.954254
3.001179 393.574066
3.006984 393.753204
3.012789 393.435944
3.018594 393.395233
3.024399 393.681763
3.030204 98.603500
3.036009 78.916656
3.041814 394.332550
3.047619 394.554077
3.053424 394.286743
3.059229 393.945435
3.065034 131.264038
3.070839 131.378387
3.076644 131.543777
3.082449 131.512924
3.088254 131.396942
3.094059 1110.998169
3.099864 98.668785
3.105669 98.706200
3.111474 98.726181
3.117279 65.785995
3.123084 131.629349
3.128889 131.462082
3.134694 131.320831
3.140499 131.253372
3.146304 393.914825
3.152109 393.931854
3.157914 394.479126
3.163719 394.719971
3.169524 394.558746
3.175329 394.262604
3.181134 394.249725
3.186939 394.607452
3.192744 131.412003
3.198549 131.356079
3.204354 197.244293
3.210159 197.153534
3.215964 196.916885
3.221769 196.652222
3.227574 390.451721
3.233379 387.803680
3.239184 0.000000
3.244989 321.075470
3.250794 803.768982
3.256599 539.379944
3.262404 542.808289
3.268209 177.688019
3.274014 177.312531
3.279819 355.902344
3.285624 356.384979
3.291429 355.486237
3.297234 353.652313
3.303039 352.817078
3.308844 352.557007
3.314649 352.391479
3.320453 352.329590
3.326258 352.343353
3.332063 352.317444
3.337868 352.262207
3.343673 352.214081
3.349478 352.092621
3.355283 351.905212
3.361089 351.777557
3.366894 175.952332
3.372698 175.946045
3.378503 351.814972
3.384308 350.778046
3.390113 348.849701
3.395918 347.246063
3.401723 347.009857
3.407528 349.007996
3.413333 350.348328
3.419138 350.439911
3.424943 1039.552856
3.430748 175.027161
3.436553 175.331421
3.442358 117.398468
3.448163 351.875244
3.453968 351.690308
3.459773 351.726410
3.465578 351.977173
3.471383 351.858215
3.477188 351.367828
3.482993 350.976440
3.488798 350.938019
3.494603 351.112457
3.500408 117.025360
3.506213 116.993095
3.512018 351.369263
3.517823 351.407471
3.523628 351.350037
3.529433 351.199097
3.535238 350.950470
3.541043 350.669922
3.546848 350.589355
3.552653 350.881622
3.558458 351.232605
3.564263 351.275513
3.570068 351.133362
3.575873 351.097137
3.581678 351.090363
3.587483 350.931519
3.593288 350.771637
3.599093 350.832520
3.604898 351.056061
3.610703 351.248993
3.616508 351.323181
3.622313 351.197266
3.628118 351.001495
3.633923 350.980713
3.639728 351.080627
3.645533 351.193939
3.651338 351.319000
3.657143 351.418182
3.662948 351.466339
3.668753 351.628693
3.674558 352.133209
3.680363 352.711182
3.686168 353.123199
3.691973 353.778320
3.697778 355.429871
3.703583 356.820099
3.709388 178.998764
3.715193 179.024338
3.720998 179.163940
3.726803 236.327423
3.732608 0.000000
3.738413 198.013641
3.744218 336.878967
3.750023 335.803558
3.755828 334.608551
3.761633 333.261719
3.767438 238.141754
3.773243 872.772644
3.779048 232.492401
3.784853 232.264221
3.790658 232.205154
3.796463 232.168411
3.802268 314.388519
3.808073 314.414490
3.813878 314.526276
3.819683 314.728180
3.825488 314.927246
3.831293 315.178864
3.837097 315.495087
3.842902 105.146103
3.848707 105.158730
3.854512 105.168518
3.860317 315.982483
3.866122 105.207558
3.871927 315.689636
3.877733 315.517181
3.883538 315.313538
3.889342 315.240662
3.895147 315.288208
3.900952 315.145966
3.906757 314.785034
3.912562 314.617859
3.918367 157.568680
3.924172 157.555206
3.929977 157.485809
3.935782 157.392532
3.941587 157.347183
3.947392 157.342880
3.953197 157.305176
3.959002 157.240616
3.964807 157.167542
3.970612 314.540161
3.976417 314.257263
3.982222 314.078064
3.988027 314.039307
3.993832 314.126831
3.999637 314.253357
4.005442 314.317719
4.011247 314.445404
4.017052 314.598999
4.022857 314.587921
4.028662 104.569855
4.034467 104.653099
4.040272 137.721466
4.046077 137.650467
4.051882 556.262390
4.057687 556.363708
4.063492 0.000000
4.069297 321.758240
4.075102 319.161255
4.080907 162.999786
4.086712 157.668320
4.092517 157.543411
4.098322 314.846161
4.104127 314.833313
4.109932 314.653656
4.115737 314.357208
4.121542 314.150818
4.127347 313.994537
4.133152 313.851959
4.138957 313.807251
4.144762 313.892273
4.150567 313.991425
4.156372 314.006714
4.162177 313.949677
4.167982 156.974335
4.173787 156.960617
4.179592 156.933044
4.185397 156.892853
4.191202 156.846237
4.197007 156.806992
4.202812 156.786591
4.208617 313.403534
4.214422 313.359894
4.220227 313.361725
4.226032 313.351593
4.231837 313.338165
4.237642 313.342804
4.243447 313.367767
4.249252 313.449921
4.255057 313.561798
4.260862 313.576141
4.266667 313.453857
4.272471 313.391754
4.278276 313.446259
4.284081 313.502960
4.289886 313.502502
4.295691 313.483917
4.301497 313.447235
4.307302 313.367706
4.313107 313.256805
4.318912 313.162445
4.324717 313.224304
4.330522 313.505432
4.336327 313.674683
4.342132 313.586395
4.347937 313.444366
4.353742 313.297028
4.359547 313.229492
4.365352 313.229340
4.371157 313.207214
4.376961 313.253082
4.382766 313.403961
4.388571 313.466553
4.394376 313.401031
4.400181 313.446960
4.405986 313.686829
4.411791 313.916290
4.417596 313.958282
4.423401 313.958405
4.429206 314.109314
4.435011 314.344788
4.440816 314.616364
4.446621 315.020599
4.452426 315.662323
4.458231 158.135864
4.464036 158.499542
4.469841 317.916412
4.475646 318.381378
4.481451 318.843201
4.487256 319.335632
4.493061 319.771301
4.498866 320.137787
4.504671 320.507263
4.510476 320.795441
4.516281 320.734070
4.522086 106.938011
4.527891 106.919121
4.533696 106.870529
4.539501 106.773514
4.545306 106.730873
4.551111 321.009827
4.556916 320.441223
4.562721 319.263519
4.568526 318.024658
4.574331 317.034424
4.580136 316.142181
4.585941 315.362762
4.591746 314.876221
4.597551 315.069214
4.603356 317.036560
4.609161 318.972412
4.614966 346.152527
4.620771 346.706329
4.626576 348.134583
4.632381 0.000000
4.638186 139.761078
4.643991 427.533386
4.649796 852.139954
4.655601 841.892761
4.661406 1036.426270
4.667211 156.713928
4.673016 156.688858
4.678821 156.699478
4.684626 156.806335
4.690431 314.393799
4.696236 315.226471
4.702041 315.595978
4.707846 315.603790
4.713651 315.430450
4.719456 315.192688
4.725261 315.194763
4.731066 315.604889
4.736871 315.967346
4.742676 316.101501
4.748481 316.194122
4.754286 316.306030
4.760091 316.331177
4.765896 316.263214
4.771701 316.106537
4.777506 315.702423
4.783311 315.070374
4.789115 157.302490
4.794920 157.145874
4.800725 157.045395
4.806530 156.983902
4.812335 314.181702
4.818141 314.131500
4.823946 314.105438
4.829751 156.981918
4.835556 156.994141
4.841361 157.041504
4.847166 157.036865
4.852971 313.942902
4.858776 313.950195
4.864581 156.962067
4.870386 313.883942
4.876191 313.724060
4.881996 313.636475
4.887800 156.792480
4.893605 156.808197
4.899410 156.857819
4.905215 156.862396
4.911020 156.781326
4.916825 156.716766
4.922630 156.706497
4.928435 313.565918
4.934240 313.433563
4.940045 313.359833
4.945850 313.454590
4.951655 313.513153
4.957460 313.453491
4.963265 313.371735
4.969070 313.390198
4.974875 313.445587
4.980680 313.443268
4.986485 313.447052
4.992290 313.520721
4.998095 313.597992
5.003900 156.624985
5.009705 156.629898
5.015510 156.615784
5.021315 313.279053
5.027120 313.039642
5.032925 312.870728
5.038730 312.905090
5.044535 312.973602
5.050340 312.868591
5.056145 156.322083
5.061950 156.309967
5.067755 313.281067
5.073560 313.240295
5.079365 313.152008
5.085170 313.205872
5.090975 313.167664
5.096780 313.004578
5.102585 313.013885
5.108390 313.073242
5.114195 312.952698
5.120000 312.816711
5.125805 312.791138
5.131610 156.512527
5.137415 156.428848
5.143220 156.392288
5.149025 312.797607
5.154830 312.855927
5.160635 312.884583
5.166440 312.904327
5.172245 312.944183
5.178050 312.973022
5.183855 312.965118
5.189660 312.931152
5.195465 312.897522
5.201270 312.919861
5.207075 312.967621
5.212880 313.011536
5.218685 313.069916
5.224490 313.132355
5.230295 313.112915
5.236100 313.155334
5.241905 313.349579
5.247710 313.489655
5.253515 313.437927
5.259320 313.317993
5.265125 313.329315
5.270930 313.427979
5.276735 313.420288
5.282540 313.265411
5.288345 313.043335
5.294150 312.859375
5.299954 312.833405
5.305759 312.975769
5.311564 313.143677
5.317369 313.207001
5.323174 313.144714
5.328979 313.007629
5.334785 312.871521
5.340590 312.762238
5.346395 312.728638
5.352200 312.922852
5.358005 313.476898
5.363810 314.765198
5.369615 231.758255
5.375420 353.273041
5.381225 353.872925
5.387030 352.180725
5.392835 350.008942
5.398640 666.778076
5.404444 0.000000
5.410249 0.000000
5.416054 535.265198
5.421859 542.136475
5.427664 91.364532
5.433469 91.344902
5.439274 91.366005
5.445079 177.034103
5.450884 0.000000
5.456689 0.000000
5.462494 0.000000
5.468299 312.256653
5.474104 313.128021
5.479909 155.937714
5.485714 155.791504
5.491519 155.753983
5.497324 155.824463
5.503129 155.891693
5.508934 155.907379
5.514739 155.883530
5.520544 103.843758
5.526349 103.871201
5.532154 103.928345
5.537959 103.948837
5.543764 103.910248
5.549569 103.838959
5.555374 103.759346
5.561179 311.907043
5.566984 311.175781
5.572789 328.416992
5.578594 328.590393
5.584399 328.725708
5.590204 328.736267
5.596009 328.815033
5.601814 164.609741
5.607619 164.522263
5.613424 328.887238
5.619229 329.109100
5.625034 328.940704
5.630839 328.669800
5.636644 0.000000
5.642449 0.000000
5.648254 349.700562
5.654059 349.129425
5.659864 349.253815
5.665669 350.315186
5.671474 0.000000
5.677279 162.390594
5.683084 162.737228
5.688889 0.000000
5.694694 88.796371
5.700499 105.393806
5.706304 105.258385
5.712109 105.221222
5.717914 105.315826
5.723719 157.675888
5.729524 104.993332
5.735329 104.940582
5.741134 104.959557
5.746939 105.022293
5.752744 1001.399353
5.758549 1003.300537
5.764354 998.570496
5.770159 104.405258
5.775964 104.524406
5.781769 104.537926
5.787574 960.107056
5.793379 976.851135
5.799184 991.425720
5.804989 1003.367310
5.810794 1011.306885
5.816598 336.801910
5.822403 240.905411
5.828208 241.714340
5.834013 352.263428
5.839818 352.858368
5.845623 664.445190
5.851429 664.973938
5.857234 140.644073
5.863039 140.586288
5.868844 1001.422852
5.874649 997.638245
5.880454 989.279114
5.886259 154.842499
5.892064 248.561157
5.897869 156.626587
5.903674 156.647278
5.909479 156.556305
5.915284 117.722816
5.921088 984.254333
5.926893 265.451599
5.932698 265.314453
5.938503 265.574341
5.944308 266.721741
5.950113 127.219681
5.955918 126.985176
5.961723 261.827942
5.967528 261.336121
5.973333 417.289368
5.979138 261.930573
5.984943 262.422150
5.990748 576.051819
5.996553 954.480591
6.002358 957.220276
6.008163 261.611969
6.013968 261.788574
6.019773 261.917786
6.025578 261.909515
6.031383 261.796814
6.037188 261.874603
6.042993 262.181580
6.048798 262.414764
6.054603 262.542664
6.060408 262.658203
6.066213 262.493530
6.072018 261.972137
6.077823 261.845032
6.083628 262.397308
6.089433 262.576782
6.095238 262.182556
6.101043 130.929703
6.106848 168.346085
6.112653 168.363708
6.118458 168.632721
6.124263 619.048035
6.130068 237.149445
6.135873 348.621429
6.141678 336.027588
6.147483 331.809052
6.153288 587.648926
6.159093 104.501854
6.164898 104.421471
6.170703 149.939362
6.176508 150.135361
6.182313 156.530914
6.188118 156.694519
6.193923 681.853088
6.199728 313.942749
6.205533 314.217590
6.211338 314.501007
6.217143 314.533081
6.222948 157.571518
6.228753 158.112167
6.234558 1008.233826
6.240363 1005.001831
6.246168 1028.441528
6.251973 149.820068
6.257778 149.549973
6.263583 1052.239014
6.269388 150.468781
6.275193 152.601364
6.280998 175.825180
6.286803 175.519989
6.292608 1062.368286
6.298413 1062.474854
6.304218 1060.231812
6.310023 353.580109
6.315828 353.114655
6.321633 1091.452148
6.327438 1095.119873
6.333242 1100.526489
6.339047 1111.300659
6.344852 1121.923584
6.350657 352.458435
6.356462 175.821899
6.362267 175.936508
6.368073 175.994736
6.373878 175.952896
6.379683 175.897598
6.385488 175.998962
6.391293 1036.061035
6.397098 353.995056
6.402903 371.030823
6.408708 371.186584
6.414513 373.085846
6.420318 342.549896
6.426123 343.308105
6.431927 205.466934
6.437732 0.000000
6.443537 962.328796
6.449342 958.115234
6.455147 980.138916
6.460952 1004.178711
6.466757 311.331940
6.472562 311.625641
6.478367 311.647583
6.484172 328.599030
6.489977 312.457489
6.495782 312.658844
6.501587 312.167755
6.507392 311.521759
6.513197 311.159912
6.519002 1023.932800
6.524807 1020.796448
6.530612 1021.482239
6.536417 1027.492065
6.542222 1034.299683
6.548027 1035.016968
6.553832 1031.101196
6.559637 1027.837402
6.565442 1026.020996
6.571247 1024.062988
6.577052 1021.436157
6.582857 1018.594666
6.588662 1019.445190
6.594467 1024.382568
6.600272 1026.890259
6.606077 1025.329834
6.611882 1019.266235
6.617687 1011.655457
6.623492 1010.042725
6.629297 158.607315
6.635102 158.623703
6.640907 324.177185
6.646712 324.373718
6.652517 203.171448
6.658322 203.437820
6.664127 203.659790
6.669932 203.857269
6.675737 204.100266
6.681542 204.303543
6.687347 693.616089
6.693152 810.498352
6.698957 810.697754
6.704762 811.910095
6.710567 815.753052
6.716372 202.402039
6.722177 202.465118
6.727982 312.903839
6.733787 311.942017
6.739592 311.000519
6.745397 310.335724
6.751202 309.997742
6.757007 309.986938
6.762812 310.226288
6.768617 310.657684
6.774422 310.779053
6.780227 310.436554
6.786032 310.337341
6.791837 310.831726
6.797642 311.557892
6.803447 212.258881
6.809252 154.635925
6.815057 154.553162
6.820862 158.000488
6.826667 157.789337
6.832472 104.815086
6.838277 157.752045
6.844081 157.942001
6.849886 158.072769
6.855691 656.622681
6.861496 659.010254
6.867301 323.904266
6.873106 324.875549
6.878911 325.786987
6.884717 325.899658
6.890522 163.207550
6.896327 163.282196
6.902132 326.316498
6.907937 327.131805
6.913742 163.030029
6.919547 162.954926
6.925352 226.988388
6.931157 315.222229
6.936962 315.844147
6.942767 314.518127
6.948571 313.415802
6.954376 312.653015
6.960181 311.464966
6.965986 310.711304
6.971791 310.904419
6.977596 628.419800
6.983401 312.071014
6.989206 311.845337
6.995011 311.450623
7.000816 311.218048
7.006621 311.262573
7.012426 311.649353
7.018231 311.607117
7.024036 310.534302
7.029841 309.772278
7.035646 618.175659
7.041451 140.234039
7.047256 350.299377
7.053061 349.228210
7.058866 319.547760
7.064671 317.832581
7.070476 209.697952
7.076281 141.748108
7.082086 1044.376953
7.087891 1046.489502
7.093696 1055.628418
7.099501 630.700317
7.105306 628.809021
7.111111 627.178284
7.116916 207.589645
7.122721 207.357590
7.128526 631.003357
7.134331 628.823303
7.140136 625.111023
7.145941 313.448273
7.151746 312.274628
7.157551 310.287140
7.163356 310.017914
7.169161 310.832245
7.174966 311.602509
7.180771 312.278839
7.186576 312.757233
7.192381 156.501633
7.198186 156.751770
7.203991 157.236603
7.209796 157.562210
7.215601 316.477142
7.221406 316.664429
7.227211 316.254395
7.233016 316.236816
7.238821 319.342346
7.244626 321.088806
7.250431 321.614502
7.256236 321.667816
7.262041 321.222565
7.267846 320.109161
7.273651 319.033112
7.279456 318.173492
7.285261 317.645233
7.291066 317.093079
7.296871 157.626129
7.302676 157.313568
7.308481 156.975815
7.314286 156.797638
7.320091 156.714462
7.325896 156.621582
7.331701 156.544983
7.337506 156.492599
7.343311 156.472656
7.349116 156.560181
7.354921 156.713882
7.360725 156.809189
7.366530 156.823410
7.372335 156.832092
7.378140 156.958221
7.383945 314.131775
7.389750 314.325470
7.395555 314.353363
7.401361 314.102020
7.407166 313.634644
7.412971 313.235199
7.418776 312.879517
7.424581 312.419922
7.430386 311.855988
7.436191 311.647644
7.441996 311.771881
7.447801 155.994461
7.453606 155.964218
7.459411 155.949234
7.465215 155.939163
7.471020 155.917343
7.476825 155.946365
7.482630 156.040588
7.488435 311.559448
7.494240 311.471252
7.500045 972.972717
7.505850 984.418213
7.511655 995.567383
7.517460 155.715057
7.523265 155.591064
7.529070 155.618607
7.534875 155.732391
7.540680 155.793854
7.546485 311.218353
7.552290 310.973785
7.558095 155.482727
7.563900 155.376068
7.569705 155.549423
7.575510 155.721909
7.581315 155.772354
7.587120 155.727661
7.592925 155.698151
7.598730 312.005951
7.604535 77.689697
7.610340 77.596146
7.616145 77.586609
7.621950 77.667084
7.627755 312.379028
7.633560 156.047043
7.639365 155.931839
7.645170 155.796860
7.650975 105.716690
7.656780 426.083038
7.662585 426.590912
7.668390 426.391754
7.674195 313.834137
7.680000 106.338158
7.685805 106.293282
7.691610 103.345383
7.697415 103.220497
7.703220 105.894066
7.709025 105.889236
7.714830 103.491417
7.720635 103.605736
7.726440 103.664223
7.732245 155.587723
7.738050 106.117760
7.743855 106.024292
7.749660 106.092934
7.755465 106.076767
7.761270 105.941650
7.767075 103.627762
7.772880 103.574814
7.778685 428.415009
7.784490 428.284454
7.790295 105.792427
7.796100 139.972778
7.801905 104.241982
7.807710 104.244972
7.813515 104.231560
7.819320 104.188606
7.825125 104.196495
7.830930 77.717339
7.836735 77.744301
7.842540 209.973846
7.848345 209.588486
7.854150 422.041626
7.859955 140.382278
7.865760 140.046906
7.871564 103.929108
7.877369 103.998512
7.883174 219.162872
7.888979 218.765579
7.894784 424.097473
7.900589 424.146271
7.906394 103.415733
7.912199 415.800629
7.918005 105.419304
7.923810 139.755630
7.929615 139.709106
7.935420 316.266937
7.941225 438.345886
7.947030 77.800438
7.952835 139.517944
7.958640 139.477585
7.964445 314.188171
7.970250 314.094147
7.976054 77.738983
7.981859 77.787537
7.987664 77.783394
7.993469 103.543213
7.999274 103.486221
8.005079 155.993317
8.010884 156.364609
8.016689 103.341148
8.022494 103.240768
8.028299 103.244331
8.034104 103.342010
8.039909 175.677765
8.045714 156.571121
8.051519 156.453796
8.057324 156.292526
8.063129 156.012634
8.068934 155.680084
8.074739 155.365784
8.080544 155.299927
8.086349 155.376160
8.092155 155.352890
8.097960 155.254623
8.103765 294.582489
8.109570 295.424988
8.115375 295.972229
8.121180 295.935730
8.126985 78.186211
8.132789 80.288124
8.138594 80.204865
8.144399 80.122940
8.150204 80.066246
8.156009 100.060135
8.161814 100.183228
8.167619 103.345291
8.173424 382.108032
8.179229 383.524994
8.185034 387.350433
8.190839 389.239502
8.196644 390.771973
8.202449 392.776550
8.208254 351.765381
8.214059 351.361450
8.219864 350.800873
8.225669 175.371094
8.231474 196.541016
8.237279 196.769760
8.243084 380.203033
8.248889 242.683701
8.254694 228.408569
8.260499 229.422592
8.266304 230.642776
8.272109 231.258148
8.277914 231.505661
8.283719 110.494308
8.289524 110.459724
8.295329 307.626129
8.301134 307.476654
8.306939 236.216995
8.312744 829.397034
8.318549 811.326050
8.324354 373.750916
8.330159 176.837692
8.335963 176.465790
8.341768 176.129059
8.347573 175.753601
8.353378 175.629333
8.359183 350.209076
8.364988 350.383667
8.370793 349.190094
8.376598 348.314819
8.382403 347.972504
8.388208 347.408691
8.394013 184.950806
8.399818 184.300995
8.405623 183.966919
8.411428 369.798462
8.417233 374.826233
8.423038 768.017151
8.428843 773.905090
8.434649 387.561066
8.440454 388.780945
8.446259 389.083466
8.452064 389.184814
8.457869 389.181488
8.463674 389.332123
8.469479 389.955383
8.475284 390.560974
8.481089 390.649902
8.486894 390.419495
8.492699 390.207214
8.498504 390.129669
8.504309 390.122528
8.510114 390.194763
8.515919 390.218933
8.521724 390.262543
8.527529 390.482971
8.533334 390.817596
8.539139 390.968903
8.544943 390.770477
8.550748 390.540009
8.556553 390.509705
8.562358 390.612427
8.568163 390.752319
8.573968 391.076019
8.579773 195.708572
8.585578 195.705215
8.591383 392.796265
8.597188 392.506104
8.602993 392.450928
8.608798 393.677612
8.614603 395.147064
8.620408 396.068787
8.626213 396.617432
8.632018 397.113617
8.637823 188.015976
8.643628 373.887665
8.649433 374.177612
8.655238 375.926971
8.661043 353.065765
8.666848 352.850555
8.672653 352.659454
8.678458 352.593384
8.684263 352.530151
8.690068 802.642639
8.695873 379.116699
8.701678 378.488922
8.707483 379.213165
8.713288 404.728699
8.719093 0.000000
8.724898 0.000000
8.730703 0.000000
8.736508 0.000000
8.742313 1049.217407
8.748117 0.000000
8.753922 99.846054
8.759727 97.336754
8.765532 99.414276
8.771338 99.300980
8.777143 99.184853
8.782948 99.108597
8.788753 98.967873
8.794558 98.825211
8.800363 98.784966
8.806168 196.471085
8.811973 98.042267
8.817778 78.226570
8.823583 202.797241
8.829388 78.208679
8.835193 78.193466
8.840998 97.597305
8.846803 97.664955
8.852608 195.242737
8.858413 557.639099
8.864218 555.995544
8.870023 216.565109
8.875828 205.376144
8.881633 0.000000
8.887438 200.997681
8.893243 98.541260
8.899048 83.337799
8.904853 315.300629
8.910658 315.023865
8.916463 314.634827
8.922268 314.059570
8.928073 313.730225
8.933878 313.957336
8.939683 0.000000
8.945488 352.494720
8.951293 352.286896
8.957097 352.549805
8.962902 352.768585
8.968707 352.810822
8.974512 352.464203
8.980317 351.843994
8.986122 351.461975
8.991927 351.305695
8.997732 351.237732
9.003537 351.079773
9.009342 350.920563
9.015147 351.122803
9.020952 351.616608
9.026757 351.957214
9.032562 351.927002
9.038367 351.811615
9.044172 351.628204
9.049977 350.875366
9.055782 138.638412
9.061587 174.357910
9.067392 174.031830
9.073197 173.758972
9.079002 173.747101
9.084807 348.167084
9.090612 348.289215
9.096417 693.877747
9.102222 122.685478
9.108027 122.536804
9.113832 122.407257
9.119637 183.474243
9.125443 745.695190
9.131248 390.533203
9.137053 390.157623
9.142858 389.837921
9.148663 389.325897
9.154468 389.024292
9.160272 388.943481
9.166077 388.934479
9.171882 195.157486
9.177687 871.475342
9.183492 874.095459
9.189297 874.965942
9.195102 130.490173
9.200907 130.497482
9.206712 130.480377
9.212517 130.521194
9.218322 130.621094
9.224127 130.693649
9.229932 130.708527
9.235737 130.710770
9.241542 130.738464
9.247347 130.791107
9.253152 130.842209
9.258957 130.854965
9.264762 130.888535
9.270567 196.156830
9.276372 196.217834
9.282177 196.142365
9.287982 196.045242
9.293787 130.778610
9.299592 130.847076
9.305397 130.862991
9.311202 130.866241
9.317007 130.920670
9.322812 130.987045
9.328617 131.031113
9.334422 131.084076
9.340227 131.132843
9.346032 131.101593
9.351837 130.994537
9.357642 130.940353
9.363446 130.927505
9.369251 130.915024
9.375056 130.968765
9.380861 131.146317
9.386666 131.316971
9.392471 131.368210
9.398276 131.350204
9.404081 131.454391
9.409886 131.918930
9.415691 132.829269
9.421496 133.016113
9.427301 403.678070
9.433106 405.941132
9.438911 409.810364
9.444716 413.683868
9.450521 415.595459
9.456326 208.303864
9.462132 208.634140
9.467937 208.791077
9.473742 208.523788
9.479547 342.964905
9.485352 345.383026
9.491157 347.603271
9.496962 218.456360
9.502767 218.094406
9.508572 217.124817
9.514377 140.789017
9.520182 863.983887
9.525987 853.715698
9.531792 843.305237
9.537597 265.932251
9.543402 262.309509
9.549207 261.932190
9.555012 261.543091
9.560817 131.658127
9.566622 131.476089
9.572426 131.366364
9.578231 131.776657
9.584036 132.009644
9.589841 131.879227
9.595646 131.551392
9.601451 131.352493
9.607256 262.620514
9.613061 262.158691
9.618866 131.562180
9.624671 132.081757
9.630476 400.901581
9.636281 402.867767
9.642086 403.773163
9.647891 405.192200
9.653696 406.601807
9.659501 406.625305
9.665306 406.304535
9.671111 405.800110
9.676916 404.086548
9.682721 402.671906
9.688526 402.555237
9.694331 403.184357
9.700136 403.261963
9.705941 401.455841
9.711746 398.856262
9.717551 134.135132
9.723356 133.916290
9.729161 133.757172
9.734966 395.921478
9.740771 393.312561
9.746576 196.748260
9.752381 196.716324
9.758186 196.710312
9.763991 196.651291
9.769796 196.705276
9.775600 197.094818
9.781405 393.305145
9.787210 394.270569
9.793015 395.943298
9.798820 397.873871
9.804626 399.522644
9.810431 400.253601
9.816236 399.908966
9.822041 399.315247
9.827846 196.096878
9.833651 401.352509
9.839456 403.773407
9.845261 404.602264
9.851066 136.122803
9.856871 136.142990
9.862676 401.367737
9.868481 400.451172
9.874286 399.588623
9.880091 199.060577
9.885896 197.757385
9.891701 196.691177
9.897506 196.350418
9.903311 196.508774
9.909116 392.970642
9.914921 197.043747
9.920726 197.081131
9.926531 130.670914
9.932336 130.654037
9.938141 130.453003
9.943946 145.549622
9.949751 124.297295
9.955556 99.436729
9.961361 82.225418
9.967166 398.799011
9.972971 401.830872
9.978776 202.557495
9.984580 202.561249
9.990385 201.857971
9.996190 98.157768
10.001995 97.929466
10.007800 200.147888
10.013605 199.458328
10.019410 198.830185
10.025215 198.492966
10.031020 396.598297
10.036825 396.904419
10.042630 65.815430
10.048435 65.831459
10.054240 1081.342163
10.060045 1089.747070
10.065850 1098.959106
10.071655 1095.950562
10.077460 1095.934814
10.083265 1107.043091
10.089070 1137.641113
10.094875 196.362076
10.100680 196.573227
10.106485 196.782379
10.112290 196.870087
10.118095 131.391037
10.123900 131.601898
10.129705 131.628098
10.135510 131.528839
10.141315 131.547287
10.147120 941.103577
10.152925 1076.484375
10.158731 1071.587891
10.164536 1079.565430
10.170341 131.658569
10.176146 131.662476
10.181951 131.642517
10.187755 131.606934
10.193560 197.284622
10.199365 197.331650
10.205170 394.891724
10.210975 131.658829
10.216780 131.620941
10.222585 131.628738
10.228390 131.603424
10.234195 394.625214
10.240000 393.473572
10.245805 131.084961
10.251610 131.122803
10.257415 1086.009033
10.263220 1076.190552
10.269025 96.006386
10.274830 80.243477
10.280635 131.579239
10.286440 131.731339
10.292245 131.764908
10.298050 131.575668
10.303855 391.942627
10.309660 393.480011
10.315465 394.071136
10.321270 393.657501
10.327075 393.277710
10.332880 393.335297
10.338685 393.200287
10.344490 80.079033
10.350295 100.543900
10.356100 131.163742
10.361905 131.359497
10.367710 131.478943
10.373515 131.465942
10.379320 131.379761
10.385125 131.259567
10.390930 131.096100
10.396734 130.959259
10.402539 211.262726
10.408344 65.676674
10.414149 96.795433
10.419954 65.690163
10.425759 131.417267
10.431564 131.355789
10.437369 131.481430
10.443174 98.436089
10.448979 98.186317
10.454784 98.206551
10.460589 131.205032
10.466394 131.207230
10.472199 196.364746
10.478004 131.302780
10.483809 130.267014
10.489614 130.806702
10.495420 130.956253
10.501225 130.990784
10.507030 130.914108
10.512835 130.405197
10.518640 128.799835
10.524445 100.220680
10.530250 418.652649
10.536055 0.000000
10.541860 195.468323
10.547665 144.850037
10.553470 97.634354
10.559275 97.656654
10.565080 394.798737
10.570885 395.678436
10.576690 396.598114
10.582495 397.231079
10.588300 397.704773
10.594105 197.424698
10.599909 197.444275
10.605714 197.605042
10.611519 397.308777
10.617324 397.778809
10.623129 298.586029
10.628934 1132.268066
10.634739 196.758911
10.640544 198.019226
10.646349 198.402435
10.652154 198.935745
10.657959 199.416199
10.663764 199.188507
10.669569 396.938110
10.675374 398.449951
10.681179 399.289276
10.686984 399.042236
10.692789 0.000000
10.698594 233.189407
10.704399 343.983093
10.710204 341.578339
10.716009 325.933777
10.721814 324.740479
10.727619 131.285324
10.733424 131.310211
10.739229 861.617981
10.745034 856.458923
10.750839 221.177078
10.756644 220.487991
10.762449 219.899857
10.768254 670.704407
10.774059 671.482300
10.779864 131.644440
10.785669 131.247360
10.791474 131.136597
10.797279 359.012878
10.803084 1054.930664
10.808888 1058.761719
10.814693 93.516663
10.820498 529.404175
10.826303 529.235657
10.832108 530.484619
10.837914 330.471344
10.843719 133.242691
10.849524 1071.681152
10.855329 130.817825
10.861134 130.816513
10.866939 130.843491
10.872744 131.053024
10.878549 131.845764
10.884354 132.193054
10.890159 131.976730
10.895964 131.661743
10.901769 131.557190
10.907574 131.549881
10.913379 131.577042
10.919184 131.645004
10.924989 131.654617
10.930794 131.573593
10.936599 131.504257
10.942404 527.807983
10.948209 526.795227
10.954014 525.797119
10.959819 524.777954
10.965624 524.861633
10.971429 527.256897
10.977234 534.273254
10.983039 546.570984
10.988844 551.052856
10.994649 547.928406
11.000454 544.494263
11.006259 541.964417
11.012063 540.368835
11.017868 539.947632
11.023673 540.479126
11.029478 132.271652
11.035283 132.417221
11.041088 542.184998
11.046893 540.849426
11.052698 539.233459
11.058503 476.776825
11.064308 476.280914
11.070113 132.560242
11.075918 132.402222
11.081723 132.211227
11.087528 534.643311
11.093333 534.373047
11.099138 535.302490
11.104943 534.797729
11.110748 532.985535
11.116553 263.214600
11.122358 263.278168
11.128163 263.729095
11.133968 176.366470
11.139773 176.345566
11.145578 132.088654
11.151383 532.144043
11.157188 531.695068
11.162993 531.482605
11.168798 105.568802
11.174603 105.563538
11.180408 105.660782
11.186213 88.082878
11.192019 88.089348
11.197824 88.128113
11.203629 533.595398
11.209434 533.411011
11.215239 531.272156
11.221043 530.226379
11.226848 532.280640
11.232653 535.834595
11.238458 537.460876
11.244263 1113.055542
11.250068 1090.794678
11.255873 538.231506
11.261678 535.606689
11.267483 534.186890
11.273288 534.785889
11.279093 535.649170
11.284898 534.829834
11.290703 534.103821
11.296508 553.929871
11.302313 554.763123
11.308118 210.143753
11.313923 210.096008
11.319728 860.773193
11.325533 77.239174
11.331338 77.188339
11.337143 473.314819
11.342948 471.444855
11.348753 471.354248
11.354558 472.547272
11.360363 473.874603
11.366168 473.990814
11.371973 473.287415
11.377778 473.006439
11.383583 472.931976
11.389388 117.473206
11.395193 117.397087
11.400998 470.305878
11.406803 470.004608
11.412608 469.880859
11.418413 469.921539
11.424217 469.971893
11.430022 469.934296
11.435827 470.026550
11.441632 470.192139
11.447437 469.970947
11.453242 469.348999
11.459047 468.788361
11.464852 234.107162
11.470657 233.932053
11.476462 233.776642
11.482267 468.039551
11.488072 116.687012
11.493877 116.693916
11.499682 116.735794
11.505487 233.731888
11.511292 469.692932
11.517097 471.212402
11.522902 473.451202
11.528708 475.309509
11.534513 476.406616
11.540318 477.351929
11.546123 478.920135
11.551928 480.989838
11.557733 482.412048
11.563538 482.992065
11.569343 482.863403
11.575148 482.386719
11.580953 482.218842
11.586758 482.518921
11.592563 483.114319
11.598368 483.626862
11.604173 483.572998
11.609978 482.887970
11.615783 240.871094
11.621588 971.240112
11.627392 970.296143
11.633197 474.642670
11.639002 472.197113
11.644807 470.466095
11.650612 468.983246
11.656417 468.222321
11.662222 468.222748
11.668027 468.307617
11.673832 116.788193
11.679637 116.783920
11.685442 116.745438
11.691247 116.649498
11.697052 116.513359
11.702857 116.395607
11.708662 116.419350
11.714467 116.591530
11.720272 233.538696
11.726077 233.835800
11.731882 234.171921
11.737687 234.585648
11.743492 470.905121
11.749297 473.439911
11.755102 475.989258
11.760907 477.596588
11.766712 478.570740
11.772517 479.541504
11.778322 480.305969
11.784127 480.661652
11.789932 969.848267
11.795737 971.760803
11.801542 240.117905
11.807347 240.592865
11.813152 483.656342
11.818957 483.193420
11.824762 482.828552
11.830567 482.003662
11.836371 480.937775
11.842176 479.762146
11.847981 477.368774
11.853786 945.206787
11.859591 235.012955
11.865396 234.839142
11.871202 234.635529
11.877007 234.408691
11.882812 234.322983
11.888617 234.270813
11.894422 234.153229
11.900227 234.130890
11.906032 234.364944
11.911837 325.589722
11.917642 326.220917
11.923447 328.938049
11.929252 227.342819
11.935057 592.013550
11.940862 588.429382
11.946667 234.397003
11.952472 468.131531
11.958277 467.693268
11.964082 469.101410
11.969887 473.337280
11.975692 475.080231
11.981497 475.242035
11.987302 474.706360
11.993107 474.479065
11.998912 475.561920
12.004717 476.988556
12.010522 478.140045
12.016327 159.592087
12.022132 371.646271
12.027937 372.973175
12.033742 951.673767
12.039546 947.268982
12.045351 474.606262
12.051156 474.371368
12.056961 419.248322
12.062766 418.895935
12.068571 118.474365
12.074376 118.519829
12.080181 951.561768
12.085986 475.239105
12.091791 476.198639
12.097596 962.146118
12.103401 966.540161
12.109206 973.573181
12.115011 543.693542
12.120816 211.750656
12.126621 158.882248
12.132426 159.072128
12.138231 159.313400
12.144036 119.485802
12.149841 119.543060
12.155646 119.491287
12.161451 159.279449
12.167256 159.190918
12.173061 159.066559
12.178866 238.948242
12.184671 238.641266
12.190476 238.398438
12.196281 238.171982
12.202086 238.100830
12.207891 238.260742
12.213696 238.522034
12.219501 238.479065
12.225307 474.330017
12.231112 474.708923
12.236917 158.720581
12.242722 158.886703
12.248526 158.907333
12.254331 159.024918
12.260136 119.284004
12.265941 119.424568
12.271746 119.412453
12.277551 479.257599
12.283356 119.085228
12.289161 118.878410
12.294966 118.646477
12.300771 118.447273
12.306576 158.035660
12.312381 157.853455
12.318186 157.653656
12.323991 157.629166
12.329796 157.656296
12.335601 157.624008
12.341406 157.578476
12.347211 236.192368
12.353016 236.361984
12.358821 474.701843
12.364626 117.996536
12.370431 117.874016
12.376236 121.385544
12.382041 121.140808
12.387846 117.542786
12.393651 117.380157
12.399456 467.191284
12.405261 116.904984
12.411066 116.983162
12.416871 117.055496
12.422676 93.296288
12.428481 93.226112
12.434286 93.135750
12.440091 93.090187
12.445896 233.804611
12.451700 233.779114
12.457505 233.623047
12.463310 233.381302
12.469115 116.491737
12.474920 470.931030
12.480725 232.568787
12.486530 232.880768
12.492335 233.383484
12.498140 93.037094
12.503945 233.975815
12.509750 233.725006
12.515555 233.509247
12.521360 233.530792
12.527165 144.773453
12.532970 233.263855
12.538775 232.916550
12.544580 232.746826
12.550385 464.454834
12.556190 116.240761
12.561996 116.344460
12.567801 468.275208
12.573606 467.902588
12.579411 119.010162
12.585216 119.047813
12.591021 116.759865
12.596826 116.515892
12.602631 116.629890
12.608436 116.825600
12.614241 246.110367
12.620046 92.981598
12.625851 154.894989
12.631656 116.416412
12.637461 116.506149
12.643266 116.549232
12.649071 232.838425
12.654876 154.900375
12.660680 154.938034
12.666485 155.091248
12.672290 233.457520
12.678095 233.496719
12.683900 233.224457
12.689705 232.885910
12.695510 232.635300
12.701315 97.961594
12.707120 116.361877
12.712925 466.711121
12.718730 467.482697
12.724535 467.943970
12.730340 944.865295
12.736145 949.282898
12.741950 116.078644
12.747755 412.803314
12.753560 412.816620
12.759365 412.482056
12.765170 232.819641
12.770975 232.912689
12.776780 411.113037
12.782585 466.879333
12.788390 466.222443
12.794195 232.266525
12.800000 232.479172
12.805805 232.550598
12.811610 232.335068
12.817415 366.590973
12.823220 364.322235
12.829025 1026.390747
12.834830 544.775208
12.840635 126.413513
12.846440 96.884293
12.852245 536.043091
12.858050 532.343201
12.863854 466.452667
12.869659 466.704926
12.875464 465.605164
12.881269 465.183319
12.887074 466.491272
12.892879 468.444611
12.898685 469.515045
12.904490 469.448883
12.910295 233.053452
12.916100 232.685318
12.921905 183.363419
12.927710 183.380615
12.933515 116.437408
12.939320 116.418503
12.945125 465.505829
12.950930 465.637939
12.956735 467.326294
12.962540 912.501953
12.968345 909.421265
12.974150 260.972443
12.979955 173.974899
12.985760 173.833633
12.991565 879.199707
12.997370 871.612488
13.003175 864.601196
13.008980 174.015396
13.014785 524.145691
13.020590 524.972900
13.026395 525.244568
13.032200 524.886414
13.038005 524.915161
13.043810 116.208542
13.049615 175.140594
13.055420 175.007156
13.061225 174.756027
13.067030 174.466156
13.072834 347.127289
13.078639 347.145294
13.084444 526.219482
13.090249 525.098022
13.096054 525.129272
13.101859 526.723267
13.107664 528.533569
13.113469 528.667603
13.119274 527.338806
13.125079 527.292847
13.130884 346.347778
13.136689 350.241486
13.142494 351.493073
13.148299 352.212280
13.154104 352.598419
13.159909 351.971283
13.165714 153.134018
13.171519 987.090454
13.177324 973.251282
13.183129 954.569946
13.188934 961.795471
13.194739 972.943970
13.200544 362.009918
13.206349 363.366821
13.212154 364.380432
13.217959 364.055725
13.223764 89.102348
13.229569 360.104462
13.235374 355.375122
13.241179 174.002228
13.246984 174.064529
13.252789 234.477859
13.258595 174.472382
13.264400 174.760773
13.270205 174.966293
13.276009 175.138855
13.281814 353.504181
13.287619 352.836243
13.293424 352.994476
13.299229 695.368469
13.305034 352.842407
13.310839 352.265350
13.316644 351.774292
13.322449 351.429688
13.328254 351.087646
13.334059 350.598114
13.339864 116.570724
13.345669 116.720024
13.351474 116.777908
13.357279 116.674698
13.363084 349.534943
13.368889 349.307281
13.374694 349.250580
13.380499 349.110229
13.386304 349.077209
13.392109 349.470276
13.397914 114.088043
13.403719 114.109520
13.409524 173.833298
13.415329 231.559402
13.421134 232.107681
13.426939 351.274780
13.432744 354.871826
13.438549 670.744690
13.444354 672.414368
13.450159 682.851807
13.455964 698.788269
13.461769 155.577393
13.467574 155.774384
13.473379 118.691093
13.479183 546.419067
13.484988 628.687622
13.490793 626.637207
13.496598 156.226395
13.502403 156.181854
13.508208 156.082809
13.514013 89.137138
13.519818 89.125725
13.525623 155.837784
13.531428 155.791351
13.537233 311.463409
13.543038 207.808868
13.548843 218.278580
13.554648 349.191193
13.560453 349.632812
13.566258 349.813141
13.572063 349.908661
13.577868 350.219574
13.583673 350.504425
13.589478 175.790848
13.595284 140.222229
13.601089 140.147827
13.606894 140.094742
13.612699 699.031799
13.618504 83.302086
13.624309 699.663940
13.630114 350.539062
13.635919 350.376038
13.641724 349.960388
13.647529 349.580719
13.653334 349.424347
13.659139 349.542664
13.664944 349.756439
13.670749 349.838318
13.676554 349.879974
13.682359 349.948730
13.688163 701.157532
13.693968 175.069565
13.699773 703.773438
13.705578 706.625122
13.711383 890.339172
13.717188 217.405136
13.722993 911.215271
13.728798 175.247070
13.734603 174.510681
13.740408 172.141327
13.746213 171.773865
13.752018 0.000000
13.757823 0.000000
13.763628 104.511528
13.769433 104.292633
13.775238 104.130241
13.781043 208.316574
13.786848 622.798401
13.792653 208.233582
13.798458 208.223038
13.804263 208.210556
13.810068 627.600159
13.815873 312.525513
13.821678 155.618622
13.827483 156.189590
13.833288 156.601105
13.839093 156.570831
13.844898 156.577286
13.850703 104.126945
13.856508 104.144394
13.862313 104.171516
13.868118 104.149254
13.873923 208.122894
13.879728 208.201233
13.885533 208.174149
13.891337 208.138565
13.897142 208.187347
13.902947 208.239944
13.908752 208.233917
13.914557 104.132629
13.920362 104.136810
13.926167 104.122368
13.931973 104.108223
13.937778 208.383652
13.943583 208.207184
13.949388 208.110565
13.955193 623.713379
13.960998 623.540894
13.966803 623.152588
13.972608 155.946808
13.978413 207.824249
13.984218 207.857178
13.990023 624.897888
13.995828 624.855713
14.001633 622.982300
14.007438 619.589111
14.013243 207.666962
14.019048 207.636871
14.024853 103.995911
14.030658 313.140106
14.036463 312.803223
14.042268 156.611099
14.048073 987.713318
14.053878 992.367126
14.059683 481.361084
14.065488 485.504456
14.071293 486.764679
14.077098 242.494858
14.082903 242.187469
14.088708 487.191772
14.094513 486.542572
14.100317 484.773132
14.106122 483.257446
14.111927 482.560455
14.117732 482.831787
14.123537 484.147827
14.129342 485.823547
14.135147 487.405273
14.140952 489.035614
14.146757 491.223175
14.152562 493.661011
14.158367 494.397369
14.164172 249.200211
14.169977 250.933350
14.175782 207.996872
14.181587 1064.966919
14.187392 208.045044
14.193197 208.179321
14.199002 208.370010
14.204807 208.638641
14.210612 208.880798
14.216417 208.819794
14.222222 208.459641
14.228027 208.086487
14.233832 208.017090
14.239637 208.056671
14.245442 207.966171
14.251247 208.020081
14.257052 208.159256
14.262857 208.056305
14.268662 207.786880
14.274467 207.699249
14.280272 207.817230
14.286077 207.946243
14.291883 208.231857
14.297688 208.646423
14.303492 208.806732
14.309297 208.541641
14.315102 207.830627
14.320907 1051.728760
14.326712 500.681396
14.332517 499.060730
14.338322 496.856659
14.344127 494.651611
14.349932 493.336029
14.355737 0.000000
14.361542 237.930054
14.367347 337.912964
14.373152 336.120483
14.378957 134.700775
14.384762 1043.126465
14.390567 470.513153
14.396372 470.732605
14.402177 471.343811
14.407982 472.390076
14.413787 473.892212
14.419592 475.589935
14.425397 157.371552
14.431202 157.119690
14.437007 479.525513
14.442812 502.194763
14.448617 501.761841
14.454422 246.817139
14.460227 492.633453
14.466032 494.562347
14.471837 498.676483
14.477642 501.918518
14.483447 503.540588
14.489252 504.220825
14.495057 503.322601
14.500862 499.894043
14.506667 493.674286
14.512471 486.510925
14.518276 481.777313
14.524081 478.659576
14.529886 475.733704
14.535691 470.890198
14.541496 345.432129
14.547301 230.533127
14.553106 230.321487
14.558911 114.245094
14.564716 229.911621
14.570521 230.824844
14.576326 233.728760
14.582131 470.801270
14.587936 473.775970
14.593741 478.687439
14.599546 484.938721
14.605351 494.051453
14.611156 500.741089
14.616961 504.066376
14.622766 510.724365
14.628572 516.058105
14.634377 517.156616
14.640182 517.307922
14.645987 513.830322
14.651792 505.863373
14.657597 252.093948
14.663402 250.492020
14.669207 248.729950
14.675012 247.929062
14.680817 495.011383
14.686622 492.091522
14.692427 489.520172
14.698232 487.422668
14.704037 485.926727
14.709842 485.151398
14.715646 484.682159
14.721451 711.008423
14.727256 161.230621
14.733061 244.813202
14.738866 246.337524
14.744671 247.025223
14.750476 246.829041
14.756281 246.290863
14.762086 245.644485
14.767891 776.934448
14.773696 131.848999
14.779501 436.515564
14.785306 441.331726
14.791111 448.191040
14.796916 450.639069
14.802721 449.472473
14.808526 446.222076
14.814331 441.982391
14.820136 437.343262
14.825941 433.506256
14.831746 431.149109
14.837551 429.268463
14.843356 427.298401
14.849161 424.684052
14.854966 333.863678
14.860771 332.345276
14.866576 331.849976
14.872381 330.474030
14.878186 828.087158
14.883991 829.405029
14.889796 830.517151
14.895601 827.634888
14.901406 408.000519
14.907211 405.679932
14.913016 403.028564
14.918821 399.383087
14.924625 394.250732
14.930430 872.780945
14.936235 863.194153
14.942040 1088.017456
14.947845 1086.260254
14.953650 344.165253
14.959455 342.325989
14.965261 3744.819580
14.971066 3739.323242
14.976871 3737.052734
14.982676 3735.186035
14.988481 98.337036
14.994286 852.432190
15.000091 858.942993
15.005896 389.888397
15.011701 1041.655396
15.017506 402.304443
15.023311 406.612518
15.029116 668.860779
15.034921 671.876221
15.040726 1121.436401
15.046531 1106.941650
15.052336 1062.240967
15.058141 1045.677856
15.063946 1039.273926
15.069751 1027.128784
15.075556 1016.229919
15.081361 1003.646606
15.087166 490.124695
15.092971 493.072662
15.098776 494.198547
15.104581 496.641663
15.110386 167.935547
15.116191 168.445557
15.121996 168.574188
15.127800 168.960266
15.133605 169.988022
15.139410 170.679550
15.145215 252.455368
15.151020 251.884430
15.156825 514.456482
15.162630 508.195740
15.168435 503.502197
15.174240 503.737213
15.180045 520.100586
15.185850 130.679703
15.191655 173.550018
15.197460 173.016464
15.203265 0.000000
15.209070 353.589569
15.214875 357.506256
15.220680 180.402084
15.226485 180.280487
15.232290 179.821106
15.238095 1092.538818
15.243900 1106.225464
15.249705 459.084869
15.255510 462.752380
15.261315 948.731506
15.267120 163.892822
15.272925 237.530746
15.278730 237.724823
15.284535 237.739441
15.290340 476.176575
15.296145 118.516373
15.301950 118.285019
15.307755 118.057297
15.313560 933.751099
15.319366 922.457031
15.325171 157.359787
15.330976 157.359695
15.336780 157.671326
15.342585 315.508453
15.348390 118.957260
15.354195 119.247269
15.360000 316.423828
15.365805 315.881256
15.371610 315.690247
15.377415 316.483704
15.383220 256.676117
15.389025 521.730347
15.394830 215.838699
15.400635 103.259346
15.406440 103.342964
15.412245 325.278168
15.418050 325.217285
15.423855 213.200867
15.429660 983.239319
15.435465 975.758484
15.441270 176.194046
15.447075 176.289993
15.452880 176.198807
15.458685 175.989655
15.464490 348.861542
15.470295 175.456711
15.476100 1096.466064
15.481905 117.009193
15.487710 116.894730
15.493515 175.626526
15.499320 175.533463
15.505125 1032.017700
15.510930 174.418716
15.516735 1017.820496
15.522540 991.876160
15.528345 983.552856
15.534150 983.529480
15.539954 986.103821
15.545759 987.549622
15.551564 491.409546
15.557369 490.983246
15.563174 978.197815
15.568979 977.613220
15.574784 979.086792
15.580589 979.281189
15.586394 978.851257
15.592199 103.241898
15.598004 328.593231
15.603809 117.244339
15.609614 117.495056
15.615419 180.630173
15.621224 180.098297
15.627029 417.247314
15.632834 156.615173
15.638639 330.347229
15.644444 157.386230
15.650249 408.766449
15.656054 0.000000
15.661860 322.081451
15.667665 158.161758
15.673470 0.000000
15.679275 1167.910156
15.685080 1158.712891
15.690885 1132.581177
15.696690 1105.516357
15.702495 1094.685181
15.708300 189.633240
15.714105 375.287994
15.719910 374.465576
15.725715 233.379364
15.731520 233.844162
15.737325 353.686432
15.743129 354.031036
15.748934 376.323792
15.754739 376.846283
15.760544 247.622726
15.766349 247.503296
15.772154 247.885605
15.777959 262.691010
15.783764 130.958862
15.789569 130.991013
15.795374 131.089417
15.801179 319.569702
15.806984 320.087006
15.812789 321.084839
15.818594 321.670715
15.824399 321.381348
15.830204 320.471039
15.836009 319.613770
15.841814 319.264587
15.847619 197.335770
15.853424 196.921021
15.859229 196.458328
15.865034 390.383514
15.870839 194.360870
15.876644 194.150558
15.882449 194.048264
15.888254 193.670013
15.894059 192.917984
15.899864 192.020325
15.905669 191.396271
15.911474 191.409683
15.917279 191.925964
15.923084 192.576309
15.928889 192.982925
15.934694 385.877228
15.940499 386.503418
15.946304 1075.452393
15.952108 359.741119
15.957913 225.362305
15.963718 97.634781
15.969523 97.636650
15.975328 1088.008057
15.981133 1093.389038
15.986938 1092.664185
15.992743 195.237946
15.998549 195.251038
16.004354 195.190781
16.010159 195.260880
16.015965 195.479919
16.021769 195.687836
16.027575 609.483337
16.033379 608.585083
16.039185 607.493958
16.044989 226.994675
16.050795 227.047623
16.056599 393.112335
16.062403 394.634827
16.068209 394.687225
16.074013 393.832275
16.079819 393.575623
16.085623 394.271912
16.091429 396.180664
16.097233 397.827118
16.103039 397.784637
16.108843 396.729645
16.114649 133.147476
16.120453 133.320816
16.126259 133.752945
16.132063 134.254456
16.137869 134.506790
16.143673 134.614334
16.149479 134.701141
16.155283 134.785522
16.161089 552.510193
16.166893 554.478516
16.172699 202.937881
16.178503 203.130600
16.184309 203.458359
16.190113 544.739014
16.195919 540.451172
16.201723 538.094482
16.207529 533.680664
16.213333 150.450439
16.219139 310.324036
16.224943 97.030792
16.230749 96.949478
16.236553 128.551376
16.242359 370.340790
16.248163 370.064758
16.253969 1031.683472
16.259773 1034.811646
16.265577 1032.807373
16.271383 1028.314453
16.277187 1026.170044
16.282993 1029.002563
16.288797 1031.431519
16.294603 1030.814697
16.300407 1030.103149
16.306213 1031.625244
16.312017 1033.643188
16.317823 1034.152100
16.323627 203.082275
16.329433 1030.524170
16.335238 1026.081909
16.341043 1024.254517
16.346848 1024.877686
16.352654 405.741241
16.358458 406.145111
16.364264 406.296417
16.370068 406.224792
16.375874 406.446533
16.381678 292.595703
16.387484 292.170441
16.393288 311.335052
16.399094 446.545410
16.404898 1019.665405
16.410704 1017.283447
16.416508 157.436447
16.422314 157.458633
16.428118 157.612061
16.433924 313.265900
16.439728 313.627197
16.445534 624.704041
16.451338 1386.581787
16.457144 1377.642822
16.462948 312.126129
16.468752 312.326385
16.474558 312.400024
16.480362 312.274689
16.486168 1336.357178
16.491972 194.138977
16.497778 292.279236
16.503582 292.110016
16.509388 1321.386719
16.515192 1317.010742
16.520998 78.145416
16.526802 78.185585
16.532608 323.225250
16.538412 322.803101
16.544218 669.823792
16.550022 665.043396
16.555828 660.512878
16.561632 661.436462
16.567438 667.932068
16.573242 675.561646
16.579048 683.228088
16.584852 156.748718
16.590658 156.403473
16.596462 156.257401
16.602268 156.190353
16.608072 154.884354
16.613878 153.855087
16.619682 153.664993
16.625488 153.825974
16.631292 132.254822
16.637098 132.553284
16.642902 132.819504
16.648708 133.213547
16.654512 405.831390
16.660318 407.228851
16.666122 135.768585
16.671926 409.303040
16.677732 412.702393
16.683537 415.210602
16.689342 1020.571899
16.695147 105.453682
16.700953 105.855476
16.706757 106.008797
16.712563 212.473007
16.718367 1067.797729
16.724173 106.427078
16.729977 431.712982
16.735783 430.735596
16.741587 431.294983
16.747393 431.559998
16.753197 1034.354126
16.759003 1027.447144
16.764807 303.418671
16.770613 1038.406372
16.776417 1038.788818
16.782223 418.607178
16.788027 104.765884
16.793833 233.892639
16.799637 234.000626
16.805443 302.618195
16.811247 303.386932
16.817053 104.677765
16.822857 413.469635
16.828663 412.714539
16.834467 412.313446
16.840273 412.830048
16.846077 412.538452
16.851883 409.677032
16.857687 406.594635
16.863493 404.976257
16.869297 403.506134
16.875101 401.832825
16.880907 400.823181
16.886711 400.116089
16.892517 399.506500
16.898321 399.114899
16.904127 398.875854
16.909931 398.718628
16.915737 398.910889
16.921541 399.827240
16.927347 200.012421
16.933151 200.315308
16.938957 133.944305
16.944761 133.911316
16.950567 308.973267
16.956371 133.580505
16.962177 133.491348
16.967981 312.107941
16.973787 313.789978
16.979591 401.541870
16.985397 401.349762
16.991201 318.696198
16.997007 320.592041
17.002811 322.502838
17.008617 410.006042
17.014421 413.228577
17.020227 416.890381
17.026031 419.860962
17.031837 422.057617
17.037642 424.971619
17.043447 429.836151
17.049252 431.334656
17.055058 430.318176
17.060862 427.844208
17.066668 424.995605
17.072472 422.500854
17.078278 419.247314
17.084082 415.055908
17.089886 411.132263
17.095692 407.749664
17.101496 199.589417
17.107302 196.876099
17.113106 195.171707
17.118912 194.436646
17.124716 193.907547
17.130522 193.422806
17.136326 193.153595
17.142132 193.277481
17.147936 194.450027
17.153742 196.429108
17.159546 197.999512
17.165352 199.283508
17.171156 400.822510
17.176962 404.169525
17.182766 406.993256
17.188572 409.051453
17.194376 412.216339
17.200182 416.997314
17.205986 420.205200
17.211792 422.195801
17.217596 423.721832
17.223402 424.585602
17.229206 424.352478
17.235012 423.508148
17.240816 422.092255
17.246622 420.501648
17.252426 418.829651
17.258232 416.268555
17.264036 411.942871
17.269842 1189.223145
17.275646 1196.723633
17.281452 1193.048340
17.287256 393.721985
17.293060 1190.116211
17.298866 387.420776
17.304670 385.499878
17.310476 385.050934
17.316280 386.371368
17.322086 389.853149
17.327890 1192.239258
17.333696 398.851227
17.339500 401.761353
17.345306 924.657349
17.351110 933.700439
17.356916 943.145142
17.362720 1230.786865
17.368526 419.334351
17.374331 420.950378
17.380136 422.411865
17.385941 423.467010
17.391747 423.903534
17.397551 211.871155
17.403357 422.747772
17.409161 421.401764
17.414967 419.930786
17.420771 418.141357
17.426577 937.974121
17.432381 931.176453
17.438187 408.762573
17.443991 406.806610
17.449797 405.982361
17.455601 135.515991
17.461407 407.476349
17.467211 409.071442
17.473017 410.579254
17.478821 412.339783
17.484627 414.321198
17.490431 416.381775
17.496235 418.696136
17.502041 420.959534
17.507845 423.277557
17.513651 425.412598
17.519455 427.063507
17.525261 428.183075
17.531065 429.097137
17.536871 429.686829
17.542675 429.292297
17.548481 427.191742
17.554285 423.461151
17.560091 420.450134
17.565895 419.417542
17.571701 104.532059
17.577505 104.189110
17.583311 77.440659
17.589115 207.416763
17.594921 412.611725
17.600725 404.285706
17.606531 1156.317871
17.612335 196.444229
17.618141 1136.322510
17.623945 1149.377319
17.629751 1175.073608
17.635555 1212.864624
17.641361 1232.302612
17.647165 1238.230103
17.652971 1243.064087
17.658775 234.481781
17.664581 234.403275
17.670385 234.172668
17.676191 398.319305
17.681995 228.705566
17.687801 228.499863
17.693605 202.115906
17.699409 203.496216
17.705215 169.074142
17.711020 168.670135
17.716825 1119.463867
17.722630 1113.334717
17.728436 1103.874146
17.734240 1097.168945
17.740046 1084.025879
17.745850 1062.152466
17.751656 1048.790771
17.757460 1043.997192
17.763266 390.128723
17.769070 390.169189
17.774876 389.910645
17.780680 389.142517
17.786486 388.104065
17.792290 387.024231
17.798096 385.928711
17.803900 385.046478
17.809706 384.002869
17.815510 381.626923
17.821316 378.616425
17.827120 377.227295
17.832926 377.356415
17.838730 378.692719
17.844536 380.793335
17.850340 382.781433
17.856146 384.472839
17.861950 386.540588
17.867756 389.465485
17.873560 392.535217
17.879366 394.793152
17.885170 396.578125
17.890976 397.863892
17.896780 398.902985
17.902586 400.057892
17.908390 401.185791
17.914194 402.220612
17.920000 403.081207
17.925804 403.435730
17.931610 403.320190
17.937414 403.065582
17.943220 402.840149
17.949024 402.608856
17.954830 402.325958
17.960634 401.890839
17.966440 401.418640
17.972244 401.174255
17.978050 401.087860
17.983854 400.695862
17.989660 399.443970
17.995464 397.593903
18.001270 395.974823
18.007074 394.121704
18.012880 338.075684
18.018684 335.552856
18.024490 681.267395
18.030294 663.075134
18.036100 369.910309
18.041904 369.477905
18.047710 870.973877
18.053514 182.655014
18.059320 363.736115
18.065125 363.083191
18.070930 362.298553
18.076735 361.445038
18.082541 360.633972
18.088345 359.919556
18.094151 359.067780
18.099955 358.163696
18.105761 357.518494
18.111565 357.135315
18.117369 356.918213
18.123175 356.763733
18.128979 356.767151
18.134785 356.857849
18.140589 356.862305
18.146395 356.941833
18.152199 357.664795
18.158005 180.012726
18.163809 180.759491
18.169615 363.691864
18.175419 366.400391
18.181225 369.951355
18.187029 373.480255
18.192835 374.886078
18.198639 375.717621
18.204445 377.353729
18.210249 380.925964
18.216055 385.291595
18.221859 387.427856
18.227665 386.944183
18.233469 385.233887
18.239275 191.171555
18.245079 381.337006
18.250885 378.274231
18.256689 374.456604
18.262495 370.070496
18.268299 1061.955566
18.274105 1050.333374
18.279909 338.564301
18.285715 333.703186
18.291519 329.598022
18.297325 163.523880
18.303129 163.609604
18.308935 328.744965
18.314739 329.993469
18.320543 332.755585
18.326349 339.375885
18.332153 348.262451
18.337959 353.290375
18.343763 356.566772
18.349569 362.015930
18.355373 372.450836
18.361179 379.761719
18.366983 384.383606
18.372789 387.245880
18.378593 388.396088
18.384399 388.088287
18.390203 386.289490
18.396009 382.504944
18.401814 378.577759
18.407619 374.863586
18.413424 369.414642
18.419230 364.888336
18.425034 0.000000
18.430840 342.466644
18.436644 338.972839
18.442450 333.754303
18.448254 331.523499
18.454060 332.121307
18.459864 335.704193
18.465670 168.883209
18.471474 588.244446
18.477280 589.191956
18.483084 0.000000
18.488890 363.475677
18.494694 93.535263
18.500500 378.005463
18.506304 381.334473
18.512110 383.753448
18.517914 384.607544
18.523718 384.045502
18.529524 382.497589
18.535328 379.858124
18.541134 373.958466
18.546938 367.508759
18.552744 365.049500
18.558548 365.155090
18.564354 399.044647
18.570158 395.932922
18.575964 392.810547
18.581768 388.559052
18.587574 304.683197
18.593378 303.018188
18.599184 301.621155
18.604988 197.788879
18.610794 131.392212
18.616598 383.958618
18.622404 383.948914
18.628208 387.304108
18.634014 394.949005
18.639818 396.666779
18.645624 397.146179
18.651428 397.095306
18.657234 445.522583
18.663038 441.813843
18.668844 0.000000
18.674648 80.560791
18.680454 0.000000
18.686258 131.570770
18.692064 188.287674
18.697868 131.478424
18.703674 128.797302
18.709478 129.012741
18.715284 132.030411
18.721088 133.138474
18.726892 133.571304
18.732698 133.637436
18.738503 391.636963
18.744308 390.023529
18.750113 370.904877
18.755919 368.328430
18.761723 131.071945
18.767529 131.388290
18.773333 131.313263
18.779139 131.022705
18.784943 130.780579
18.790749 130.810028
18.796553 131.025085
18.802359 131.304092
18.808163 131.717697
18.813969 132.215851
18.819773 361.683716
18.825579 130.414993
18.831383 127.425743
18.837189 127.575943
18.842993 131.174210
18.848799 131.527832
18.854603 131.509811
18.860409 1173.704224
18.866213 129.349701
18.872019 126.317520
18.877823 130.076218
18.883629 130.529678
18.889433 130.667389
18.895239 130.455261
18.901043 58.395134
18.906849 269.629211
18.912653 139.084854
18.918459 139.521881
18.924263 124.910866
18.930069 963.236572
18.935873 961.761841
18.941677 477.358887
18.947483 483.478912
18.953287 641.289490
18.959093 645.326355
18.964897 533.391663
18.970703 541.220947
18.976507 545.892212
18.982313 550.682251
18.988117 556.384155
18.993923 155.226883
18.999727 288.541229
19.005533 579.891357
19.011337 584.874573
19.017143 296.448883
19.022947 298.901306
19.028753 301.260864
19.034557 302.149353
19.040363 302.467041
19.046167 302.656158
19.051973 999.157593
19.057777 993.584595
19.063583 570.159912
19.069387 571.170532
19.075193 572.094299
19.080997 572.073669
19.086803 572.219238
19.092607 573.117371
19.098413 104.791901
19.104218 570.882812
19.110023 572.607666
19.115828 522.412720
19.121634 520.136597
19.127438 517.934387
19.133244 515.484924
19.139048 512.920959
19.144852 307.616821
19.150658 307.953003
19.156462 308.168945
19.162268 232.434494
19.168072 155.044525
19.173878 155.071686
19.179682 310.721405
19.185488 310.766357
19.191292 310.747467
19.197098 310.839935
19.202902 311.167236
19.208708 155.590225
19.214512 311.434937
19.220318 311.414734
19.226122 311.559998
19.231928 918.644897
19.237732 332.087921
19.243538 332.825134
19.249342 665.381897
19.255148 592.113342
19.260952 927.774597
19.266758 932.047791
19.272562 932.219543
19.278368 212.473770
19.284172 651.223633
19.289978 646.800049
19.295782 104.119621
19.301588 1038.122437
19.307392 1048.868896
19.313198 464.074799
19.319002 464.456848
19.324808 465.507477
19.330612 466.506439
19.336418 467.124268
19.342222 467.639465
19.348026 313.925629
19.353832 314.558685
19.359636 314.594604
19.365442 313.785065
19.371246 312.449585
19.377052 310.914093
19.382856 309.341980
19.388662 308.354614
19.394466 308.091766
19.400272 950.553772
19.406076 954.683411
19.411882 458.073120
19.417686 397.387665
19.423492 396.862640
19.429296 395.835083
19.435102 394.234924
19.440907 391.731079
19.446712 154.801285
19.452517 154.958969
19.458323 1137.638306
19.464127 1139.922119
19.469933 1154.005981
19.475737 232.860397
19.481543 232.438934
19.487347 232.078049
19.493153 232.091736
19.498957 571.301819
19.504763 575.225891
19.510567 100.885185
19.516373 393.807068
19.522177 479.774109
19.527983 475.225616
19.533787 472.172607
19.539593 470.597412
19.545397 401.169189
19.551201 156.583542
19.557007 156.510757
19.562811 156.471970
19.568617 472.247650
19.574421 472.625000
19.580227 472.551514
19.586031 235.698074
19.591837 235.648590
19.597641 400.609283
19.603447 400.896576
19.609251 400.241699
19.615057 133.655762
19.620861 132.952957
19.626667 198.417343
19.632471 204.970047
19.638277 371.598114
19.644081 191.096115
19.649887 98.496376
19.655691 131.773575
19.661497 131.905624
19.667301 383.893829
19.673107 205.678314
19.678911 1352.241333
19.684717 905.051575
19.690521 902.341370
19.696327 2711.990723
19.702131 2624.416016
19.707937 2526.853271
19.713741 2475.913818
19.719547 2464.378174
19.725351 2466.377441
19.731157 485.197693
19.736961 482.362061
19.742767 478.876465
19.748571 474.128937
19.754377 469.390350
19.760181 467.612854
19.765985 466.440674
19.771791 465.062042
19.777596 464.424286
19.783401 465.237152
19.789206 467.746613
19.795012 470.408142
19.800816 472.954559
19.806622 476.957245
19.812426 481.581207
19.818232 484.797516
19.824036 983.131775
19.829842 986.293091
19.835646 1000.113770
19.841452 1037.214478
19.847256 1054.656616
19.853062 277.076355
19.858866 134.769241
19.864672 134.776810
19.870476 133.694458
19.876282 860.126221
19.882086 130.879105
19.887892 130.626999
19.893696 130.539963
19.899502 393.486847
19.905306 397.536163
19.911112 113.112656
19.916916 404.349609
19.922722 402.386627
19.928526 398.580811
19.934332 398.676819
19.940136 87.815285
19.945942 128.632843
19.951746 128.837921
19.957552 128.997528
19.963356 129.055161
19.969160 88.453812
19.974966 404.193268
19.980770 406.640472
19.986576 214.324371
19.992380 449.128296
19.998186 443.005981
20.003990 441.177032
20.009796 436.633026
20.015600 431.336700
20.021406 1020.027832
20.027210 426.422272
20.033016 425.273621
20.038820 424.541107
20.044626 423.777222
20.050430 353.382599
20.056236 420.553741
20.062040 419.356689
20.067846 418.583191
20.073650 417.692017
20.079456 416.517548
20.085260 415.308411
20.091066 414.346283
20.096870 414.403687
20.102676 415.177948
20.108480 415.355225
20.114286 414.933624
20.120090 414.433685
20.125896 414.402283
20.131701 414.945312
20.137506 415.389679
20.143311 415.506500
20.149117 415.786102
20.154921 416.501892
20.160727 417.046204
20.166531 416.658997
20.172335 415.306671
20.178141 413.596527
20.183945 412.692902
20.189751 174.435760
20.195555 415.318237
20.201361 416.656677
20.207165 417.014587
20.212971 416.806244
20.218775 416.681702
20.224581 416.613800
20.230385 416.271271
20.236191 415.214569
20.241995 412.865021
20.247801 409.505646
20.253605 406.505951
20.259411 404.492554
20.265215 608.725952
20.271021 197.660950
20.276825 197.508255
20.282631 196.964386
20.288435 196.178467
20.294241 195.890167
20.300045 195.975479
20.305851 196.140335
20.311655 196.305450
20.317461 196.420486
20.323265 132.198044
20.329071 132.264587
20.334875 132.247879
20.340681 197.083481
20.346485 197.398163
20.352291 400.244537
20.358095 400.045502
20.363901 197.236832
20.369705 196.514603
20.375509 195.844360
20.381315 195.726730
20.387119 195.951569
20.392925 196.092178
20.398729 196.100159
20.404535 196.530716
20.410339 197.348145
20.416145 198.057846
20.421949 198.700851
20.427755 199.363815
20.433559 199.879166
20.439365 0.000000
20.445169 171.094162
20.450975 347.999878
20.456779 348.985474
20.462585 171.340698
20.468390 366.498718
20.474195 211.447632
20.480000 291.848389
20.485806 291.476471
20.491610 290.428436
20.497416 633.519104
20.503220 627.892700
20.509026 212.902054
20.514830 212.014420
20.520636 312.592407
20.526440 350.083893
20.532246 350.303040
20.538050 400.534119
20.543856 393.449738
20.549660 389.721283
20.555466 388.422852
20.561270 387.207458
20.567076 382.932495
20.572880 376.502136
20.578686 374.660797
20.584490 374.623566
20.590294 376.394104
20.596100 379.450378
20.601904 382.102356
20.607710 384.964081
20.613514 388.717499
20.619320 391.896149
20.625124 394.440552
20.630930 350.037170
20.636734 352.093994
20.642540 353.422211
20.648344 355.219940
20.654150 419.017883
20.659954 420.215546
20.665760 420.218140
20.671564 419.573029
20.677370 418.879517
20.683174 418.131348
20.688980 416.548279
20.694784 413.353546
20.700590 407.248138
20.706394 612.420593
20.712200 390.007355
20.718004 386.791534
20.723810 384.406158
20.729614 176.081879
20.735420 175.594284
20.741224 140.953568
20.747030 183.048813
20.752834 183.273209
20.758640 117.285103
20.764444 117.334091
20.770250 117.433083
20.776054 234.003723
20.781860 399.405670
20.787664 401.314392
20.793468 401.329742
20.799274 391.411499
20.805079 386.962769
20.810884 387.205139
20.816689 387.669128
20.822495 353.285767
20.828299 704.899658
20.834105 704.559082
20.839909 389.516174
20.845715 388.669250
20.851519 386.795685
20.857325 352.622253
20.863129 352.595673
20.868935 352.367096
20.874739 702.630005
20.880545 700.899963
20.886349 701.437134
20.892155 383.111298
20.897959 381.633789
20.903765 381.173920
20.909569 383.070068
20.915375 384.747314
20.921179 236.187195
20.926985 236.359924
20.932789 704.207886
20.938595 702.398865
20.944399 701.276794
20.950205 700.658752
20.956009 169.185013
20.961815 88.197830
20.967619 703.165771
20.973425 703.130554
20.979229 701.807495
20.985035 701.272888
20.990839 701.345642
20.996643 700.472046
21.002449 699.623474
21.008253 700.117065
21.014059 353.229950
21.019863 353.003174
21.025669 353.059357
21.031473 235.068924
21.037279 843.062683
21.043083 839.659302
21.048889 839.335876
21.054693 1068.087280
21.060499 166.204056
21.066303 166.446472
21.072109 113.570663
21.077913 99.877632
21.083719 78.273293
21.089523 0.000000
21.095329 93.764183
21.101133 151.158936
21.106939 118.418182
21.112743 469.311554
21.118549 470.344208
21.124353 470.361115
21.130159 470.145142
21.135963 469.945007
21.141769 470.063049
21.147573 470.437225
21.153379 235.284271
21.159184 235.167175
21.164989 234.980850
21.170794 234.855057
21.176600 234.698730
21.182404 234.379944
21.188210 233.979843
21.194014 467.135071
21.199818 116.747421
21.205624 116.764809
21.211428 116.840935
21.217234 116.990379
21.223038 117.113892
21.228844 117.059692
21.234648 174.522339
21.240454 174.724121
21.246258 174.893356
21.252064 175.007126
21.257868 175.087189
21.263674 175.149307
21.269478 175.202866
21.275284 175.303452
21.281088 175.501083
21.286894 175.655746
21.292698 175.710449
21.298504 175.659607
21.304308 175.510086
21.310114 175.380035
21.315918 175.362396
21.321724 175.371216
21.327528 175.296951
21.333334 529.275818
21.339138 528.656311
21.344944 87.425415
21.350748 529.294067
21.356554 168.162613
21.362358 167.949951
21.368164 167.600128
21.373968 534.428406
21.379774 535.883972
21.385578 535.217529
21.391384 532.359070
21.397188 175.758591
21.402992 175.785477
21.408798 176.158051
21.414602 176.362167
21.420408 87.756454
21.426212 87.762390
21.432018 176.042007
21.437822 175.880646
21.443628 175.568497
21.449432 175.314606
21.455238 175.264816
21.461042 175.328125
21.466848 175.437317
21.472652 175.546875
21.478458 175.629288
21.484262 175.698242
21.490068 175.703979
21.495872 175.592972
21.501678 175.414368
21.507483 175.290710
21.513288 175.291443
21.519093 175.375671
21.524899 175.314743
21.530703 174.902008
21.536509 174.561325
21.542313 174.214813
21.548119 173.994904
21.553923 117.337631
21.559729 116.697456
21.565533 116.991791
21.571339 117.475845
21.577143 117.442528
21.582949 469.882233
21.588753 117.306335
21.594559 469.184937
21.600363 468.645782
21.606169 468.483673
21.611973 117.348343
21.617777 234.986801
21.623583 235.100296
21.629387 234.963867
21.635193 234.746368
21.640997 234.751984
21.646803 234.899918
21.652607 469.221893
21.658413 222.457397
21.664217 342.678955
21.670023 340.162903
21.675827 338.864319
21.681633 316.629974
21.687437 318.044312
21.693243 1029.447021
21.699047 468.558594
21.704853 468.583862
21.710657 873.327942
21.716463 156.257187
21.722267 155.951614
21.728073 155.880234
21.733877 234.968246
21.739683 470.110626
21.745487 471.168976
21.751293 236.180099
21.757097 236.548004
21.762903 534.883118
21.768707 535.323120
21.774513 332.108459
21.780317 334.429749
21.786123 336.931793
21.791927 340.394745
21.797733 349.753021
21.803537 353.399109
21.809343 357.765503
21.815147 483.801788
21.820951 366.128113
21.826757 367.577606
21.832561 368.995911
21.838367 370.411346
21.844172 490.080933
21.849977 489.840668
21.855782 367.365845
21.861588 363.573608
21.867392 361.170288
21.873198 360.269501
21.879002 360.068512
21.884808 359.553345
21.890612 358.595795
21.896418 357.608673
21.902222 356.096558
21.908028 354.186951
21.913832 117.997581
21.919638 472.769196
21.925442 472.968079
21.931248 473.049133
21.937052 473.302856
21.942858 118.170380
21.948662 118.189102
21.954468 118.161179
21.960272 236.418900
21.966078 236.858124
21.971882 237.723190
21.977688 478.432465
21.983492 352.433533
21.989298 352.708710
21.995102 352.645538
22.000908 353.097229
22.006712 353.540222
22.012518 353.587097
22.018322 353.312622
22.024126 353.016205
22.029932 353.241821
22.035736 353.513306
22.041542 353.379059
22.047346 353.179077
22.053152 353.176788
22.058956 353.354950
22.064762 353.612732
22.070566 353.663940
22.076372 353.346863
22.082176 353.079559
22.087982 353.135437
22.093786 353.251495
22.099592 353.228333
22.105396 353.138977
22.111202 352.969940
22.117006 176.427567
22.122812 176.280457
22.128616 176.152466
22.134422 176.061432
22.140226 352.132660
22.146032 351.893127
22.151836 351.687317
22.157642 351.521729
22.163446 175.679520
22.169252 175.598236
22.175056 175.537231
22.180862 351.107361
22.186666 350.635590
22.192472 175.181961
22.198277 174.953674
22.204082 174.766937
22.209887 349.627625
22.215693 349.624146
22.221497 349.339752
22.227301 348.970642
22.233107 348.866760
22.238911 349.182678
22.244717 349.540771
22.250521 349.755310
22.256327 349.854187
22.262131 349.908325
22.267937 350.011475
22.273741 350.258698
22.279547 350.806458
22.285351 351.508026
22.291157 352.117065
22.296961 352.509125
22.302767 352.666901
22.308571 352.685028
22.314377 352.627625
22.320181 352.635742
22.325987 352.721130
22.331791 352.834869
22.337597 352.997131
22.343401 353.284485
22.349207 353.841980
22.355011 354.851471
22.360817 356.061615
22.366621 356.826630
22.372427 356.745728
22.378231 356.119141
22.384037 355.643005
22.389841 355.648987
22.395647 238.476624
22.401451 238.485565
22.407257 158.298737
22.413061 475.651764
22.418867 533.472656
22.424671 532.265137
22.430477 0.000000
22.436281 477.436249
22.442085 472.632996
22.447891 466.297424
22.453695 465.382019
22.459501 470.021240
22.465305 473.202820
22.471111 312.206970
22.476915 314.474792
22.482721 313.451355
22.488525 310.531158
22.494331 305.960480
22.500135 304.030853
22.505941 304.637054
22.511745 305.487000
22.517551 306.091797
22.523355 306.097961
22.529161 305.246246
22.534966 304.310089
22.540771 303.938263
22.546576 304.443390
22.552382 305.914978
22.558186 306.910126
22.563992 154.229660
22.569796 154.300842
22.575602 154.362885
22.581406 154.436462
22.587212 154.550003
22.593016 4440.060059
22.598822 4465.870605
22.604626 4506.769043
22.610432 556.017883
22.616236 116.075462
22.622042 116.123421
22.627846 116.129585
22.633652 231.828156
22.639456 232.240265
22.645260 232.517258
22.651066 232.678375
22.656870 232.615631
22.662676 119.540596
22.668480 116.137085
22.674286 116.093040
22.680090 116.150314
22.685896 116.295357
22.691700 116.362473
22.697506 116.331093
22.703310 116.196159
22.709116 116.103554
22.714920 116.100426
22.720726 154.872192
22.726530 155.094330
22.732336 155.264389
22.738140 92.990387
22.743946 92.977112
22.749750 89.103073
22.755556 1022.873718
22.761360 1019.804932
22.767166 505.029510
22.772970 421.093353
22.778776 422.831024
22.784580 423.488342
22.790386 423.809631
22.796190 423.722961
22.801996 422.860870
22.807800 420.975861
22.813606 417.854614
22.819410 413.805542
22.825216 410.327393
22.831020 408.315582
22.836826 407.665802
22.842630 407.877869
22.848434 408.682129
22.854240 410.157654
22.860044 412.736725
22.865850 416.055908
22.871655 417.870026
22.877460 352.530396
22.883265 351.107117
22.889071 351.649933
22.894875 315.766876
22.900681 566.793152
22.906485 567.750122
22.912291 567.117188
22.918095 225.870117
22.923901 458.665588
22.929705 455.317383
22.935511 453.332977
22.941315 453.598328
22.947121 455.432465
22.952925 456.994171
22.958731 455.982086
22.964535 454.168549
22.970341 453.256104
22.976145 151.030701
22.981951 455.301147
22.987755 456.920624
22.993561 229.216537
22.999365 229.678452
23.005171 230.546555
23.010975 466.097992
23.016781 465.970245
23.022585 465.126160
23.028391 130.280304
23.034195 130.057297
23.040001 130.027084
23.045805 174.924149
23.051609 174.523315
23.057415 174.398895
23.063219 174.425125
23.069025 348.850494
23.074829 347.857147
23.080635 413.109100
23.086439 411.367401
23.092245 408.698730
23.098049 323.681366
23.103855 321.277222
23.109659 319.400391
23.115465 524.398987
23.121269 523.548523
23.127075 523.510803
23.132879 130.851425
23.138685 130.777023
23.144489 130.705612
23.150295 130.662537
23.156099 130.676071
23.161905 130.719391
23.167709 130.747116
23.173515 130.784836
23.179319 390.977783
23.185125 316.007782
23.190929 314.664825
23.196735 315.074738
23.202539 394.933167
23.208345 393.240326
23.214149 392.728821
23.219955 393.484070
23.225760 393.959717
23.231565 312.700134
23.237370 312.761963
23.243176 313.008636
23.248980 313.023804
23.254784 312.812958
23.260590 312.639526
23.266394 312.868256
23.272200 313.418365
23.278004 313.800751
23.283810 314.210876
23.289614 130.781204
23.295420 130.857727
23.301224 396.308746
23.307030 399.275421
23.312834 400.005310
23.318640 400.378479
23.324444 199.672287
23.330250 813.851074
23.336054 200.406464
23.341860 175.199997
23.347664 175.047852
23.353470 174.872192
23.359274 348.687836
23.365080 348.532318
23.370884 348.742645
23.376690 420.010010
23.382494 419.169159
23.388300 349.325623
23.394104 348.959473
23.399910 696.040894
23.405714 697.260559
23.411520 699.135010
23.417324 702.270142
23.423130 706.640320
23.428934 203.721329
23.434740 202.979507
23.440544 470.679596
23.446350 470.596344
23.452154 201.675171
23.457960 201.220413
23.463764 399.296417
23.469568 398.532349
23.475374 398.448883
23.481178 398.782379
23.486984 399.171051
23.492788 399.831909
23.498594 199.926575
23.504398 348.294189
23.510204 349.411713
23.516008 100.058670
23.521814 100.087234
23.527618 100.128952
23.533424 100.105675
23.539228 133.295319
23.545034 133.282547
23.550838 133.372925
23.556644 401.627167
23.562449 402.399384
23.568254 403.441223
23.574059 404.656799
23.579865 202.841904
23.585669 407.407837
23.591475 408.029449
23.597279 408.063416
23.603085 407.651733
23.608889 406.688812
23.614695 404.990417
23.620499 401.738068
23.626305 396.502625
23.632109 392.210999
23.637915 389.481354
23.643719 386.592682
23.649525 382.847656
23.655329 380.358734
23.661135 379.254303
23.666939 189.160461
23.672743 189.261795
23.678549 189.339233
23.684353 189.200150
23.690159 188.786240
23.695963 188.227280
23.701769 187.631760
23.707573 187.087494
23.713379 186.645554
23.719183 777.037231
23.724989 358.820374
23.730793 356.715576
23.736599 354.599335
23.742403 351.997009
23.748209 675.363770
23.754013 393.618530
23.759819 2363.804199
23.765623 321.188141
23.771429 319.335236
23.777233 317.391663
23.783039 315.522552
23.788843 313.993439
23.794649 312.788422
23.800453 311.894562
23.806259 311.285645
23.812063 311.073059
23.817869 155.920914
23.823673 156.102600
23.829479 156.255646
23.835283 156.372070
23.841089 156.371384
23.846893 156.202789
23.852699 155.916855
23.858503 155.674683
23.864309 155.409576
23.870113 310.009949
23.875917 309.033539
23.881723 308.103333
23.887527 306.950348
23.893333 305.834686
23.899137 304.875702
23.904943 304.427307
23.910748 304.847931
23.916553 305.968262
23.922358 307.279755
23.928164 308.905609
23.933968 311.175079
23.939774 157.004318
23.945578 157.541061
23.951384 317.713593
23.957188 320.038696
23.962994 322.153778
23.968798 323.627441
23.974604 108.989166
23.980408 109.025307
23.986214 283.287231
23.992018 323.101746
23.997824 321.417023
