0.000000 5300.442871
0.005805 2780.035645
0.011610 305.575165
0.017415 0.000000
0.023220 0.000000
0.029025 89.590439
0.034830 89.546120
0.040635 77.334877
0.046440 466.715363
0.052245 469.147400
0.058050 521.019836
0.063855 525.116272
0.069660 264.927612
0.075465 267.436340
0.081270 268.879791
0.087075 269.177307
0.092880 268.159882
0.098685 264.305450
0.104490 258.881958
0.110295 254.350723
0.116100 249.171097
0.121905 242.860794
0.127710 235.183640
0.133515 228.355743
0.139320 222.251770
0.145125 707.739258
0.150930 709.504761
0.156735 113.300545
0.162540 73.824867
0.168345 74.120537
0.174150 74.371216
0.179955 76.301857
0.185760 74.483917
0.191565 74.066910
0.197370 74.410362
0.203175 75.511726
0.208980 75.231606
0.214785 74.392082
0.220590 73.991051
0.226395 73.967323
0.232200 110.102951
0.238005 109.872246
0.243810 72.778633
0.249615 215.605637
0.255419 107.302994
0.261224 115.798210
0.267029 116.290215
0.272834 116.414146
0.278639 14138.773438
0.284444 777.363831
0.290249 774.670837
0.296054 480.353821
0.301859 476.755524
0.307664 474.547241
0.313469 472.739227
0.319274 471.096863
0.325079 469.795502
0.330884 468.270599
0.336689 155.084976
0.342494 154.758896
0.348299 232.162552
0.354104 232.326218
0.359909 232.354080
0.365714 232.144974
0.371519 231.686905
0.377324 231.227890
0.383129 230.980621
0.388934 230.583603
0.394739 229.593842
0.400544 228.480820
0.406349 227.732620
0.412154 227.551941
0.417959 229.027298
0.423764 219.605942
0.429569 219.060898
0.435374 203.414978
0.441179 203.779648
0.446984 106.443008
0.452789 115.443863
0.458594 76.042847
0.464399 74.684830
0.470204 74.650124
0.476009 74.224930
0.481814 73.283646
0.487619 73.343704
0.493424 111.838615
0.499229 112.005562
0.505034 112.379692
0.510839 113.221291
0.516644 73.186272
0.522449 72.999237
0.528254 72.200897
0.534059 77.254013
0.539864 93.257889
0.545669 103.438263
0.551474 71.943619
0.557279 72.286766
0.563084 77.103729
0.568889 1025.432861
0.574694 449.556854
0.580499 446.506012
0.586304 444.654297
0.592109 443.423309
0.597914 442.609741
0.603719 442.017761
0.609524 441.442230
0.615329 440.856964
0.621134 440.484802
0.626939 440.578766
0.632744 440.883453
0.638549 146.914169
0.644354 147.165756
0.650159 147.440109
0.655964 147.533157
0.661769 147.508942
0.667574 147.461914
0.673379 147.464981
0.679184 147.514008
0.684989 147.529877
0.690794 147.472198
0.696599 147.404770
0.702404 147.441650
0.708209 147.673004
0.714014 148.075836
0.719819 148.518906
0.725624 149.006653
0.731429 149.479980
0.737234 149.762222
0.743039 149.945786
0.748844 150.159470
0.754649 150.369476
0.760454 150.475662
0.766258 108.780083
0.772063 108.702866
0.777869 108.764709
0.783673 109.135460
0.789478 111.274727
0.795283 110.800606
0.801088 110.526047
0.806893 110.450089
0.812698 110.436623
0.818503 110.469139
0.824308 110.619255
0.830113 110.820580
0.835918 110.950775
0.841723 110.849861
0.847528 110.861580
0.853333 110.884117
0.859138 74.063087
0.864943 74.003387
0.870748 74.334389
0.876553 73.401207
0.882358 73.359276
0.888163 72.874817
0.893968 72.730179
0.899773 72.576500
0.905578 84.646400
0.911383 72.591606
0.917188 72.878700
0.922993 73.886368
0.928798 73.982216
0.934603 74.067039
0.940408 148.246353
0.946213 148.316238
0.952018 74.301720
0.957823 74.977112
0.963628 75.191673
0.969433 75.206833
0.975238 211.596359
0.981043 211.314484
0.986848 75.041595
0.992653 74.967491
0.998458 75.014214
1.004263 75.101219
1.010068 75.246460
1.015873 75.441658
1.021678 75.593674
1.027483 75.590752
1.033288 75.471046
1.039093 75.111771
1.044898 74.672241
1.050703 74.216995
1.056508 73.862907
1.062313 73.764404
1.068118 74.564857
1.073923 74.592331
1.079728 75.401749
1.085533 74.455780
1.091338 110.695839
1.097143 110.641296
1.102948 110.800797
1.108753 110.831398
1.114558 110.789360
1.120363 43.227558
1.126168 241.783646
1.131973 238.585770
1.137778 230.061615
1.143583 189.939713
1.149388 185.215134
1.155193 106.504456
1.160998 106.440315
1.166803 74.864143
1.172608 74.769569
1.178413 74.728119
1.184218 74.432831
1.190023 74.421318
1.195828 74.516884
1.201633 149.440155
1.207438 149.571442
1.213243 149.730621
1.219048 149.953537
1.224853 150.133698
1.230658 150.210464
1.236463 150.311234
1.242268 150.450546
1.248073 150.644287
1.253878 150.915985
1.259683 151.022217
1.265488 150.060013
1.271293 147.624115
1.277097 146.620956
1.282902 146.887711
1.288707 147.812515
1.294513 73.891388
1.300317 148.710220
1.306122 148.935287
1.311927 149.145203
1.317732 148.706161
1.323537 147.979279
1.329342 147.558731
1.335147 147.333618
1.340952 74.121544
1.346757 74.093758
1.352562 164.201431
1.358367 164.852890
1.364172 165.003891
1.369977 164.778305
1.375782 164.337967
1.381587 163.533890
1.387392 162.009171
1.393197 160.407303
1.399002 159.479752
1.404807 159.078033
1.410612 146.043976
1.416417 144.668076
1.422222 144.639771
1.428027 148.640198
1.433832 150.445862
1.439637 146.513397
1.445442 146.445251
1.451247 146.251266
1.457052 146.231110
1.462857 146.481201
1.468662 146.801025
1.474467 147.095474
1.480272 147.330048
1.486077 147.291199
1.491882 147.013718
1.497687 146.791565
1.503492 146.737091
1.509297 153.575241
1.515102 153.635757
1.520907 153.661575
1.526712 153.485474
1.532517 0.000000
1.538322 211.080765
1.544127 201.934052
1.549932 203.024139
1.555737 203.796936
1.561542 203.877426
1.567347 106.412125
1.573152 4370.147949
1.578957 4490.781738
1.584762 4553.695801
1.590567 4531.644043
1.596372 4627.807129
1.602177 73.310555
1.607982 73.328621
1.613787 73.280823
1.619592 73.186035
1.625397 62.455410
1.631202 62.499519
1.637007 448.157166
1.642812 443.410156
1.648617 440.087250
1.654422 438.431183
1.660227 437.313690
1.666032 74.224037
1.671837 75.254234
1.677642 14022.901367
1.683447 13870.843750
1.689252 13841.910156
1.695057 13867.968750
1.700862 13926.660156
1.706667 13917.297852
1.712472 13759.446289
1.718277 13551.415039
1.724082 6229.716309
1.729887 6166.241211
1.735692 6124.852539
1.741497 6091.378418
1.747302 6040.314453
1.753107 5959.229980
1.758912 1989.387451
1.764717 1937.310791
1.770522 275.152313
1.776327 275.665649
1.782132 275.787506
1.787936 275.244324
1.793741 1935.537842
1.799546 1921.709106
1.805351 1907.320068
1.811157 1894.101929
1.816961 1878.032104
1.822766 452.440186
1.828571 450.075684
1.834376 447.158905
1.840181 445.498291
1.845986 444.440521
1.851791 443.763855
1.857596 443.347534
1.863401 443.016144
1.869206 442.597412
1.875011 442.034149
1.880816 441.374756
1.886621 440.719208
1.892426 439.003021
1.898231 430.101074
1.904036 425.727356
1.909841 3890.129150
1.915646 1935.732666
1.921451 168.522858
1.927256 168.469254
1.933061 160.654541
1.938866 159.824585
1.944671 158.564087
1.950476 155.866425
1.956281 154.971039
1.962086 153.299210
1.967891 489.815430
1.973696 449.381989
1.979501 446.266663
1.985306 445.007721
1.991111 444.154327
1.996916 443.587891
2.002721 443.199493
2.008526 442.887756
2.014331 442.693146
2.020136 442.868958
2.025941 443.284607
2.031746 443.769592
2.037551 445.416046
2.043356 448.939178
2.049161 1912.135986
2.054966 1888.491455
2.060771 1870.049561
2.066576 1851.453613
2.072381 1833.697144
2.078186 1825.380737
2.083991 1828.470947
2.089796 1850.981812
2.095601 4336.133301
2.101406 4134.400879
2.107211 4202.139160
2.113016 4352.995117
2.118821 4500.855957
2.124626 4607.002441
2.130431 4580.511719
2.136236 4426.034180
2.142041 4346.343262
2.147846 4345.261719
2.153651 4366.289062
2.159456 4318.868652
2.165261 130.600113
2.171066 706.516907
2.176871 149.296982
2.182676 149.121048
2.188481 145.868408
2.194286 145.075974
2.200091 145.128662
2.205896 145.706436
2.211701 146.414398
2.217506 146.988800
2.223311 147.435455
2.229116 1937.298462
2.234921 237.631912
2.240726 220.156738
2.246531 219.333252
2.252336 203.944443
2.258141 184.858185
2.263946 169.232666
2.269751 76.186584
2.275556 76.171875
2.281361 76.142410
2.287166 74.776711
2.292970 74.739120
2.298775 74.458229
2.304580 73.484123
2.310385 146.971893
2.316190 146.786301
2.321995 146.552643
2.327801 3650.836914
2.333606 3687.514160
2.339411 3727.395508
2.345215 3760.318848
2.351020 1855.385864
2.356825 74.827454
2.362630 73.587074
2.368435 73.708183
2.374240 73.680214
2.380045 73.748344
2.385850 73.561081
2.391655 73.291237
2.397460 73.124550
2.403265 72.976845
2.409070 72.894836
2.414875 72.857246
2.420680 72.923119
2.426485 72.931915
2.432290 72.979927
2.438095 72.961929
2.443900 72.882835
2.449705 73.094833
2.455510 73.290649
2.461315 73.298515
2.467120 74.298546
2.472925 74.234619
2.478730 143.110306
2.484535 1918.593018
2.490340 1913.761108
2.496145 1974.552612
2.501950 148.592773
2.507755 148.816605
2.513560 148.765991
2.519365 339.261475
2.525170 729.214050
2.530975 338.159546
2.536780 336.367523
2.542585 334.712830
2.548390 332.903809
2.554195 331.218597
2.560000 330.066620
2.565805 329.410797
2.571610 329.102234
2.577415 329.530640
2.583220 332.034546
2.589025 163.086029
2.594830 163.135376
2.600635 150.302490
2.606440 150.172562
2.612245 149.968216
2.618050 149.830658
2.623855 149.711456
2.629660 149.503281
2.635465 149.212616
2.641270 148.986832
2.647075 148.847336
2.652880 148.660095
2.658685 242.425125
2.664490 192.755493
2.670295 202.738174
2.676100 203.385437
2.681905 203.613403
2.687710 108.530571
2.693515 4103.038574
2.699320 4151.086914
2.705125 73.677612
2.710930 3992.494141
2.716735 3901.347412
2.722540 857.243530
2.728345 861.765320
2.734150 147.222977
2.739955 73.421661
2.745760 146.687698
2.751565 146.801788
2.757370 3593.659180
2.763175 3591.925049
2.768980 3589.764893
2.774785 3588.409668
2.780590 3593.712402
2.786395 3608.199219
2.792200 3616.020752
2.798005 151.564575
2.803810 151.919266
2.809614 152.199905
2.815419 152.209717
2.821224 1200.051270
2.827029 214.553940
2.832834 214.673630
2.838639 215.186386
2.844445 148.402786
2.850250 148.282059
2.856054 148.510437
2.861859 148.781509
2.867664 148.856659
2.873469 148.812378
2.879274 148.829025
2.885079 149.023056
2.890884 149.378601
2.896689 149.815811
2.902494 150.240875
2.908299 150.587357
2.914104 150.872437
2.919909 217.112198
2.925714 216.164322
2.931519 214.342834
2.937324 212.462158
2.943129 211.801697
2.948934 729.037781
2.954739 336.093781
2.960544 334.884705
2.966349 333.226440
2.972154 331.466370
2.977959 330.570099
2.983764 330.006744
2.989569 329.282288
2.995374 328.905701
3.001179 221.583344
3.006984 223.391571
3.012789 226.310120
3.018594 162.952606
3.024399 163.132523
3.030204 163.034546
3.036009 162.723633
3.041814 162.419525
3.047619 162.352280
3.053424 162.362152
3.059229 161.872482
3.065034 160.154892
3.070839 1810.247681
3.076644 1832.906372
3.082449 1847.121216
3.088254 227.279068
3.094059 227.288712
3.099864 165.043350
3.105669 165.009323
3.111474 165.130829
3.117279 165.149536
3.123084 164.964020
3.128889 164.695938
3.134694 164.488342
3.140499 164.282654
3.146304 164.081390
3.152109 163.786072
3.157914 584.828918
3.163719 586.280518
3.169524 584.051208
3.175329 217.497696
3.181134 217.849136
3.186939 218.204010
3.192744 218.659698
3.198549 219.131561
3.204354 219.421753
3.210159 219.393723
3.215964 219.113617
3.221769 218.581833
3.227574 217.230637
3.233379 216.388748
3.239184 214.277802
3.244989 213.572281
3.250794 212.593842
3.256599 212.074112
3.262404 211.872009
3.268209 1698.442139
3.274014 1696.777222
3.279819 501.272247
3.285624 212.454239
3.291429 136.691116
3.297234 1823.427734
3.303039 1814.285400
3.308844 385.308044
3.314649 385.993805
3.320453 386.456177
3.326258 386.587524
3.332063 386.733124
3.337868 387.249451
3.343673 387.428070
3.349478 242.457153
3.355283 242.812424
3.361089 241.675827
3.366894 229.252197
3.372698 184.418930
3.378503 184.435898
3.384308 70.987450
3.390113 0.000000
3.395918 77.286980
3.401723 77.319733
3.407528 74.708443
3.413333 513.612244
3.419138 513.051208
3.424943 510.917664
3.430748 252.755463
3.436553 249.816086
3.442358 724.623230
3.448163 722.327332
3.453968 721.512146
3.459773 721.438599
3.465578 722.996521
3.471383 73.826942
3.477188 74.225021
3.482993 74.841171
3.488798 75.062447
3.494603 75.113678
3.500408 72.676155
3.506213 73.223068
3.512018 73.212486
3.517823 72.906952
3.523628 74.090767
3.529433 153.888443
3.535238 152.611664
3.541043 150.946564
3.546848 149.801117
3.552653 149.250366
3.558458 148.848495
3.564263 148.414581
3.570068 73.993538
3.575873 73.832481
3.581678 73.770462
3.587483 73.886383
3.593288 74.096535
3.599093 74.153023
3.604898 73.994911
3.610703 73.638588
3.616508 147.000031
3.622313 147.126556
3.628118 147.151016
3.633923 147.003067
3.639728 146.948486
3.645533 776.251648
3.651338 779.861572
3.657143 780.355042
3.662948 175.640579
3.668753 175.204193
3.674558 174.887604
3.680363 174.664871
3.686168 174.486511
3.691973 348.695312
3.697778 349.268524
3.703583 350.147980
3.709388 149.202438
3.715193 149.037460
3.720998 148.556503
3.726803 147.649277
3.732608 145.397324
3.738413 541.661377
3.744218 1092.155273
3.750023 1074.547241
3.755828 347.965759
3.761633 147.646042
3.767438 292.467926
3.773243 260.374146
3.779048 211.077927
3.784853 202.371902
3.790658 203.741196
3.796463 204.159836
3.802268 204.122391
3.808073 99.513420
3.813878 115.217743
3.819683 77.364777
3.825488 77.399963
3.831293 87.005859
3.837097 86.916550
3.842902 86.861343
3.848707 68.671173
3.854512 68.658531
3.860317 3679.077393
3.866122 3628.253174
3.871927 3614.934326
3.877733 3615.820801
3.883538 3621.419678
3.889342 148.385422
3.895147 148.514648
3.900952 148.670593
3.906757 148.740082
3.912562 148.762192
3.918367 148.703629
3.924172 148.421555
3.929977 148.048126
3.935782 147.940704
3.941587 148.031433
3.947392 148.116470
3.953197 148.200134
3.959002 148.363617
3.964807 148.585114
3.970612 148.804947
3.976417 148.915451
3.982222 148.863541
3.988027 1903.381104
3.993832 148.631882
3.999637 149.806015
4.005442 150.449966
4.011247 150.351318
4.017052 150.245789
4.022857 150.162567
4.028662 149.937408
4.034467 149.479034
4.040272 148.790741
4.046077 148.195023
4.051882 147.919083
4.057687 147.875076
4.063492 148.068100
4.069297 148.381241
4.075102 356.679535
4.080907 354.802704
4.086712 175.018814
4.092517 174.899597
4.098322 174.879776
4.104127 174.741714
4.109932 349.026489
4.115737 348.715363
4.121542 348.647125
4.127347 348.677277
4.133152 348.996735
4.138957 350.474182
4.144762 147.962799
4.150567 174.728302
4.156372 174.585083
4.162177 174.275543
4.167982 667.231812
4.173787 3613.453369
4.179592 3582.607666
4.185397 3560.982910
4.191202 3527.317139
4.197007 3444.406006
4.202812 4353.988770
4.208617 786.433472
4.214422 355.270508
4.220227 354.906830
4.226032 353.425537
4.231837 350.591583
4.237642 349.486511
4.243447 349.021118
4.249252 348.185211
4.255057 347.111084
4.260862 346.186401
4.266667 345.547974
4.272471 345.335907
4.278276 345.809540
4.284081 346.459717
4.289886 348.001923
4.295691 356.872192
4.301497 669.484924
4.307302 5173.365234
4.313107 4941.062988
4.318912 4838.561035
4.324717 4780.255371
4.330522 203.290604
4.336327 4432.200684
4.342132 4211.517578
4.347937 3723.102539
4.353742 3678.359131
4.359547 3656.611084
4.365352 3619.057129
4.371157 147.554398
4.376961 147.564514
4.382766 147.137497
4.388571 146.552063
4.394376 145.858002
4.400181 145.175858
4.405986 732.293213
4.411791 714.477844
4.417596 386.194153
4.423401 550.249207
4.429206 386.179382
4.435011 386.394562
4.440816 386.341125
4.446621 386.069458
4.452426 241.241730
4.458231 241.316269
4.464036 0.000000
4.469841 241.955048
4.475646 241.299896
4.481451 232.658127
4.487256 186.497818
4.493061 185.769135
4.498866 106.629410
4.504671 0.000000
4.510476 74.938103
4.516281 73.572502
4.522086 76.034683
4.527891 74.734665
4.533696 74.371201
4.539501 74.325539
4.545306 73.620697
4.551111 73.568054
4.556916 73.513176
4.562721 146.858749
4.568526 146.945770
4.574331 3625.874756
4.580136 74.568611
4.585941 74.525742
4.591746 76.148300
4.597551 76.042809
4.603356 75.865753
4.609161 151.121780
4.614966 150.120987
4.620771 149.273102
4.626576 148.650375
4.632381 148.410782
4.638186 148.654434
4.643991 149.029099
4.649796 149.236725
4.655601 149.373978
4.661406 149.605789
4.667211 149.985611
4.673016 150.323212
4.678821 150.368347
4.684626 150.024963
4.690431 74.862816
4.696236 73.654274
4.702041 73.322227
4.707846 74.366684
4.713651 74.446388
4.719456 75.500664
4.725261 75.940712
4.731066 76.372345
4.736871 73.485710
4.742676 74.762657
4.748481 6272.748535
4.754286 6381.555664
4.760091 475.350006
4.765896 476.728882
4.771701 475.808838
4.777506 474.049866
4.783311 472.461884
4.789115 471.148468
4.794920 470.404297
4.800725 470.198273
4.806530 470.149780
4.812335 148.761398
4.818141 148.348709
4.823946 148.175598
4.829751 148.093872
4.835556 465.100372
4.841361 465.454956
4.847166 466.423798
4.852971 467.393127
4.858776 467.752136
4.864581 468.173615
4.870386 468.437195
4.876191 468.311768
4.881996 467.576660
4.887800 232.900696
4.893605 232.345016
4.899410 202.186707
4.905215 203.268600
4.911020 204.097244
4.916825 204.215591
4.922630 203.842697
4.928435 115.678246
4.934240 0.000000
4.940045 77.437897
4.945850 77.480659
4.951655 77.556877
4.957460 466.984009
4.963265 77.685921
4.969070 69.667442
4.974875 66.699516
4.980680 66.690681
4.986485 66.146111
4.992290 66.256447
4.998095 468.075775
5.003900 471.578064
5.009705 472.389771
5.015510 232.111588
5.021315 232.801941
5.027120 148.309082
5.032925 148.365936
5.038730 148.305328
5.044535 148.150665
5.050340 148.116837
5.056145 148.052277
5.061950 147.918625
5.067755 147.788177
5.073560 147.660522
5.079365 147.558075
5.085170 147.481781
5.090975 147.438766
5.096780 147.499832
5.102585 147.883850
5.108390 148.696579
5.114195 149.247421
5.120000 149.586136
5.125805 149.886078
5.131610 150.218719
5.137415 150.580399
5.143220 150.807281
5.149025 150.712830
5.154830 150.451645
5.160635 149.952591
5.166440 149.025253
5.172245 148.959564
5.178050 219.856750
5.183855 220.397156
5.189660 223.783463
5.195465 159.460236
5.201270 160.236908
5.207075 160.678421
5.212880 160.769318
5.218685 160.483917
5.224490 159.959671
5.230295 757.929688
5.236100 755.882874
5.241905 221.425980
5.247710 220.939346
5.253515 221.076630
5.259320 221.202011
5.265125 220.637100
5.270930 442.219849
5.276735 441.812042
5.282540 441.892426
5.288345 442.153687
5.294150 442.163361
5.299954 441.737518
5.305759 441.196503
5.311564 440.328461
5.317369 454.355652
5.323174 423.247192
5.328979 421.960205
5.334785 1843.685669
5.340590 1865.894775
5.346395 3891.237549
5.352200 3864.843994
5.358005 3877.899170
5.363810 3908.104004
5.369615 1789.680786
5.375420 145.316879
5.381225 144.565002
5.387030 144.302551
5.392835 680.783691
5.398640 676.527466
5.404444 293.557251
5.410249 293.499512
5.416054 253.533859
5.421859 253.498001
5.427664 408.775848
5.433469 136.547134
5.439274 339.329559
5.445079 1020.561096
5.450884 254.787338
5.456689 4604.917969
5.462494 4587.809082
5.468299 458.895630
5.474104 1746.852051
5.479909 1744.112305
5.485714 1758.233032
5.491519 148.578369
5.497324 149.134338
5.503129 149.459915
5.508934 149.529861
5.514739 149.339722
5.520544 1264.531616
5.526349 1265.105591
5.532154 1256.538574
5.537959 1831.579834
5.543764 1850.273315
5.549569 964.539551
5.555374 961.931335
5.561179 319.724792
5.566984 5943.541992
5.572789 1288.340942
5.578594 1291.302612
5.584399 231.033661
5.590204 231.031723
5.596009 220.453949
5.601814 210.969574
5.607619 203.879745
5.613424 204.116989
5.619229 0.000000
5.625034 73.798210
5.630839 73.651466
5.636644 73.548332
5.642449 73.399887
5.648254 73.111259
5.654059 145.484848
5.659864 145.690277
5.665669 145.654861
5.671474 145.665375
5.677279 145.720139
5.683084 145.749146
5.688889 145.801620
5.694694 146.028366
5.700499 146.445862
5.706304 147.041672
5.712109 147.867538
5.717914 148.716873
5.723719 149.156952
5.729524 149.095383
5.735329 148.411896
5.741134 147.878677
5.746939 73.696815
5.752744 148.034073
5.758549 148.530121
5.764354 149.683060
5.770159 151.194641
5.775964 151.571075
5.781769 156.640030
5.787574 157.186554
5.793379 157.930389
5.799184 158.581360
5.804989 159.118073
5.810794 159.636627
5.816598 159.995499
5.822403 160.094513
5.828208 147.515808
5.834013 147.290695
5.839818 146.875366
5.845623 146.191589
5.851429 146.030930
5.857234 145.965805
5.863039 146.338608
5.868844 146.203522
5.874649 150.532196
5.880454 150.516876
5.886259 150.317963
5.892064 149.758301
5.897869 445.212494
5.903674 443.971069
5.909479 147.904144
5.915284 147.764603
5.921088 147.650711
5.926893 442.873901
5.932698 442.279114
5.938503 441.493469
5.944308 440.853851
5.950113 146.868057
5.955918 146.863129
5.961723 147.082260
5.967528 148.678802
5.973333 148.570953
5.979138 152.212372
5.984943 152.120193
5.990748 151.884888
5.996553 148.465729
6.002358 148.209412
6.008163 309.899536
6.013968 211.511353
6.019773 211.443604
6.025578 214.291321
6.031383 214.129517
6.037188 213.735214
6.042993 106.580910
6.048798 108.666061
6.054603 4566.333496
6.060408 4539.369141
6.066213 4435.208008
6.072018 4417.540527
6.077823 73.251854
6.083628 73.292374
6.089433 73.334442
6.095238 73.319099
6.101043 62.467899
6.106848 62.474075
6.112653 62.518509
6.118458 62.777744
6.124263 65.907448
6.130068 66.848114
6.135873 73.235542
6.141678 73.338287
6.147483 66.159523
6.153288 778.112000
6.159093 14112.467773
6.164898 14082.334961
6.170703 1276.244873
6.176508 1288.567017
6.182313 1294.430420
6.188118 965.416931
6.193923 216.153473
6.199728 216.318970
6.205533 216.834503
6.211338 217.342087
6.217143 217.484512
6.222948 217.321457
6.228753 217.010025
6.234558 216.622101
6.240363 216.125687
6.246168 215.154953
6.251973 212.151749
6.257778 102.575912
6.263583 4054.819336
6.269388 402.917786
6.275193 402.834015
6.280998 401.791748
6.286803 399.250214
6.292608 397.146698
6.298413 496.734406
6.304218 495.175415
6.310023 446.438965
6.315828 444.915375
6.321633 443.888885
6.327438 443.272430
6.333242 221.659103
6.339047 221.620834
6.344852 221.535004
6.350657 221.336075
6.356462 441.509979
6.362267 441.264893
6.368073 144.515732
6.373878 143.666977
6.379683 137.888824
6.385488 137.683853
6.391293 445.092804
6.397098 444.358856
6.402903 444.465820
6.408708 4375.924805
6.414513 4566.162109
6.420318 4699.506348
6.426123 4518.144043
6.431927 6191.026367
6.437732 13993.097656
6.443537 454.158264
6.449342 450.153168
6.455147 447.128265
6.460952 445.393921
6.466757 444.413849
6.472562 443.956696
6.478367 443.811554
6.484172 443.760223
6.489977 221.537125
6.495782 221.042007
6.501587 147.809845
6.507392 147.174408
6.513197 146.547333
6.519002 146.122604
6.524807 145.766846
6.530612 145.243500
6.536417 409.769409
6.542222 409.290649
6.548027 5150.238770
6.553832 4852.961914
6.559637 4704.737793
6.565442 4540.607910
6.571247 1258.656616
6.577052 3828.724854
6.582857 3747.597900
6.588662 3720.178223
6.594467 3710.778320
6.600272 3709.178467
6.606077 3705.950684
6.611882 3697.886963
6.617687 3691.368896
6.623492 146.339249
6.629297 146.111206
6.635102 3704.027100
6.640907 3706.213135
6.646712 1819.204590
6.652517 1849.718750
6.658322 144.102478
6.664127 153.336197
6.669932 292.494324
6.675737 385.800140
6.681542 386.503662
6.687347 1294.094727
6.693152 1300.461426
6.698957 1301.355957
6.704762 0.000000
6.710567 242.886307
6.716372 222.178589
6.722177 211.282181
6.727982 204.259476
6.733787 204.427155
6.739592 184.495712
6.745397 0.000000
6.751202 76.241173
6.757007 74.726273
6.762812 74.731102
6.768617 74.413399
6.774422 74.276520
6.780227 146.451019
6.786032 146.731445
6.791837 147.208130
6.797642 148.009598
6.803447 148.700562
6.809252 149.299744
6.815057 1811.676758
6.820862 75.488304
6.826667 75.683060
6.832472 75.682236
6.838277 150.905563
6.844081 150.406265
6.849886 150.040359
6.855691 149.677460
6.861496 149.307022
6.867301 148.941681
6.873106 148.501724
6.878911 147.958008
6.884717 147.415344
6.890522 146.912521
6.896327 146.439575
6.902132 146.069672
6.907937 145.910934
6.913742 145.978302
6.919547 146.163483
6.925352 146.334335
6.931157 146.459473
6.936962 146.597107
6.942767 73.467926
6.948571 74.504128
6.954376 74.389023
6.960181 74.286224
6.965986 74.372162
6.971791 74.316338
6.977596 75.355576
6.983401 75.265701
6.989206 3830.280029
6.995011 3489.460938
7.000816 743.290222
7.006621 745.608765
7.012426 747.516235
7.018231 332.683105
7.024036 331.547180
7.029841 147.269257
7.035646 147.012878
7.041451 146.745834
7.047256 146.714188
7.053061 146.967804
7.058866 147.338074
7.064671 147.593292
7.070476 749.526306
7.076281 748.303894
7.082086 3710.512939
7.087891 3673.450439
7.093696 3658.993408
7.099501 3680.151611
7.105306 3701.735352
7.111111 3702.499023
7.116916 3691.627930
7.122721 3703.066406
7.128526 3815.817383
7.134331 209.850784
7.140136 210.183228
7.145941 188.414795
7.151746 187.990280
7.157551 225.784744
7.163356 225.767990
7.169161 108.399254
7.174966 73.208023
7.180771 73.022415
7.186576 146.008530
7.192381 146.085266
7.198186 146.147690
7.203991 73.092987
7.209796 727.201416
7.215601 723.862854
7.221406 3771.154053
7.227211 3708.410400
7.233016 3678.145020
7.238821 3661.309082
7.244626 3655.254395
7.250431 3656.518799
7.256236 3654.643799
7.262041 3648.636230
7.267846 3648.696289
7.273651 1207.470947
7.279456 1218.362671
7.285261 1229.689697
7.291066 726.696106
7.296871 728.239746
7.302676 729.138000
7.308481 143.976242
7.314286 143.923370
7.320091 144.105530
7.325896 144.316513
7.331701 144.589478
7.337506 145.060272
7.343311 145.630966
7.349116 146.274841
7.354921 147.092194
7.360725 815.133972
7.366530 805.372131
7.372335 799.667236
7.378140 217.643112
7.383945 218.421341
7.389750 218.928589
7.395555 219.840576
7.401361 221.173386
7.407166 167.876648
7.412971 588.519226
7.418776 588.142944
7.424581 345.788055
7.430386 340.160431
7.436191 335.819305
7.441996 164.436066
7.447801 164.336060
7.453606 164.256897
7.459411 164.246582
7.465215 164.032074
7.471020 163.314941
7.476825 761.542542
7.482630 760.561707
7.488435 758.790649
7.494240 759.160278
7.500045 761.167236
7.505850 762.667908
7.511655 762.716553
7.517460 1287.757202
7.523265 1287.666138
7.529070 766.553223
7.534875 644.991028
7.540680 646.547791
7.546485 774.948120
7.552290 4299.913574
7.558095 13877.123047
7.563900 745.747437
7.569705 747.456055
7.575510 750.257446
7.581315 755.664856
7.587120 760.160583
7.592925 761.139160
7.598730 757.717163
7.604535 145.912140
7.610340 741.558472
7.616145 741.320740
7.621950 217.642319
7.627755 218.037262
7.633560 217.734573
7.639365 217.210907
7.645170 216.778763
7.650975 216.602646
7.656780 216.534073
7.662585 216.523071
7.668390 216.673447
7.674195 217.114792
7.680000 217.544846
7.685805 217.807404
7.691610 217.942551
7.697415 218.005249
7.703220 217.772247
7.709025 217.496475
7.714830 217.162766
7.720635 216.660217
7.726440 216.336548
7.732245 216.534439
7.738050 219.139023
7.743855 1683.945435
7.749660 1690.876587
7.755465 219.314682
7.761270 219.350418
7.767075 554.307617
7.772880 555.038391
7.778685 153.067505
7.784490 275.823669
7.790295 275.878510
7.796100 386.939514
7.801905 387.033722
7.807710 758.987549
7.813515 1290.479858
7.819320 1814.690918
7.825125 241.759369
7.830930 242.015778
7.836735 231.231613
7.842540 229.859848
7.848345 204.409088
7.854150 204.406250
7.859955 0.000000
7.865760 4289.226562
7.871564 73.542831
7.877369 73.578491
7.883174 241.906250
7.888979 241.361649
7.894784 239.856689
7.900589 238.305206
7.906394 732.596436
7.912199 750.434326
7.918005 767.231201
7.923810 781.390991
7.929615 797.681030
7.935420 573.662231
7.941225 578.674744
7.947030 581.285706
7.952835 581.955750
7.958640 581.917908
7.964445 581.770081
7.970250 581.308777
7.976054 580.920288
7.981859 160.478470
7.987664 157.084274
7.993469 155.532898
7.999274 154.386459
8.005079 150.886688
8.010884 149.903442
8.016689 146.533417
8.022494 145.948746
8.028299 145.431366
8.034104 144.928513
8.039909 144.112747
8.045714 141.897552
8.051519 74.814606
8.057324 74.853226
8.063129 74.828369
8.068934 74.595848
8.074739 74.296715
8.080544 74.229576
8.086349 74.763634
8.092155 76.043503
8.097960 76.864456
8.103765 79.703560
8.109570 6183.283203
8.115375 13309.439453
8.121180 785.287354
8.126985 357.898468
8.132789 356.485474
8.138594 354.758484
8.144399 351.821381
8.150204 350.154297
8.156009 755.468567
8.161814 753.202637
8.167619 749.520203
8.173424 746.759155
8.179229 745.024475
8.185034 144.015640
8.190839 142.860092
8.196644 142.320328
8.202449 142.328110
8.208254 1906.530396
8.214059 1901.746582
8.219864 1901.533325
8.225669 1908.894775
8.231474 1927.081299
8.237279 131.246704
8.243084 379.116486
8.248889 290.685547
8.254694 211.400406
8.260499 201.546692
8.266304 194.515930
8.272109 203.764099
8.277914 203.920624
8.283719 106.464188
8.289524 69.972336
8.295329 77.357422
8.301134 77.396858
8.306939 77.442719
8.312744 74.373306
8.318549 86.829887
8.324354 738.938538
8.330159 725.196716
8.335963 731.706482
8.341768 743.038635
8.347573 76.601097
8.353378 75.162346
8.359183 73.723808
8.364988 73.851837
8.370793 74.048004
8.376598 74.309952
8.382403 74.666260
8.388208 74.857704
8.394013 149.282089
8.399818 148.359726
8.405623 148.191925
8.411428 148.085068
8.417233 147.900330
8.423038 147.671280
8.428843 147.453751
8.434649 147.251511
8.440454 147.152634
8.446259 147.244110
8.452064 147.508835
8.457869 147.756149
8.463674 147.864532
8.469479 147.898636
8.475284 147.918442
8.481089 147.875565
8.486894 147.706451
8.492699 147.256577
8.498504 0.000000
8.504309 0.000000
8.510114 78.797699
8.515919 144.355087
8.521724 116.830467
8.527529 116.675400
8.533334 771.426697
8.539139 777.730530
8.544943 778.899414
8.550748 355.808533
8.556553 353.960815
8.562358 352.021179
8.568163 350.576324
8.573968 174.880234
8.579773 636.250488
8.585578 634.463745
8.591383 632.013977
8.597188 151.020081
8.602993 150.140945
8.608798 149.647171
8.614603 149.134766
8.620408 148.424698
8.626213 147.894943
8.632018 147.581833
8.637823 1239.143066
8.643628 1239.837524
8.649433 1244.582031
8.655238 743.515137
8.661043 743.022156
8.666848 738.324036
8.672653 14047.850586
8.678458 14158.895508
8.684263 4354.218750
8.690068 786.834473
8.695873 783.044006
8.701678 174.941467
8.707483 175.078506
8.713288 76.829330
8.719093 76.365425
8.724898 76.202675
8.730703 74.654701
8.736508 77.035706
8.742313 76.813591
8.748117 76.662560
8.753922 76.537323
8.759727 76.372826
8.765532 78.302505
8.771338 75.539581
8.777143 75.092232
8.782948 75.068825
8.788753 75.111221
8.794558 72.637535
8.800363 72.573273
8.806168 72.540482
8.811973 72.519951
8.817778 72.482796
8.823583 72.445152
8.829388 72.412926
8.835193 72.335152
8.840998 72.391548
8.846803 72.492851
8.852608 73.317017
8.858413 73.297615
8.864218 72.881958
8.870023 72.917648
8.875828 146.225250
8.881633 146.779037
8.887438 147.076859
8.893243 147.126587
8.899048 147.063873
8.904853 146.971893
8.910658 147.017319
8.916463 147.477890
8.922268 147.667694
8.928073 147.464355
8.933878 146.976273
8.939683 146.035889
8.945488 254.753036
8.951293 233.383026
8.957097 232.706924
8.962902 231.501724
8.968707 204.384430
8.974512 204.338455
8.980317 0.000000
8.986122 0.000000
8.991927 74.669838
8.997732 72.278580
9.003537 72.378586
9.009342 72.515236
9.015147 72.718666
9.020952 72.848030
9.026757 72.797646
9.032562 72.518883
9.038367 72.325615
9.044172 72.617691
9.049977 74.153084
9.055782 74.150215
9.061587 74.208305
9.067392 74.106476
9.073197 74.103127
9.079002 74.216331
9.084807 74.329735
9.090612 74.027969
9.096417 74.012634
9.102222 73.871239
9.108027 72.823616
9.113832 73.865936
9.119637 147.760101
9.125443 147.822479
9.131248 147.693649
9.137053 147.355026
9.142858 146.799393
9.148663 146.159439
9.154468 145.839294
9.160272 145.982498
9.166077 146.262100
9.171882 146.281357
9.177687 146.192825
9.183492 1739.647949
9.189297 1752.956909
9.195102 1760.747925
9.200907 1773.086304
9.206712 1784.530762
9.212517 137.188141
9.218322 627.444885
9.224127 1860.657471
9.229932 1859.464233
9.235737 1867.942627
9.241542 489.036011
9.247347 487.422638
9.253152 485.092682
9.258957 482.267426
9.264762 478.836426
9.270567 474.036591
9.276372 157.051239
9.282177 156.974182
9.287982 464.330292
9.293787 464.322021
9.299592 464.587219
9.305397 464.777008
9.311202 464.687225
9.317007 464.713776
9.322812 464.900452
9.328617 465.234100
9.334422 465.529999
9.340227 465.673462
9.346032 465.717163
9.351837 465.804016
9.357642 465.940674
9.363446 465.634491
9.369251 233.341888
9.375056 232.474335
9.380861 230.478867
9.386666 202.861801
9.392471 203.693909
9.398276 203.796570
9.404081 106.574341
9.409886 76.172958
9.415691 77.292191
9.421496 77.318588
9.427301 77.473190
9.433106 77.676880
9.438911 77.613243
9.444716 77.376160
9.450521 77.210014
9.456326 77.764183
9.462132 77.751442
9.467937 77.680672
9.473742 77.534187
9.479547 77.459419
9.485352 77.524025
9.491157 77.589531
9.496962 77.536209
9.502767 77.426819
9.508572 77.399147
9.514377 77.444153
9.520182 490.525604
9.525987 357.158020
9.531792 446.816132
9.537597 445.379852
9.543402 444.379364
9.549207 443.688690
9.555012 443.290314
9.560817 443.074158
9.566622 147.532379
9.572426 147.326080
9.578231 146.947479
9.584036 146.418884
9.589841 146.059052
9.595646 145.927719
9.601451 145.859833
9.607256 145.968903
9.613061 146.309982
9.618866 146.671539
9.624671 146.971558
9.630476 147.176910
9.636281 147.266663
9.642086 147.171448
9.647891 445.932068
9.653696 442.610626
9.659501 442.477295
9.665306 446.001038
9.671111 146.847733
9.676916 460.666870
9.682721 412.750183
9.688526 413.563568
9.694331 153.168076
9.700136 154.096634
9.705941 155.121414
9.711746 156.085938
9.717551 157.047531
9.723356 157.788391
9.729161 158.183441
9.734966 158.438126
9.740771 146.446655
9.746576 146.784149
9.752381 433.077820
9.758186 440.646759
9.763991 442.752380
9.769796 444.512604
9.775600 448.582184
9.781405 147.212418
9.787210 418.618958
9.793015 148.916443
9.798820 149.064682
9.804626 149.028534
9.810431 148.786896
9.816236 148.190216
9.822041 147.425140
9.827846 146.950012
9.833651 146.658798
9.839456 146.468964
9.845261 73.374176
9.851066 73.369499
9.856871 73.750572
9.862676 74.117882
9.868481 74.121811
9.874286 74.102524
9.880091 74.071075
9.885896 73.995712
9.891701 73.912567
9.897506 73.932632
9.903311 73.980705
9.909116 74.053680
9.914921 74.086151
9.920726 73.885269
9.926531 73.825623
9.932336 73.787552
9.938141 73.367348
9.943946 73.579781
9.949751 3790.502197
9.955556 1873.212036
9.961361 147.288620
9.967166 147.527634
9.972971 147.959503
9.978776 148.323059
9.984580 1974.383179
9.990385 1987.945923
9.996190 1985.920776
10.001995 1979.430542
10.007800 73.785789
10.013605 75.456390
10.019410 74.256683
10.025215 74.279533
10.031020 76.304276
10.036825 91.931183
10.042630 93.648209
10.048435 1810.589722
10.054240 1828.292236
10.060045 386.200562
10.065850 1881.249268
10.071655 536.364502
10.077460 240.372421
10.083265 231.839249
10.089070 231.201965
10.094875 220.632156
10.100680 204.443527
10.106485 106.523186
10.112290 106.492752
10.118095 0.000000
10.123900 73.403564
10.129705 73.508049
10.135510 72.504021
10.141315 145.364853
10.147120 145.400452
10.152925 145.330154
10.158731 145.411331
10.164536 145.684937
10.170341 145.986526
10.176146 146.276199
10.181951 146.493637
10.187755 146.573563
10.193560 73.133148
10.199365 73.227211
10.205170 73.464058
10.210975 147.106461
10.216780 146.920746
10.222585 146.648331
10.228390 146.494553
10.234195 149.998032
10.240000 150.485123
10.245805 150.388260
10.251610 1908.720825
10.257415 155.841217
10.263220 156.198959
10.269025 157.070038
10.274830 157.798981
10.280635 158.144653
10.286440 158.202255
10.292245 158.035873
10.298050 157.737411
10.303855 74.282776
10.309660 73.567200
10.315465 147.468964
10.321270 147.262360
10.327075 147.346481
10.332880 147.308960
10.338685 147.281097
10.344490 146.653839
10.350295 145.560120
10.356100 145.825317
10.361905 3922.229004
10.367710 147.807251
10.373515 148.495636
10.379320 148.482635
10.385125 148.271011
10.390930 148.064957
10.396734 147.926666
10.402539 147.787277
10.408344 147.601990
10.414149 147.407608
10.419954 147.210403
10.425759 147.086960
10.431564 147.280609
10.437369 148.333862
10.443174 148.802246
10.448979 148.255157
10.454784 147.084946
10.460589 147.386826
10.466394 147.939285
10.472199 148.032425
10.478004 147.971695
10.483809 147.871811
10.489614 305.866699
10.495420 221.340561
10.501225 192.527130
10.507030 190.475250
10.512835 190.415771
10.518640 198.084106
10.524445 222.543243
10.530250 4460.351074
10.536055 4553.710449
10.541860 4475.051758
10.547665 4337.031738
10.553470 4303.763672
10.559275 73.282333
10.565080 73.351845
10.570885 73.457024
10.576690 73.558411
10.582495 62.502380
10.588300 447.561462
10.594105 445.531281
10.599909 441.949188
10.605714 440.698181
10.611519 440.466980
10.617324 440.630920
10.623129 72.447563
10.628934 72.437408
10.634739 13990.451172
10.640544 13854.138672
10.646349 13840.975586
10.652154 13894.491211
10.657959 13978.438477
10.663764 4445.100098
10.669569 4382.005371
10.675374 894.088440
10.681179 250.624191
10.686984 251.519119
10.692789 252.899536
10.698594 254.173355
10.704399 254.595428
10.710204 254.058212
10.716009 252.737350
10.721814 250.956024
10.727619 248.436539
10.733424 1856.351196
10.739229 1855.370728
10.745034 1849.390137
10.750839 1847.572021
10.756644 1854.284668
10.762449 1864.493042
10.768254 1873.864868
10.774059 1880.545654
10.779864 481.610962
10.785669 447.575012
10.791474 445.816345
10.797279 444.586151
10.803084 443.733765
10.808888 443.172119
10.814693 442.760101
10.820498 442.318359
10.826303 441.776062
10.832108 441.248047
10.837914 440.808838
10.843719 440.633850
10.849524 442.367676
10.855329 446.144867
10.861134 446.957886
10.866939 4141.812988
10.872744 3964.073730
10.878549 3924.259033
10.884354 0.000000
10.890159 4032.529541
10.895964 443.026672
10.901769 442.719940
10.907574 4406.413086
10.913379 13980.206055
10.919184 454.592133
10.924989 453.622894
10.930794 449.049347
10.936599 446.026886
10.942404 444.597870
10.948209 443.672974
10.954014 442.934937
10.959819 442.314850
10.965624 441.881470
10.971429 220.658096
10.977234 151.365921
10.983039 150.578339
10.988844 149.643265
10.994649 148.867233
11.000454 148.011200
11.006259 147.465012
11.012063 1815.315308
11.017868 1823.422485
11.023673 1829.300415
11.029478 1856.593506
11.035283 4313.419434
11.041088 4067.918457
11.046893 4026.774902
11.052698 4059.341064
11.058503 4151.540527
11.064308 4356.496094
11.070113 4563.391113
11.075918 4534.208008
11.081723 4413.144531
11.087528 4345.287109
11.093333 4323.229004
11.099138 4343.427734
11.104943 4386.182129
11.110748 4384.114258
11.116553 503.496613
11.122358 502.849152
11.128163 147.673569
11.133968 146.045822
11.139773 144.402771
11.145578 143.818115
11.151383 144.057907
11.157188 144.456833
11.162993 144.684174
11.168798 144.773285
11.174603 144.800522
11.180408 144.768021
11.186213 121.447945
11.192019 233.197098
11.197824 232.924606
11.203629 232.075958
11.209434 204.729691
11.215239 106.626266
11.221043 0.000000
11.226848 89.477592
11.232653 76.043808
11.238458 76.029503
11.244263 76.025902
11.250068 72.397202
11.255873 72.474609
11.261678 72.651955
11.267483 3616.397949
11.273288 3622.794434
11.279093 3608.395996
11.284898 3588.473145
11.290703 3586.580078
11.296508 3598.555420
11.302313 3613.101807
11.308118 3637.282959
11.313923 73.590645
11.319728 73.658386
11.325533 73.475304
11.331338 73.702118
11.337143 73.744247
11.342948 73.711548
11.348753 73.685020
11.354558 73.728935
11.360363 72.480743
11.366168 3547.659912
11.371973 72.393028
11.377778 145.127411
11.383583 145.461594
11.389388 145.476349
11.395193 72.693176
11.400998 72.618324
11.406803 74.275856
11.412608 74.074615
11.418413 74.054131
11.424217 74.027924
11.430022 76.166183
11.435827 79.546341
11.441632 148.180481
11.447437 149.046677
11.453242 149.777832
11.459047 150.155136
11.464852 150.350418
11.470657 150.364349
11.476462 150.248535
11.482267 743.610291
11.488072 337.403717
11.493877 335.432922
11.499682 333.529419
11.505487 331.546326
11.511292 330.086029
11.517097 329.451141
11.522902 329.529724
11.528708 329.598297
11.534513 147.312988
11.540318 147.300110
11.546123 147.423828
11.551928 147.647903
11.557733 147.877487
11.563538 147.898270
11.569343 147.621597
11.575148 147.297607
11.580953 147.241791
11.586758 147.763153
11.592563 148.657394
11.598368 148.961212
11.604173 373.081390
11.609978 219.637985
11.615783 210.720093
11.621588 202.278214
11.627392 203.585663
11.633197 203.901505
11.639002 106.578827
11.644807 108.691475
11.650612 0.000000
11.656417 82.716118
11.662222 82.697006
11.668027 605.967468
11.673832 608.333008
11.679637 611.443665
11.685442 3753.478516
11.691247 3724.007812
11.697052 3691.814941
11.702857 3664.296387
11.708662 917.002075
11.714467 152.731262
11.720272 152.379593
11.726077 151.946365
11.731882 151.342697
11.737687 150.575180
11.743492 150.095856
11.749297 150.036392
11.755102 150.278320
11.760907 150.654724
11.766712 150.875900
11.772517 150.765579
11.778322 150.401337
11.784127 149.963211
11.789932 149.653900
11.795737 149.602310
11.801542 149.802231
11.807347 150.162567
11.813152 150.613754
11.818957 151.078583
11.824762 151.501434
11.830567 151.915527
11.836371 152.322525
11.842176 840.022217
11.847981 839.959900
11.853786 222.115982
11.859591 222.111099
11.865396 222.099854
11.871202 222.206314
11.877007 222.279816
11.882812 222.124176
11.888617 222.032791
11.894422 223.458084
11.900227 606.773621
11.906032 734.428162
11.911837 737.082031
11.917642 333.097504
11.923447 163.531067
11.929252 163.605499
11.935057 163.817261
11.940862 164.089844
11.946667 164.147827
11.952472 163.810028
11.958277 163.225464
11.964082 162.664902
11.969887 162.191330
11.975692 236.632278
11.981497 236.261932
11.987302 236.222610
11.993107 236.214279
11.998912 236.004196
12.004717 235.439178
12.010522 234.180252
12.016327 231.865555
12.022132 1813.897949
12.027937 1812.257812
12.033742 1808.591064
12.039546 148.048508
12.045351 148.080902
12.051156 148.094345
12.056961 147.970993
12.062766 147.879913
12.068571 147.911575
12.074376 147.932129
12.080181 224.350006
12.085986 224.158386
12.091791 223.943970
12.097596 223.619293
12.103401 223.019943
12.109206 222.182373
12.115011 221.372833
12.120816 220.702576
12.126621 220.535339
12.132426 220.693695
12.138231 220.976562
12.144036 221.356522
12.149841 221.739609
12.155646 222.057098
12.161451 222.422440
12.167256 222.840927
12.173061 223.250076
12.178866 223.447098
12.184671 223.527954
12.190476 227.660950
12.196281 387.345123
12.202086 1278.846802
12.207891 1275.228638
12.213696 1269.563354
12.219501 1265.662720
12.225307 1263.214111
12.231112 1260.448486
12.236917 1259.329956
12.242722 1268.116821
12.248526 136.963760
12.254331 4847.739746
12.260136 5025.846680
12.265941 387.255737
12.271746 387.237091
12.277551 387.051392
12.283356 152.574371
12.289161 152.700073
12.294966 230.338287
12.300771 242.107040
12.306576 244.123093
12.312381 242.424500
12.318186 231.827637
12.323991 229.470459
12.329796 176.921310
12.335601 0.000000
12.341406 0.000000
12.347211 73.499664
12.353016 73.585854
12.358821 249.878922
12.364626 248.196732
12.370431 245.563492
12.376236 751.656311
12.382041 760.710449
12.387846 771.680786
12.393651 75.455330
12.399456 73.938423
12.405261 73.885262
12.411066 73.619408
12.416871 73.420502
12.422676 73.887314
12.428481 73.915359
12.434286 73.821541
12.440091 73.743019
12.445896 73.757416
12.451700 73.767059
12.457505 4728.736816
12.463310 4544.085449
12.469115 4438.796387
12.474920 4387.805176
12.480725 4376.322754
12.486530 72.805817
12.492335 72.940865
12.498140 73.142937
12.503945 73.337753
12.509750 74.320831
12.515555 73.636871
12.521360 74.101326
12.527165 74.096024
12.532970 73.959846
12.538775 73.916679
12.544580 74.061424
12.550385 74.555878
12.556190 75.624832
12.561996 75.881432
12.567801 75.932175
12.573606 0.000000
12.579411 137.246567
12.585216 137.549484
12.591021 141.730652
12.596826 788.370056
12.602631 786.989807
12.608436 357.046875
12.614241 355.224213
12.620046 353.028503
12.625851 351.387146
12.631656 174.647415
12.637461 174.302460
12.643266 148.504745
12.649071 679.660095
12.654876 703.354004
12.660680 713.403931
12.666485 723.818298
12.672290 733.152588
12.678095 510.649658
12.683900 1780.914917
12.689705 1792.250732
12.695510 1826.563232
12.701315 661.145935
12.707120 4244.304199
12.712925 4208.217773
12.718730 4191.133789
12.724535 4311.383789
12.730340 211.712753
12.736145 201.912704
12.741950 202.900803
12.747755 203.762543
12.753560 204.028198
12.759365 115.829849
12.765170 115.601196
12.770975 100.925507
12.776780 77.340973
12.782585 77.287407
12.788390 86.910896
12.794195 86.895317
12.800000 86.854263
12.805805 69.540756
12.811610 69.012436
12.817415 69.064957
12.823220 1934.845215
12.829025 4134.365234
12.834830 68.165955
12.840635 66.726822
12.846440 69.963242
12.852245 73.551796
12.858050 68.080246
12.863854 70.301521
12.869659 14431.445312
12.875464 2389.810059
12.881269 3588.654297
12.887074 3635.317139
12.892879 3639.980957
12.898685 3637.397705
12.904490 3632.446045
12.910295 1830.158325
12.916100 1817.447754
12.921905 142.077988
12.927710 141.569611
12.933515 141.432922
12.939320 141.443405
12.945125 141.438324
12.950930 141.334763
12.956735 141.171051
12.962540 141.093155
12.968345 141.217819
12.974150 141.485596
12.979955 141.673798
12.985760 141.688812
12.991565 630.253723
12.997370 616.187317
13.003175 608.216553
13.008980 761.412476
13.014785 773.440125
13.020590 776.623962
13.026395 357.196625
13.032200 355.549133
13.038005 353.430908
13.043810 351.437531
13.049615 350.336487
13.055420 349.783813
13.061225 349.165222
13.067030 348.644928
13.072834 348.399475
13.078639 348.382477
13.084444 147.233887
13.090249 146.439087
13.096054 608.752197
13.101859 625.123718
13.107664 648.223450
13.113469 665.374573
13.119274 672.335327
13.125079 1746.592651
13.130884 1770.374634
13.136689 1767.979492
13.142494 1763.011230
13.148299 1772.803101
13.154104 1788.787476
13.159909 789.071716
13.165714 785.324097
13.171519 357.956055
13.177324 355.823761
13.183129 350.650024
13.188934 348.055298
13.194739 347.866089
13.200544 140.918289
13.206349 141.387787
13.212154 141.870453
13.217959 174.629532
13.223764 175.024963
13.229569 175.581253
13.235374 682.407776
13.241179 346.785309
13.246984 347.805420
13.252789 336.509918
13.258595 335.571014
13.264400 1048.620483
13.270205 144.667740
13.276009 144.709335
13.281814 144.641785
13.287619 144.520523
13.293424 144.355988
13.299229 144.222458
13.305034 144.237396
13.310839 979.163879
13.316644 1048.070312
13.322449 1120.456665
13.328254 141.819244
13.334059 142.123016
13.339864 142.474121
13.345669 142.997726
13.351474 143.879990
13.357279 144.522415
13.363084 145.027985
13.368889 145.300293
13.374694 145.234924
13.380499 144.858582
13.386304 1895.656250
13.392109 1903.251343
13.397914 4220.222168
13.403719 1307.511963
13.409524 1302.730713
13.415329 1300.156616
13.421134 254.793655
13.426939 242.363586
13.432744 241.053955
13.438549 230.497070
13.444354 185.848907
13.450159 185.115616
13.455964 175.117798
13.461769 4395.560547
13.467574 4504.258789
13.473379 76.117699
13.479183 76.088242
13.484988 76.020714
13.490793 75.610664
13.496598 73.256577
13.502403 73.205643
13.508208 146.307068
13.514013 146.217926
13.519818 146.448578
13.525623 73.584846
13.531428 73.753990
13.537233 73.750244
13.543038 73.591492
13.548843 73.443245
13.554648 73.523483
13.560453 74.063446
13.566258 74.008255
13.572063 73.644577
13.577868 73.385986
13.583673 73.157303
13.589478 72.935333
13.595284 72.876793
13.601089 72.804909
13.606894 72.773087
13.612699 72.893120
13.618504 72.757843
13.624309 72.343513
13.630114 72.335556
13.635919 75.619041
13.641724 75.636452
13.647529 75.506783
13.653334 75.349426
13.659139 75.194824
13.664944 150.056778
13.670749 149.529083
13.676554 74.496803
13.682359 74.293083
13.688163 148.528671
13.693968 1947.811646
13.699773 149.220245
13.705578 149.158691
13.711383 148.868118
13.717188 486.905914
13.722993 476.176849
13.728798 474.492615
13.734603 472.942719
13.740408 471.631775
13.746213 470.562531
13.752018 234.733109
13.757823 149.040268
13.763628 149.040253
13.769433 149.041962
13.775238 148.978867
13.781043 148.892853
13.786848 148.864609
13.792653 148.903442
13.798458 148.827133
13.804263 1874.114624
13.810068 1868.092529
13.815873 468.008301
13.821678 467.269409
13.827483 466.319550
13.833288 466.175537
13.839093 466.231232
13.844898 233.227432
13.850703 231.926331
13.856508 219.193619
13.862313 192.110001
13.868118 203.808075
13.873923 203.847687
13.879728 184.491272
13.885533 4370.641602
13.891337 4594.380371
13.897142 0.000000
13.902947 0.000000
13.908752 670.984375
13.914557 150.905396
13.920362 151.092026
13.926167 151.456528
13.931973 152.254349
13.937778 152.935928
13.943583 646.813538
13.949388 639.747437
13.955193 636.090210
13.960998 66.783249
13.966803 469.582672
13.972608 468.596924
13.978413 468.973450
13.984218 470.990631
13.990023 473.603760
13.995828 490.107758
14.001633 449.789368
14.007438 446.880310
14.013243 445.490723
14.019048 444.489899
14.024853 443.780670
14.030658 443.310211
14.036463 147.733810
14.042268 147.565674
14.048073 147.258286
14.053878 146.744705
14.059683 146.346039
14.065488 146.200607
14.071293 146.117310
14.077098 146.180511
14.082903 146.526215
14.088708 146.982910
14.094513 147.508499
14.100317 148.281769
14.106122 149.148056
14.111927 149.787750
14.117732 150.241928
14.123537 150.619675
14.129342 150.761902
14.135147 150.094833
14.140952 149.479828
14.146757 149.219193
14.152562 222.027588
14.158367 223.827454
14.164172 159.306931
14.169977 769.080994
14.175782 771.231934
14.181587 163.244049
14.187392 163.713898
14.193197 164.114975
14.199002 164.530548
14.204807 164.693695
14.210612 164.500092
14.216417 163.991928
14.222222 163.328873
14.228027 162.579147
14.233832 161.831085
14.239637 161.292236
14.245442 161.014938
14.251247 147.955780
14.257052 147.785843
14.262857 459.062683
14.268662 459.619049
14.274467 414.276428
14.280272 1849.217041
14.286077 151.069183
14.291883 151.021927
14.297688 150.822693
14.303492 150.493469
14.309297 149.965805
14.315102 149.493927
14.320907 149.085739
14.326712 148.721939
14.332517 148.424591
14.338322 148.272751
14.344127 148.189972
14.349932 148.251556
14.355737 1900.359497
14.361542 1869.959473
14.367347 1859.280273
14.373152 1860.306885
14.378957 1302.200806
14.384762 1307.114868
14.390567 1307.395752
14.396372 1299.658569
14.402177 194.379227
14.407982 194.375809
14.413787 4435.487305
14.419592 4510.983398
14.425397 1839.328613
14.431202 3677.693115
14.437007 3677.080566
14.442812 3683.185547
14.448617 3675.336182
14.454422 3661.681641
14.460227 149.437561
14.466032 149.561798
14.471837 149.574158
14.477642 149.504593
14.483447 149.396561
14.489252 149.177902
14.495057 3616.250732
14.500862 3609.188965
14.506667 3605.323242
14.512471 3629.280029
14.518276 3667.491455
14.524081 3676.264893
14.529886 3673.457764
14.535691 1817.751343
14.541496 1811.857178
14.547301 147.433853
14.553106 230.973938
14.558911 230.581299
14.564716 184.405716
14.570521 184.308273
14.576326 0.000000
14.582131 73.395927
14.587936 73.527870
14.593741 73.585495
14.599546 73.596252
14.605351 146.945740
14.611156 147.035187
14.616961 147.296677
14.622766 147.620239
14.628572 147.948013
14.634377 148.263260
14.640182 148.653305
14.645987 149.216095
14.651792 74.799301
14.657597 74.719528
14.663402 148.278122
14.669207 147.107285
14.675012 146.292450
14.680817 146.042786
14.686622 146.031219
14.692427 146.525208
14.698232 147.229675
14.704037 148.281509
14.709842 148.539352
14.715646 148.362885
14.721451 147.977158
14.727256 147.803131
14.733061 161.270569
14.738866 162.236359
14.744671 163.027466
14.750476 150.127228
14.756281 150.109146
14.762086 149.598511
14.767891 149.210648
14.773696 149.114563
14.779501 149.276794
14.785306 149.674683
14.791111 149.833786
14.796916 149.255814
14.802721 147.268723
14.808526 147.425354
14.814331 148.394318
14.820136 144.138184
14.825941 149.129517
14.831746 147.890915
14.837551 153.190262
14.843356 153.131592
14.849161 445.739441
14.854966 444.908173
14.860771 444.287140
14.866576 443.901550
14.872381 221.540146
14.878186 221.347580
14.883991 221.131454
14.889796 220.995712
14.895601 220.994659
14.901406 220.939957
14.907211 149.689178
14.913016 3912.478760
14.918821 3900.156494
14.924625 3903.957275
14.930430 3916.938477
14.936235 148.600479
14.942040 148.114044
14.947845 147.872589
14.953650 148.064087
14.959455 0.000000
14.965261 0.000000
14.971066 218.622375
14.976871 217.799545
14.982676 204.199142
14.988481 196.999359
14.994286 204.726669
15.000091 106.732803
15.005896 222.626541
15.011701 444.005066
15.017506 443.541412
15.023311 443.476959
15.029116 4426.975098
15.034921 73.234047
15.040726 73.298447
15.046531 73.332161
15.052336 73.373146
15.058141 62.472168
15.063946 62.453514
15.069751 62.424393
15.075556 73.342613
15.081361 73.231728
15.087166 73.085793
15.092971 75.443123
15.098776 68.026657
15.104581 6230.092285
15.110386 13812.789062
15.116191 13727.075195
15.121996 13778.510742
15.127800 6030.627441
15.133605 5179.217285
15.139410 5025.631348
15.145215 4592.480469
15.151020 733.886169
15.156825 245.508453
15.162630 245.862625
15.168435 245.307434
15.174240 244.171387
15.180045 242.896317
15.185850 241.740646
15.191655 240.551987
15.197460 239.090195
15.203265 237.173447
15.209070 234.846375
15.214875 232.293106
15.220680 227.387283
15.226485 1044.416016
15.232290 1042.724854
15.238095 197.234360
15.243900 1058.401855
15.249705 483.195557
15.255510 451.819489
15.261315 448.693604
15.267120 446.594025
15.272925 445.223267
15.278730 444.305450
15.284535 443.737030
15.290340 443.321320
15.296145 221.260086
15.301950 221.009277
15.307755 152.466446
15.313560 152.100403
15.319366 151.661896
15.325171 151.513275
15.330976 151.468521
15.336780 151.506073
15.342585 151.568726
15.348390 151.585403
15.354195 151.552200
15.360000 151.502411
15.365805 754.228027
15.371610 754.926453
15.377415 3784.197266
15.383220 3778.296875
15.389025 3978.807129
15.394830 1252.923584
15.400635 456.336395
15.406440 453.058716
15.412245 449.042236
15.418050 445.950073
15.423855 444.692017
15.429660 444.234558
15.435465 147.437164
15.441270 147.500443
15.447075 147.665054
15.452880 147.894562
15.458685 147.867996
15.464490 147.528595
15.470295 146.873962
15.476100 447.419373
15.481905 445.627136
15.487710 444.289642
15.493515 147.989609
15.499320 148.077286
15.505125 148.218613
15.510930 148.789078
15.516735 148.591476
15.522540 148.294128
15.528345 146.111603
15.534150 145.955627
15.539954 145.959900
15.545759 146.203308
15.551564 146.684189
15.557369 146.104614
15.563174 146.147644
15.568979 146.439362
15.574784 146.579346
15.580589 146.623840
15.586394 146.786072
15.592199 147.187424
15.598004 147.635300
15.603809 147.802063
15.609614 147.683823
15.615419 147.515503
15.621224 147.648743
15.627029 148.119370
15.632834 148.541122
15.638639 148.875916
15.644444 149.096939
15.650249 149.059570
15.656054 148.899323
15.661860 233.505844
15.667665 233.922318
15.673470 211.925217
15.679275 212.209579
15.685080 204.601273
15.690885 175.577225
15.696690 0.000000
15.702495 73.533791
15.708300 73.548851
15.714105 73.587959
15.719910 73.611839
15.725715 73.286156
15.731520 73.276299
15.737325 73.301178
15.743129 73.327141
15.748934 73.325241
15.754739 73.419449
15.760544 73.458176
15.766349 73.440132
15.772154 73.433029
15.777959 73.610481
15.783764 74.764542
15.789569 74.784256
15.795374 74.366730
15.801179 74.133904
15.806984 73.994286
15.812789 73.797951
15.818594 73.572029
15.824399 73.240921
15.830204 73.043434
15.836009 72.954651
15.841814 72.878082
15.847619 72.819771
15.853424 72.762283
15.859229 72.737770
15.865034 72.855568
15.870839 72.511703
15.876644 72.355316
15.882449 74.244690
15.888254 74.722595
15.894059 75.276947
15.899864 75.195206
15.905669 74.947388
15.911474 149.306717
15.917279 148.637558
15.923084 147.738358
15.928889 147.230606
15.934694 147.135681
15.940499 147.182083
15.946304 147.251083
15.952108 147.370255
15.957913 147.540237
15.963718 147.690186
15.969523 147.747452
15.975328 728.267273
15.981133 722.556641
15.986938 712.696472
15.992743 330.223022
15.998549 329.115234
16.004354 328.419861
16.010159 329.201416
16.015965 331.877655
16.021769 334.462341
16.027575 334.272827
16.033379 333.290649
16.039185 334.780273
16.044989 336.422607
16.050795 337.582916
16.056599 337.016571
16.062403 1803.591187
16.068209 1819.836304
16.074013 1829.584839
16.079819 314.389618
16.085623 211.462570
16.091429 211.267288
16.097233 202.750305
16.103039 192.398804
16.108843 204.239319
16.114649 203.802887
16.120453 108.759972
16.126259 73.520073
16.132063 73.542046
16.137869 4615.797363
16.143673 82.271561
16.149479 82.220734
16.155283 609.114136
16.161089 73.362564
16.166893 73.415009
16.172699 65.441635
16.178503 66.231979
16.184309 67.015167
16.190113 65.997742
16.195919 66.798088
16.201723 66.807503
16.207529 67.036423
16.213333 240.323395
16.219139 240.016556
16.224943 239.322357
16.230749 237.613419
16.236553 235.323029
16.242359 233.303635
16.248163 232.663528
16.253969 232.240097
16.259773 232.431427
16.265577 233.077805
16.271383 233.337097
16.277187 232.888535
16.282993 693.439575
16.288797 693.470093
16.294603 693.553223
16.300407 142.656631
16.306213 142.485977
16.312017 142.707428
16.317823 143.084061
16.323627 143.347748
16.329433 143.529648
16.335238 143.709869
16.341043 144.017578
16.346848 144.510818
16.352654 790.835083
16.358458 787.558716
16.364264 146.859009
16.370068 147.779434
16.375874 148.852707
16.381678 759.298828
16.387484 335.650299
16.393288 334.448029
16.399094 332.829376
16.404898 331.229950
16.410704 330.011780
16.416508 329.026672
16.422314 328.558136
16.428118 328.419098
16.433924 1802.527466
16.439728 1797.497314
16.445534 1794.677856
16.451338 3629.151123
16.457144 3603.486328
16.462948 3570.345459
16.468752 157.901474
16.474558 157.578522
16.480362 119.533035
16.486168 240.142609
16.491972 240.004044
16.497778 239.965759
16.503582 239.687027
16.509388 238.870300
16.515192 237.786270
16.520998 236.227600
16.526802 1776.950317
16.532608 334.638000
16.538412 333.588989
16.544218 332.629852
16.550022 1780.120483
16.555828 1795.374146
16.561632 226.932831
16.567438 224.495132
16.573242 223.424301
16.579048 223.154373
16.584852 223.067047
16.590658 222.637238
16.596462 222.103073
16.602268 221.652878
16.608072 221.395233
16.613878 221.302216
16.619682 221.347443
16.625488 221.511200
16.631292 221.665955
16.637098 221.737961
16.642902 221.687103
16.648708 221.497055
16.654512 221.220551
16.660318 221.171631
16.666122 221.095795
16.671926 220.693481
16.677732 216.961044
16.683537 216.569153
16.689342 387.054840
16.695147 503.504486
16.700953 1272.787354
16.706757 1273.836792
16.712563 1276.523804
16.718367 272.333557
16.724173 384.441925
16.729977 321.295471
16.735783 550.297791
16.741587 549.515015
16.747393 386.646912
16.753197 386.753113
16.759003 1305.498291
16.764807 1298.428955
16.770613 1292.884033
16.776417 0.000000
16.782223 242.126266
16.788027 241.215332
16.793833 230.872238
16.799637 229.758347
16.805443 204.293701
16.811247 106.467567
16.817053 106.497833
16.822857 89.618690
16.828663 73.564423
16.834467 77.358253
16.840273 74.790344
16.846077 83.497536
16.851883 759.794800
16.857687 753.046082
16.863493 752.886658
16.869297 755.706421
16.875101 758.968567
16.880907 761.104431
16.886711 760.973206
16.892517 757.973938
16.898321 1881.440430
16.904127 1887.766113
16.909931 1884.308838
16.915737 1875.582642
16.921541 1866.539917
16.927347 1855.872681
16.933151 762.136963
16.938957 775.311584
16.944761 223.360153
16.950567 223.405182
16.956371 223.001816
16.962177 222.307465
16.967981 221.692947
16.973787 221.377121
16.979591 221.158096
16.985397 220.783722
16.991201 220.125076
16.997007 758.702759
17.002811 72.813156
17.008617 73.009476
17.014421 73.197533
17.020227 74.567177
17.026031 74.403397
17.031837 74.400177
17.037642 74.423851
17.043447 75.261215
17.049252 77.222290
17.055058 76.914658
17.060862 6142.663574
17.066668 6295.222168
17.072472 769.553711
17.078278 357.951904
17.084082 356.794586
17.089886 354.849731
17.095692 352.361115
17.101496 350.780151
17.107302 350.092957
17.113106 349.852905
17.118912 758.068542
17.124716 760.437988
17.130522 761.863098
17.136326 1837.327881
17.142132 227.403351
17.147936 226.379608
17.153742 225.231155
17.159546 224.144714
17.165352 223.328156
17.171156 222.702698
17.176962 3751.197021
17.182766 1253.744019
17.188572 3761.038086
17.194376 204.012375
17.200182 332.724670
17.205986 217.121277
17.211792 201.725998
17.217596 201.778809
17.223402 187.582840
17.229206 203.156036
17.235012 70.910637
17.240816 73.699287
17.246622 73.622177
17.252426 73.645180
17.258232 73.728683
17.264036 73.839088
17.269842 222.145477
17.275646 222.496384
17.281452 222.573517
17.287256 222.487961
17.293060 222.273987
17.298866 73.920265
17.304670 74.149162
17.310476 74.292709
17.316280 74.364609
17.322086 74.356873
17.327890 74.339951
17.333696 74.336510
17.339500 74.345924
17.345306 74.363785
17.351110 74.366127
17.356916 74.319389
17.362720 74.241051
17.368526 74.158180
17.374331 74.137688
17.380136 74.126076
17.385941 74.051933
17.391747 74.031525
17.397551 222.573532
17.403357 222.737000
17.409161 222.474991
17.414967 221.916061
17.420771 221.404022
17.426577 221.085785
17.432381 220.885361
17.438187 220.656586
17.443991 220.359009
17.449797 220.048782
17.455601 219.757278
17.461407 219.524704
17.467211 219.424103
17.473017 219.562241
17.478821 219.981018
17.484627 220.568878
17.490431 221.175735
17.496235 221.791840
17.502041 222.862091
17.507845 224.700455
17.513651 225.508514
17.519455 224.996429
17.525261 223.803970
17.531065 222.542618
17.536871 221.410736
17.542675 220.461624
17.548481 219.747833
17.554285 219.119583
17.560091 218.335785
17.565895 217.063782
17.571701 215.007065
17.577505 213.175003
17.583311 212.237305
17.589115 211.951202
17.594921 211.997452
17.600725 212.488129
17.606531 214.356934
17.612335 218.659973
17.618141 220.045227
17.623945 218.719452
17.629751 216.162231
17.635555 215.943726
17.641361 791.412048
17.647165 791.693176
17.652971 790.559692
17.658775 175.659821
17.664581 175.337372
17.670385 175.205688
17.676191 223.938171
17.681995 224.356384
17.687801 224.648026
17.693605 224.825119
17.699409 224.937607
17.705215 224.950287
17.711020 224.840500
17.716825 224.719269
17.722630 224.680679
17.728436 224.560333
17.734240 74.854347
17.740046 74.679504
17.745850 74.412422
17.751656 73.926270
17.757460 73.748711
17.763266 73.789810
17.769070 74.730301
17.774876 73.849457
17.780680 74.164955
17.786486 74.138901
17.792290 72.157913
17.798096 72.084518
17.803900 72.125656
17.809706 72.304657
17.815510 72.568512
17.821316 72.985474
17.827120 73.176590
17.832926 73.277969
17.838730 73.377182
17.844536 73.376915
17.850340 219.620041
17.856146 218.880814
17.861950 218.481735
17.867756 218.499802
17.873560 218.643326
17.879366 218.471695
17.885170 217.780594
17.890976 216.616150
17.896780 215.339340
17.902586 214.467346
17.908390 213.547577
17.914194 212.245926
17.920000 212.767395
17.925804 205.018600
17.931610 204.740295
17.937414 0.000000
17.943220 101.195862
17.949024 202.752335
17.954830 201.676437
17.960634 200.063477
17.966440 199.326050
17.972244 199.468918
17.978050 199.672852
17.983854 199.651184
17.989660 199.378922
17.995464 199.046585
18.001270 198.866287
18.007074 199.006912
18.012880 199.526199
18.018684 200.146072
18.024490 200.498779
18.030294 200.423935
18.036100 200.056335
18.041904 199.797485
18.047710 199.770859
18.053514 199.889755
18.059320 200.132431
18.065125 200.496155
18.070930 201.045166
18.076735 1900.511353
18.082541 827.028076
18.088345 75.366943
18.094151 75.361374
18.099955 75.255081
18.105761 73.226318
18.111565 1909.961304
18.117369 1882.732422
18.123175 1869.632080
18.128979 1862.806152
18.134785 218.239487
18.140589 217.817535
18.146395 217.567261
18.152199 217.380722
18.158005 216.967697
18.163809 216.217972
18.169615 215.276672
18.175419 1953.126465
18.181225 1955.343384
18.187029 1954.624512
18.192835 1950.231567
18.198639 527.493652
18.204445 526.245422
18.210249 474.532593
18.216055 473.348328
18.221859 472.005005
18.227665 470.518921
18.233469 469.281738
18.239275 468.067841
18.245079 465.830353
18.250885 462.128662
18.256689 3597.011719
18.262495 3524.828125
18.268299 1885.239502
18.274105 1891.488159
18.279909 1893.864624
18.285715 1895.164551
18.291519 1897.675049
18.297325 1898.959351
18.303129 178.540146
18.308935 177.816116
18.314739 177.031815
18.320543 1861.397949
18.326349 174.932281
18.332153 174.276627
18.337959 192.055817
18.343763 191.577255
18.349569 190.931137
18.355373 172.181366
18.361179 75.035538
18.366983 85.737404
18.372789 85.770096
18.378593 3800.414551
18.384399 3789.699219
18.390203 1812.624390
18.396009 1819.916138
18.401814 1832.984619
18.407619 1842.282715
18.413424 1854.716675
18.419230 1877.681152
18.425034 1905.640259
18.430840 90.650169
18.436644 76.615364
18.442450 76.749168
18.448254 77.512924
18.454060 76.851204
18.459864 76.453835
18.465670 76.247406
18.471474 77.617126
18.477280 77.323654
18.483084 448.677307
18.488890 446.756348
18.494694 445.428497
18.500500 444.501221
18.506304 443.961212
18.512110 443.701294
18.517914 443.447235
18.523718 442.947327
18.529524 442.205536
18.535328 441.429260
18.541134 440.853577
18.546938 440.535919
18.552744 440.624237
18.558548 441.405884
18.564354 442.658844
18.570158 443.550812
18.575964 443.829651
18.581768 443.824585
18.587574 443.813049
18.593378 443.765503
18.599184 443.486481
18.604988 442.857025
18.610794 442.195099
18.616598 441.774780
18.622404 441.507599
18.628208 441.411682
18.634014 441.553162
18.639818 441.678741
18.645624 441.413422
18.651428 440.942719
18.657234 440.673431
18.663038 440.526245
18.668844 440.460663
18.674648 440.668854
18.680454 441.037628
18.686258 441.125580
18.692064 440.913879
18.697868 440.859406
18.703674 441.138428
18.709478 441.566925
18.715284 441.927124
18.721088 442.133118
18.726892 442.301849
18.732698 442.682831
18.738503 443.388519
18.744308 444.534546
18.750113 445.177551
18.755919 13990.215820
18.761723 14032.038086
18.767529 74.386986
18.773333 74.374084
18.779139 74.355881
18.784943 74.309105
18.790749 74.239815
18.796553 74.207962
18.802359 73.893852
18.808163 73.763153
18.813969 73.601074
18.819773 73.461899
18.825579 144.606216
18.831383 144.958298
18.837189 145.263351
18.842993 146.203812
18.848799 147.043137
18.854603 147.640594
18.860409 148.122543
18.866213 148.609802
18.872019 148.797699
18.877823 148.662399
18.883629 148.438538
18.889433 148.299088
18.895239 148.215698
18.901043 148.219833
18.906849 148.342987
18.912653 148.484299
18.918459 148.475616
18.924263 148.239899
18.930069 147.897980
18.935873 147.690430
18.941677 147.739090
18.947483 148.047531
18.953287 148.498260
18.959093 149.027939
18.964897 149.682404
18.970703 150.401703
18.976507 150.990051
18.982313 151.547897
18.988117 152.039108
18.993923 152.159195
18.999727 151.808365
19.005533 151.013702
19.011337 149.921417
19.017143 148.849213
19.022947 147.894592
19.028753 520.154114
19.034557 257.566681
19.040363 246.117081
19.046167 230.937592
19.051973 225.436096
19.057777 204.580963
19.063583 0.000000
19.069387 0.000000
19.075193 76.140564
19.080997 77.433739
19.086803 77.457260
19.092607 73.304642
19.098413 73.273499
19.104218 73.339340
19.110023 73.391060
19.115828 73.282562
19.121634 146.070801
19.127438 145.976639
19.133244 145.964569
19.139048 73.163521
19.144852 73.244095
19.150658 73.269478
19.156462 73.234047
19.162268 73.343071
19.168072 146.585510
19.173878 146.265823
19.179682 146.012848
19.185488 145.964615
19.191292 146.254562
19.197098 146.745255
19.202902 73.520226
19.208708 146.969818
19.214512 147.499634
19.220318 148.187256
19.226122 148.140656
19.231928 147.506805
19.237732 147.416626
19.243538 147.644180
19.249342 148.022491
19.255148 148.129517
19.260952 148.025162
19.266758 147.756302
19.272562 147.230286
19.278368 146.598938
19.284172 146.252243
19.289978 146.526581
19.295782 146.716125
19.301588 146.656921
19.307392 146.463898
19.313198 145.082672
19.319002 145.104279
19.324808 447.267761
19.330612 445.666626
19.336418 444.621094
19.342222 443.927521
19.348026 443.512970
19.353832 443.367920
19.359636 443.490356
19.365442 221.141754
19.371246 220.204697
19.377052 218.908478
19.382856 219.261612
19.388662 220.446838
19.394466 221.268539
19.400272 221.534698
19.406076 221.516953
19.411882 221.484558
19.417686 221.474167
19.423492 221.287552
19.429296 220.861526
19.435102 220.503418
19.440907 220.657761
19.446712 221.557388
19.452517 223.202499
19.458323 215.628906
19.464127 214.644409
19.469933 222.769714
19.475737 222.463745
19.481543 444.018799
19.487347 443.728912
19.493153 443.672729
19.498957 443.578949
19.504763 443.132507
19.510567 442.111786
19.516373 440.928040
19.522177 73.296471
19.527983 73.259506
19.533787 73.308411
19.539593 445.315826
19.545397 442.748810
19.551201 440.974457
19.557007 439.737976
19.562811 437.442719
19.568617 434.687988
19.574421 435.180176
19.580227 72.417252
19.586031 6330.557129
19.591837 14151.841797
19.597641 14123.289062
19.603447 14171.976562
19.609251 4443.476074
19.615057 4381.253906
19.620861 4147.854980
19.626667 3786.305420
19.632471 3749.938721
19.638277 3748.084961
19.644081 3751.983643
19.649887 3759.893555
19.655691 218.570709
19.661497 465.860352
19.667301 467.797119
19.673107 225.421097
19.678911 225.354797
19.684717 222.880234
19.690521 221.239227
19.696327 221.365768
19.702131 221.873154
19.707937 222.244232
19.713741 222.256149
19.719547 221.974518
19.725351 221.524887
19.731157 221.251419
19.736961 222.821518
19.742767 446.954315
19.748571 445.424042
19.754377 444.400848
19.760181 443.722168
19.765985 443.304779
19.771791 442.953278
19.777596 442.483917
19.783401 220.985291
19.789206 220.821136
19.795012 220.909576
19.800816 221.406555
19.806622 222.370804
19.812426 223.182388
19.818232 223.481857
19.824036 223.356628
19.829842 222.909256
19.835646 222.348740
19.841452 221.990829
19.847256 221.988068
19.853062 222.221710
19.858866 222.362076
19.864672 222.313965
19.870476 222.378250
19.876282 219.638031
19.882086 449.592194
19.887892 447.358734
19.893696 445.814056
19.899502 444.795990
19.905306 444.108551
19.911112 221.562134
19.916916 221.494217
19.922722 221.585556
19.928526 221.806107
19.934332 221.944199
19.940136 221.946045
19.945942 221.927155
19.951746 221.903015
19.957552 221.872635
19.963356 221.874374
19.969160 221.914902
19.974966 221.944138
19.980770 221.998489
19.986576 222.061188
19.992380 221.957657
19.998186 221.608521
20.003990 221.216721
20.009796 220.919907
20.015600 220.638977
20.021406 220.330048
20.027210 220.085678
20.033016 220.007416
20.038820 220.140457
20.044626 220.519135
20.050430 221.190430
20.056236 221.942917
20.062040 222.807724
20.067846 224.305832
20.073650 225.934662
20.079456 225.497971
20.085260 224.191177
20.091066 223.422852
20.096870 223.471130
20.102676 223.959137
20.108480 224.366119
20.114286 224.731354
20.120090 225.226166
20.125896 225.803543
20.131701 226.279266
20.137506 226.686874
20.143311 227.022873
20.149117 227.172180
20.154921 227.109283
20.160727 226.949081
20.166531 226.726730
20.172335 0.000000
20.178141 75.970345
20.183945 76.052063
20.189751 76.061470
20.195555 76.019829
20.201361 75.902908
20.207165 226.790359
20.212971 226.714401
20.218775 226.801514
20.224581 226.578003
20.230385 226.046921
20.236191 225.574539
20.241995 225.165054
20.247801 224.569366
20.253605 223.825729
20.259411 223.212051
20.265215 222.678482
20.271021 222.194855
20.276825 221.749908
20.282631 221.307388
20.288435 220.912750
20.294241 220.597366
20.300045 220.260178
20.305851 219.835922
20.311655 219.465607
20.317461 219.245071
20.323265 219.135590
20.329071 219.041519
20.334875 218.821823
20.340681 218.490036
20.346485 218.167023
20.352291 217.949753
20.358095 217.899323
20.363901 217.967209
20.369705 218.030029
20.375509 218.012497
20.381315 217.893250
20.387119 217.671768
20.392925 217.427216
20.398729 217.298889
20.404535 217.514389
20.410339 218.961884
20.416145 221.020920
20.421949 221.302826
20.427755 221.225723
20.433559 221.181183
20.439365 338.535706
20.445169 336.656586
20.450975 335.270416
20.456779 333.639160
20.462585 331.676453
20.468390 330.518860
20.474195 330.050201
20.480000 329.528198
20.485806 328.927399
20.491610 328.437561
20.497416 328.279846
20.503220 329.029022
20.509026 220.076752
20.514830 219.755783
20.520636 219.578552
20.526440 219.991577
20.532246 222.614899
20.538050 225.305679
20.543856 224.873886
20.549660 222.514969
20.555466 220.016754
20.561270 219.257904
20.567076 219.199478
20.572880 219.662384
20.578686 220.233887
20.584490 220.833527
20.590294 221.959076
20.596100 222.706161
20.601904 108.725082
20.607710 73.636353
20.613514 73.665352
20.619320 330.532959
20.625124 82.265442
20.630930 81.384010
20.636734 73.153214
20.642540 73.172745
20.648344 73.164291
20.654150 72.331039
20.659954 65.988556
20.665760 65.948326
20.671564 65.944351
20.677370 225.997025
20.683174 226.635727
20.688980 227.161514
20.694784 227.066925
20.700590 226.728012
20.706394 225.835968
20.712200 14090.752930
20.718004 14020.032227
20.723810 229.119690
20.729614 228.646515
20.735420 219.644806
20.741224 219.648056
20.747030 219.823669
20.752834 220.494263
20.758640 219.824112
20.764444 219.007156
20.770250 220.440170
20.776054 222.906921
20.781860 224.317917
20.787664 224.348175
20.793468 223.132645
20.799274 221.303040
20.805079 220.001892
20.810884 219.201767
20.816689 218.609207
20.822495 218.250610
20.828299 218.140274
20.834105 218.219528
20.839909 218.357391
20.845715 218.496857
20.851519 218.673721
20.857325 218.948395
20.863129 219.325363
20.868935 219.699478
20.874739 219.856110
20.880545 219.716690
20.886349 219.492737
20.892155 219.337448
20.897959 219.248657
20.903765 219.193741
20.909569 219.103210
20.915375 218.810028
20.921179 218.295563
20.926985 217.645325
20.932789 216.885284
20.938595 215.743011
20.944399 214.212570
20.950205 213.669006
20.956009 214.124649
20.961815 214.906433
20.967619 194.107651
20.973425 169.027206
20.979229 219.306763
20.985035 13657.639648
20.990839 13942.294922
20.996643 742.217590
