0.000000 0.000000
0.005805 0.000000
0.011610 0.000000
0.017415 0.000000
0.023220 0.000000
0.029025 72.158958
0.034830 72.235458
0.040635 72.391815
0.046440 74.255089
0.052245 74.099052
0.058050 74.193459
0.063855 74.180733
0.069660 74.079765
0.075465 74.125786
0.081270 74.299690
0.087075 74.318977
0.092880 74.024567
0.098685 73.984665
0.104490 72.919678
0.110295 72.745514
0.116100 73.883781
0.121905 147.806641
0.127710 147.796814
0.133515 147.586777
0.139320 147.159378
0.145125 146.541336
0.150930 145.978851
0.156735 145.846359
0.162540 146.104752
0.168345 146.310181
0.174150 146.225952
0.179955 146.264053
0.185760 1746.561035
0.191565 1755.779053
0.197370 1765.113647
0.203175 1777.119507
0.208980 137.137360
0.214785 618.906860
0.220590 1867.258423
0.226395 1856.947266
0.232200 1863.342041
0.238005 489.597260
0.243810 488.518433
0.249615 486.531738
0.255419 484.089966
0.261224 481.006500
0.267029 477.127045
0.272834 471.855194
0.278639 157.016693
0.284444 156.926529
0.290249 464.269318
0.296054 464.412689
0.301859 464.692474
0.307664 464.760986
0.313469 464.665527
0.319274 464.771637
0.325079 465.017944
0.330884 465.366821
0.336689 465.603241
0.342494 465.695343
0.348299 465.739990
0.354104 465.859497
0.359909 465.933289
0.365714 233.076248
0.371519 233.278320
0.377324 231.694260
0.383129 229.887695
0.388934 203.295715
0.394739 203.797195
0.400544 106.634407
0.406349 74.973389
0.412154 77.316559
0.417959 77.292557
0.423764 77.353622
0.429569 77.586174
0.435374 77.673706
0.441179 77.539963
0.446984 77.296730
0.452789 77.730629
0.458594 77.764595
0.464399 77.734543
0.470204 77.627975
0.476009 77.486099
0.481814 77.469299
0.487619 77.563759
0.493424 77.587288
0.499229 77.484222
0.505034 77.414574
0.510839 77.395752
0.516644 77.754913
0.522449 490.746246
0.528254 357.394287
0.534059 446.181885
0.539864 444.949524
0.545669 444.073608
0.551474 443.500763
0.557279 443.195190
0.563084 442.996277
0.568889 147.465225
0.574694 147.201630
0.580499 146.760757
0.586304 146.241943
0.592109 145.994644
0.597914 145.893509
0.603719 145.869934
0.609524 146.083710
0.615329 146.460007
0.621134 146.799408
0.626939 147.063492
0.632744 147.227753
0.638549 147.255493
0.644354 147.079056
0.650159 444.227844
0.655964 442.186554
0.661769 443.379639
0.667574 448.656799
0.673379 147.067673
0.679184 462.798096
0.684989 413.132019
0.690794 152.652206
0.696599 153.515579
0.702404 154.494888
0.708209 155.504044
0.714014 156.460953
0.719819 157.386566
0.725624 157.975525
0.731429 158.288956
0.737234 146.272736
0.743039 146.569199
0.748844 146.935898
0.754649 437.627289
0.760454 441.620941
0.766258 443.430939
0.772063 445.432068
0.777869 456.028564
0.783673 420.251587
0.789478 417.847046
0.795283 149.004547
0.801088 149.070419
0.806893 148.964996
0.812698 148.604446
0.818503 147.885635
0.824308 147.205902
0.830113 146.803192
0.835918 146.592834
0.841723 146.314575
0.847528 73.372307
0.853333 73.370148
0.859138 73.772972
0.864943 74.122467
0.870748 74.116333
0.876553 74.090935
0.882358 74.057785
0.888163 73.948738
0.893968 73.913139
0.899773 73.948868
0.905578 74.005386
0.911383 74.076408
0.917188 74.070488
0.922993 73.848427
0.928798 73.820702
0.934603 73.346596
0.940408 73.404449
0.946213 3828.424561
0.952018 3775.922607
0.957823 1874.687256
0.963628 147.350555
0.969433 147.689758
0.975238 148.114700
0.981043 148.427567
0.986848 1981.878174
0.992653 1988.534180
0.998458 1983.192993
1.004263 1978.140625
1.010068 73.761147
1.015873 74.209816
1.021678 74.265648
1.027483 74.295647
1.033288 77.245964
1.039093 93.632240
1.044898 91.803375
1.050703 1814.110229
1.056508 241.567062
1.062313 386.167755
1.068118 1889.636597
1.073923 63.952621
1.079728 232.421814
1.085533 231.605255
1.091338 220.541489
1.097143 204.521240
1.102948 204.338058
1.108753 106.519608
1.114558 0.000000
1.120363 73.335464
1.126168 73.445641
1.131973 77.189415
1.137778 72.490829
1.143583 145.393433
1.149388 145.377502
1.155193 145.328827
1.160998 145.508484
1.166803 145.801178
1.172608 146.102280
1.178413 146.376923
1.184218 146.540237
1.190023 73.170914
1.195828 73.141136
1.201633 73.300446
1.207438 147.064102
1.213243 147.058273
1.219048 146.808594
1.224853 146.581573
1.230658 148.889755
1.236463 150.305191
1.242268 150.497238
1.248073 1916.397705
1.253878 155.844086
1.259683 155.915482
1.265488 156.495453
1.271293 157.409500
1.277097 157.974777
1.282902 158.198914
1.288707 158.158875
1.294513 157.931778
1.300317 157.592560
1.306122 74.325729
1.311927 145.453979
1.317732 147.398834
1.323537 147.279831
1.329342 147.358780
1.335147 147.281525
1.340952 147.176285
1.346757 146.131836
1.352562 145.514648
1.358367 146.059723
1.364172 3947.639648
1.369977 148.222076
1.375782 148.532272
1.381587 148.411148
1.387392 148.179810
1.393197 148.006409
1.399002 147.876205
1.404807 147.719086
1.410612 147.526886
1.416417 147.330490
1.422222 147.143738
1.428027 147.104950
1.433832 147.544891
1.439637 148.725494
1.445442 148.659225
1.451247 147.824280
1.457052 147.007019
1.462857 147.678696
1.468662 148.008438
1.474467 148.021347
1.480272 147.949463
1.486077 307.606964
1.491882 222.232803
1.497687 220.853790
1.503492 190.876541
1.509297 190.425125
1.515102 190.416855
1.520907 222.742981
1.526712 4378.544434
1.532517 4513.475098
1.538322 4541.470703
1.544127 4418.085449
1.549932 4304.001465
1.555737 4351.680176
1.561542 73.303696
1.567347 73.381935
1.573152 73.504517
1.578957 62.524136
1.584762 62.504841
1.590567 447.217865
1.596372 443.944489
1.602177 441.255127
1.607982 440.538788
1.613787 440.496307
1.619592 440.752563
1.625397 72.440865
1.631202 4502.559570
1.637007 13913.625977
1.642812 13839.352539
1.648617 13855.117188
1.654422 13927.666992
1.660227 6147.323242
1.666032 4418.314941
1.671837 0.000000
1.677642 250.080475
1.683447 250.912888
1.689252 252.012268
1.695057 253.471573
1.700862 254.456528
1.706667 254.498154
1.712472 253.619370
1.718277 252.086578
1.724082 250.124908
1.729887 1851.264038
1.735692 1857.134277
1.741497 1853.104614
1.747302 1847.747070
1.753107 1849.287598
1.758912 1858.244751
1.764717 1868.302002
1.770522 1877.112671
1.776327 1879.246460
1.782132 486.304260
1.787936 446.803009
1.793741 445.285156
1.799546 444.212341
1.805351 443.486359
1.811157 443.002258
1.816961 442.600189
1.822766 442.114227
1.828571 441.560822
1.834376 441.065552
1.840181 440.675873
1.845986 440.879761
1.851791 444.126007
1.857596 446.745148
1.863401 4728.013672
1.869206 4048.448242
1.875011 3936.074951
1.880816 3932.299072
1.886621 0.000000
1.892426 4070.730713
1.898231 443.275421
1.904036 440.953369
1.909841 14034.102539
1.915646 14045.738281
1.921451 454.560333
1.927256 452.071075
1.933061 447.571777
1.938866 445.373230
1.944671 444.199432
1.950476 443.373993
1.956281 442.676300
1.962086 442.116638
1.967891 441.796661
1.973696 220.542374
1.979501 151.041718
1.985306 150.209335
1.991111 149.366455
1.996916 148.505020
2.002721 147.772217
2.008526 147.308578
2.014331 1819.161743
2.020136 1825.389526
2.025941 1834.845093
2.031746 1884.194092
2.037551 4224.867676
2.043356 4036.560791
2.049161 4033.666504
2.054966 4086.033936
2.060771 4218.639160
2.066576 4451.315430
2.072381 4582.689453
2.078186 4483.360840
2.083991 4379.965820
2.089796 4331.947754
2.095601 4325.812012
2.101406 4361.258301
2.107211 4392.182617
2.113016 503.853363
2.118821 503.239227
2.124626 148.241150
2.130431 147.142960
2.136236 145.391373
2.142041 144.035172
2.147846 143.854919
2.153651 144.221863
2.159456 144.568222
2.165261 144.730728
2.171066 144.788162
2.176871 144.798111
2.182676 144.732346
2.188481 233.606293
2.194286 233.110886
2.200091 232.652817
2.205896 195.185806
2.211701 176.531097
2.217506 0.000000
2.223311 89.499092
2.229116 89.454483
2.234921 76.035088
2.240726 76.030556
2.246531 75.905746
2.252336 72.418221
2.258141 72.525970
2.263946 3605.437988
2.269751 3621.463379
2.275556 3619.325684
2.281361 3599.681885
2.287166 3585.130371
2.292970 3590.513184
2.298775 3604.020752
2.304580 3620.291016
2.310385 3655.456055
2.316190 73.630867
2.321995 73.608467
2.327801 73.485710
2.333606 73.751518
2.339411 73.729477
2.345215 73.713974
2.351020 73.668564
2.356825 72.512886
2.362630 3561.555176
2.368435 3538.149658
2.374240 144.809006
2.380045 145.294327
2.385850 145.503128
2.391655 145.413773
2.397460 72.660645
2.403265 72.601044
2.409070 74.209198
2.414875 74.020485
2.420680 74.075134
2.426485 73.949753
2.432290 76.440948
2.438095 0.000000
2.443900 148.491180
2.449705 149.385086
2.455510 149.954529
2.461315 150.252762
2.467120 150.375977
2.472925 150.336945
2.478730 745.433777
2.484535 742.741516
2.490340 336.585266
2.496145 334.687347
2.501950 332.723053
2.507755 330.897095
2.513560 329.743652
2.519365 329.403656
2.525170 329.657532
2.530975 329.191742
2.536780 147.291840
2.542585 147.331985
2.548390 147.503906
2.554195 147.741608
2.560000 147.921326
2.565805 147.816544
2.571610 147.483002
2.577415 147.228302
2.583220 147.355423
2.589025 734.727661
2.594830 148.854187
2.600635 148.959000
2.606440 0.000000
2.612245 210.595535
2.618050 201.348572
2.623855 194.104218
2.629660 203.773560
2.635465 203.923569
2.641270 106.582458
2.647075 108.661293
2.652880 82.692619
2.658685 82.718773
2.664490 331.789032
2.670295 606.782410
2.676100 609.584290
2.681905 3768.918457
2.687710 3743.169434
2.693515 3710.897217
2.699320 3680.821777
2.705125 918.413330
2.710930 915.380005
2.716735 152.604065
2.722540 152.217590
2.728345 151.735703
2.734150 151.041916
2.739955 150.337067
2.745760 150.029694
2.751565 150.100601
2.757370 150.422882
2.763175 150.778732
2.768980 150.875412
2.774785 150.640228
2.780590 150.234879
2.786395 149.822037
2.792200 149.599396
2.798005 149.654922
2.803810 149.926544
2.809614 150.334427
2.815419 150.801987
2.821224 151.247925
2.827029 151.662048
2.832834 152.068649
2.838639 152.504333
2.844445 840.657410
2.850250 222.188583
2.856054 222.115540
2.861859 222.099152
2.867664 222.129013
2.873469 222.254608
2.879274 222.245285
2.885079 222.037369
2.890884 222.252365
2.896689 604.772339
2.902494 732.216919
2.908299 735.627991
2.914104 737.758057
2.919909 332.443024
2.925714 163.537079
2.931519 163.674347
2.937324 163.929031
2.943129 164.152985
2.948934 164.061966
2.954739 163.588120
2.960544 162.999741
2.966349 162.464996
2.972154 162.091141
2.977959 236.449203
2.983764 236.218903
2.989569 236.234390
2.995374 236.161987
3.001179 235.839050
3.006984 235.053421
3.012789 233.388412
3.018594 407.130280
3.024399 1814.103394
3.030204 1810.604980
3.036009 1808.274780
3.041814 148.055084
3.047619 148.097443
3.053424 148.061005
3.059229 147.918030
3.065034 147.884064
3.070839 147.928406
3.076644 1844.987671
3.082449 224.275116
3.088254 224.081085
3.094059 223.837769
3.099864 223.423843
3.105669 222.716934
3.111474 221.871475
3.117279 221.055069
3.123084 220.580795
3.128889 220.574234
3.134694 220.792496
3.140499 221.117859
3.146304 221.511322
3.152109 221.870895
3.157914 222.177979
3.163719 222.587997
3.169524 222.996323
3.175329 223.353134
3.181134 223.488205
3.186939 223.554520
3.192744 387.694427
3.198549 1280.168823
3.204354 1277.749756
3.210159 1273.029053
3.215964 1267.745483
3.221769 1264.655518
3.227574 1262.205811
3.233379 1259.450195
3.239184 1261.221436
3.244989 136.961609
3.250794 136.960114
3.256599 4924.697754
3.262404 5075.366211
3.268209 387.243469
3.274014 387.203094
3.279819 386.877380
3.285624 152.617416
3.291429 152.764130
3.297234 230.552994
3.303039 242.779510
3.308844 243.368332
3.314649 241.979446
3.320453 231.009491
3.326258 184.870728
3.332063 176.327423
3.337868 0.000000
3.343673 0.000000
3.349478 73.525398
3.355283 250.885208
3.361089 249.404724
3.366894 247.152206
3.372698 750.911560
3.378503 754.362976
3.384308 765.725464
3.390113 774.353943
3.395918 75.486427
3.401723 73.941597
3.407528 73.773117
3.413333 73.501961
3.419138 73.462456
3.424943 73.926231
3.430748 73.891197
3.436553 73.787971
3.442358 73.735870
3.448163 73.769302
3.453968 73.744980
3.459773 4643.132324
3.465578 4495.741211
3.471383 4412.950684
3.477188 4380.246582
3.482993 72.748817
3.488798 72.848389
3.494603 73.018875
3.500408 73.213684
3.506213 74.235420
3.512018 74.337158
3.517823 73.821518
3.523628 74.129463
3.529433 74.041336
3.535238 73.928177
3.541043 73.938385
3.546848 74.206131
3.552653 75.006813
3.558458 75.723625
3.564263 75.966789
3.570068 75.559723
3.575873 137.368958
3.581678 137.315750
3.587483 138.680420
3.593288 788.681213
3.599093 787.732666
3.604898 786.746460
3.610703 356.325836
3.616508 354.481262
3.622313 352.243317
3.628118 174.826370
3.633923 174.524734
3.639728 174.107224
3.645533 148.561615
3.651338 694.051147
3.657143 707.547119
3.662948 717.487427
3.668753 727.815430
3.674558 736.036377
3.680363 511.897888
3.686168 1787.357178
3.691973 1796.279541
3.697778 773.406067
3.703583 660.279053
3.709388 4235.140137
3.715193 4192.604004
3.720998 4218.709961
3.726803 4386.578125
3.732608 211.832718
3.738413 202.200623
3.744218 203.279846
3.750023 203.934143
3.755828 203.973404
3.761633 115.747551
3.767438 115.516479
3.773243 100.937843
3.779048 77.322937
3.784853 86.945068
3.790658 86.905693
3.796463 86.882706
3.802268 86.846581
3.808073 68.822922
3.813878 69.048660
3.819683 69.058578
3.825488 1929.556763
3.831293 4162.057617
3.837097 68.177353
3.842902 66.711136
3.848707 69.978401
3.854512 73.530182
3.860317 68.096169
3.866122 65.373413
3.871927 1833.053589
3.877733 3417.675537
3.883538 3618.039062
3.889342 3638.954346
3.895147 3639.276855
3.900952 3635.924561
3.906757 3628.016602
3.912562 1827.171265
3.918367 142.497253
3.924172 141.832352
3.929977 141.483185
3.935782 141.430252
3.941587 141.449448
3.947392 141.411285
3.953197 141.270798
3.959002 141.122101
3.964807 141.114624
3.970612 141.316437
3.976417 141.581024
3.982222 141.693375
3.988027 141.665405
3.993832 623.936401
3.999637 612.552917
4.005442 140.591171
4.011247 768.681274
4.017052 775.051025
4.022857 777.250366
4.028662 356.570587
4.034467 354.801727
4.040272 352.587219
4.046077 350.873077
4.051882 350.109802
4.057687 349.551300
4.063492 348.934326
4.069297 348.515717
4.075102 348.367889
4.080907 147.607742
4.086712 146.921906
4.092517 146.172379
4.098322 614.101013
4.104127 633.868286
4.109932 656.266846
4.115737 669.158386
4.121542 1705.600220
4.127347 1760.744263
4.133152 1771.076416
4.138957 1765.327271
4.144762 1763.892212
4.150567 1780.293945
4.156372 393.583435
4.162177 786.742249
4.167982 784.484253
4.173787 357.347992
4.179592 354.571808
4.185397 349.195160
4.191202 347.838837
4.197007 347.988495
4.202812 141.098175
4.208617 141.565857
4.214422 174.444656
4.220227 174.770599
4.226032 175.242554
4.231837 683.948181
4.237642 346.258972
4.243447 347.233368
4.249252 348.062897
4.255057 336.082703
4.260862 335.316010
4.266667 144.604141
4.272471 144.697266
4.278276 144.693436
4.284081 144.599380
4.289886 144.462280
4.295691 144.291840
4.301497 144.207352
4.307302 144.291809
4.313107 983.416809
4.318912 1059.017822
4.324717 1127.066895
4.330522 141.929749
4.336327 142.254593
4.342132 142.649841
4.347937 143.368988
4.353742 144.137375
4.359547 144.739471
4.365352 145.167740
4.371157 145.320114
4.376961 145.115936
4.382766 144.677612
4.388571 1898.934692
4.394376 1905.639160
4.400181 1306.809204
4.405986 1306.113770
4.411791 1301.008911
4.417596 4551.046387
4.423401 254.656662
4.429206 241.940994
4.435011 231.292160
4.440816 186.163605
4.446621 185.496429
4.452426 184.950500
4.458231 4398.639648
4.464036 4425.246582
4.469841 74.818237
4.475646 76.104942
4.481451 76.076103
4.487256 75.768723
4.493061 73.230927
4.498866 73.253815
4.504671 146.437759
4.510476 146.236954
4.516281 146.265808
4.522086 146.634247
4.527891 73.668938
4.533696 73.773117
4.539501 73.705261
4.545306 73.514084
4.551111 73.438408
4.556916 73.667107
4.562721 74.113045
4.568526 73.879272
4.574331 73.551476
4.580136 73.302574
4.585941 73.043129
4.591746 72.894844
4.597551 72.859520
4.603356 72.779312
4.609161 72.825821
4.614966 72.898407
4.620771 72.585564
4.626576 72.285194
4.632381 72.435097
4.638186 75.647354
4.643991 75.598633
4.649796 75.443939
4.655601 75.290543
4.661406 75.126411
4.667211 149.879211
4.673016 149.270340
4.678821 74.383453
4.684626 148.323593
4.690431 148.778397
4.696236 149.192856
4.702041 149.203186
4.707846 149.099945
4.713651 148.541031
4.719456 476.644806
4.725261 475.552246
4.731066 473.852203
4.736871 472.409210
4.742676 471.177155
4.748481 470.207336
4.754286 234.655243
4.760091 149.031769
4.765896 149.047119
4.771701 149.024597
4.777506 148.943588
4.783311 148.871384
4.789115 148.877670
4.794920 148.900665
4.800725 148.718735
4.806530 1871.314331
4.812335 1866.883911
4.818141 467.828705
4.823946 466.837738
4.829751 466.170319
4.835556 466.246948
4.841361 465.892700
4.847166 233.015778
4.852971 220.230804
4.858776 218.587952
4.864581 191.455185
4.870386 203.874405
4.876191 184.553238
4.881996 108.692635
4.887800 4442.263184
4.893605 0.000000
4.899410 0.000000
4.905215 670.276611
4.911020 672.891968
4.916825 150.976791
4.922630 151.192978
4.928435 151.716492
4.934240 152.567123
4.940045 153.108795
4.945850 643.744446
4.951655 637.838623
4.957460 635.680054
4.963265 471.008423
4.969070 468.989227
4.974875 468.610107
4.980680 469.517670
4.986485 472.248627
4.992290 490.045166
4.998095 455.000641
5.003900 448.156250
5.009705 446.278076
5.015510 445.061584
5.021315 444.180573
5.027120 443.572662
5.032925 443.171021
5.038730 147.680496
5.044535 147.466782
5.050340 147.066055
5.056145 146.541290
5.061950 146.274200
5.067755 146.162964
5.073560 146.112442
5.079365 146.284821
5.085170 146.699173
5.090975 147.166473
5.096780 147.774796
5.102585 148.633911
5.108390 149.428955
5.114195 149.981155
5.120000 150.398453
5.125805 150.740311
5.131610 150.590897
5.137415 149.807007
5.143220 425.561707
5.149025 149.420258
5.154830 222.991776
5.160635 476.634644
5.166440 159.593979
5.172245 769.773926
5.178050 162.599396
5.183855 163.459763
5.189660 163.863037
5.195465 164.292999
5.201270 164.632919
5.207075 164.660873
5.212880 164.332733
5.218685 163.746628
5.224490 163.042969
5.230295 162.272690
5.236100 161.589905
5.241905 161.151947
5.247710 160.965897
5.253515 147.899628
5.259320 459.482391
5.265125 459.149628
5.270930 414.232361
5.276735 414.149689
5.282540 1851.008301
5.288345 151.081024
5.294150 150.957123
5.299954 150.714386
5.305759 150.304108
5.311564 149.743286
5.317369 149.340714
5.323174 148.932022
5.328979 148.578079
5.334785 148.358643
5.340590 148.228378
5.346395 148.186096
5.352200 148.336624
5.358005 1889.323486
5.363810 1862.802246
5.369615 1859.411499
5.375420 1860.594482
5.381225 1304.115112
5.387030 1308.276001
5.392835 1304.855103
5.398640 1297.554810
5.404444 194.374680
5.410249 194.370682
5.416054 4462.910156
5.421859 4513.612305
5.427664 3893.431641
5.433469 3671.295654
5.439274 3681.019043
5.445079 3681.643311
5.450884 3669.922119
5.456689 3657.482422
5.462494 149.498947
5.468299 149.579849
5.474104 149.552643
5.479909 149.468231
5.485714 149.331604
5.491519 3619.919189
5.497324 3613.566895
5.503129 3606.648438
5.508934 3609.569092
5.514739 3646.822021
5.520544 3673.843018
5.526349 3675.529785
5.532154 3671.918457
5.537959 1815.510986
5.543764 147.532715
5.549569 231.320724
5.555374 230.811661
5.561179 184.350357
5.566984 184.387375
5.572789 175.951920
5.578594 73.229271
5.584399 73.467781
5.590204 73.552658
5.596009 73.597794
5.601814 73.578140
5.607619 146.944519
5.613424 147.123352
5.619229 147.422653
5.625034 147.748444
5.630839 148.067551
5.636644 148.398819
5.642449 148.863205
5.648254 74.709335
5.654059 74.806099
5.659864 148.911926
5.665669 147.825699
5.671474 146.691925
5.677279 146.164627
5.683084 145.994812
5.688889 146.171982
5.694694 146.747620
5.700499 147.679321
5.706304 148.463196
5.712109 148.507156
5.717914 148.218033
5.723719 147.864639
5.729524 147.858047
5.735329 161.647461
5.741134 162.570526
5.746939 149.888916
5.752744 150.195786
5.758549 149.937790
5.764354 149.411896
5.770159 149.142029
5.775964 149.144775
5.781769 149.418823
5.787574 149.798782
5.793379 149.738098
5.799184 147.978104
5.804989 147.284149
5.810794 147.586548
5.816598 144.290268
5.822403 149.405457
5.828208 148.739334
5.834013 153.337494
5.839818 153.154510
5.845623 153.113235
5.851429 445.405457
5.857234 444.633057
5.863039 444.114807
5.868844 443.783020
5.874649 221.470474
5.880454 221.261520
5.886259 221.062637
5.892064 220.985001
5.897869 220.993729
5.903674 149.796982
5.909479 149.675034
5.915284 3907.798096
5.921088 3899.657959
5.926893 3908.416260
5.932698 3923.550537
5.938503 148.443298
5.944308 147.958069
5.950113 147.892059
5.955918 148.313751
5.961723 0.000000
5.967528 211.114777
5.973333 218.315384
5.979138 217.302811
5.984943 204.441299
5.990748 204.714737
5.996553 106.669983
6.002358 223.070190
6.008163 444.417999
6.013968 443.776459
6.019773 443.478790
6.025578 443.477112
6.031383 146.560028
6.037188 73.258713
6.042993 73.317589
6.048798 73.342659
6.054603 73.395958
6.060408 62.467793
6.066213 62.441090
6.072018 73.372910
6.077823 73.309677
6.083628 73.165558
6.089433 73.092644
6.095238 68.057350
6.101043 67.981255
6.106848 13967.412109
6.112653 13762.278320
6.118458 13729.949219
6.124263 6157.373535
6.130068 5929.830566
6.135873 5110.699707
6.141678 4931.698242
6.147483 4520.493164
6.153288 244.896759
6.159093 245.806335
6.164898 245.726364
6.170703 244.918961
6.176508 243.672287
6.182313 242.431702
6.188118 241.287064
6.193923 240.017792
6.199728 238.394180
6.205533 236.301041
6.211338 233.898926
6.217143 230.980087
6.222948 224.938843
6.228753 1037.372803
6.234558 1049.694946
6.240363 196.571609
6.246168 479.764038
6.251973 485.287018
6.257778 450.423828
6.263583 447.735840
6.269388 445.996185
6.275193 444.816498
6.280998 444.049194
6.286803 443.571869
6.292608 221.397858
6.298413 221.165421
6.304218 220.908234
6.310023 152.353378
6.315828 151.904984
6.321633 151.579361
6.327438 151.487915
6.333242 151.473480
6.339047 151.532867
6.344852 151.581421
6.350657 151.577911
6.356462 151.529144
6.362267 151.511780
6.368073 754.888550
6.373878 754.374390
6.379683 3786.616699
6.385488 3775.480957
6.391293 1250.240845
6.397098 500.445068
6.402903 455.508087
6.408708 451.414612
6.414513 447.561401
6.420318 445.309357
6.426123 444.458221
6.431927 147.438171
6.437732 147.452179
6.443537 147.550644
6.449342 147.761185
6.455147 147.926163
6.460952 147.767044
6.466757 147.339966
6.472562 146.508163
6.478367 446.719910
6.484172 445.008301
6.489977 444.047943
6.495782 148.029785
6.501587 1049.381226
6.507392 148.776535
6.513197 148.750977
6.519002 148.480865
6.524807 146.425049
6.530612 146.034210
6.536417 145.932816
6.542222 146.030029
6.548027 146.470337
6.553832 146.415390
6.559637 146.048553
6.565442 146.264206
6.571247 146.514008
6.577052 146.598434
6.582857 146.659363
6.588662 146.915085
6.594467 147.381470
6.600272 147.744843
6.606077 147.781525
6.611882 147.604279
6.617687 147.511902
6.623492 147.818848
6.629297 148.305222
6.635102 148.674286
6.640907 148.987717
6.646712 149.111923
6.652517 148.999054
6.658322 148.851547
6.664127 233.989792
6.669932 233.509949
6.675737 211.845856
6.681542 204.850555
6.687347 204.429626
6.693152 0.000000
6.698957 74.851868
6.704762 73.533676
6.710567 73.565132
6.716372 73.600563
6.722177 73.523582
6.727982 73.267578
6.733787 73.285873
6.739592 73.315811
6.745397 73.325737
6.751202 73.346573
6.757007 73.452393
6.762812 73.447235
6.768617 73.437729
6.774422 73.468819
6.780227 73.739822
6.786032 74.817886
6.791837 74.623886
6.797642 74.244629
6.803447 74.075142
6.809252 73.923012
6.815057 73.731796
6.820862 73.443588
6.826667 73.143013
6.832472 73.000900
6.838277 72.925903
6.844081 72.845558
6.849886 72.806793
6.855691 72.739182
6.861496 72.802071
6.867301 72.769524
6.873106 72.413391
6.878911 74.167267
6.884717 74.300491
6.890522 75.104851
6.896327 75.282951
6.902132 75.110130
6.907937 74.794159
6.913742 149.081680
6.919547 148.283936
6.925352 147.478622
6.931157 147.159592
6.936962 147.148178
6.942767 147.206482
6.948571 147.290009
6.954376 147.433441
6.960181 147.606262
6.965986 147.725922
6.971791 147.742874
6.977596 726.744141
6.983401 718.414551
6.989206 710.145813
6.995011 329.781891
7.000816 328.742218
7.006621 328.494080
7.012426 330.043335
7.018231 333.137665
7.024036 334.645416
7.029841 333.832672
7.035646 333.441498
7.041451 335.757202
7.047256 336.780273
7.053061 337.844330
7.058866 148.186646
7.064671 1811.552002
7.070476 1823.550049
7.076281 1846.540771
7.082086 314.175781
7.087891 211.398911
7.093696 211.248093
7.099501 192.795029
7.105306 204.265900
7.111111 204.126709
7.116916 106.635300
7.122721 108.770905
7.128526 73.522163
7.134331 73.556740
7.140136 4587.369141
7.145941 82.245354
7.151746 607.772400
7.157551 73.325760
7.163356 73.382553
7.169161 65.517159
7.174966 65.408623
7.180771 66.133484
7.186576 66.001068
7.192381 65.986809
7.198186 66.785324
7.203991 66.857178
7.209796 240.407455
7.215601 240.225525
7.221406 239.818039
7.227211 238.786362
7.233016 237.069138
7.238821 233.817459
7.244626 233.046616
7.250431 232.436279
7.256236 232.234604
7.262041 232.656921
7.267846 233.259064
7.273651 233.251373
7.279456 232.506821
7.285261 693.722107
7.291066 693.435059
7.296871 142.921417
7.302676 142.545715
7.308481 142.531433
7.314286 142.853302
7.320091 143.203690
7.325896 143.423889
7.331701 143.594666
7.337506 143.807129
7.343311 144.186691
7.349116 144.745407
7.354921 788.779480
7.360725 788.481445
7.366530 147.210831
7.372335 148.171082
7.378140 149.283463
7.383945 335.804993
7.389750 335.261597
7.395555 333.858643
7.401361 332.137482
7.407166 330.730255
7.412971 329.588104
7.418776 328.772003
7.424581 328.494415
7.430386 1805.630127
7.436191 1800.431152
7.441996 1796.130981
7.447801 3638.642578
7.453606 3620.268799
7.459411 3591.237061
7.465215 3556.376953
7.471020 1745.037231
7.476825 119.472214
7.482630 119.540077
7.488435 240.080902
7.494240 239.985809
7.500045 239.913940
7.505850 239.423340
7.511655 238.470825
7.517460 237.144577
7.523265 235.867844
7.529070 1767.944580
7.534875 334.206421
7.540680 333.210724
7.546485 1768.404907
7.552290 1786.853149
7.558095 1799.726562
7.563900 225.482712
7.569705 223.984070
7.575510 223.225403
7.581315 223.154709
7.587120 222.932938
7.592925 222.426620
7.598730 221.910049
7.604535 221.527832
7.610340 221.342682
7.616145 221.302277
7.621950 221.403305
7.627755 221.578873
7.633560 221.706116
7.639365 221.734634
7.645170 221.629745
7.650975 221.386185
7.656780 221.165359
7.662585 221.182114
7.668390 220.988007
7.674195 220.396271
7.680000 216.681168
7.685805 386.482483
7.691610 387.256561
7.697415 503.022369
7.703220 1272.983643
7.709025 1274.719604
7.714830 1277.854004
7.720635 272.385315
7.726440 321.270386
7.732245 321.259552
7.738050 549.592712
7.743855 386.376831
7.749660 386.740417
7.755465 386.697693
7.761270 1303.014038
7.767075 1295.694702
7.772880 1292.530396
7.778685 253.953705
7.784490 242.059418
7.790295 231.973236
7.796100 230.313004
7.801905 204.231323
7.807710 204.281128
7.813515 106.489609
7.819320 0.000000
7.825125 89.607643
7.830930 73.577766
7.836735 77.373772
7.842540 74.737045
7.848345 765.409424
7.854150 756.437744
7.859955 752.456177
7.865760 753.648682
7.871564 757.074341
7.877369 759.982910
7.883174 761.401917
7.888979 760.081787
7.894784 756.493958
7.900589 1885.185547
7.906394 1887.461548
7.912199 1881.130615
7.918005 1872.123291
7.923810 1862.593994
7.929615 1851.723633
7.935420 767.063965
7.941225 223.015213
7.947030 223.441330
7.952835 223.294006
7.958640 222.750366
7.964445 222.029831
7.970250 221.542175
7.976054 221.294174
7.981859 221.043671
7.987664 220.563354
7.993469 219.744278
7.999274 72.812210
8.005079 72.846634
8.010884 73.099693
8.016689 75.006546
8.022494 74.295151
8.028299 74.479462
8.034104 74.376923
8.039909 74.871689
8.045714 76.219810
8.051519 76.899467
8.057324 79.245857
8.063129 6205.503418
8.068934 6326.437500
8.074739 767.826660
8.080544 357.627808
8.086349 356.070618
8.092155 353.895111
8.097960 351.592804
8.103765 350.424377
8.109570 350.012634
8.115375 175.137268
8.121180 759.294800
8.126985 761.000854
8.132789 1843.894531
8.138594 1833.620728
8.144399 227.004150
8.150204 225.955582
8.156009 224.787155
8.161814 223.798874
8.167619 223.064117
8.173424 222.478119
8.179229 3750.147705
8.185034 1252.362549
8.190839 3749.105225
8.196644 203.834763
8.202449 331.828003
8.208254 217.638596
8.214059 201.604614
8.219864 202.057968
8.225669 187.159958
8.231474 203.202621
8.237279 70.904449
8.243084 73.659386
8.248889 73.619598
8.254694 73.673500
8.260499 73.765945
8.266304 221.829605
8.272109 222.317505
8.277914 222.554276
8.283719 222.554276
8.289524 222.421097
8.295329 222.153244
8.301134 73.993301
8.306939 74.217476
8.312744 74.331917
8.318549 74.366920
8.324354 74.350105
8.330159 74.336479
8.335963 74.338974
8.341768 74.351662
8.347573 74.369492
8.353378 74.353249
8.359183 74.291870
8.364988 74.206688
8.370793 74.142982
8.376598 74.137505
8.382403 74.104111
8.388208 74.026329
8.394013 74.071266
8.399818 222.682785
8.405623 222.684662
8.411428 222.275131
8.417233 221.695724
8.423038 221.257309
8.428843 221.001678
8.434649 220.805450
8.440454 220.545685
8.446259 220.237152
8.452064 219.930344
8.457869 219.657043
8.463674 219.463394
8.469479 219.445221
8.475284 219.693115
8.481089 220.202332
8.486894 220.807800
8.492699 221.402222
8.498504 222.116867
8.504309 223.546066
8.510114 225.208481
8.515919 225.428711
8.521724 224.581726
8.527529 223.296371
8.533334 222.080490
8.539139 221.012238
8.544943 220.161789
8.550748 219.506180
8.556553 218.841354
8.562358 217.927124
8.568163 216.330734
8.573968 214.186707
8.579773 212.716644
8.585578 212.068436
8.591383 211.940231
8.597188 212.106644
8.602993 212.959381
8.608798 215.906418
8.614603 219.718765
8.620408 219.609512
8.626213 218.347031
8.632018 215.976501
8.637823 108.075363
8.643628 791.665894
8.649433 791.413940
8.655238 789.915466
8.661043 175.487320
8.666848 175.257111
8.672653 175.198685
8.678458 224.076843
8.684263 224.496887
8.690068 224.725586
8.695873 224.877747
8.701678 224.956970
8.707483 224.919586
8.713288 224.783981
8.719093 74.904854
8.724898 224.653015
8.730703 224.468842
8.736508 74.805832
8.742313 74.584618
8.748117 74.226074
8.753922 73.823502
8.759727 73.750565
8.765532 73.812920
8.771338 73.835587
8.777143 73.864044
8.782948 74.166985
8.788753 73.710732
8.794558 72.106384
8.800363 72.092102
8.806168 72.173576
8.811973 72.448265
8.817778 72.671295
8.823583 73.073479
8.829388 73.213943
8.835193 73.324478
8.840998 73.391197
8.846803 109.944481
8.852608 219.325989
8.858413 218.668015
8.864218 218.448181
8.870023 218.566772
8.875828 218.631592
8.881633 218.269730
8.887438 217.375107
8.893243 216.093796
8.899048 214.960449
8.904853 214.173279
8.910658 212.973404
8.916463 212.180984
8.922268 213.485153
8.928073 204.922562
8.933878 0.000000
8.939683 0.000000
8.945488 101.120789
8.951293 202.383469
8.957097 201.081116
8.962902 199.571365
8.968707 199.339783
8.974512 199.563278
8.980317 199.699722
8.986122 199.566452
8.991927 199.243164
8.997732 198.949890
9.003537 198.873779
9.009342 199.174423
9.015147 199.774933
9.020952 200.331070
9.026757 200.521057
9.032562 200.295349
9.038367 199.924347
9.044172 199.764206
9.049977 199.803452
9.055782 199.968353
9.061587 200.260284
9.067392 200.677185
9.073197 201.391129
9.079002 1898.823364
9.084807 828.393188
9.090612 75.378326
9.096417 75.325104
9.102222 72.885475
9.108027 73.347725
9.113832 1897.310425
9.119637 1876.270264
9.125443 1866.670410
9.131248 218.501495
9.137053 218.065170
9.142858 217.696304
9.148663 217.502701
9.154468 217.260529
9.160272 216.701065
9.166077 215.872467
9.171882 1949.496948
9.177687 1954.369385
9.183492 1955.437500
9.189297 1953.377441
9.195102 1947.338867
9.200907 527.266907
9.206712 525.692871
9.212517 474.071716
9.218322 472.854584
9.224127 471.409058
9.229932 470.001556
9.235737 468.845123
9.241542 467.400452
9.247347 464.497681
9.253152 3599.680420
9.258957 3591.731201
9.264762 1880.218628
9.270567 1888.077637
9.276372 1892.847534
9.282177 1894.226929
9.287982 1896.095825
9.293787 1898.485840
9.299592 179.153183
9.305397 178.232910
9.311202 177.545822
9.317007 176.627594
9.322812 1856.496948
9.328617 174.629929
9.334422 174.109390
9.340227 191.888504
9.346032 191.330368
9.351837 190.701904
9.357642 115.952301
9.363446 75.032394
9.369251 85.749664
9.375056 3816.078125
9.380861 3793.588623
9.386666 1815.535034
9.392471 1813.633789
9.398276 1825.348267
9.404081 1836.870239
9.409886 1846.205200
9.415691 1862.382568
9.421496 1888.890503
9.427301 1915.050781
9.433106 90.762749
9.438911 76.667343
9.444716 77.592209
9.450521 76.893478
9.456326 76.746101
9.462132 76.264015
9.467937 76.353943
9.473742 77.472290
9.479547 0.000000
9.485352 447.804352
9.491157 446.187531
9.496962 445.019531
9.502767 444.245880
9.508572 443.838928
9.514377 443.618439
9.520182 443.289764
9.525987 442.677277
9.531792 441.891205
9.537597 441.173584
9.543402 440.697021
9.549207 440.505005
9.555012 440.838226
9.560817 441.884644
9.566622 443.084167
9.572426 443.718903
9.578231 443.840240
9.584036 443.816650
9.589841 443.806030
9.595646 443.698425
9.601451 443.272369
9.607256 442.577728
9.613061 442.003418
9.618866 441.657043
9.624671 441.441833
9.630476 441.443329
9.636281 441.630219
9.642086 441.627167
9.647891 441.223999
9.653696 440.808258
9.659501 440.612762
9.665306 440.480988
9.671111 440.503418
9.676916 440.818268
9.682721 441.122375
9.688526 441.057281
9.694331 440.851044
9.700136 440.936554
9.705941 441.299896
9.711746 441.725647
9.717551 442.023895
9.723356 442.190216
9.729161 442.414948
9.734966 442.910858
9.740771 443.869934
9.746576 444.813599
9.752381 147.893082
9.758186 14001.012695
9.763991 14058.013672
9.769796 74.382637
9.775600 74.368042
9.781405 74.343719
9.787210 74.271294
9.793015 74.226585
9.798820 74.192924
9.804626 73.850769
9.810431 73.712044
9.816236 73.550835
9.822041 73.405701
9.827846 144.766434
9.833651 145.062851
9.839456 145.510559
9.845261 146.572403
9.851066 147.295120
9.856871 147.832886
9.862676 148.324844
9.868481 148.734299
9.874286 148.773926
9.880091 148.568558
9.885896 148.374741
9.891701 148.260559
9.897506 148.202148
9.903311 148.256210
9.909116 148.405594
9.914921 148.506180
9.920726 148.409393
9.926531 148.099533
9.932336 147.794510
9.938141 147.673721
9.943946 147.832703
9.949751 148.218506
9.955556 148.695862
9.961361 149.273773
9.967166 149.967545
9.972971 150.654938
9.978776 151.204590
9.984580 151.774475
9.990385 152.139465
9.996190 152.078033
10.001995 151.532883
10.007800 150.639145
10.013605 149.470032
10.019410 148.452866
10.025215 147.533936
10.031020 522.088501
10.036825 254.930496
10.042630 242.358170
10.048435 226.745087
10.054240 204.549515
10.060045 0.000000
10.065850 0.000000
10.071655 91.916550
10.077460 76.109184
10.083265 77.441727
10.089070 77.477829
10.094875 73.264214
10.100680 73.295883
10.106485 73.366882
10.112290 73.372375
10.118095 146.203369
10.123900 146.025497
10.129705 145.953125
10.135510 146.041824
10.141315 73.208405
10.147120 73.255905
10.152925 73.273735
10.158731 73.160645
10.164536 73.356354
10.170341 146.473114
10.176146 146.148956
10.181951 145.964508
10.187755 146.033401
10.193560 146.454437
10.199365 146.853210
10.205170 146.906464
10.210975 147.121155
10.216780 147.798859
10.222585 148.302475
10.228390 147.876419
10.234195 147.396515
10.240000 147.480927
10.245805 147.785675
10.251610 148.117218
10.257415 148.100082
10.263220 147.957535
10.269025 147.568726
10.274830 146.973221
10.280635 146.394531
10.286440 146.294617
10.292245 146.661865
10.298050 146.699280
10.303855 146.598434
10.309660 146.339569
10.315465 145.118042
10.321270 449.052063
10.327075 446.558838
10.332880 445.205658
10.338685 444.315338
10.344490 443.733276
10.350295 443.423981
10.356100 443.384766
10.361905 443.601593
10.367710 220.874512
10.373515 219.568985
10.379320 218.872818
10.385125 219.695007
10.390930 220.841019
10.396734 221.425690
10.402539 221.544662
10.408344 221.496552
10.414149 221.486649
10.419954 221.433075
10.425759 221.139908
10.431564 220.687820
10.437369 220.483810
10.443174 220.915619
10.448979 222.123886
10.454784 223.749969
10.460589 215.131226
10.466394 223.029984
10.472199 222.629990
10.478004 222.390640
10.483809 443.868286
10.489614 443.691345
10.495420 443.657593
10.501225 443.465424
10.507030 442.802002
10.512835 441.619385
10.518640 73.329514
10.524445 73.272499
10.530250 73.274521
10.536055 73.328514
10.541860 444.604401
10.547665 441.940094
10.553470 440.488342
10.559275 439.078094
10.565080 436.208710
10.570885 434.491699
10.576690 73.199669
10.582495 72.418114
10.588300 14249.480469
10.594105 14128.540039
10.599909 14134.062500
10.605714 4436.288086
10.611519 4433.890137
10.617324 4321.341797
10.623129 3928.464600
10.628934 3760.442383
10.634739 3748.065674
10.640544 3749.165039
10.646349 3754.549072
10.652154 467.775909
10.657959 218.505676
10.663764 466.402893
10.669569 468.547821
10.675374 225.531296
10.681179 224.854645
10.686984 221.790192
10.692789 221.201096
10.698594 221.551727
10.704399 222.053391
10.710204 222.293823
10.716009 222.172195
10.721814 221.814713
10.727619 221.342926
10.733424 221.633728
10.739229 448.464050
10.745034 446.271149
10.750839 444.978546
10.756644 444.097992
10.762449 443.535950
10.768254 221.562439
10.774059 442.787537
10.779864 442.270996
10.785669 220.898560
10.791474 220.819382
10.797279 221.039917
10.803084 221.740891
10.808888 222.758713
10.814693 223.352173
10.820498 223.481216
10.826303 223.209549
10.832108 222.686813
10.837914 222.168625
10.843719 221.948013
10.849524 222.067413
10.855329 222.303452
10.861134 222.354568
10.866939 222.309265
10.872744 220.164825
10.878549 489.000305
10.884354 448.671600
10.890159 446.667847
10.895964 445.367950
10.901769 444.495758
10.907574 221.673798
10.913379 221.517868
10.919184 221.509628
10.924989 221.664688
10.930794 221.881424
10.936599 221.954041
10.942404 221.937668
10.948209 221.919739
10.954014 221.890289
10.959819 221.867249
10.965624 221.888748
10.971429 221.927597
10.977234 221.959579
10.983039 222.029144
10.988844 222.050903
10.994649 221.844330
11.000454 221.446472
11.006259 221.087494
11.012063 220.815506
11.017868 220.517807
11.023673 220.220596
11.029478 220.031387
11.035283 220.033417
11.041088 220.255524
11.046893 220.744965
11.052698 221.501450
11.058503 222.239227
11.064308 223.303406
11.070113 225.124863
11.075918 225.991791
11.081723 224.998306
11.087528 223.801300
11.093333 223.348587
11.099138 223.648895
11.104943 224.136963
11.110748 224.502396
11.116553 224.904922
11.122358 225.449020
11.128163 226.004562
11.133968 226.442902
11.139773 226.835464
11.145578 227.107162
11.151383 227.169342
11.157188 227.051498
11.162993 226.875717
11.168798 226.575638
11.174603 75.930901
11.180408 76.004761
11.186213 76.063614
11.192019 76.051712
11.197824 75.985916
11.203629 226.910385
11.209434 226.731659
11.215239 226.750992
11.221043 226.770981
11.226848 226.383316
11.232653 225.845184
11.238458 225.419449
11.244263 224.964157
11.250068 224.272644
11.255873 223.571869
11.261678 222.995789
11.267483 222.484589
11.273288 222.017075
11.279093 221.576813
11.284898 221.142151
11.290703 220.784851
11.296508 220.474869
11.302313 220.102310
11.308118 219.674835
11.313923 219.362457
11.319728 219.192322
11.325533 219.105087
11.331338 218.975662
11.337143 218.698563
11.342948 218.357147
11.348753 218.064774
11.354558 217.909988
11.360363 217.917877
11.366168 217.999008
11.371973 218.034058
11.377778 217.979156
11.383583 217.816833
11.389388 217.572296
11.395193 217.354431
11.400998 217.319107
11.406803 217.846466
11.412608 219.972076
11.418413 221.266663
11.424217 221.257996
11.430022 221.242233
11.435827 339.239532
11.441632 337.845642
11.447437 336.106354
11.453242 334.672119
11.459047 332.856171
11.464852 331.102509
11.470657 330.299316
11.476462 329.868805
11.482267 329.291748
11.488072 328.711151
11.493877 328.323517
11.499682 328.381927
11.505487 220.268692
11.511292 219.930771
11.517097 219.660660
11.522902 219.621338
11.528708 220.598526
11.534513 224.593323
11.540318 225.267960
11.546123 224.317688
11.551928 221.208878
11.557733 219.608917
11.563538 219.162323
11.569343 219.335449
11.575148 219.895859
11.580953 220.441452
11.586758 221.196457
11.592563 222.374771
11.598368 111.162254
11.604173 73.670593
11.609978 73.637772
11.615783 73.706749
11.621588 82.344955
11.627392 82.236923
11.633197 73.148438
11.639002 73.157143
11.644807 73.178314
11.650612 73.147522
11.656417 72.488731
11.662222 65.973305
11.668027 65.940773
11.673832 65.976067
11.679637 226.231461
11.685442 226.892075
11.691247 227.198898
11.697052 226.945129
11.702857 226.444702
11.708662 225.462082
11.714467 14049.241211
11.720272 14020.008789
11.726077 228.950394
11.731882 228.431580
11.737687 219.636871
11.743492 219.680222
11.749297 220.047760
11.755102 220.454910
11.760907 219.274460
11.766712 219.333878
11.772517 221.399704
11.778322 223.643097
11.784127 224.477829
11.789932 224.026703
11.795737 222.409607
11.801542 220.714813
11.807347 219.655106
11.813152 218.943741
11.818957 218.440186
11.824762 218.179108
11.830567 218.155167
11.836371 218.272903
11.842176 218.410446
11.847981 218.558746
11.853786 218.765015
11.859591 219.087906
11.865396 219.481735
11.871202 219.798126
11.877007 219.829422
11.882812 219.624939
11.888617 219.423401
11.894422 219.295639
11.900227 219.226105
11.906032 219.170044
11.911837 219.020966
11.917642 218.627594
11.923447 218.057755
11.929252 217.363342
11.935057 216.501740
11.940862 215.118942
11.946667 213.847610
11.952472 213.763382
11.958277 214.434174
11.964082 193.783981
11.969887 194.444046
11.975692 218.441772
11.981497 219.211563
11.987302 13756.875977
11.993107 744.875305
11.998912 739.456665
12.004717 338.626465
12.010522 337.431702
12.016327 335.793182
12.022132 334.185669
12.027937 333.186676
12.033742 332.464050
12.039546 331.066986
12.045351 215.054901
12.051156 215.590118
12.056961 216.343155
12.062766 217.040176
12.068571 218.936752
12.074376 220.410950
12.080181 220.426666
12.085986 220.022995
12.091791 219.282745
12.097596 216.782761
12.103401 214.412476
12.109206 213.836685
12.115011 338.559784
12.120816 220.524307
12.126621 194.792984
12.132426 194.691223
12.138231 194.694763
12.144036 184.367874
12.149841 183.805832
12.155646 4449.873535
12.161451 4453.529785
12.167256 4528.545410
12.173061 4605.725586
12.178866 4629.516602
12.184671 4512.520020
12.190476 1815.585083
12.196281 190.129669
12.202086 213.020477
12.207891 216.065506
12.213696 217.257233
12.219501 218.487259
12.225307 220.777191
12.231112 222.594681
12.236917 223.296448
12.242722 223.836960
12.248526 224.524414
12.254331 224.673218
12.260136 223.966492
12.265941 222.742859
12.271746 220.814819
12.277551 219.253952
12.283356 217.819168
12.289161 214.287491
12.294966 70.815231
12.300771 106.152161
12.306576 211.610046
12.312381 211.076660
12.318186 210.772675
12.323991 608.833496
12.329796 75.553833
12.335601 1151.520020
12.341406 203.464203
12.347211 203.269897
12.353016 202.924866
12.358821 202.234375
12.364626 201.034866
12.370431 199.796722
12.376236 198.996017
12.382041 198.481064
12.387846 1183.664429
12.393651 197.998642
12.399456 197.914215
12.405261 197.805511
12.411066 197.670181
12.416871 197.551254
12.422676 197.444290
12.428481 197.326508
12.434286 197.250000
12.440091 197.299545
12.445896 197.487167
12.451700 197.680344
12.457505 197.727463
12.463310 197.663086
12.469115 197.546936
12.474920 197.291107
12.480725 196.818130
12.486530 196.345078
12.492335 196.120911
12.498140 196.062241
12.503945 196.097656
12.509750 196.141006
12.515555 196.119614
12.521360 196.041473
12.527165 195.942215
12.532970 195.858368
12.538775 195.800308
12.544580 195.727966
12.550385 195.610428
12.556190 195.496826
12.561996 195.262924
12.567801 194.594681
12.573606 193.980972
12.579411 193.736786
12.585216 193.656372
12.591021 193.502167
12.596826 193.195938
12.602631 192.825974
12.608436 192.442657
12.614241 191.869507
12.620046 190.607330
12.625851 186.617004
12.631656 183.852112
12.637461 182.474625
12.643266 180.623505
12.649071 178.773254
12.654876 177.664703
12.660680 177.256042
12.666485 177.249939
12.672290 177.225586
12.678095 176.987610
12.683900 177.007462
12.689705 177.486023
12.695510 178.105026
12.701315 177.402512
12.707120 176.607803
12.712925 176.390305
12.718730 176.788864
12.724535 178.451889
12.730340 178.933472
12.736145 179.209595
12.741950 178.762253
12.747755 177.141281
12.753560 176.911713
12.759365 176.766357
12.765170 176.751282
12.770975 176.705780
12.776780 176.537384
12.782585 176.406174
12.788390 176.358734
12.794195 176.291855
12.800000 176.186859
12.805805 176.065155
12.811610 175.968109
12.817415 175.970703
12.823220 176.093079
12.829025 176.190781
12.834830 176.069992
12.840635 175.628601
12.846440 174.726105
12.852245 174.042267
12.858050 173.485275
12.863854 172.947250
12.869659 172.378647
12.875464 171.742172
12.881269 171.024643
12.887074 170.212311
12.892879 169.077454
12.898685 167.991364
12.904490 605.828125
12.910295 159.957962
12.916100 158.339417
12.921905 157.418610
12.927710 156.442886
12.933515 155.106720
12.939320 153.723114
12.945125 152.234497
12.950930 151.234985
12.956735 150.585739
12.962540 149.859039
12.968345 148.810364
12.974150 147.961761
12.979955 148.107742
12.985760 148.323761
12.991565 148.214661
12.997370 148.078796
13.003175 148.001526
13.008980 147.955597
13.014785 147.894577
13.020590 147.906128
13.026395 148.025085
13.032200 148.221436
13.038005 148.401306
13.043810 148.516708
13.049615 148.549438
13.055420 148.409393
13.061225 148.121902
13.067030 147.808273
13.072834 147.512619
13.078639 147.288269
13.084444 147.165833
13.090249 147.087143
13.096054 146.994003
13.101859 146.981613
13.107664 147.106903
13.113469 147.037170
13.119274 145.266693
13.125079 145.018906
13.130884 144.617081
13.136689 352.338745
13.142494 349.653351
13.148299 348.671051
13.154104 174.863144
13.159909 174.689941
13.165714 174.437897
13.171519 345.929321
13.177324 345.183441
13.183129 343.688477
13.188934 343.231262
13.194739 677.287354
13.200544 673.062622
13.206349 671.487793
13.212154 670.949280
13.217959 177.523911
13.223764 177.252563
13.229569 4728.150879
13.235374 509.900269
13.241179 176.141891
13.246984 176.109283
13.252789 176.140610
13.258595 176.291214
13.264400 176.033432
13.270205 175.768768
13.276009 175.829300
13.281814 175.935471
13.287619 175.829224
13.293424 175.536636
13.299229 175.556961
13.305034 175.728134
13.310839 175.777405
13.316644 175.495865
13.322449 175.173782
13.328254 175.086685
13.334059 175.203461
13.339864 175.347183
13.345669 175.248047
13.351474 171.563766
13.357279 170.973190
13.363084 170.668335
13.368889 170.446686
13.374694 231.517105
13.380499 232.424118
13.386304 232.016388
13.392109 231.010345
13.397914 204.338608
13.403719 176.736649
13.409524 0.000000
13.415329 74.996811
13.421134 73.588104
13.426939 71.308891
13.432744 77.371735
13.438549 72.120285
13.444354 72.229652
13.450159 73.351593
13.455964 73.539757
13.461769 149.290192
13.467574 150.171921
13.473379 150.694641
13.479183 150.918457
13.484988 75.264061
13.490793 74.932655
13.496598 74.466881
13.502403 74.069756
13.508208 73.856674
13.514013 73.585167
13.519818 73.915352
13.525623 73.976700
13.531428 73.939384
13.537233 73.260773
13.543038 72.799744
13.548843 72.727806
13.554648 72.672981
13.560453 72.634796
13.566258 72.687492
13.572063 72.751900
13.577868 72.814201
13.583673 72.920723
13.589478 73.361671
13.595284 73.843002
13.601089 73.790276
13.606894 73.493858
13.612699 73.400162
13.618504 146.248734
13.624309 146.113800
13.630114 146.043274
13.635919 145.809555
13.641724 145.914841
13.647529 148.622375
13.653334 148.453369
13.659139 148.225647
13.664944 148.202545
13.670749 148.676498
13.676554 476.566010
13.682359 474.368286
13.688163 472.963745
13.693968 471.825378
13.699773 470.820404
13.705578 470.144867
13.711383 469.684540
13.717188 156.158691
13.722993 154.627899
13.728798 153.562500
13.734603 152.213837
13.740408 151.153900
13.746213 150.604721
13.752018 150.407608
13.757823 150.408142
13.763628 150.442993
13.769433 150.360046
13.775238 150.014618
13.781043 149.417542
13.786848 148.962570
13.792653 148.709167
13.798458 148.427338
13.804263 186.904739
13.810068 218.016235
13.815873 193.789566
13.821678 192.595596
13.827483 203.297668
13.833288 115.770760
13.839093 115.584068
13.844898 101.172295
13.850703 73.598999
13.856508 147.199814
13.862313 147.616470
13.868118 149.290665
13.873923 149.393250
13.879728 149.384216
13.885533 149.645340
13.891337 150.137833
13.897142 150.685257
13.902947 151.068298
13.908752 597.335266
13.914557 594.379272
13.920362 152.253174
13.926167 517.178223
13.931973 478.475555
13.937778 473.417847
13.943583 473.980347
13.949388 458.026306
13.955193 450.671600
13.960998 447.330139
13.966803 445.919434
13.972608 444.884583
13.978413 444.199524
13.984218 221.735336
13.990023 221.536346
13.995828 152.651672
14.001633 152.397430
14.007438 151.855713
14.013243 150.907547
14.019048 150.218475
14.024853 150.160187
14.030658 150.369751
14.036463 150.607269
14.042268 150.705414
14.048073 150.597534
14.053878 150.336121
14.059683 149.964935
14.065488 149.430786
14.071293 148.787216
14.077098 148.437180
14.082903 148.202621
14.088708 147.765335
14.094513 440.729858
14.100317 442.011383
14.106122 441.967316
14.111927 441.428467
14.117732 440.946991
14.123537 440.814392
14.129342 440.819000
14.135147 440.939758
14.140952 441.358093
14.146757 220.302963
14.152562 219.922485
14.158367 219.368546
14.164172 217.468018
14.169977 215.584564
14.175782 477.025757
14.181587 472.683563
14.187392 149.649841
14.193197 149.068634
14.199002 149.072754
14.204807 149.501251
14.210612 150.036942
14.216417 1221.488647
14.222222 1222.746826
14.228027 3768.596191
14.233832 3820.695312
14.239637 3885.219238
14.245442 161.690720
14.251247 162.215698
14.257052 524.329834
14.262857 168.145294
14.268662 170.257614
14.274467 171.020172
14.280272 174.276367
14.286077 176.025513
14.291883 177.083282
14.297688 178.113464
14.303492 178.790283
14.309297 179.210205
14.315102 179.299088
14.320907 179.038406
14.326712 178.406723
14.332517 177.237457
14.338322 175.745346
14.344127 172.552216
14.349932 170.251205
14.355737 169.260635
14.361542 1044.580566
14.367347 1021.061401
14.373152 1023.276062
14.378957 1027.183716
14.384762 152.757446
14.390567 152.443893
14.396372 152.053360
14.402177 151.366409
14.407982 149.780029
14.413787 148.766754
14.419592 148.879288
14.425397 149.165070
14.431202 149.342178
14.437007 149.356995
14.442812 149.323090
14.448617 149.406693
14.454422 149.658783
14.460227 149.943390
14.466032 150.042465
14.471837 149.998413
14.477642 149.936691
14.483447 149.815903
14.489252 149.545578
14.495057 149.238922
14.500862 148.977066
14.506667 208.133987
14.512471 207.657150
14.518276 205.138931
14.524081 204.802429
14.529886 74.832069
14.535691 74.818993
14.541496 74.734970
14.547301 74.719017
14.553106 74.706772
14.558911 74.509003
14.564716 73.209396
14.570521 72.240639
14.576326 72.366951
14.582131 146.160049
14.587936 146.184280
14.593741 146.034821
14.599546 73.057594
14.605351 72.931999
14.611156 73.068336
14.616961 73.233093
14.622766 146.325104
14.628572 146.223694
14.634377 146.093521
14.640182 146.164185
14.645987 146.736435
14.651792 147.541489
14.657597 148.138382
14.663402 148.623215
14.669207 149.375000
14.675012 149.168472
14.680817 148.253815
14.686622 147.783707
14.692427 147.601715
14.698232 147.689972
14.704037 147.587296
14.709842 147.367920
14.715646 147.093018
14.721451 147.026443
14.727256 147.344040
14.733061 147.514175
14.738866 147.665726
14.744671 147.802811
14.750476 147.868256
14.756281 147.603134
14.762086 146.997589
14.767891 146.906952
14.773696 147.092529
14.779501 147.437653
14.785306 147.903259
14.791111 150.131165
14.796916 149.017487
14.802721 446.691956
14.808526 445.153656
14.814331 444.165161
14.820136 443.542877
14.825941 443.133179
14.831746 442.719971
14.837551 220.765717
14.843356 220.634109
14.849161 198.579208
14.854966 202.273148
14.860771 205.330414
14.866576 208.037857
14.872381 209.619492
14.878186 211.003708
14.883991 212.678574
14.889796 214.004181
14.895601 214.552856
14.901406 214.723267
14.907211 214.934784
14.913016 516.824219
14.918821 224.176163
14.924625 224.077682
14.930430 200.987381
14.936235 202.304810
14.942040 192.293106
14.947845 184.664246
14.953650 0.000000
14.959455 223.486938
14.965261 223.238892
14.971066 223.835709
14.976871 224.403610
14.982676 224.298309
14.988481 224.238708
14.994286 224.361694
15.000091 224.656403
15.005896 225.095413
15.011701 225.577347
15.017506 225.914917
15.023311 225.981384
15.029116 225.836212
15.034921 225.529175
15.040726 225.110687
15.046531 224.682541
15.052336 224.249741
15.058141 223.727524
15.063946 223.197296
15.069751 222.818024
15.075556 224.511261
15.081361 224.485001
15.087166 224.033707
15.092971 223.860168
15.098776 224.034988
15.104581 224.360214
15.110386 224.622086
15.116191 224.566666
15.121996 224.262054
15.127800 223.867798
15.133605 223.472412
15.139410 223.115692
15.145215 222.852676
15.151020 222.682755
15.156825 222.538986
15.162630 222.331390
15.168435 222.075348
15.174240 221.787643
15.180045 221.416046
15.185850 221.029022
15.191655 221.216446
15.197460 221.686951
15.203265 221.152451
15.209070 220.666077
15.214875 222.110916
15.220680 222.833725
15.226485 222.591461
15.232290 222.175720
15.238095 221.790573
15.243900 221.492462
15.249705 221.201004
15.255510 220.838409
15.261315 220.418915
15.267120 220.008743
15.272925 219.803986
15.278730 219.816833
15.284535 219.931122
15.290340 220.153687
15.296145 220.516327
15.301950 221.010284
15.307755 221.574158
15.313560 222.321762
15.319366 223.081985
15.325171 223.237015
15.330976 223.128220
15.336780 223.023560
15.342585 223.005035
15.348390 223.101898
15.354195 223.538605
15.360000 223.568573
15.365805 222.979599
15.371610 222.394119
15.377415 222.097839
15.383220 222.015259
15.389025 222.051620
15.394830 222.077225
15.400635 221.993454
15.406440 221.657028
15.412245 220.688049
15.418050 218.795929
15.423855 217.356522
15.429660 215.616074
15.435465 214.946747
15.441270 223.198761
15.447075 222.821320
15.452880 222.730881
15.458685 222.670029
15.464490 222.445343
15.470295 6007.274902
15.476100 6092.789551
15.481905 6102.367676
15.487710 112.921349
15.493515 112.880287
15.499320 1297.707764
15.505125 1287.272705
15.510930 1283.423706
15.516735 1280.036865
15.522540 976.185303
15.528345 1741.217896
15.534150 502.315155
15.539954 546.343384
15.545759 543.935608
15.551564 543.176086
15.557369 234.981674
15.563174 234.504547
15.568979 233.998138
15.574784 233.452835
15.580589 232.853989
15.586394 232.374420
15.592199 232.086197
15.598004 231.902405
15.603809 231.718094
15.609614 231.601242
15.615419 231.550873
15.621224 231.409851
15.627029 231.160202
15.632834 230.760818
15.638639 229.967712
15.644444 175.582535
15.650249 149.863892
15.656054 75.040649
15.661860 74.887550
15.667665 74.775543
15.673470 224.329147
15.679275 224.207291
15.685080 223.747803
15.690885 222.503693
15.696690 221.394470
15.702495 220.738998
15.708300 220.372299
15.714105 220.219193
15.719910 220.153336
15.725715 220.163834
15.731520 220.191772
15.737325 220.109100
15.743129 219.933960
15.748934 219.809402
15.754739 219.765274
15.760544 219.679199
15.766349 219.492828
15.772154 219.349030
15.777959 219.398743
15.783764 219.499268
15.789569 219.523895
15.795374 219.464172
15.801179 219.321625
15.806984 219.054718
15.812789 218.620132
15.818594 218.029419
15.824399 217.359863
15.830204 216.915421
15.836009 157.747269
15.841814 73.562187
15.847619 73.728813
15.853424 73.785042
15.859229 73.879219
15.865034 73.965904
15.870839 75.075317
15.876644 74.675285
15.882449 74.532181
15.888254 74.625504
15.894059 77.183746
15.899864 14151.548828
15.905669 14142.325195
15.911474 729.780823
15.917279 338.505646
15.923084 336.806488
15.928889 334.886810
15.934694 332.673279
15.940499 331.162537
15.946304 165.084290
15.952108 225.312775
15.957913 226.461090
15.963718 226.702621
15.969523 225.696854
15.975328 224.346100
15.981133 223.412811
15.986938 222.466034
15.992743 221.322632
15.998549 220.707382
16.004354 220.484573
16.010159 220.123657
16.015965 219.798187
16.021769 219.646667
16.027575 219.484482
16.033379 219.403549
16.039185 245.309036
16.044989 231.825867
16.050795 201.927979
16.056599 203.244232
16.062403 217.113907
16.068209 217.102722
16.074013 108.586304
16.079819 108.615990
16.085623 217.185867
16.091429 216.822403
16.097233 216.769943
16.103039 217.063339
16.108843 217.578796
16.114649 218.068268
16.120453 218.279999
16.126259 218.553192
16.132063 219.724030
16.137869 221.994965
16.143673 222.869858
16.149479 222.422974
16.155283 221.564194
16.161089 220.690872
16.166893 220.006165
16.172699 220.262192
16.178503 221.055099
16.184309 221.443771
16.190113 14021.625977
16.195919 221.287628
16.201723 220.653397
16.207529 1934.613770
16.213333 1959.551270
16.219139 1969.113892
16.224943 1964.292969
16.230749 1961.086792
16.236553 221.790466
16.242359 220.047333
16.248163 218.775574
16.253969 218.244537
16.259773 217.930237
16.265577 217.658051
16.271383 217.648453
16.277187 217.989258
16.282993 218.472946
16.288797 218.878296
16.294603 219.170349
16.300407 219.416595
16.306213 219.612259
16.312017 219.746323
16.317823 219.778503
16.323627 219.654083
16.329433 219.478516
16.335238 219.339966
16.341043 219.202499
16.346848 218.949844
16.352654 218.324448
16.358458 217.310837
16.364264 216.589249
16.370068 216.209839
16.375874 328.342407
16.381678 328.356598
16.387484 328.315063
16.393288 328.576965
16.399094 217.259232
16.404898 217.374939
16.410704 218.149963
16.416508 218.821259
16.422314 219.256729
16.428118 219.397461
16.433924 222.462234
16.439728 6371.058105
16.445534 6412.863770
16.451338 222.197372
16.457144 222.820618
16.462948 222.854965
16.468752 6421.172363
16.474558 714.101379
16.480362 745.342834
16.486168 336.191010
16.491972 334.583008
16.497778 333.042633
16.503582 331.462036
16.509388 214.836182
16.515192 223.959549
16.520998 224.181274
16.526802 225.218658
16.532608 225.755722
16.538412 225.281708
16.544218 224.325745
16.550022 223.466690
16.555828 222.876236
16.561632 221.991501
16.567438 221.303970
16.573242 221.693207
16.579048 221.754944
16.584852 221.615234
16.590658 221.593887
16.596462 221.663528
16.602268 221.688950
16.608072 221.821854
16.613878 222.410507
16.619682 222.795044
16.625488 222.324554
16.631292 221.233093
16.637098 220.618652
16.642902 220.245621
16.648708 219.865311
16.654512 219.312531
16.660318 218.329910
16.666122 217.208862
16.671926 216.391968
16.677732 215.525070
16.683537 214.055649
16.689342 212.463699
16.695147 211.056900
16.700953 209.151047
16.706757 205.975693
16.712563 203.210068
16.718367 675.808044
16.724173 668.324951
16.729977 662.169922
16.735783 651.859497
16.741587 200.880249
16.747393 210.510559
16.753197 210.695145
16.759003 204.157150
16.764807 203.495361
16.770613 202.991211
16.776417 99.411591
16.782223 99.229637
16.788027 77.316780
16.793833 77.318062
16.799637 75.231895
16.805443 74.232491
16.811247 1152.395386
16.817053 196.367889
16.822857 196.180771
16.828663 196.098068
16.834467 196.034180
16.840273 195.852203
16.846077 195.576309
16.851883 195.356979
16.857687 195.197815
16.863493 195.030243
16.869297 194.879349
16.875101 194.800339
16.880907 194.769806
16.886711 194.737900
16.892517 194.680023
16.898321 194.622101
16.904127 194.602493
16.909931 194.653641
16.915737 194.740997
16.921541 194.809372
16.927347 194.890167
16.933151 195.025696
16.938957 195.202164
16.944761 195.299896
16.950567 195.197144
16.956371 195.057144
16.962177 195.070923
16.967981 195.221497
16.973787 195.288239
16.979591 195.184433
16.985397 195.073822
16.991201 194.970810
16.997007 194.788635
17.002811 194.517441
17.008617 194.241638
17.014421 193.939804
17.020227 193.482605
17.026031 192.744598
17.031837 191.914154
17.037642 191.372513
17.043447 190.924652
17.049252 190.554276
17.055058 189.679901
17.060862 187.887054
17.066668 185.914734
17.072472 372.401367
17.078278 361.610718
17.084082 359.405304
17.089886 357.068420
17.095692 173.384445
17.101496 172.024796
17.107302 171.161911
17.113106 170.963638
17.118912 171.221954
17.124716 171.743484
17.130522 172.514130
17.136326 173.352509
17.142132 174.064529
17.147936 174.613571
17.153742 175.120499
17.159546 175.808243
17.165352 176.510803
17.171156 177.175583
17.176962 178.079269
17.182766 177.898102
17.188572 99.395294
17.194376 115.756104
17.200182 76.144875
17.205986 76.023201
17.211792 670.567139
17.217596 675.067688
17.223402 86.792564
17.229206 86.605103
17.235012 347.440704
17.240816 346.649963
17.246622 172.938354
17.252426 173.043243
17.258232 173.218170
17.264036 173.455902
17.269842 173.695953
17.275646 173.945084
17.281452 174.292053
17.287256 174.780807
17.293060 175.070267
17.298866 175.072235
17.304670 175.012192
17.310476 174.884537
17.316280 174.562515
17.322086 174.223419
17.327890 173.937408
17.333696 173.592697
17.339500 172.768539
17.345306 171.513290
17.351110 170.514725
17.356916 170.020020
17.362720 523.763916
17.368526 73.747169
17.374331 73.763428
17.380136 73.150398
17.385941 72.920456
17.391747 73.892883
17.397551 74.504738
17.403357 74.307037
17.409161 0.000000
17.414967 132.123856
17.420771 97.947235
17.426577 196.630127
17.432381 196.930771
17.438187 197.083984
17.443991 776.272156
17.449797 776.883179
17.455601 357.307709
17.461407 355.718445
17.467211 353.834930
17.473017 351.684601
17.478821 350.122101
17.484627 349.496979
17.490431 349.046722
17.496235 348.577728
17.502041 348.228943
17.507845 348.159027
17.513651 349.044525
17.519455 370.697174
17.525261 189.813049
17.531065 188.702316
17.536871 187.051865
17.542675 184.046768
17.548481 180.738052
17.554285 176.181274
17.560091 174.156219
17.565895 172.533585
17.571701 171.677734
17.577505 171.601669
17.583311 14005.767578
17.589115 14157.501953
17.594921 0.000000
17.600725 144.721436
17.606531 144.602600
17.612335 77.316193
17.618141 75.335587
17.623945 76.401779
17.629751 78.096039
17.635555 78.206551
17.641361 165.075836
17.647165 165.533066
17.652971 166.794174
17.658775 168.772705
17.664581 169.748703
17.670385 170.702759
17.676191 171.756470
17.681995 172.480850
17.687801 172.971512
17.693605 173.373764
17.699409 173.794907
17.705215 174.538086
17.711020 175.981308
17.716825 176.952652
17.722630 177.337524
17.728436 177.472931
17.734240 177.301178
17.740046 176.901291
17.745850 3812.906738
17.751656 3855.327637
17.757460 3938.513184
17.763266 73.509575
17.769070 73.522095
17.774876 73.566574
17.780680 74.539841
17.786486 73.751610
17.792290 74.644493
17.798096 75.502350
17.803900 74.578979
17.809706 3737.953369
17.815510 3693.671631
17.821316 3679.788818
17.827120 3648.771240
17.832926 3622.197021
17.838730 3619.852539
17.844536 261.812195
17.850340 214.731812
17.856146 230.154221
17.861950 222.841232
17.867756 220.179062
17.873560 229.982071
17.879366 251.992859
17.885170 168.846405
17.890976 106.363907
17.896780 266.374420
17.902586 280.828583
17.908390 1128.039062
17.914194 1122.414673
17.920000 1111.770386
17.925804 1104.759644
17.931610 271.859161
17.937414 271.015930
17.943220 269.608643
17.949024 267.282867
17.954830 264.342224
17.960634 261.013458
17.966440 258.186279
17.972244 256.453400
17.978050 254.763031
17.983854 252.633148
17.989660 75.605980
17.995464 75.854080
18.001270 124.943794
18.007074 163.275574
18.012880 231.494446
18.018684 230.989105
18.024490 230.473679
18.030294 229.734711
18.036100 228.923203
18.041904 228.328888
18.047710 227.754257
18.053514 226.602203
18.059320 75.275757
18.065125 72.505547
18.070930 75.689552
18.076735 75.237411
18.082541 74.998764
18.088345 78.084206
18.094151 100.261986
18.099955 100.055397
18.105761 200.380844
18.111565 197.282471
18.117369 197.152924
18.123175 184.243362
18.128979 182.454987
18.134785 168.313904
18.140589 169.630035
18.146395 459.015381
18.152199 463.476990
18.158005 469.935913
18.163809 471.180176
18.169615 471.300385
18.175419 470.956085
18.181225 470.386566
18.187029 469.664825
18.192835 233.661728
18.198639 233.034119
18.204445 232.187073
18.210249 231.674057
18.216055 231.448212
18.221859 231.156265
18.227665 230.533295
18.233469 229.254883
18.239275 227.466537
18.245079 225.949265
18.250885 224.716263
18.256689 223.868210
18.262495 469.369812
18.268299 471.064514
18.274105 223.229065
18.279909 224.222717
18.285715 224.671890
18.291519 224.751297
18.297325 225.034882
18.303129 203.137894
18.308935 106.613487
18.314739 74.916603
18.320543 73.573730
18.326349 76.154221
18.332153 77.536720
18.337959 77.596474
18.343763 77.504517
18.349569 77.333321
18.355373 77.290054
18.361179 480.458588
18.366983 481.045593
18.372789 77.744789
18.378593 77.625984
18.384399 77.504791
18.390203 77.414246
18.396009 77.400040
18.401814 77.391640
18.407619 77.466370
18.413424 77.776505
18.419230 77.688194
18.425034 490.061829
18.430840 493.162231
18.436644 491.527679
18.442450 446.703857
18.448254 222.657562
18.454060 222.216507
18.459864 221.950653
18.465670 221.730499
18.471474 221.421555
18.477280 220.941574
18.483084 220.294083
18.488890 219.613403
18.494694 219.428970
18.500500 219.713531
18.506304 220.075180
18.512110 220.344864
18.517914 220.409058
18.523718 220.039703
18.529524 218.823044
18.535328 217.034225
18.541134 216.112534
18.546938 215.841583
18.552744 438.370361
18.558548 220.159119
18.564354 220.443710
18.570158 445.269806
18.575964 445.459167
18.581768 444.243652
18.587574 442.853577
18.593378 442.717590
18.599184 443.892273
18.604988 444.336731
18.610794 430.003387
18.616598 429.117737
18.622404 428.751678
18.628208 429.086182
18.634014 434.041107
18.639818 440.835968
18.645624 441.512054
18.651428 440.999420
18.657234 440.924042
18.663038 219.907700
18.668844 220.269180
18.674648 225.808533
18.680454 231.133255
18.686258 232.561569
18.692064 232.465454
18.697868 231.728592
18.703674 231.013596
18.709478 230.716476
18.715284 230.644104
18.721088 230.396637
18.726892 229.833984
18.732698 229.490173
18.738503 229.518829
18.744308 230.190063
18.750113 231.600586
18.755919 231.500107
18.761723 230.860458
18.767529 230.514923
18.773333 230.207031
18.779139 229.723190
18.784943 229.101242
18.790749 228.486099
18.796553 227.913666
18.802359 227.159744
18.808163 225.675583
18.813969 74.148293
18.819773 74.064171
18.825579 73.259972
18.831383 73.265396
18.837189 73.711304
18.842993 73.725716
18.848799 73.718597
18.854603 73.715828
18.860409 73.697502
18.866213 73.682793
18.872019 73.733620
18.877823 73.361290
18.883629 73.417694
18.889433 73.520317
18.895239 73.602707
18.901043 72.493484
18.906849 74.886696
18.912653 225.207703
18.918459 224.960922
18.924263 224.727020
18.930069 224.794785
18.935873 224.970657
18.941677 224.604980
18.947483 223.797684
18.953287 223.079559
18.959093 222.527435
18.964897 221.778915
18.970703 220.909058
18.976507 220.303772
18.982313 219.871735
18.988117 219.538513
18.993923 219.390274
18.999727 219.348495
19.005533 218.856537
19.011337 215.793076
19.017143 108.652031
19.022947 94.104301
19.028753 94.061378
19.034557 74.728958
19.040363 74.723862
19.046167 74.607452
19.051973 74.329643
19.057777 74.273354
19.063583 73.347328
19.069387 73.166862
19.075193 327.585327
19.080997 307.166931
19.086803 147.367737
19.092607 72.803596
19.098413 72.834473
19.104218 73.052055
19.110023 73.139114
19.115828 73.233429
19.121634 73.259689
19.127438 146.286774
19.133244 146.102280
19.139048 146.052261
19.144852 146.401016
19.150658 147.158203
19.156462 147.331482
19.162268 147.452667
19.168072 148.185959
19.173878 148.954788
19.179682 148.895264
19.185488 148.244476
19.191292 147.849960
19.197098 147.488449
19.202902 147.456131
19.208708 147.342514
19.214512 146.986542
19.220318 147.076859
19.226122 147.496536
19.231928 147.815857
19.237732 147.557571
19.243538 147.629028
19.249342 148.176880
19.255148 148.354919
19.260952 147.883820
19.266758 151.100464
19.272562 151.007706
19.278368 447.865295
19.284172 446.025238
19.289978 444.787048
19.295782 443.937927
19.301588 443.406586
19.307392 443.075958
19.313198 221.304214
19.319002 220.985046
19.324808 208.065292
19.330612 207.809341
19.336418 208.040436
19.342222 209.160355
19.348026 210.590027
19.353832 211.798676
19.359636 212.958252
19.365442 213.997131
19.371246 632.362366
19.377052 638.197693
19.382856 642.902344
19.388662 221.336716
19.394466 220.636963
19.400272 211.332352
19.406076 218.466217
19.411882 202.649719
19.417686 202.818222
19.423492 201.686859
19.429296 222.980423
19.435102 444.907104
19.440907 444.256744
19.446712 443.617737
19.452517 443.040283
19.458323 442.154358
19.464127 439.932159
19.469933 228.967926
19.475737 227.626312
19.481543 225.679413
19.487347 224.490799
19.493153 223.692078
19.498957 223.421295
19.504763 223.641861
19.510567 223.957642
19.516373 224.238586
19.522177 224.585663
19.527983 224.972672
19.533787 225.164337
19.539593 225.196869
19.545397 225.651535
19.551201 225.310852
19.557007 224.837585
19.562811 224.516815
19.568617 224.455978
19.574421 224.475052
19.580227 224.294525
19.586031 224.196564
19.591837 224.562119
19.597641 225.136337
19.603447 225.271057
19.609251 225.243057
19.615057 225.209183
19.620861 225.169052
19.626667 224.992981
19.632471 224.555313
19.638277 224.151306
19.644081 224.033554
19.649887 224.042770
19.655691 223.961487
19.661497 223.680496
19.667301 223.225235
19.673107 222.604568
19.678911 221.942825
19.684717 223.731171
19.690521 225.229630
19.696327 447.998718
19.702131 445.970581
19.707937 444.681366
19.713741 221.868942
19.719547 221.634796
19.725351 221.560349
19.731157 221.696808
19.736961 222.151016
19.742767 222.929382
19.748571 223.325455
19.754377 223.430283
19.760181 223.378555
19.765985 223.156815
19.771791 222.924393
19.777596 222.867401
19.783401 223.024170
19.789206 223.214401
19.795012 223.232178
19.800816 223.155899
19.806622 223.231216
19.812426 223.467499
19.818232 223.602921
19.824036 223.216415
19.829842 223.598709
19.835646 455.421295
19.841452 447.469940
19.847256 445.812988
19.853062 444.623016
19.858866 443.787262
19.864672 221.833786
19.870476 221.853989
19.876282 221.790482
19.882086 221.632874
19.887892 221.682053
19.893696 222.014435
19.899502 222.256927
19.905306 222.244003
19.911112 222.174225
19.916916 222.186813
19.922722 222.149307
19.928526 221.845215
19.934332 221.235245
19.940136 220.548004
19.945942 214.254669
19.951746 221.213989
19.957552 220.763489
19.963356 228.464005
19.969160 220.519501
19.974966 223.693817
19.980770 223.436325
19.986576 223.370422
19.992380 223.518509
19.998186 223.540695
20.003990 187.325851
20.009796 202.255783
20.015600 494.975372
20.021406 227.940536
20.027210 231.320267
20.033016 233.550613
20.038820 235.759048
20.044626 237.020752
20.050430 237.245895
20.056236 236.775452
20.062040 236.139893
20.067846 235.607925
20.073650 235.087616
20.079456 234.511688
20.085260 233.814941
20.091066 232.986313
20.096870 231.971802
20.102676 230.805374
20.108480 229.388947
20.114286 227.763046
20.120090 225.971542
20.125896 225.122818
20.131701 74.820030
20.137506 74.700302
20.143311 73.659950
20.149117 73.692055
20.154921 73.785500
20.160727 221.778931
20.166531 221.749222
20.172335 221.513351
20.178141 221.397858
20.183945 221.357071
20.189751 221.266006
20.195555 221.160080
20.201361 221.185318
20.207165 221.488052
20.212971 221.842392
20.218775 222.027298
20.224581 222.102814
20.230385 222.094101
20.236191 221.951004
20.241995 221.709534
20.247801 221.567368
20.253605 221.527145
20.259411 73.677063
20.265215 73.709129
20.271021 221.503296
20.276825 221.490616
20.282631 221.276596
20.288435 220.818695
20.294241 220.230377
20.300045 219.635864
20.305851 219.169769
20.311655 218.929398
20.317461 74.726555
20.323265 74.745605
20.329071 74.337090
20.334875 73.213776
20.340681 76.013763
20.346485 77.550598
20.352291 77.607834
20.358095 222.526016
20.363901 222.017029
20.369705 221.996643
20.375509 222.045059
20.381315 221.697418
20.387119 754.498901
20.392925 743.578430
20.398729 336.649994
20.404535 334.908600
20.410339 333.111084
20.416145 331.408051
20.421949 330.435272
20.427755 109.922478
20.433559 219.553009
20.439365 220.190918
20.445169 220.992523
20.450975 221.745438
20.456779 222.120209
20.462585 222.107590
20.468390 221.891174
20.474195 221.664566
20.480000 221.415726
20.485806 221.164597
20.491610 221.004013
20.497416 220.793076
20.503220 220.369720
20.509026 220.385284
20.514830 303.424835
20.520636 219.550735
20.526440 218.653000
20.532246 218.254120
20.538050 218.020798
20.543856 217.805069
20.549660 217.813766
20.555466 108.741577
20.561270 221.364716
20.567076 109.907974
20.572880 219.491486
20.578686 219.354279
20.584490 219.573395
20.590294 220.092300
20.596100 220.403503
20.601904 220.631149
20.607710 221.794800
20.613514 224.375259
20.619320 225.332550
20.625124 224.793060
20.630930 223.611847
20.636734 221.953369
20.642540 220.504913
20.648344 220.455750
20.654150 220.673233
20.659954 220.984726
20.665760 220.869919
20.671564 220.531357
20.677370 220.249451
20.683174 219.959381
20.688980 220.083954
20.694784 220.907516
20.700590 223.250961
20.706394 226.082764
20.712200 227.120911
20.718004 226.792297
20.723810 225.351349
20.729614 222.820633
20.735420 221.018951
20.741224 220.273422
20.747030 219.894104
20.752834 219.567078
20.758640 219.303009
20.764444 219.238998
20.770250 219.287277
20.776054 219.325760
20.781860 219.416641
20.787664 219.615585
20.793468 219.836716
20.799274 219.964188
20.805079 219.990753
20.810884 220.041000
20.816689 220.308090
20.822495 220.750412
20.828299 221.114471
20.834105 221.245804
20.839909 221.322845
20.845715 221.519760
20.851519 221.727631
20.857325 221.816498
20.863129 221.731216
20.868935 221.406204
20.874739 220.687286
20.880545 219.480072
20.886349 218.157928
20.892155 217.490707
20.897959 217.798447
20.903765 219.310333
20.909569 220.739761
20.915375 220.150284
20.921179 220.211761
20.926985 220.404144
20.932789 220.653305
20.938595 219.660629
20.944399 14127.652344
20.950205 14224.578125
20.956009 744.186584
20.961815 336.898010
20.967619 335.832581
20.973425 334.215271
20.979229 332.894012
20.985035 110.173225
20.990839 220.977890
20.996643 220.800873
