0.000000 0.000000
0.005805 0.000000
0.011610 0.000000
0.017415 0.000000
0.023220 0.000000
0.029025 0.000000
0.034830 0.000000
0.040635 0.000000
0.046440 0.000000
0.052245 0.000000
0.058050 0.000000
0.063855 0.000000
0.069660 0.000000
0.075465 0.000000
0.081270 0.000000
0.087075 0.000000
0.092880 0.000000
0.098685 0.000000
0.104490 0.000000
0.110295 0.000000
0.116100 0.000000
0.121905 0.000000
0.127710 0.000000
0.133515 0.000000
0.139320 0.000000
0.145125 0.000000
0.150930 0.000000
0.156735 0.000000
0.162540 0.000000
0.168345 0.000000
0.174150 0.000000
0.179955 0.000000
0.185760 0.000000
0.191565 0.000000
0.197370 0.000000
0.203175 0.000000
0.208980 0.000000
0.214785 0.000000
0.220590 0.000000
0.226395 0.000000
0.232200 0.000000
0.238005 0.000000
0.243810 0.000000
0.249615 0.000000
0.255419 0.000000
0.261224 0.000000
0.267029 0.000000
0.272834 0.000000
0.278639 0.000000
0.284444 0.000000
0.290249 0.000000
0.296054 0.000000
0.301859 0.000000
0.307664 0.000000
0.313469 0.000000
0.319274 0.000000
0.325079 0.000000
0.330884 0.000000
0.336689 0.000000
0.342494 0.000000
0.348299 0.000000
0.354104 0.000000
0.359909 0.000000
0.365714 0.000000
0.371519 0.000000
0.377324 0.000000
0.383129 0.000000
0.388934 0.000000
0.394739 0.000000
0.400544 0.000000
0.406349 0.000000
0.412154 0.000000
0.417959 0.000000
0.423764 0.000000
0.429569 0.000000
0.435374 0.000000
0.441179 0.000000
0.446984 0.000000
0.452789 0.000000
0.458594 0.000000
0.464399 0.000000
0.470204 0.000000
0.476009 0.000000
0.481814 0.000000
0.487619 0.000000
0.493424 0.000000
0.499229 0.000000
0.505034 0.000000
0.510839 0.000000
0.516644 0.000000
0.522449 0.000000
0.528254 0.000000
0.534059 0.000000
0.539864 0.000000
0.545669 0.000000
0.551474 0.000000
0.557279 0.000000
0.563084 0.000000
0.568889 0.000000
0.574694 0.000000
0.580499 0.000000
0.586304 0.000000
0.592109 0.000000
0.597914 0.000000
0.603719 0.000000
0.609524 0.000000
0.615329 0.000000
0.621134 0.000000
0.626939 0.000000
0.632744 0.000000
0.638549 0.000000
0.644354 0.000000
0.650159 0.000000
0.655964 0.000000
0.661769 0.000000
0.667574 0.000000
0.673379 0.000000
0.679184 0.000000
0.684989 0.000000
0.690794 0.000000
0.696599 0.000000
0.702404 0.000000
0.708209 0.000000
0.714014 0.000000
0.719819 0.000000
0.725624 0.000000
0.731429 0.000000
0.737234 0.000000
0.743039 0.000000
0.748844 0.000000
0.754649 0.000000
0.760454 0.000000
0.766258 0.000000
0.772063 0.000000
0.777869 0.000000
0.783673 0.000000
0.789478 0.000000
0.795283 0.000000
0.801088 0.000000
0.806893 0.000000
0.812698 0.000000
0.818503 0.000000
0.824308 0.000000
0.830113 0.000000
0.835918 0.000000
0.841723 0.000000
0.847528 0.000000
0.853333 0.000000
0.859138 0.000000
0.864943 0.000000
0.870748 0.000000
0.876553 0.000000
0.882358 0.000000
0.888163 0.000000
0.893968 0.000000
0.899773 0.000000
0.905578 0.000000
0.911383 0.000000
0.917188 0.000000
0.922993 0.000000
0.928798 0.000000
0.934603 0.000000
0.940408 0.000000
0.946213 0.000000
0.952018 0.000000
0.957823 0.000000
0.963628 0.000000
0.969433 0.000000
0.975238 0.000000
0.981043 0.000000
0.986848 0.000000
0.992653 0.000000
0.998458 0.000000
1.004263 0.000000
1.010068 0.000000
1.015873 0.000000
1.021678 0.000000
1.027483 0.000000
1.033288 0.000000
1.039093 0.000000
1.044898 0.000000
1.050703 0.000000
1.056508 0.000000
1.062313 0.000000
1.068118 0.000000
1.073923 2170.135254
1.079728 1052.692993
1.085533 1049.716431
1.091338 0.000000
1.097143 139.545731
1.102948 139.863678
1.108753 140.057083
1.114558 145.788895
1.120363 164.879776
1.126168 165.185791
1.131973 164.071487
1.137778 149.566956
1.143583 121.532387
1.149388 110.139496
1.155193 110.066826
1.160998 110.042015
1.166803 110.013184
1.172608 86.821327
1.178413 84.579025
1.184218 82.472328
1.190023 79.440529
1.195828 76.057884
1.201633 73.535912
1.207438 73.432251
1.213243 73.129395
1.219048 70.439468
1.224853 71.090347
1.230658 71.145905
1.236463 69.138313
1.242268 65.921387
1.248073 69.964645
1.253878 65.953278
1.259683 62.770893
1.265488 69.743446
1.271293 69.803314
1.277097 59.109512
1.282902 70.254349
1.288707 70.317734
1.294513 56.023579
1.300317 70.025208
1.306122 55.573124
1.311927 55.364143
1.317732 54.712246
1.323537 0.000000
1.329342 131.440308
1.335147 131.216995
1.340952 145.731689
1.346757 145.915359
1.352562 146.092865
1.358367 146.108490
1.364172 222.260834
1.369977 222.220139
1.375782 221.576981
1.381587 220.185226
1.387392 220.599350
1.393197 146.584320
1.399002 146.939087
1.404807 146.623871
1.410612 146.340424
1.416417 73.643570
1.422222 146.801346
1.428027 146.872330
1.433832 73.702789
1.439637 74.024155
1.445442 73.812927
1.451247 73.550453
1.457052 73.586006
1.462857 73.640091
1.468662 73.597816
1.474467 73.552185
1.480272 73.615028
1.486077 73.716690
1.491882 73.727364
1.497687 73.808891
1.503492 73.964668
1.509297 74.102814
1.515102 73.794319
1.520907 73.480309
1.526712 73.530098
1.532517 73.804703
1.538322 73.920715
1.544127 73.643288
1.549932 73.472610
1.555737 73.822258
1.561542 74.258652
1.567347 75.340477
1.573152 75.355354
1.578957 164.438507
1.584762 146.161972
1.590567 146.267441
1.596372 146.712875
1.602177 188.995071
1.607982 147.347565
1.613787 147.263718
1.619592 147.455261
1.625397 147.509964
1.631202 98.374092
1.637007 103.035683
1.642812 98.316528
1.648617 92.876450
1.654422 78.152634
1.660227 78.075844
1.666032 75.729424
1.671837 73.444450
1.677642 73.466423
1.683447 73.509102
1.689252 73.518250
1.695057 73.490829
1.700862 73.405251
1.706667 73.310837
1.712472 73.316910
1.718277 73.367157
1.724082 73.375092
1.729887 73.197998
1.735692 73.110619
1.741497 73.161720
1.747302 73.278091
1.753107 73.357452
1.758912 73.336716
1.764717 73.315536
1.770522 73.310951
1.776327 73.404503
1.782132 73.406029
1.787936 73.580116
1.793741 73.265984
1.799546 72.945572
1.805351 174.345306
1.811157 174.214111
1.816961 174.195099
1.822766 417.723328
1.828571 419.449524
1.834376 146.108444
1.840181 145.977188
1.845986 220.498016
1.851791 220.907990
1.857596 146.685043
1.863401 146.971603
1.869206 146.982559
1.875011 146.983841
1.880816 147.015594
1.886621 147.040604
1.892426 221.572510
1.898231 147.439911
1.904036 147.801132
1.909841 148.034531
1.915646 147.940979
1.921451 147.405548
1.927256 73.443367
1.933061 73.403061
1.938866 148.595306
1.944671 148.804962
1.950476 148.860092
1.956281 73.418137
1.962086 73.137451
1.967891 73.402054
1.973696 148.835449
1.979501 150.872116
1.985306 150.264786
1.991111 148.577332
1.996916 73.400978
2.002721 73.246582
2.008526 73.792374
2.014331 149.462631
2.020136 150.288452
2.025941 73.954361
2.031746 73.752739
2.037551 73.618362
2.043356 73.471680
2.049161 146.776459
2.054966 146.745132
2.060771 146.661957
2.066576 146.491409
2.072381 157.866135
2.078186 175.086044
2.083991 174.489197
2.089796 139.030914
2.095601 130.944092
2.101406 116.359993
2.107211 108.174561
2.113016 103.202026
2.118821 101.120865
2.124626 87.331100
2.130431 87.305786
2.136236 87.264206
2.142041 77.643326
2.147846 75.711487
2.153651 74.286919
2.159456 73.609230
2.165261 73.458786
2.171066 73.365494
2.176871 68.709953
2.182676 68.569069
2.188481 68.426559
2.194286 68.154343
2.200091 68.203377
2.205896 68.073822
2.211701 63.248981
2.217506 67.638718
2.223311 67.747215
2.229116 63.111492
2.234921 67.671112
2.240726 68.152618
2.246531 68.278473
2.252336 68.264168
2.258141 68.027557
2.263946 68.005516
2.269751 68.036621
2.275556 71.961937
2.281361 0.000000
2.287166 3309.048096
2.292970 3376.448486
2.298775 226.399170
2.304580 225.650620
2.310385 149.692261
2.316190 146.178711
2.321995 146.719940
2.327801 147.072098
2.333606 146.854263
2.339411 146.709167
2.345215 146.789444
2.351020 147.015121
2.356825 73.712593
2.362630 73.706856
2.368435 73.622490
2.374240 73.569588
2.380045 73.659164
2.385850 73.774277
2.391655 73.849663
2.397460 73.809692
2.403265 73.674561
2.409070 73.654945
2.414875 73.788193
2.420680 73.908577
2.426485 73.858032
2.432290 73.793564
2.438095 73.776070
2.443900 73.739143
2.449705 73.817947
2.455510 73.929512
2.461315 73.975342
2.467120 73.909866
2.472925 73.850090
2.478730 73.896667
2.484535 73.994690
2.490340 74.175941
2.496145 74.124069
2.501950 74.001083
2.507755 73.894638
2.513560 73.816292
2.519365 74.128670
2.525170 75.605301
2.530975 151.512024
2.536780 151.182373
2.542585 150.811768
2.548390 150.511505
2.554195 172.535263
2.560000 150.751297
2.565805 150.657944
2.571610 125.344666
2.577415 124.970871
2.583220 108.778458
2.589025 106.476143
2.594830 96.645546
2.600635 91.074219
2.606440 86.958664
2.612245 82.920090
2.618050 79.170334
2.623855 76.875580
2.629660 75.556488
2.635465 74.414345
2.641270 73.320244
2.647075 72.291328
2.652880 70.108490
2.658685 69.052750
2.664490 69.003220
2.670295 68.094215
2.676100 68.068741
2.681905 65.757942
2.687710 65.695015
2.693515 65.722595
2.699320 65.724915
2.705125 65.763550
2.710930 67.827942
2.716735 67.905899
2.722540 67.952530
2.728345 71.193146
2.734150 69.197151
2.739955 69.891884
2.745760 69.119400
2.751565 70.174965
2.757370 4519.889648
2.763175 4459.335449
2.768980 420.092957
2.774785 211.769104
2.780590 223.688095
2.786395 223.145981
2.792200 145.778336
2.798005 146.002335
2.803810 146.468307
2.809614 219.632980
2.815419 219.929428
2.821224 73.670311
2.827029 73.721191
2.832834 73.724686
2.838639 73.718742
2.844445 73.797272
2.850250 73.833542
2.856054 73.822739
2.861859 73.788963
2.867664 73.801132
2.873469 73.831627
2.879274 73.741661
2.885079 73.681992
2.890884 73.659752
2.896689 73.714058
2.902494 73.772453
2.908299 73.753464
2.914104 73.752686
2.919909 73.769341
2.925714 73.874580
2.931519 73.931625
2.937324 73.928780
2.943129 73.878403
2.948934 73.796455
2.954739 73.818802
2.960544 73.849426
2.966349 73.927147
2.972154 73.938759
2.977959 73.880882
2.983764 73.834175
2.989569 73.838135
2.995374 74.316711
3.001179 76.696091
3.006984 80.006996
3.012789 157.889877
3.018594 152.396729
3.024399 158.345642
3.030204 165.452545
3.036009 159.924271
3.041814 144.615936
3.047619 133.474670
3.053424 115.816833
3.059229 108.049774
3.065034 103.741455
3.070839 98.259109
3.076644 90.473083
3.082449 85.908806
3.088254 82.387421
3.094059 78.584457
3.099864 76.156761
3.105669 74.496056
3.111474 73.620735
3.117279 72.674721
3.123084 71.539856
3.128889 71.101387
3.134694 69.742661
3.140499 68.245522
3.146304 66.974533
3.152109 67.181152
3.157914 65.832344
3.163719 65.324860
3.169524 65.482124
3.175329 65.931488
3.181134 65.477531
3.186939 67.445358
3.192744 67.503578
3.198549 67.720184
3.204354 69.867432
3.210159 69.736412
3.215964 69.616737
3.221769 68.698685
3.227574 70.202179
3.233379 69.023087
3.239184 1541.874634
3.244989 417.269409
3.250794 223.475204
3.256599 223.275650
3.262404 222.248306
3.268209 220.707489
3.274014 219.631287
3.279819 219.276001
3.285624 73.547508
3.291429 73.583244
3.297234 73.612938
3.303039 73.652130
3.308844 73.702110
3.314649 73.747910
3.320453 73.823296
3.326258 73.821091
3.332063 73.804420
3.337868 73.784088
3.343673 73.785873
3.349478 73.831680
3.355283 73.834755
3.361089 73.876740
3.366894 73.884850
3.372698 73.928848
3.378503 73.911026
3.384308 73.828384
3.390113 73.793633
3.395918 73.741455
3.401723 73.808350
3.407528 73.928787
3.413333 74.059174
3.419138 74.055809
3.424943 73.919525
3.430748 73.872620
3.436553 73.860146
3.442358 73.943687
3.448163 73.961823
3.453968 73.911751
3.459773 73.840759
3.465578 73.795769
3.471383 74.099388
3.477188 74.572174
3.482993 151.323441
3.488798 145.940811
3.494603 145.593307
3.500408 145.721268
3.506213 157.381012
3.512018 157.230743
3.517823 153.637589
3.523628 123.685287
3.529433 110.608063
3.535238 110.536873
3.541043 106.178329
3.546848 96.994141
3.552653 92.405319
3.558458 84.782097
3.564263 82.933044
3.570068 78.231323
3.575873 77.045555
3.581678 75.749687
3.587483 74.642242
3.593288 73.567375
3.599093 71.328102
3.604898 71.285332
3.610703 70.076424
3.616508 68.987579
3.622313 67.073967
3.628118 66.992699
3.633923 65.900459
3.639728 64.861847
3.645533 65.628174
3.651338 64.741013
3.657143 64.781227
3.662948 65.871521
3.668753 65.969193
3.674558 66.001595
3.680363 69.823730
3.686168 68.944862
3.691973 69.842545
3.697778 69.067841
3.703583 69.815094
3.709388 1524.872559
3.715193 4208.530762
3.720998 4125.105469
3.726803 222.805023
3.732608 222.834183
3.738413 145.789825
3.744218 145.785553
3.750023 146.052765
3.755828 147.247894
3.761633 73.688446
3.767438 73.714233
3.773243 73.699539
3.779048 73.699425
3.784853 73.731590
3.790658 73.775871
3.796463 73.785973
3.802268 73.772064
3.808073 73.798355
3.813878 73.807297
3.819683 73.841759
3.825488 73.813568
3.831293 73.784142
3.837097 73.846626
3.842902 73.920563
3.848707 74.001663
3.854512 73.918556
3.860317 73.831680
3.866122 73.784424
3.871927 73.797615
3.877733 73.884094
3.883538 73.942703
3.889342 74.023689
3.895147 73.955505
3.900952 73.879303
3.906757 73.918434
3.912562 74.052986
3.918367 74.178391
3.924172 74.120781
3.929977 74.095833
3.935782 74.021370
3.941587 73.992615
3.947392 74.220520
3.953197 74.450119
3.959002 151.425018
3.964807 146.065918
3.970612 146.005997
3.976417 145.910660
3.982222 175.662537
3.988027 164.208664
3.993832 144.862335
3.999637 132.005142
4.005442 118.570602
4.011247 108.575211
4.017052 104.074341
4.022857 99.492897
4.028662 92.455429
4.034467 85.864380
4.040272 82.293625
4.046077 79.041290
4.051882 77.398590
4.057687 75.860901
4.063492 74.300415
4.069297 72.882362
4.075102 71.681305
4.080907 70.057121
4.086712 69.817612
4.092517 67.967148
4.098322 66.815231
4.104127 66.139046
4.109932 66.051552
4.115737 65.505356
4.121542 66.109962
4.127347 65.634369
4.133152 65.643974
4.138957 66.180260
4.144762 67.556389
4.150567 66.264191
4.156372 66.362778
4.162177 69.080505
4.167982 69.517570
4.173787 69.633476
4.179592 69.385162
4.185397 72.065575
4.191202 4329.653809
4.197007 4312.879395
4.202812 221.563522
4.208617 221.648407
4.214422 221.383438
4.220227 145.599045
4.226032 145.660919
4.231837 146.138306
4.237642 147.051956
4.243447 73.609291
4.249252 73.641937
4.255057 73.708229
4.260862 73.774002
4.266667 73.803169
4.272471 73.813156
4.278276 73.798790
4.284081 73.783875
4.289886 73.779793
4.295691 73.852753
4.301497 73.910217
4.307302 73.837715
4.313107 73.795074
4.318912 73.846512
4.324717 74.003120
4.330522 74.018082
4.336327 73.899208
4.342132 73.822105
4.347937 73.770164
4.353742 73.861755
4.359547 74.040581
4.365352 74.247360
4.371157 74.189743
4.376961 73.931396
4.382766 73.864609
4.388571 73.910210
4.394376 74.071579
4.400181 74.136475
4.405986 74.124710
4.411791 73.953140
4.417596 73.848465
4.423401 74.150925
4.429206 75.299591
4.435011 168.640808
4.440816 169.277664
4.446621 144.931122
4.452426 173.304825
4.458231 174.149826
4.464036 174.238693
4.469841 150.030640
4.475646 126.013481
4.481451 125.752617
4.487256 106.645859
4.493061 106.514313
4.498866 97.070625
4.504671 94.917091
4.510476 86.449516
4.516281 82.637169
4.522086 79.677170
4.527891 79.698792
4.533696 75.651764
4.539501 74.540794
4.545306 73.473145
4.551111 72.346329
4.556916 71.292839
4.562721 69.123398
4.568526 69.002785
4.574331 67.868233
4.580136 68.751991
4.585941 65.810814
4.591746 64.786041
4.597551 65.789215
4.603356 65.755219
4.609161 65.097717
4.614966 65.122368
4.620771 66.115532
4.626576 65.111320
4.632381 68.014420
4.638186 69.830894
4.643991 71.238045
4.649796 71.516861
4.655601 4409.962402
4.661406 4383.651367
4.667211 4294.409668
4.673016 4269.602539
4.678821 551.560303
4.684626 131.316223
4.690431 131.370651
4.696236 87.757576
4.702041 261.018951
4.707846 260.816376
4.713651 261.080872
4.719456 87.614754
4.725261 87.817856
4.731066 87.917618
4.736871 87.937904
4.742676 87.914597
4.748481 87.839333
4.754286 87.727242
4.760091 87.664864
4.765896 87.676270
4.771701 87.694893
4.777506 87.757698
4.783311 87.913918
4.789115 87.946053
4.794920 87.936676
4.800725 87.948158
4.806530 87.943878
4.812335 87.898743
4.818141 87.867393
4.823946 87.875397
4.829751 87.930168
4.835556 88.001442
4.841361 88.048401
4.847166 88.040718
4.852971 88.013313
4.858776 88.032318
4.864581 88.052689
4.870386 88.066360
4.876191 88.098854
4.881996 88.117393
4.887800 88.077515
4.893605 87.196663
4.899410 87.261559
4.905215 87.237488
4.911020 84.197128
4.916825 84.281754
4.922630 165.247559
4.928435 165.268112
4.934240 165.235336
4.940045 165.205231
4.945850 165.122681
4.951655 165.001846
4.957460 164.933945
4.963265 110.169067
4.969070 106.137360
4.974875 82.649925
4.980680 82.628723
4.986485 82.581230
4.992290 82.528938
4.998095 82.499321
5.003900 82.443542
5.009705 82.336342
5.015510 82.231659
5.021315 82.206161
5.027120 82.207550
5.032925 82.176468
5.038730 82.109245
5.044535 82.041985
5.050340 65.176628
5.056145 65.092346
5.061950 65.038933
5.067755 65.209320
5.073560 64.944756
5.079365 64.773689
5.085170 82.090775
5.090975 82.221046
5.096780 82.251198
5.102585 82.364883
5.108390 82.490265
5.114195 82.570145
5.120000 166.402695
5.125805 166.105530
5.131610 165.057556
5.137415 0.000000
5.143220 149.059875
5.149025 149.867722
5.154830 150.933609
5.160635 147.186859
5.166440 147.167191
5.172245 164.442093
5.178050 165.252686
5.183855 165.145721
5.189660 328.634644
5.195465 328.544159
5.201270 329.543091
5.207075 164.983322
5.212880 164.815552
5.218685 164.421127
5.224490 164.386215
5.230295 164.579041
5.236100 164.314590
5.241905 109.970726
5.247710 109.685669
5.253515 110.005058
5.259320 110.516335
5.265125 163.247910
5.270930 161.689606
5.276735 162.657288
5.282540 163.705399
5.288345 162.133759
5.294150 158.158752
5.299954 108.414467
5.305759 108.964005
5.311564 110.346649
5.317369 111.924583
5.323174 110.673485
5.328979 109.201401
5.334785 54.842110
5.340590 55.158314
5.346395 111.785042
5.352200 109.678329
5.358005 109.361549
5.363810 110.438812
5.369615 112.231781
5.375420 116.296555
5.381225 0.000000
5.387030 0.000000
5.392835 133.953995
5.398640 133.612167
5.404444 138.782181
5.410249 130.544159
5.416054 84.752251
5.421859 130.791824
5.427664 130.800003
5.433469 130.623703
5.439274 130.468887
5.445079 97.904427
5.450884 97.431015
5.456689 97.452873
5.462494 90.847832
5.468299 82.804771
5.474104 85.111771
5.479909 79.913170
5.485714 77.018578
5.491519 73.317581
5.497324 73.297112
5.503129 65.792107
5.508934 65.763954
5.514739 65.813843
5.520544 65.774529
5.526349 65.708656
5.532154 65.647057
5.537959 65.324081
5.543764 65.258781
5.549569 65.594940
5.555374 65.749901
5.561179 65.695564
5.566984 65.288933
5.572789 65.391487
5.578594 65.604797
5.584399 65.699387
5.590204 65.635178
5.596009 65.487038
5.601814 65.300751
5.607619 65.221931
5.613424 0.000000
5.619229 110.678833
5.625034 110.600166
5.630839 320.745026
5.636644 321.019592
5.642449 110.360680
5.648254 110.422653
5.654059 110.253952
5.659864 110.011032
5.665669 109.918709
5.671474 109.884438
5.677279 109.910263
5.683084 110.014229
5.688889 110.155884
5.694694 110.238503
5.700499 110.178078
5.706304 110.042419
5.712109 109.950768
5.717914 109.975403
5.723719 110.191490
5.729524 110.389221
5.735329 110.302979
5.741134 110.221138
5.746939 110.324181
5.752744 110.243996
5.758549 110.022186
5.764354 110.105431
5.770159 110.172188
5.775964 110.207268
5.781769 110.384880
5.787574 110.087761
5.793379 109.640236
5.799184 110.055580
5.804989 110.602623
5.810794 110.457428
5.816598 110.288979
5.822403 110.554955
5.828208 110.906204
5.834013 110.988892
5.839818 110.640167
5.845623 110.312347
5.851429 110.913734
5.857234 110.819824
5.863039 0.000000
5.868844 138.065460
5.874649 138.250366
5.880454 145.585648
5.886259 164.986694
5.892064 165.028900
5.897869 149.737640
5.903674 131.045700
5.909479 120.424644
5.915284 110.215134
5.921088 109.984825
5.926893 103.462517
5.932698 93.910988
5.938503 87.307236
5.944308 82.447479
5.950113 82.176460
5.955918 77.633865
5.961723 76.017509
5.967528 75.809021
5.973333 73.556480
5.979138 71.124641
5.984943 68.981133
5.990748 68.915115
5.996553 67.318405
6.002358 65.777969
6.008163 66.205421
6.013968 65.879295
6.019773 65.165382
6.025578 65.320900
6.031383 65.616600
6.037188 65.339165
6.042993 65.106544
6.048798 65.220139
6.054603 65.059738
6.060408 64.728340
6.066213 65.049690
6.072018 64.972916
6.077823 65.208740
6.083628 65.535057
6.089433 65.145432
6.095238 3458.908447
6.101043 3477.706055
6.106848 322.743134
6.112653 324.178986
6.118458 110.709488
6.124263 164.663528
6.130068 164.800720
6.135873 165.060242
6.141678 110.043930
6.147483 110.069305
6.153288 110.104256
6.159093 110.074448
6.164898 110.258400
6.170703 110.406776
6.176508 110.271683
6.182313 110.241791
6.188118 110.230576
6.193923 110.133202
6.199728 110.224304
6.205533 110.385292
6.211338 110.231606
6.217143 110.156166
6.222948 110.431198
6.228753 110.539207
6.234558 110.649277
6.240363 110.877693
6.246168 110.484879
6.251973 110.234230
6.257778 110.577171
6.263583 110.296165
6.269388 109.908607
6.275193 110.181229
6.280998 110.442780
6.286803 110.552597
6.292608 110.752319
6.298413 110.596138
6.304218 110.391075
6.310023 110.806984
6.315828 111.080811
6.321633 110.953796
6.327438 110.441864
6.333242 104.732384
6.339047 104.634796
6.344852 137.149734
6.350657 136.822174
6.356462 146.739731
6.362267 171.411957
6.368073 173.571533
6.373878 149.930222
6.379683 149.589828
6.385488 125.969627
6.391293 112.286812
6.397098 106.359596
6.402903 106.284904
6.408708 97.051079
6.414513 85.047531
6.420318 81.272919
6.426123 79.658424
6.431927 79.695190
6.437732 75.712227
6.443537 74.450676
6.449342 74.452385
6.455147 71.315903
6.460952 68.213203
6.466757 68.255203
6.472562 68.070732
6.478367 67.215347
6.484172 66.685097
6.489977 65.769241
6.495782 65.665100
6.501587 64.738518
6.507392 65.735977
6.513197 64.847389
6.519002 64.922607
6.524807 65.035294
6.530612 64.978630
6.536417 64.314781
6.542222 65.093147
6.548027 64.927315
6.553832 64.402634
6.559637 64.534401
6.565442 65.733200
6.571247 3883.428467
6.577052 3858.819824
6.582857 3868.470459
6.588662 3900.112061
6.594467 164.767456
6.600272 164.660446
6.606077 164.312775
6.611882 164.312134
6.617687 164.761078
6.623492 164.952545
6.629297 165.256104
6.635102 165.676529
6.640907 165.710022
6.646712 110.499954
6.652517 110.223824
6.658322 110.202797
6.664127 110.427116
6.669932 110.270164
6.675737 110.211960
6.681542 110.351028
6.687347 110.256638
6.693152 110.425018
6.698957 110.875168
6.704762 110.623383
6.710567 110.385468
6.716372 110.907036
6.722177 110.610474
6.727982 110.025780
6.733787 110.269722
6.739592 110.113518
6.745397 109.902107
6.751202 110.383522
6.757007 110.637070
6.762812 110.522926
6.768617 110.874199
6.774422 111.032211
6.780227 110.769814
6.786032 110.941582
6.791837 110.775078
6.797642 110.100037
6.803447 110.419205
6.809252 111.799927
6.815057 0.000000
6.820862 158.006943
6.826667 151.324966
6.832472 151.461136
6.838277 165.251419
6.844081 165.112213
6.849886 156.705109
6.855691 133.335052
6.861496 123.116798
6.867301 109.401199
6.873106 104.693321
6.878911 101.096718
6.884717 92.897873
6.890522 86.080635
6.896327 82.327652
6.902132 80.230316
6.907937 78.512398
6.913742 76.086960
6.919547 74.596466
6.925352 73.607613
6.931157 71.533669
6.936962 69.829926
6.942767 68.929611
6.948571 67.895302
6.954376 66.453819
6.960181 65.996872
6.965986 65.905342
6.971791 65.235825
6.977596 65.284386
6.983401 65.520813
6.989206 65.035690
6.995011 65.122009
7.000816 65.481514
7.006621 65.234764
7.012426 64.803177
7.018231 65.223221
7.024036 65.464745
7.029841 65.384903
7.035646 65.562363
7.041451 65.699265
7.047256 4263.088379
7.053061 1633.740723
7.058866 347.790649
7.064671 323.665405
7.070476 323.625122
7.076281 164.613419
7.082086 164.540024
7.087891 164.930130
7.093696 165.125580
7.099501 164.965729
7.105306 165.089462
7.111111 165.399918
7.116916 110.210136
7.122721 110.395050
7.128526 110.295166
7.134331 110.351395
7.140136 110.575607
7.145941 110.424255
7.151746 110.270493
7.157551 110.345802
7.163356 110.204117
7.169161 110.226471
7.174966 110.642433
7.180771 110.529739
7.186576 110.321053
7.192381 110.678665
7.198186 110.551926
7.203991 110.218246
7.209796 110.446106
7.215601 110.251122
7.221406 109.958580
7.227211 110.370438
7.233016 110.744148
7.238821 110.692894
7.244626 110.917603
7.250431 111.050560
7.256236 110.856956
7.262041 111.042526
7.267846 111.099594
7.273651 110.464676
7.279456 110.940094
7.285261 111.062981
7.291066 0.000000
7.296871 146.109406
7.302676 145.951202
7.308481 145.674408
7.314286 165.670868
7.320091 189.026154
7.325896 151.933487
7.331701 125.280281
7.337506 123.046204
7.343311 110.441833
7.349116 110.472107
7.354921 103.401543
7.360725 92.855293
7.366530 86.055885
7.372335 83.952072
7.378140 79.884064
7.383945 78.184258
7.389750 78.212067
7.395555 74.463425
7.401361 74.418365
7.407166 71.085266
7.412971 70.099655
7.418776 68.275475
7.424581 68.347397
7.430386 66.869499
7.436191 65.972290
7.441996 65.897591
7.447801 65.751404
7.453606 65.681007
7.459411 65.714783
7.465215 65.737022
7.471020 64.874611
7.476825 64.933144
7.482630 64.936501
7.488435 64.930809
7.494240 64.982086
7.500045 65.035591
7.505850 64.838669
7.511655 64.939560
7.517460 64.937614
7.523265 3884.310303
7.529070 3732.416016
7.534875 3700.101074
7.540680 3705.412109
7.546485 165.213074
7.552290 165.049988
7.558095 164.734329
7.563900 164.795059
7.569705 165.351700
7.575510 165.450455
7.581315 165.314148
7.587120 165.512009
7.592925 166.057083
7.598730 166.260788
7.604535 166.215256
7.610340 166.035980
7.616145 110.554634
7.621950 110.276497
7.627755 110.261040
7.633560 55.174854
7.639365 110.382217
7.645170 55.243088
7.650975 55.335766
7.656780 110.481453
7.662585 55.482391
7.668390 55.514778
7.674195 110.800644
7.680000 55.354355
7.685805 55.213966
7.691610 109.800179
7.697415 109.634537
7.703220 55.233997
7.709025 110.727158
7.714830 110.432594
7.720635 111.068085
7.726440 111.202194
7.732245 110.462189
7.738050 55.344963
7.743855 111.440170
7.749660 110.158157
7.755465 55.259903
7.761270 110.855995
7.767075 0.000000
7.772880 0.000000
7.778685 145.454636
7.784490 145.927933
7.790295 165.926193
7.796100 165.540436
7.801905 159.643585
7.807710 141.076202
7.813515 119.902443
7.819320 110.241112
7.825125 104.111992
7.830930 100.868797
7.836735 93.637253
7.842540 87.484123
7.848345 82.390419
7.854150 79.586433
7.859955 78.590683
7.865760 76.510201
7.871564 74.972801
7.877369 72.866386
7.883174 71.476089
7.888979 69.893105
7.894784 68.797981
7.900589 68.190689
7.906394 67.119507
7.912199 66.809692
7.918005 65.831154
7.923810 65.548180
7.929615 65.641899
7.935420 65.519981
7.941225 64.577858
7.947030 64.572960
7.952835 64.608139
7.958640 65.194695
7.964445 64.641373
7.970250 64.555077
7.976054 64.676895
7.981859 64.692322
7.987664 65.725594
7.993469 66.007698
7.999274 3981.633545
8.005079 3825.392578
8.010884 3773.822754
8.016689 3764.518555
8.022494 330.029541
8.028299 330.305206
8.034104 164.494583
8.039909 164.431137
8.045714 165.276215
8.051519 165.629913
8.057324 165.523483
8.063129 165.559814
8.068934 110.194420
8.074739 110.466499
8.080544 110.444931
8.086349 110.314575
8.092155 110.482338
8.097960 110.441826
8.103765 110.289383
8.109570 110.387840
8.115375 110.385040
8.121180 110.316986
8.126985 110.582321
8.132789 110.765442
8.138594 110.752090
8.144399 111.041748
8.150204 110.926781
8.156009 110.465843
8.161814 110.589134
8.167619 110.666573
8.173424 110.261932
8.179229 110.327782
8.185034 110.803741
8.190839 111.045021
8.196644 111.135063
8.202449 111.230293
8.208254 111.121628
8.214059 110.988586
8.219864 110.868385
8.225669 110.592346
8.231474 109.379326
8.237279 113.514008
8.243084 0.000000
8.248889 0.000000
8.254694 136.032791
8.260499 135.909088
8.266304 165.884613
8.272109 168.852936
8.277914 151.041718
8.283719 143.876816
8.289524 124.106766
8.295329 112.705421
8.301134 106.514412
8.306939 103.319344
8.312744 94.799889
8.318549 84.368828
8.324354 84.400955
8.330159 78.294754
8.335963 78.355675
8.341768 74.643356
8.347573 74.555908
8.353378 74.548050
8.359183 71.144531
8.364988 69.058960
8.370793 69.020866
8.376598 69.000656
8.382403 67.776154
8.388208 67.837936
8.394013 66.879440
8.399818 65.630791
8.405623 65.620438
8.411428 63.921673
8.417233 63.105762
8.423038 64.866974
8.428843 64.784622
8.434649 66.916428
8.440454 4076.730469
8.446259 4064.594238
8.452064 65.849884
8.457869 64.682243
8.463674 4338.367188
8.469479 4378.611816
8.475284 4344.744141
8.481089 4249.559082
8.486894 4233.384277
8.492699 131.753479
8.498504 131.755661
8.504309 131.821503
8.510114 132.156723
8.515919 132.676285
8.521724 132.524521
8.527529 132.381393
8.533334 132.322662
8.539139 132.241684
8.544943 132.173676
8.550748 132.182465
8.556553 132.256790
8.562358 132.286957
8.568163 132.061310
8.573968 131.681122
8.579773 131.588501
8.585578 131.790222
8.591383 132.010529
8.597188 132.099289
8.602993 132.115768
8.608798 132.083084
8.614603 132.139496
8.620408 132.323639
8.626213 132.417099
8.632018 132.371445
8.637823 128.206924
8.643628 132.048004
8.649433 132.074997
8.655238 132.292740
8.661043 132.410812
8.666848 132.265915
8.672653 132.118469
8.678458 132.093796
8.684263 65.070671
8.690068 66.006599
8.695873 131.903244
8.701678 132.666702
8.707483 133.282181
8.713288 132.905304
8.719093 138.690506
8.724898 145.952530
8.730703 145.904190
8.736508 145.849991
8.742313 150.516449
8.748117 174.345917
8.753922 174.322678
8.759727 110.185509
8.765532 110.200180
8.771338 110.161682
8.777143 110.118027
8.782948 110.111153
8.788753 110.191078
8.794558 88.084366
8.800363 80.546143
8.806168 78.327019
8.811973 76.833405
8.817778 76.681313
8.823583 73.464996
8.829388 72.153305
8.835193 72.145462
8.840998 69.645653
8.846803 69.645012
8.852608 70.963318
8.858413 70.198662
8.864218 67.925491
8.870023 65.208038
8.875828 66.573479
8.881633 64.478683
8.887438 66.531380
8.893243 71.203369
8.899048 68.712471
8.904853 55.787773
8.910658 71.196449
8.916463 55.839874
8.922268 55.906643
8.928073 66.875893
8.933878 2058.983154
8.939683 1007.114075
8.945488 0.000000
8.951293 130.937851
8.957097 131.010468
8.962902 131.083817
8.968707 131.117615
8.974512 224.810806
8.980317 224.344681
8.986122 215.280792
8.991927 216.885437
8.997732 73.766777
9.003537 73.856064
9.009342 73.717972
9.015147 146.352432
9.020952 73.783218
9.026757 73.658585
9.032562 73.593857
9.038367 73.797768
9.044172 220.617218
9.049977 221.083389
9.055782 73.619904
9.061587 73.619019
9.067392 73.748077
9.073197 73.823860
9.079002 73.620033
9.084807 73.343597
9.090612 73.472832
9.096417 74.631302
9.102222 74.718315
9.108027 74.191521
9.113832 73.722443
9.119637 73.768494
9.125443 73.797043
9.131248 73.764809
9.137053 73.685196
9.142858 73.685455
9.148663 73.670265
9.154468 73.709122
9.160272 74.058891
9.166077 74.384567
9.171882 74.227242
9.177687 73.728767
9.183492 72.862320
9.189297 72.872627
9.195102 150.994598
9.200907 146.026947
9.206712 145.997192
9.212517 146.309555
9.218322 146.577240
9.224127 146.662918
9.229932 146.504623
9.235737 73.537773
9.241542 111.619728
9.247347 110.587509
9.253152 103.143913
9.258957 103.065346
9.264762 98.104919
9.270567 94.250755
9.276372 73.637772
9.282177 73.645836
9.287982 73.597725
9.293787 73.489883
9.299592 73.463089
9.305397 73.459213
9.311202 73.497589
9.317007 73.545502
9.322812 73.511108
9.328617 72.793106
9.334422 72.637238
9.340227 71.980469
9.346032 73.998093
9.351837 74.003769
9.357642 73.465660
9.363446 73.245285
9.369251 73.365623
9.375056 73.501137
9.380861 73.491722
9.386666 73.436668
9.392471 73.631248
9.398276 73.723289
9.404081 73.778069
9.409886 73.690735
9.415691 74.619324
9.421496 0.000000
9.427301 252.052094
9.433106 252.118530
9.438911 252.516342
9.444716 156.719910
9.450521 156.731323
9.456326 113.158897
9.462132 73.430237
9.467937 148.246063
9.473742 148.208191
9.479547 148.149551
9.485352 147.833954
9.491157 147.198456
9.496962 73.251984
9.502767 73.431679
9.508572 73.788254
9.514377 73.863373
9.520182 73.858505
9.525987 73.829430
9.531792 73.643715
9.537597 73.474922
9.543402 73.759903
9.549207 74.160942
9.555012 74.277649
9.560817 74.106277
9.566622 73.758507
9.572426 73.398148
9.578231 73.508110
9.584036 73.950897
9.589841 74.438370
9.595646 74.351311
9.601451 73.706635
9.607256 73.201431
9.613061 73.481140
9.618866 74.126099
9.624671 74.275757
9.630476 74.447365
9.636281 74.362892
9.642086 73.732529
9.647891 73.556999
9.653696 73.770142
9.659501 74.578041
9.665306 73.826500
9.671111 73.577576
9.676916 173.558914
9.682721 130.712280
9.688526 174.720749
9.694331 175.014938
9.700136 174.990906
9.705941 157.556580
9.711746 134.897568
9.717551 130.962936
9.723356 111.899109
9.729161 111.255859
9.734966 102.274963
9.740771 87.502647
9.746576 87.541649
9.752381 87.481812
9.758186 82.269348
9.763991 76.581734
9.769796 76.357567
9.775600 73.741348
9.781405 73.690491
9.787210 73.695282
9.793015 70.168213
9.798820 69.862923
9.804626 69.265289
9.810431 69.143005
9.816236 69.330833
9.822041 67.782372
9.827846 67.569733
9.833651 67.523415
9.839456 70.934708
9.845261 69.254578
9.851066 69.242126
9.856871 69.299576
9.862676 69.382935
9.868481 68.365135
9.874286 68.444633
9.880091 72.232384
9.885896 73.366272
9.891701 71.966927
9.897506 1331.929077
9.903311 267.608917
9.909116 506.103210
9.914921 506.197174
9.920726 506.057190
9.926531 150.526382
9.932336 221.961700
9.938141 145.898346
9.943946 146.426483
9.949751 147.284576
9.955556 147.140411
9.961361 146.988770
9.967166 146.982361
9.972971 147.074921
9.978776 147.151123
9.984580 147.268219
9.990385 147.282394
9.996190 147.013382
10.001995 146.827438
10.007800 146.978943
10.013605 147.371811
10.019410 147.432220
10.025215 147.294250
10.031020 147.209396
10.036825 73.585098
10.042630 147.120392
10.048435 73.622597
10.054240 73.648079
10.060045 73.702919
10.065850 73.717636
10.071655 73.723518
10.077460 73.759094
10.083265 147.791977
10.089070 73.850243
10.094875 73.778831
10.100680 73.723114
10.106485 73.704109
10.112290 73.797424
10.118095 73.926979
10.123900 73.966377
10.129705 73.797981
10.135510 73.647125
10.141315 74.532990
10.147120 76.048820
10.152925 151.373047
10.158731 146.606644
10.164536 146.894150
10.170341 154.527496
10.176146 189.172714
10.181951 154.829132
10.187755 149.544983
10.193560 125.150208
10.199365 106.844177
10.205170 106.449814
10.210975 106.342941
10.216780 96.886856
10.222585 87.106247
10.228390 85.582947
10.234195 82.788918
10.240000 78.383957
10.245805 75.800438
10.251610 75.594978
10.257415 74.421806
10.263220 73.508324
10.269025 72.359146
10.274830 71.303993
10.280635 69.071976
10.286440 66.983345
10.292245 66.990608
10.298050 66.953941
10.303855 64.123688
10.309660 64.857582
10.315465 64.907936
10.321270 64.130035
10.327075 65.019615
10.332880 65.054909
10.338685 69.405769
10.344490 69.713417
10.350295 3169.615723
10.356100 3142.336914
10.361905 3141.681396
10.367710 3173.049561
10.373515 70.645615
10.379320 0.000000
10.385125 416.597595
10.390930 228.291962
10.396734 148.625000
10.402539 149.308136
10.408344 149.505905
10.414149 145.804169
10.419954 145.952179
10.425759 146.321014
10.431564 73.497375
10.437369 73.489372
10.443174 73.490898
10.448979 147.333374
10.454784 73.712822
10.460589 73.776672
10.466394 73.735527
10.472199 73.692123
10.478004 73.712898
10.483809 73.699005
10.489614 73.691460
10.495420 73.616478
10.501225 73.584206
10.507030 73.623650
10.512835 73.713165
10.518640 73.814087
10.524445 73.805435
10.530250 73.835472
10.536055 73.813736
10.541860 73.763184
10.547665 73.730461
10.553470 73.776711
10.559275 73.870682
10.565080 73.818703
10.570885 73.794571
10.576690 73.775909
10.582495 73.789787
10.588300 73.818718
10.594105 73.780098
10.599909 73.800575
10.605714 73.867393
10.611519 73.911385
10.617324 73.358681
10.623129 72.981430
10.628934 144.847824
10.634739 145.018875
10.640544 145.356003
10.646349 159.508759
10.652154 165.374786
10.657959 156.045959
10.663764 139.204208
10.669569 124.515549
10.675374 111.916420
10.681179 103.522537
10.686984 100.477272
10.692789 94.618454
10.698594 87.457924
10.704399 82.797516
10.710204 79.356262
10.716009 77.470589
10.721814 75.831139
10.727619 74.331978
10.733424 73.242310
10.739229 71.483284
10.745034 70.266914
10.750839 70.185509
10.756644 70.337479
10.762449 69.070290
10.768254 69.056953
10.774059 65.938721
10.779864 64.803055
10.785669 64.364876
10.791474 65.415161
10.797279 64.215652
10.803084 65.374100
10.808888 67.087685
10.814693 3548.463379
10.820498 68.560791
10.826303 68.955879
10.832108 70.045959
10.837914 69.914314
10.843719 71.942711
10.849524 72.191933
10.855329 0.000000
10.861134 502.562317
10.866939 219.187714
10.872744 220.937347
10.878549 222.468842
10.884354 222.108627
10.890159 221.238541
10.895964 220.123383
10.901769 219.511963
10.907574 219.708969
10.913379 73.510139
10.919184 73.512329
10.924989 73.570122
10.930794 73.618515
10.936599 73.657196
10.942404 73.681686
10.948209 73.675385
10.954014 73.672302
10.959819 73.661781
10.965624 73.672478
10.971429 73.619331
10.977234 73.579643
10.983039 73.615074
10.988844 73.679466
10.994649 73.735352
11.000454 73.692291
11.006259 73.699112
11.012063 73.680565
11.017868 73.672913
11.023673 73.720154
11.029478 73.774384
11.035283 73.781082
11.041088 73.721992
11.046893 73.751564
11.052698 73.783241
11.058503 73.805862
11.064308 73.811150
11.070113 73.758163
11.075918 73.721123
11.081723 73.706093
11.087528 73.675377
11.093333 73.568565
11.099138 73.935310
11.104943 151.254791
11.110748 151.307907
11.116553 146.110184
11.122358 146.171387
11.128163 161.965317
11.133968 154.655930
11.139773 154.315781
11.145578 123.655983
11.151383 110.669624
11.157188 110.597748
11.162993 106.191132
11.168798 94.957504
11.174603 92.993141
11.180408 82.967133
11.186213 82.841263
11.192019 78.246231
11.197824 76.974068
11.203629 74.598297
11.209434 74.596771
11.215239 72.499916
11.221043 71.313889
11.226848 70.167542
11.232653 70.052940
11.238458 68.026390
11.244263 67.052742
11.250068 66.021255
11.255873 65.800903
11.261678 65.615265
11.267483 65.632774
11.273288 64.628578
11.279093 64.573982
11.284898 66.771477
11.290703 66.689613
11.296508 65.084404
11.302313 65.344719
11.308118 69.982330
11.313923 70.061562
11.319728 3925.850342
11.325533 71.458305
11.331338 1565.075439
11.337143 1566.143921
11.342948 229.426544
11.348753 211.610992
11.354558 222.895081
11.360363 222.335312
11.366168 145.701950
11.371973 145.789932
11.377778 73.432281
11.383583 73.454308
11.389388 73.509346
11.395193 73.508186
11.400998 73.533813
11.406803 73.608711
11.412608 73.679848
11.418413 73.686913
11.424217 73.672867
11.430022 73.666542
11.435827 73.663841
11.441632 73.691116
11.447437 73.669601
11.453242 73.675171
11.459047 73.716209
11.464852 73.789078
11.470657 73.890999
11.476462 73.881546
11.482267 73.894615
11.488072 73.878197
11.493877 73.912636
11.499682 73.994453
11.505487 73.990669
11.511292 73.909477
11.517097 73.706581
11.522902 73.659157
11.528708 73.775070
11.534513 73.987778
11.540318 74.088440
11.546123 73.966301
11.551928 73.897804
11.557733 73.863190
11.563538 73.894753
11.569343 73.929634
11.575148 73.796318
11.580953 145.272186
11.586758 145.369385
11.592563 145.502396
11.598368 151.145355
11.604173 164.777252
11.609978 164.197784
11.615783 144.656708
11.621588 129.992264
11.627392 115.835907
11.633197 107.983070
11.639002 103.238991
11.644807 97.782364
11.650612 90.733063
11.656417 85.674370
11.662222 82.258629
11.668027 79.563873
11.673832 78.136993
11.679637 75.210220
11.685442 73.666916
11.691247 73.204315
11.697052 71.433983
11.702857 69.943115
11.708662 69.847366
11.714467 67.625099
11.720272 67.692177
11.726077 65.866020
11.731882 65.834045
11.737687 64.713539
11.743492 65.704742
11.749297 64.558136
11.755102 64.555054
11.760907 65.435020
11.766712 67.584167
11.772517 67.571609
11.778322 65.395241
11.784127 69.644760
11.789932 69.683632
11.795737 69.857384
11.801542 69.718033
11.807347 4030.494141
11.813152 3894.795410
11.818957 223.433243
11.824762 224.072464
11.830567 223.916733
11.836371 222.794510
11.842176 149.367645
11.847981 148.179993
11.853786 147.209808
11.859591 147.056183
11.865396 146.909866
11.871202 73.497383
11.877007 73.550262
11.882812 73.653908
11.888617 73.755051
11.894422 73.809265
11.900227 73.783386
11.906032 73.765175
11.911837 73.733299
11.917642 73.774780
11.923447 73.819046
11.929252 73.770737
11.935057 73.737465
11.940862 73.731995
11.946667 73.767838
11.952472 73.758743
11.958277 73.810974
11.964082 73.842918
11.969887 73.765961
11.975692 73.779106
11.981497 73.794724
11.987302 73.800125
11.993107 73.755859
11.998912 73.775795
12.004717 73.863258
12.010522 73.895988
12.016327 73.923019
12.022132 73.837502
12.027937 73.801979
12.033742 73.789825
12.039546 73.770073
12.045351 73.676796
12.051156 75.737846
12.056961 75.635757
12.062766 137.503494
12.068571 137.361389
12.074376 165.415634
12.080181 186.942520
12.085986 167.876083
12.091791 153.530014
12.097596 124.732681
12.103401 124.612083
12.109206 110.811592
12.115011 106.289528
12.120816 96.884140
12.126621 88.522804
12.132426 84.963287
12.138231 82.947426
12.144036 78.482826
12.149841 75.903534
12.155646 74.601311
12.161451 74.577324
12.167256 73.448837
12.173061 72.284393
12.178866 69.188728
12.184671 70.472466
12.190476 69.004623
12.196281 67.529945
12.202086 65.920227
12.207891 65.808472
12.213696 65.696907
12.219501 65.684998
12.225307 65.644958
12.231112 65.678307
12.236917 65.919594
12.242722 66.042664
12.248526 66.031990
12.254331 68.974068
12.260136 68.933067
12.265941 71.205345
12.271746 72.333122
12.277551 4444.549316
12.283356 4416.463379
12.289161 4294.751465
12.294966 537.654480
12.300771 535.124939
12.306576 533.412842
12.312381 131.457916
12.318186 261.305267
12.323991 260.530731
12.329796 260.570923
12.335601 261.263458
12.341406 175.880005
12.347211 176.046967
12.353016 87.942177
12.358821 87.951248
12.364626 87.910393
12.370431 87.806999
12.376236 87.728951
12.382041 87.700951
12.387846 87.640236
12.393651 87.526184
12.399456 87.451355
12.405261 87.864525
12.411066 87.909897
12.416871 87.870827
12.422676 87.878525
12.428481 87.904922
12.434286 87.901291
12.440091 87.878517
12.445896 87.913467
12.451700 87.991486
12.457505 88.034691
12.463310 88.028229
12.469115 88.013771
12.474920 88.008835
12.480725 88.047768
12.486530 88.067970
12.492335 88.084503
12.498140 88.106567
12.503945 88.121613
12.509750 88.042580
12.515555 87.825333
12.521360 87.037697
12.527165 86.877998
12.532970 82.748657
12.538775 82.705551
12.544580 125.511917
12.550385 82.563812
12.556190 82.495430
12.561996 82.468102
12.567801 123.561691
12.573606 123.542603
12.579411 123.622833
12.585216 102.011185
12.591021 102.096764
12.596826 82.487465
12.602631 82.506706
12.608436 82.518120
12.614241 82.492218
12.620046 82.461533
12.625851 82.415421
12.631656 82.330414
12.637461 82.232391
12.643266 82.139580
12.649071 82.042381
12.654876 81.922409
12.660680 65.987694
12.666485 65.023247
12.672290 65.190399
12.678095 65.385429
12.683900 65.148575
12.689705 81.870712
12.695510 82.040123
12.701315 82.140533
12.707120 82.255829
12.712925 82.301140
12.718730 82.348709
12.724535 82.527374
12.730340 82.561295
12.736145 82.459106
12.741950 82.391922
12.747755 165.054291
12.753560 0.000000
12.759365 0.000000
12.765170 149.566132
12.770975 150.310822
12.776780 150.214737
12.782585 147.369354
12.788390 147.261047
12.794195 147.366974
12.800000 112.443977
12.805805 110.053215
12.811610 110.002762
12.817415 330.415131
12.823220 110.207115
12.829025 110.547195
12.834830 164.924118
12.840635 164.611359
12.846440 164.526978
12.852245 164.760422
12.858050 164.962524
12.863854 164.516052
12.869659 109.192909
12.875464 109.530357
12.881269 110.575676
12.887074 112.549110
12.892879 109.743942
12.898685 108.410141
12.904490 162.939423
12.910295 114.552055
12.916100 112.982040
12.921905 108.009476
12.927710 108.428566
12.933515 111.050163
12.939320 113.656708
12.945125 111.255745
12.950930 109.452980
12.956735 110.366463
12.962540 112.967422
12.968345 112.875084
12.974150 110.177567
12.979955 109.787292
12.985760 111.364944
12.991565 115.008995
12.997370 123.642845
13.003175 198.181488
13.008980 198.110992
13.014785 191.155441
13.020590 145.766617
13.026395 145.928284
13.032200 150.500015
13.038005 150.603317
13.043810 139.265778
13.049615 126.444145
13.055420 126.272964
13.061225 113.268875
13.067030 110.198723
13.072834 97.589516
13.078639 84.787384
13.084444 82.858444
13.090249 82.768951
13.096054 76.938683
13.101859 76.998436
13.107664 65.837334
13.113469 65.885101
13.119274 65.948677
13.125079 65.947655
13.130884 65.335968
13.136689 65.323051
13.142494 65.904221
13.148299 65.923256
13.154104 65.297119
13.159909 65.054886
13.165714 65.098946
13.171519 65.681252
13.177324 65.761543
13.183129 65.613609
13.188934 65.147163
13.194739 65.280479
13.200544 65.807541
13.206349 65.812233
13.212154 65.548096
13.217959 65.347435
13.223764 64.883827
13.229569 65.080002
13.235374 165.146378
13.241179 164.845840
13.246984 164.737976
13.252789 164.765396
13.258595 164.995224
13.264400 329.712677
13.270205 110.198891
13.276009 164.952347
13.281814 164.960983
13.287619 165.123978
13.293424 165.451309
13.299229 165.456192
13.305034 165.236465
13.310839 110.234001
13.316644 110.340370
13.322449 110.346970
13.328254 110.265976
13.334059 110.133156
13.339864 110.073288
13.345669 110.239029
13.351474 110.403023
13.357279 110.250885
13.363084 110.111572
13.368889 110.286049
13.374694 110.316414
13.380499 110.226723
13.386304 110.224312
13.392109 110.093460
13.397914 110.052879
13.403719 110.109406
13.409524 109.774414
13.415329 109.581512
13.421134 110.150124
13.426939 110.600418
13.432744 110.598236
13.438549 110.634529
13.444354 110.817627
13.450159 110.926346
13.455964 110.860947
13.461769 110.530914
13.467574 110.793877
13.473379 110.423325
13.479183 120.498878
13.484988 127.376350
13.490793 131.270309
13.496598 131.478363
13.502403 145.817368
13.508208 165.196243
13.514013 165.427444
13.519818 144.967850
13.525623 139.342255
13.531428 126.200630
13.537233 110.032150
13.543038 101.799477
13.548843 100.432426
13.554648 93.715729
13.560453 82.786156
13.566258 82.419434
13.572063 82.250000
13.577868 77.647491
13.583673 75.923164
13.589478 73.694328
13.595284 73.613426
13.601089 71.176140
13.606894 69.824066
13.612699 69.631729
13.618504 65.824226
13.624309 65.634636
13.630114 67.320686
13.635919 65.544777
13.641724 65.393478
13.647529 65.367836
13.653334 65.426964
13.659139 65.000381
13.664944 64.429367
13.670749 65.284622
13.676554 63.112614
13.682359 63.080006
13.688163 65.233559
13.693968 65.038307
13.699773 65.067345
13.705578 65.262100
13.711383 61.244057
13.717188 3922.687744
13.722993 3861.503906
13.728798 177.406738
13.734603 177.078888
13.740408 169.533676
13.746213 164.117462
13.752018 164.597488
13.757823 165.299866
13.763628 165.680847
13.769433 165.657455
13.775238 165.853409
13.781043 165.989548
13.786848 165.821442
13.792653 110.533173
13.798458 110.364655
13.804263 110.376915
13.810068 110.295570
13.815873 110.214714
13.821678 110.522896
13.827483 110.700645
13.833288 110.433716
13.839093 110.480095
13.844898 110.643364
13.850703 110.427162
13.856508 110.610367
13.862313 110.794006
13.868118 110.414429
13.873923 110.454758
13.879728 110.712746
13.885533 110.112793
13.891337 109.940292
13.897142 110.475052
13.902947 110.604721
13.908752 110.813255
13.914557 111.209984
13.920362 110.961205
13.926167 110.861221
13.931973 111.272781
13.937778 110.960136
13.943583 110.346886
13.949388 113.797340
13.955193 114.275139
13.960998 0.000000
13.966803 142.040970
13.972608 141.575089
13.978413 172.355652
13.984218 172.868958
13.990023 153.998718
13.995828 153.722427
14.001633 123.740334
14.007438 119.458748
14.013243 106.206718
14.019048 103.004250
14.024853 103.114616
14.030658 92.174805
14.036463 84.038315
14.042268 82.881584
14.048073 78.233757
14.053878 78.362083
14.059683 74.824371
14.065488 73.642502
14.071293 71.190933
14.077098 70.223862
14.082903 69.295944
14.088708 69.262230
14.094513 67.477280
14.100317 65.948479
14.106122 65.906166
14.111927 65.860786
14.117732 65.714615
14.123537 65.667114
14.129342 65.679054
14.135147 65.621284
14.140952 65.137360
14.146757 65.175919
14.152562 65.133286
14.158367 64.404289
14.164172 65.200562
14.169977 64.454437
14.175782 64.494209
14.181587 65.386818
14.187392 4074.096191
14.193197 3896.062500
14.199002 3860.985596
14.204807 326.761353
14.210612 327.239380
14.216417 164.851013
14.222222 164.711777
14.228027 164.559067
14.233832 164.801315
14.239637 165.159973
14.245442 165.259628
14.251247 165.492432
14.257052 165.851273
14.262857 110.392242
14.268662 110.397125
14.274467 110.233818
14.280272 110.450150
14.286077 110.562675
14.291883 110.281982
14.297688 110.253098
14.303492 110.350105
14.309297 110.319405
14.315102 110.552467
14.320907 110.710350
14.326712 110.472504
14.332517 110.676170
14.338322 111.045616
14.344127 110.531670
14.349932 110.356033
14.355737 110.652458
14.361542 110.357498
14.367347 110.208626
14.373152 110.476059
14.378957 110.509369
14.384762 110.769539
14.390567 111.262260
14.396372 110.973213
14.402177 110.774796
14.407982 111.271873
14.413787 111.147469
14.419592 110.535889
14.425397 110.662155
14.431202 108.654640
14.437007 151.516586
14.442812 151.442673
14.448617 151.429092
14.454422 151.557053
14.460227 165.707748
14.466032 165.725128
14.471837 144.636978
14.477642 129.894531
14.483447 116.686264
14.489252 109.204788
14.495057 103.066940
14.500862 98.879211
14.506667 91.564507
14.512471 84.326584
14.518276 82.210648
14.524081 80.324280
14.529886 78.699066
14.535691 76.138374
14.541496 74.179840
14.547301 72.877060
14.553106 70.094505
14.558911 68.680786
14.564716 68.286484
14.570521 67.541504
14.576326 66.765388
14.582131 66.544472
14.587936 66.129929
14.593741 65.365761
14.599546 65.539101
14.605351 65.582237
14.611156 64.428116
14.616961 64.634827
14.622766 65.197029
14.628572 64.639198
14.634377 64.643692
14.640182 65.706581
14.645987 65.682449
14.651792 65.061691
14.657597 65.390457
14.663402 4134.370605
14.669207 3967.305420
14.675012 3939.706787
14.680817 324.667725
14.686622 324.205353
14.692427 324.041992
14.698232 164.053467
14.704037 164.401413
14.709842 164.879547
14.715646 165.098267
14.721451 165.147064
14.727256 165.377701
14.733061 165.598389
14.738866 165.593521
14.744671 165.716187
14.750476 110.211021
14.756281 110.300278
14.762086 110.337433
14.767891 110.265343
14.773696 110.537682
14.779501 110.627731
14.785306 110.315369
14.791111 110.348572
14.796916 110.478752
14.802721 110.282288
14.808526 110.536659
14.814331 110.874420
14.820136 110.307579
14.825941 110.156731
14.831746 110.434822
14.837551 110.117645
14.843356 110.097023
14.849161 110.511940
14.854966 110.531555
14.860771 110.695068
14.866576 111.250053
14.872381 111.054054
14.878186 110.775032
14.883991 111.006676
14.889796 110.772491
14.895601 110.362679
14.901406 113.946945
14.907211 116.333244
14.913016 0.000000
14.918821 0.000000
14.924625 143.445129
14.930430 168.225266
14.936235 162.976715
14.942040 162.972031
14.947845 150.483154
14.953650 126.239685
14.959455 112.405663
14.965261 108.220093
14.971066 105.711533
14.976871 96.983154
14.982676 92.893547
14.988481 84.111816
14.994286 81.733116
15.000091 79.913200
15.005896 78.312836
15.011701 74.612289
15.017506 74.555412
15.023311 73.473907
15.029116 71.232819
15.034921 69.202408
15.040726 68.917320
15.046531 67.684525
15.052336 66.024635
15.058141 65.971230
15.063946 65.837463
15.069751 64.805328
15.075556 64.733604
15.081361 64.779442
15.087166 64.806725
15.092971 64.909592
15.098776 64.993172
15.104581 64.956642
15.110386 64.957886
15.116191 65.069099
15.121996 65.107529
15.127800 65.144875
15.133605 65.993126
15.139410 63.492252
15.145215 787.801636
15.151020 1615.126343
15.156825 1619.409180
15.162630 342.938904
15.168435 111.113136
15.174240 110.496666
15.180045 110.078293
15.185850 165.002686
15.191655 110.025986
15.197460 110.230164
15.203265 110.274429
15.209070 110.142632
15.214875 110.210464
15.220680 110.339973
15.226485 110.280746
15.232290 110.360962
15.238095 110.401993
15.243900 110.198723
15.249705 110.219055
15.255510 110.458916
15.261315 110.449539
15.267120 110.450211
15.272925 110.675697
15.278730 110.577026
15.284535 110.574844
15.290340 110.929184
15.296145 110.674805
15.301950 110.193336
15.307755 110.184296
15.313560 109.998825
15.319366 109.948647
15.325171 110.476326
15.330976 111.028351
15.336780 111.110435
15.342585 111.018311
15.348390 110.962929
15.354195 110.982307
15.360000 111.157867
15.365805 111.111229
15.371610 110.844521
15.377415 110.656342
15.383220 108.283638
15.389025 0.000000
15.394830 145.547043
15.400635 145.661057
15.406440 151.006546
15.412245 165.276352
15.418050 165.199280
15.423855 149.173035
15.429660 130.928589
15.435465 117.550453
15.441270 107.856766
15.447075 103.091728
15.452880 98.123451
15.458685 91.060959
15.464490 84.574074
15.470295 81.237175
15.476100 79.491348
15.481905 77.940987
15.487710 76.159737
15.493515 74.303368
15.499320 72.689514
15.505125 70.819664
15.510930 68.983963
15.516735 68.422371
15.522540 67.169022
15.528345 66.797523
15.534150 66.077263
15.539954 65.882080
15.545759 65.345360
15.551564 65.345207
15.557369 65.462959
15.563174 64.458092
15.568979 64.926285
15.574784 64.951218
15.580589 64.763153
15.586394 64.625755
15.592199 65.342606
15.598004 65.508682
15.603809 65.639755
15.609614 66.369492
15.615419 797.851501
15.621224 795.523010
15.627029 345.903412
15.632834 345.054077
15.638639 343.852234
15.644444 342.235046
15.650249 164.639679
15.656054 164.803146
15.661860 165.164368
15.667665 165.269943
15.673470 165.264023
15.679275 110.044243
15.685080 109.994164
15.690885 110.300812
15.696690 110.270485
15.702495 110.203018
15.708300 110.560402
15.714105 110.528755
15.719910 110.196434
15.725715 110.238800
15.731520 110.367332
15.737325 110.266251
15.743129 110.347733
15.748934 110.407722
15.754739 110.241882
15.760544 110.532341
15.766349 110.829216
15.772154 110.528648
15.777959 110.447632
15.783764 110.493988
15.789569 110.082420
15.795374 110.229996
15.801179 110.918549
15.806984 110.951607
15.812789 110.669052
15.818594 110.775513
15.824399 110.796822
15.830204 110.914825
15.836009 111.201385
15.841814 110.978706
15.847619 110.640320
15.853424 110.675537
15.859229 104.782295
15.865034 0.000000
15.870839 151.155334
15.876644 144.915543
15.882449 169.462204
15.888254 169.299469
15.894059 154.050232
15.899864 153.673325
15.905669 125.886139
15.911474 125.702850
15.917279 106.186676
15.923084 106.186256
15.928889 96.508369
15.934694 94.515068
15.940499 86.993416
15.946304 82.746155
15.952108 79.790833
15.957913 79.770844
15.963718 74.681274
15.969523 74.552711
15.975328 74.468384
15.981133 70.083008
15.986938 69.064903
15.992743 69.052231
15.998549 68.064110
16.004354 67.004059
16.010159 65.943703
16.015965 65.833946
16.021769 63.989830
16.027575 63.932011
16.033379 65.696762
16.039185 64.839592
16.044989 64.883232
16.050795 64.885460
16.056599 64.058372
16.062403 64.083763
16.068209 65.054977
16.074013 65.835884
16.079819 65.629974
16.085623 4384.828613
16.091429 4336.603516
16.097233 4179.322266
16.103039 4061.460938
16.108843 200.800842
16.114649 200.569489
16.120453 131.661575
16.126259 131.823196
16.132063 132.275162
16.137869 132.458420
16.143673 132.340622
16.149479 132.235184
16.155283 132.137833
16.161089 132.071686
16.166893 132.083176
16.172699 132.147995
16.178503 132.170441
16.184309 132.000320
16.190113 131.658768
16.195919 131.447037
16.201723 131.501343
16.207529 131.751419
16.213333 131.925568
16.219139 131.992218
16.224943 131.998932
16.230749 132.017090
16.236553 132.133636
16.242359 132.250336
16.248163 132.155273
16.253969 131.958084
16.259773 131.833099
16.265577 131.863968
16.271383 66.028458
16.277187 132.186111
16.282993 132.039734
16.288797 131.749847
16.294603 131.702347
16.300407 131.773102
16.306213 131.709259
16.312017 131.788574
16.317823 132.308426
16.323627 132.381927
16.329433 66.226967
16.335238 66.088242
16.341043 126.262070
16.346848 126.272057
16.352654 135.138458
16.358458 145.261566
16.364264 157.469330
16.370068 179.221558
16.375874 184.320114
16.381678 116.682053
16.387484 116.952278
16.393288 110.469765
16.399094 110.435997
16.404898 110.377014
16.410704 100.473724
16.416508 75.773262
16.422314 75.829445
16.428118 905.757446
16.433924 910.484497
16.439728 914.334717
16.445534 923.374756
16.451338 312.049835
16.457144 78.078705
16.462948 312.309052
16.468752 312.965271
16.474558 314.439331
16.480362 315.690247
16.486168 316.470612
16.491972 1888.791504
16.497778 1867.168701
16.503582 1847.788696
16.509388 497.276855
16.515192 496.669739
16.520998 325.697815
16.526802 326.087494
16.532608 326.441711
16.538412 327.359863
16.544218 329.841858
16.550022 332.545197
16.555828 334.724945
16.561632 336.999756
16.567438 337.620483
16.573242 985.597107
16.579048 131.135391
16.584852 131.014847
16.590658 197.108521
16.596462 142.392273
16.602268 145.292221
16.608072 220.725449
16.613878 218.143784
16.619682 218.093414
16.625488 223.026230
16.631292 223.621841
16.637098 74.146507
16.642902 145.363968
16.648708 146.450775
16.654512 146.571030
16.660318 73.560020
16.666122 73.680321
16.671926 74.102654
16.677732 74.539047
16.683537 74.346245
16.689342 73.418419
16.695147 73.371216
16.700953 73.446091
16.706757 73.629753
16.712563 73.703972
16.718367 73.408554
16.724173 73.388603
16.729977 73.733475
16.735783 74.276871
16.741587 73.860924
16.747393 73.625282
16.753197 73.675728
16.759003 73.836578
16.764807 73.797234
16.770613 73.687233
16.776417 73.662628
16.782223 73.767876
16.788027 73.781693
16.793833 73.782692
16.799637 248.710388
16.805443 248.322723
16.811247 247.476715
16.817053 187.087662
16.822857 187.155533
16.828663 187.003799
16.834467 183.407303
16.840273 182.540146
16.846077 0.000000
16.851883 149.304108
16.857687 149.353653
16.863493 118.228058
16.869297 102.939857
16.875101 102.854897
16.880907 88.616028
16.886711 88.421318
16.892517 85.320496
16.898321 85.294647
16.904127 85.477631
16.909931 85.559364
16.915737 85.551033
16.921541 341.851837
16.927347 341.009033
16.933151 340.464569
16.938957 340.206390
16.944761 340.316223
16.950567 341.562378
16.956371 344.273682
16.962177 347.856567
16.967981 351.346069
16.973787 352.193604
16.979591 352.121155
16.985397 352.341431
16.991201 352.971222
16.997007 353.463989
17.002811 353.333069
17.008617 352.802124
17.014421 352.278656
17.020227 351.720459
17.026031 350.792419
17.031837 349.299896
17.037642 347.376099
17.043447 344.928894
17.049252 343.007996
17.055058 344.582367
17.060862 174.578720
17.066668 113.461586
17.072472 113.314651
17.078278 221.725250
17.084082 145.912186
17.089886 146.070496
17.095692 149.436615
17.101496 149.038452
17.107302 148.780029
17.113106 148.933502
17.118912 149.578232
17.124716 150.527496
17.130522 151.591949
17.136326 151.399704
17.142132 87.934219
17.147936 87.732964
17.153742 174.407272
17.159546 174.103622
17.165352 173.879379
17.171156 173.392883
17.176962 74.391312
17.182766 74.312187
17.188572 74.227837
17.194376 74.258568
17.200182 74.157516
17.205986 73.707291
17.211792 73.721397
17.217596 73.814857
17.223402 73.975403
17.229206 150.850586
17.235012 150.810928
17.240816 149.781616
17.246622 73.429703
17.252426 73.203964
17.258232 73.398270
17.264036 74.223549
17.269842 74.222466
17.275646 74.064209
17.281452 74.436142
17.287256 74.707985
17.293060 266.196533
17.298866 266.491241
17.304670 138.286316
17.310476 175.192764
17.316280 175.041046
17.322086 174.718719
17.327890 130.746750
17.333696 130.160004
17.339500 129.824310
17.345306 116.881683
17.351110 116.835190
17.356916 87.502800
17.362720 87.205856
17.368526 86.916695
17.374331 86.353271
17.380136 86.110916
17.385941 86.083405
17.391747 73.928345
17.397551 73.977577
17.403357 73.959358
17.409161 73.732964
17.414967 73.447487
17.420771 68.045822
17.426577 68.065361
17.432381 68.087700
17.438187 339.919037
17.443991 339.673645
17.449797 339.429810
17.455601 338.906891
17.461407 338.228149
17.467211 338.112244
17.473017 64.451195
17.478821 1164.253540
17.484627 1124.468262
17.490431 1059.001465
17.496235 1023.275452
17.502041 497.765137
17.507845 317.964539
17.513651 690.648804
17.519455 689.997253
17.525261 0.000000
17.531065 214.762787
17.536871 213.933395
17.542675 213.346161
17.548481 222.075729
17.554285 221.265961
17.560091 220.722244
17.565895 220.289536
17.571701 73.738625
17.577505 73.587158
17.583311 73.531311
17.589115 73.522751
17.594921 73.519958
17.600725 73.596367
17.606531 73.692894
17.612335 73.718307
17.618141 73.750092
17.623945 73.798317
17.629751 73.787544
17.635555 73.773697
17.641361 73.736908
17.647165 73.779091
17.652971 73.840492
17.658775 73.965309
17.664581 73.965347
17.670385 73.863480
17.676191 73.858963
17.681995 73.783081
17.687801 73.792213
17.693605 73.884651
17.699409 73.955620
17.705215 73.858818
17.711020 73.705849
17.716825 73.756660
17.722630 73.829628
17.728436 73.961586
17.734240 74.074585
17.740046 73.863998
17.745850 73.809067
17.751656 73.828064
17.757460 73.774132
17.763266 73.659241
17.769070 150.987579
17.774876 139.066940
17.780680 139.098373
17.786486 139.265594
17.792290 170.297104
17.798096 168.024185
17.803900 152.136627
17.809706 134.586258
17.815510 134.152405
17.821316 110.542152
17.827120 105.950806
17.832926 105.769279
17.838730 93.065155
17.844536 93.132172
17.850340 82.031479
17.856146 82.007202
17.861950 83.139091
17.867756 73.450859
17.873560 73.453934
17.879366 73.458908
17.885170 71.261856
17.890976 73.898743
17.896780 73.999649
17.902586 74.305656
17.908390 71.271210
17.914194 65.112076
17.920000 65.091522
17.925804 63.019299
17.931610 63.034351
17.937414 67.097633
17.943220 67.071320
17.949024 64.922691
17.954830 65.159645
17.960634 65.259888
17.966440 69.117889
17.972244 69.044754
17.978050 68.875160
17.983854 68.934090
17.989660 69.122070
17.995464 67.034637
18.001270 4413.529785
18.007074 4381.110352
18.012880 4379.926270
18.018684 222.216370
18.024490 222.394592
18.030294 221.869278
18.036100 73.570396
18.041904 73.554893
18.047710 73.486900
18.053514 73.414253
18.059320 73.447395
18.065125 73.633644
18.070930 74.193649
18.076735 74.591942
18.082541 74.771683
18.088345 74.871162
18.094151 149.626343
18.099955 150.803558
18.105761 226.656708
18.111565 152.577744
18.117369 152.770920
18.123175 153.132278
18.128979 153.771790
18.134785 74.968391
18.140589 74.906975
18.146395 74.954330
18.152199 153.828827
18.158005 154.340729
18.163809 154.611221
18.169615 154.937592
18.175419 155.661758
18.181225 73.686028
18.187029 72.383728
18.192835 157.653717
18.198639 157.767303
18.204445 73.461624
18.210249 74.857079
18.216055 74.809502
18.221859 74.159645
18.227665 74.021584
18.233469 73.818756
18.239275 73.808334
18.245079 73.967659
18.250885 165.256622
18.256689 165.625183
18.262495 165.973145
18.268299 166.353134
18.274105 166.637527
18.279909 165.778824
18.285715 138.982620
18.291519 112.638062
18.297325 111.950874
18.303129 111.892677
18.308935 111.787727
18.314739 91.388817
18.320543 84.835915
18.326349 84.783676
18.332153 84.709885
18.337959 84.624062
18.343763 71.414612
18.349569 71.358253
18.355373 71.349281
18.361179 69.590446
18.366983 69.508507
18.372789 69.108673
18.378593 69.005531
18.384399 68.996048
18.390203 69.085831
18.396009 69.158501
18.401814 69.132263
18.407619 69.071327
18.413424 69.128410
18.419230 69.141747
18.425034 69.999855
18.430840 69.924873
18.436644 69.897652
18.442450 69.142395
18.448254 69.403229
18.454060 69.547852
18.459864 69.633026
18.465670 70.212517
18.471474 352.794525
18.477280 355.116730
18.483084 0.000000
18.488890 225.705505
18.494694 150.320023
18.500500 149.998459
18.506304 149.519409
18.512110 148.835083
18.517914 148.067886
18.523718 147.729156
18.529524 216.230362
18.535328 216.072998
18.541134 216.320023
18.546938 152.929321
18.552744 152.863480
18.558548 213.460892
18.564354 213.079041
18.570158 351.464752
18.575964 349.919922
18.581768 349.150208
18.587574 173.773117
18.593378 75.002869
18.599184 172.559143
18.604988 172.161209
18.610794 146.782028
18.616598 171.793167
18.622404 74.207726
18.628208 74.311104
18.634014 74.364395
18.639818 74.409508
18.645624 74.359543
18.651428 74.265251
18.657234 73.137024
18.663038 73.217484
18.668844 73.506989
18.674648 177.592697
18.680454 178.227325
18.686258 179.200211
18.692064 179.913055
18.697868 180.246201
18.703674 180.402512
18.709478 180.542526
18.715284 180.731003
18.721088 181.474121
18.726892 0.000000
18.732698 142.617981
18.738503 156.697495
18.744308 171.799866
18.750113 171.300568
18.755919 170.666641
18.761723 153.122665
18.767529 113.025253
18.773333 113.059151
18.779139 113.176628
18.784943 113.327042
18.790749 86.195854
18.796553 86.325829
18.802359 86.510994
18.808163 86.582603
18.813969 74.513092
18.819773 74.590317
18.825579 69.060738
18.831383 69.164047
18.837189 69.242310
18.842993 69.338196
18.848799 65.497566
18.854603 66.396133
18.860409 354.515472
18.866213 353.937775
18.872019 353.939728
18.877823 354.039917
18.883629 706.346497
18.889433 71.437271
18.895239 64.846619
18.901043 86.842979
18.906849 86.778481
18.912653 525.459045
18.918459 526.642700
18.924263 534.418213
18.930069 536.429443
18.935873 536.053040
18.941677 173.186798
18.947483 174.043686
18.953287 178.523239
18.959093 236.191971
18.964897 234.381897
18.970703 232.770554
18.976507 231.719086
18.982313 221.178055
18.988117 219.243942
18.993923 216.505508
18.999727 214.855560
