0.000000 2341.972412
0.005805 2387.301025
0.011610 296.468964
0.017415 296.873993
0.023220 296.864685
0.029025 296.575653
0.034830 296.261749
0.040635 296.224945
0.046440 296.500793
0.052245 296.807892
0.058050 296.957611
0.063855 297.061066
0.069660 148.417053
0.075465 148.397308
0.081270 148.364685
0.087075 148.551132
0.092880 297.663269
0.098685 297.665863
0.104490 297.534149
0.110295 297.570770
0.116100 297.796692
0.121905 297.863739
0.127710 297.808228
0.133515 297.775604
0.139320 297.706940
0.145125 297.542725
0.150930 111.513382
0.156735 297.865570
0.162540 297.878113
0.168345 297.651642
0.174150 297.353088
0.179955 297.118652
0.185760 297.047821
0.191565 296.989624
0.197370 296.783264
0.203175 296.578308
0.208980 296.469696
0.214785 296.167786
0.220590 295.287415
0.226395 293.329468
0.232200 113.939163
0.238005 113.873558
0.243810 114.029114
0.249615 114.076332
0.255419 247.375626
0.261224 247.861069
0.267029 248.304810
0.272834 248.258957
0.278639 246.589478
0.284444 124.710625
0.290249 124.205505
0.296054 140.183578
0.301859 140.109344
0.307664 140.056885
0.313469 279.440338
0.319274 279.662811
0.325079 279.826996
0.330884 140.136093
0.336689 140.147873
0.342494 280.200165
0.348299 280.228821
0.354104 280.400238
0.359909 139.839996
0.365714 139.747192
0.371519 139.758926
0.377324 139.863190
0.383129 279.818512
0.388934 279.687103
0.394739 279.724426
0.400544 279.847290
0.406349 279.778564
0.412154 139.817520
0.417959 139.808441
0.423764 139.804276
0.429569 139.794037
0.435374 139.784393
0.441179 139.747116
0.446984 139.662140
0.452789 139.579559
0.458594 139.582077
0.464399 139.654373
0.470204 139.710281
0.476009 139.744049
0.481814 139.757172
0.487619 139.720520
0.493424 139.666183
0.499229 139.653656
0.505034 139.669281
0.510839 279.471100
0.516644 279.347565
0.522449 279.325562
0.528254 279.359344
0.534059 279.408966
0.539864 279.453156
0.545669 279.535645
0.551474 139.801590
0.557279 139.783722
0.563084 279.584808
0.568889 279.482941
0.574694 279.556732
0.580499 279.707855
0.586304 279.662476
0.592109 2651.501709
0.597914 2659.242920
0.603719 2669.528809
0.609524 2687.842529
0.615329 2699.148193
0.621134 2669.121582
0.626939 230.404831
0.632744 230.642136
0.638549 255.111481
0.644354 248.940399
0.650159 125.097137
0.655964 124.836578
0.661769 124.850647
0.667574 124.919708
0.673379 124.821869
0.679184 250.213028
0.684989 249.844101
0.690794 249.550079
0.696599 249.328918
0.702404 249.285400
0.708209 249.318832
0.714014 249.303497
0.719819 249.243347
0.725624 249.238846
0.731429 249.289474
0.737234 249.257980
0.743039 249.086487
0.748844 248.905457
0.754649 248.904282
0.760454 249.054718
0.766258 249.189041
0.772063 249.272781
0.777869 249.381485
0.783673 249.514938
0.789478 249.541656
0.795283 249.347534
0.801088 248.983475
0.806893 248.737747
0.812698 248.725784
0.818503 248.823486
0.824308 248.871658
0.830113 248.796799
0.835918 248.699753
0.841723 248.639832
0.847528 248.750458
0.853333 248.899109
0.859138 248.970703
0.864943 249.057404
0.870748 249.177826
0.876553 249.068420
0.882358 248.769775
0.888163 82.773735
0.893968 248.598526
0.899773 248.617477
0.905578 248.623825
0.911383 248.696564
0.917188 248.594849
0.922993 248.305099
0.928798 248.250076
0.934603 248.573730
0.940408 248.779953
0.946213 248.635208
0.952018 248.305679
0.957823 247.919617
0.963628 247.641724
0.969433 247.743805
0.975238 248.025299
0.981043 248.085236
0.986848 247.935150
0.992653 248.212006
0.998458 159.842300
1.004263 253.884277
1.010068 254.093964
1.015873 288.623260
1.021678 286.114685
1.027483 286.500214
1.033288 148.110443
1.039093 147.583755
1.044898 148.033569
1.050703 149.068069
1.056508 149.443008
1.062313 149.280640
1.068118 148.923676
1.073923 148.638626
1.079728 148.478180
1.085533 148.365356
1.091338 148.248886
1.097143 148.042999
1.102948 147.709900
1.108753 147.294632
1.114558 294.358093
1.120363 293.842712
1.126168 293.385071
1.131973 293.230042
1.137778 293.263763
1.143583 293.213074
1.149388 293.091064
1.155193 293.000671
1.160998 292.840942
1.166803 292.539246
1.172608 292.176453
1.178413 291.852478
1.184218 291.659485
1.190023 291.709442
1.195828 292.044525
1.201633 292.477997
1.207438 292.898102
1.213243 293.290009
1.219048 293.583923
1.224853 293.693817
1.230658 293.620575
1.236463 293.566284
1.242268 293.794617
1.248073 294.298584
1.253878 294.940460
1.259683 295.543182
1.265488 295.861572
1.271293 296.095276
1.277097 296.342560
1.282902 296.284210
1.288707 295.745544
1.294513 294.894897
1.300317 294.198273
1.306122 293.939087
1.311927 293.872559
1.317732 293.537048
1.323537 292.853088
1.329342 292.042572
1.335147 291.441467
1.340952 291.487610
1.346757 292.379974
1.352562 294.092621
1.358367 295.923767
1.364172 297.069122
1.369977 297.475861
1.375782 297.322693
1.381587 148.207855
1.387392 147.999451
1.393197 147.908768
1.399002 147.973907
1.404807 148.178680
1.410612 148.356567
1.416417 148.462921
1.422222 148.665497
1.428027 148.876938
1.433832 148.891113
1.439637 148.665787
1.445442 148.368698
1.451247 147.899353
1.457052 294.137787
1.462857 292.706665
1.468662 292.231476
1.474467 292.117401
1.480272 291.966095
1.486077 291.712219
1.491882 291.343445
1.497687 290.994720
1.503492 290.878326
1.509297 290.961945
1.515102 291.100281
1.520907 291.682587
1.526712 292.717377
1.532517 293.878632
1.538322 295.348938
1.544127 297.512390
1.549932 299.515076
1.555737 300.925140
1.561542 302.259247
1.567347 303.217529
1.573152 303.650909
1.578957 303.949890
1.584762 304.106415
1.590567 303.500671
1.596372 302.024261
1.602177 301.451874
1.607982 302.730316
1.613787 275.894348
1.619592 289.238647
1.625397 289.595978
1.631202 262.149353
1.637007 262.862244
1.642812 263.619904
1.648617 288.186554
1.654422 286.807922
1.660227 287.446655
1.666032 284.156799
1.671837 280.519684
1.677642 279.454651
1.683447 277.259949
1.689252 272.713501
1.695057 271.240875
1.700862 270.402588
1.706667 267.366333
1.712472 263.296021
1.718277 260.928741
1.724082 277.524353
1.729887 303.515167
1.735692 279.789581
1.741497 244.930603
1.747302 292.847351
1.753107 294.139709
1.758912 295.016663
1.764717 148.036591
1.770522 147.811951
1.776327 147.554367
1.782132 73.743767
1.787936 73.820290
1.793741 73.727348
1.799546 218.163971
1.805351 219.492737
1.811157 220.959091
1.816961 220.854385
1.822766 220.576874
1.828571 220.292267
1.834376 219.876892
1.840181 73.384048
1.845986 223.514359
1.851791 260.644897
1.857596 259.726257
1.863401 254.909592
1.869206 247.878052
1.875011 248.463577
1.880816 249.281693
1.886621 249.424118
1.892426 249.281418
1.898231 249.081894
1.904036 235.511627
1.909841 235.724609
1.915646 235.000946
1.921451 232.895905
1.927256 2737.193604
1.933061 118.876801
1.938866 118.793915
1.944671 254.308014
1.950476 1811.633179
1.956281 1833.199341
1.962086 110.445930
1.967891 110.440811
1.973696 110.373955
1.979501 110.279053
1.985306 110.237175
1.991111 110.248390
1.996916 110.275497
2.002721 110.286270
2.008526 110.273361
2.014331 110.261963
2.020136 110.262329
2.025941 110.282272
2.031746 110.306610
2.037551 110.317757
2.043356 110.308426
2.049161 110.276337
2.054966 73.802559
2.060771 73.710793
2.066576 73.627060
2.072381 73.611252
2.078186 73.603157
2.083991 73.664261
2.089796 73.799843
2.095601 73.817993
2.101406 214.947739
2.107211 189.942780
2.113016 158.104996
2.118821 157.976089
2.124626 135.441803
2.130431 135.016174
2.136236 129.536072
2.142041 130.197220
2.147846 122.486305
2.153651 122.172295
2.159456 122.150940
2.165261 111.462151
2.171066 111.141899
2.176871 109.904312
2.182676 116.077805
2.188481 110.220062
2.194286 110.318047
2.200091 110.381203
2.205896 110.458221
2.211701 110.498108
2.217506 110.526344
2.223311 110.551994
2.229116 221.295807
2.234921 113.634079
2.240726 113.256042
2.246531 113.249397
2.252336 117.557976
2.258141 117.479012
2.263946 110.449318
2.269751 110.761375
2.275556 110.994354
2.281361 74.563812
2.287166 72.750687
2.292970 73.870293
2.298775 2631.711426
2.304580 124.715866
2.310385 125.059967
2.316190 359.036407
2.321995 110.044838
2.327801 110.124962
2.333606 110.154190
2.339411 110.172920
2.345215 330.579132
2.351020 330.632629
2.356825 110.215645
2.362630 110.218300
2.368435 330.639709
2.374240 330.613159
2.380045 330.574280
2.385850 330.566528
2.391655 110.198875
2.397460 330.499512
2.403265 330.369751
2.409070 110.140205
2.414875 110.142708
2.420680 226.489517
2.426485 73.738419
2.432290 220.893478
2.438095 73.441689
2.443900 218.062943
2.449705 217.688019
2.455510 217.648209
2.461315 217.544739
2.467120 216.626740
2.472925 216.201080
2.478730 218.447388
2.484535 303.041595
2.490340 1219.953979
2.496145 1223.849243
2.501950 1239.779663
2.507755 233.054016
2.513560 220.923264
2.519365 220.884781
2.525170 220.865143
2.530975 220.813538
2.536780 220.793854
2.542585 220.801300
2.548390 220.859451
2.554195 220.965942
2.560000 220.965454
2.565805 220.816345
2.571610 220.687805
2.577415 220.698074
2.583220 442.410217
2.589025 220.767853
2.594830 220.705139
2.600635 220.603607
2.606440 220.395615
2.612245 117.262306
2.618050 117.362801
2.623855 74.255516
2.629660 74.265129
2.635465 74.258415
2.641270 74.174065
2.647075 74.098640
2.652880 74.175034
2.658685 75.408920
2.664490 2434.086182
2.670295 355.824615
2.676100 354.837738
2.681905 353.606415
2.687710 352.554291
2.693515 351.810394
2.699320 5742.973633
2.705125 5563.374023
2.710930 191.266144
2.716735 183.730392
2.722540 183.353424
2.728345 183.183075
2.734150 183.106644
2.739955 182.600952
2.745760 180.779251
2.751565 178.639664
2.757370 177.002930
2.763175 174.182480
2.768980 172.419739
2.774785 171.907104
2.780590 171.897720
2.786395 172.268372
2.792200 174.617813
2.798005 175.866684
2.803810 180.099991
2.809614 180.759277
2.815419 180.455261
2.821224 178.274170
2.827029 173.401138
2.832834 220.639282
2.838639 220.626587
2.844445 193.743698
2.850250 179.336700
2.856054 162.265961
2.861859 147.328537
2.867664 147.209427
2.873469 128.638733
2.879274 127.861115
2.885079 127.951309
2.890884 258.765961
2.896689 259.957733
2.902494 261.295044
2.908299 263.324646
2.914104 265.752899
2.919909 269.033936
2.925714 274.737152
2.931519 279.861542
2.937324 282.908539
2.943129 284.805725
2.948934 285.371033
2.954739 284.222046
2.960544 816.734192
2.966349 813.958557
2.972154 802.643982
2.977959 774.817688
2.983764 708.570923
2.989569 670.163452
2.995374 653.568237
3.001179 645.805542
3.006984 612.817200
3.012789 609.151306
3.018594 671.501770
3.024399 107.619545
3.030204 107.610954
3.036009 109.990631
3.041814 219.182495
3.047619 219.754532
3.053424 454.650238
3.059229 265.699310
3.065034 271.550934
3.070839 275.040802
3.076644 278.399475
3.082449 283.241211
3.088254 286.736359
3.094059 288.064758
3.099864 287.658173
3.105669 285.395874
3.111474 279.520447
3.117279 276.478516
3.123084 276.258453
3.128889 769.929016
3.134694 771.841492
3.140499 774.072937
3.146304 5617.967773
3.152109 5996.958984
3.157914 6118.992676
3.163719 6115.217285
3.169524 6020.881836
3.175329 5980.125977
3.181134 6086.849121
3.186939 6235.118164
3.192744 6299.634277
3.198549 6287.652832
3.204354 6267.159180
3.210159 6289.621582
3.215964 6368.229980
3.221769 6423.657227
3.227574 6359.937988
3.233379 244.474121
3.239184 244.438263
3.244989 2239.806885
3.250794 2221.437012
3.256599 314.096802
3.262404 313.592072
3.268209 311.927155
3.274014 308.798431
3.279819 304.276855
3.285624 297.497192
3.291429 298.525177
3.297234 298.618896
3.303039 296.983337
3.308844 293.389832
3.314649 291.351776
3.320453 290.867340
3.326258 290.467651
3.332063 289.746765
3.337868 289.224945
3.343673 289.566345
3.349478 290.461670
3.355283 291.134369
3.361089 291.548828
3.366894 292.253082
3.372698 293.428467
3.378503 294.395905
3.384308 295.099487
3.390113 295.801392
3.395918 296.522247
3.401723 297.096741
3.407528 297.326508
3.413333 297.211609
3.419138 296.740509
3.424943 295.713776
3.430748 293.500549
3.436553 289.109344
3.442358 281.148743
3.448163 277.371460
3.453968 275.815186
3.459773 117.743546
3.465578 205.125809
3.471383 205.103302
3.477188 205.102264
3.482993 205.277420
3.488798 205.708099
3.494603 206.040115
3.500408 110.500763
3.506213 110.458122
3.512018 110.464653
3.517823 285.751373
3.523628 285.931305
3.529433 286.909729
3.535238 288.477478
3.541043 289.935883
3.546848 290.691956
3.552653 291.525238
3.558458 292.784912
3.564263 293.944214
3.570068 294.781006
3.575873 295.418488
3.581678 473.341248
3.587483 470.766632
3.593288 125.345581
3.599093 125.136620
3.604898 103.655479
3.610703 101.419746
3.616508 189.649216
3.622313 259.642395
3.628118 261.329193
3.633923 263.550873
3.639728 266.303650
3.645533 428.002899
3.651338 281.396729
3.657143 291.262024
3.662948 296.093933
3.668753 298.763702
3.674558 300.997101
3.680363 302.542755
3.686168 303.398193
3.691973 304.230896
3.697778 305.245026
3.703583 306.479645
3.709388 308.422241
3.715193 310.571960
3.720998 312.693481
3.726803 315.447052
3.732608 317.969513
3.738413 320.643646
3.744218 323.698395
3.750023 326.626801
3.755828 328.855164
3.761633 330.292877
3.767438 331.287109
3.773243 331.984741
3.779048 332.430054
3.784853 332.666382
3.790658 332.648010
3.796463 332.422180
3.802268 332.266815
3.808073 332.397736
3.813878 332.583191
3.819683 332.343475
3.825488 331.750336
3.831293 331.236816
3.837097 330.956635
3.842902 330.686523
3.848707 329.786194
3.854512 328.003204
3.860317 325.855469
3.866122 323.177368
3.871927 318.407318
3.877733 311.995178
3.883538 309.235901
3.889342 308.696167
3.895147 154.162552
3.900952 154.390961
3.906757 154.774750
3.912562 319.280579
3.918367 321.517151
3.924172 323.722198
3.929977 106.494682
3.935782 108.867126
3.941587 109.039993
3.947392 109.329903
3.953197 109.746323
3.959002 0.000000
3.964807 111.880127
3.970612 0.000000
3.976417 90.291542
3.982222 82.749496
3.988027 0.000000
3.993832 0.000000
3.999637 111.443703
4.005442 91.423813
4.011247 92.440414
4.017052 139.631165
4.022857 139.592667
4.028662 277.847839
4.034467 278.120056
4.040272 278.078613
4.046077 276.771423
4.051882 274.367310
4.057687 272.168488
4.063492 135.748901
4.069297 136.615936
4.075102 137.821823
4.080907 276.193115
4.086712 276.662933
4.092517 276.869812
4.098322 138.679443
4.104127 138.737366
4.109932 138.717178
4.115737 138.529999
4.121542 138.138474
4.127347 275.234802
4.133152 137.322388
4.138957 137.110992
4.144762 136.988297
4.150567 136.934219
4.156372 137.053391
4.162177 137.510849
4.167982 138.124588
4.173787 138.715485
4.179592 138.962555
4.185397 138.845169
4.191202 138.717728
4.197007 138.926376
4.202812 139.369568
4.208617 139.719604
4.214422 139.854523
4.220227 140.327850
4.226032 140.927979
4.231837 141.126999
4.237642 140.813263
4.243447 139.747269
4.249252 139.215210
4.255057 138.863480
4.260862 138.739487
4.266667 138.774933
4.272471 138.786789
4.278276 138.757996
4.284081 138.860870
4.289886 138.682846
4.295691 138.444550
4.301497 138.272339
4.307302 138.203995
4.313107 138.130585
4.318912 138.004410
4.324717 135.124313
4.330522 261.858582
4.336327 121.450737
4.342132 102.198784
4.347937 102.344368
4.353742 105.656448
4.359547 213.433945
4.365352 145.031830
4.371157 144.942780
4.376961 144.892075
4.382766 144.566376
4.388571 143.866867
4.394376 143.220978
4.400181 142.763153
4.405986 142.656998
4.411791 142.481216
4.417596 142.238708
4.423401 142.296997
4.429206 142.510544
4.435011 142.441788
4.440816 140.437119
4.446621 140.582062
4.452426 118.965302
4.458231 110.278275
4.464036 111.161263
4.469841 112.175484
4.475646 120.688324
4.481451 120.335258
4.487256 128.978104
4.493061 129.058502
4.498866 128.932434
4.504671 128.816406
4.510476 0.000000
4.516281 148.307922
4.522086 148.682236
4.527891 148.667953
4.533696 74.405075
4.539501 163.259201
4.545306 167.441147
4.551111 167.483047
4.556916 167.440018
4.562721 167.484970
4.568526 167.037155
4.574331 166.517151
4.580136 166.663300
4.585941 167.070480
4.591746 167.204254
4.597551 162.721741
4.603356 162.899521
4.609161 163.416916
4.614966 162.598755
4.620771 161.585464
4.626576 161.111145
4.632381 55.087261
4.638186 212.216049
4.643991 211.472198
4.649796 211.762466
4.655601 149.556091
4.661406 55.526672
4.667211 205.287201
4.673016 55.348854
4.678821 55.318996
4.684626 55.294979
4.690431 54.361286
4.696236 51.968834
4.702041 3415.473145
4.707846 3420.592285
4.713651 0.000000
4.719456 43.621113
4.725261 71.206261
4.731066 100.224815
4.736871 55.143646
4.742676 149.271469
4.748481 149.197556
4.754286 155.991180
4.760091 155.571091
4.765896 154.725739
4.771701 153.543121
4.777506 56.189548
4.783311 95.993759
4.789115 56.038628
4.794920 153.562927
4.800725 74.725334
4.806530 153.295303
4.812335 153.933548
4.818141 154.101913
4.823946 153.082672
4.829751 55.948647
4.835556 151.221649
4.841361 151.590164
4.847166 55.036922
4.852971 54.839420
4.858776 154.750275
4.864581 155.433655
4.870386 174.394699
4.876191 176.034042
4.881996 154.065308
4.887800 154.224762
4.893605 145.187759
4.899410 110.187431
4.905215 110.386871
4.911020 110.596680
4.916825 147.537430
4.922630 147.691055
4.928435 147.927689
4.934240 148.027161
4.940045 147.613159
4.945850 146.588562
4.951655 111.311157
4.957460 55.641228
4.963265 55.704781
4.969070 55.713837
4.974875 55.706326
4.980680 55.754044
4.986485 55.793236
4.992290 55.710091
4.998095 114.530884
5.003900 121.553642
5.009705 55.601051
5.015510 124.514977
5.021315 55.939117
5.027120 55.910980
5.032925 55.947063
5.038730 55.954166
5.044535 56.008335
5.050340 123.573524
5.056145 108.329857
5.061950 109.883430
5.067755 253.092560
5.073560 252.880020
5.079365 252.786880
5.085170 124.669235
5.090975 125.105682
5.096780 125.532898
5.102585 101.078209
5.108390 183.481644
5.114195 103.305290
5.120000 104.494797
5.125805 239.100815
5.131610 249.462158
5.137415 57.075668
5.143220 173.343323
5.149025 226.156570
5.154830 226.474747
5.160635 217.441544
5.166440 197.941925
5.172245 55.958858
5.178050 55.918152
5.183855 55.819897
5.189660 55.852432
5.195465 55.900078
5.201270 216.213074
5.207075 204.961472
5.212880 56.169918
5.218685 56.606087
5.224490 102.760262
5.230295 56.137188
5.236100 258.003784
5.241905 54.799515
5.247710 54.789604
5.253515 161.970306
5.259320 215.789398
5.265125 217.028290
5.270930 220.910995
5.276735 221.764954
5.282540 221.737289
5.288345 110.640221
5.294150 110.873154
5.299954 55.673576
5.305759 55.441330
5.311564 110.714989
5.317369 55.432625
5.323174 55.690952
5.328979 110.687408
5.334785 55.444321
5.340590 55.331436
5.346395 186.265808
5.352200 55.493603
5.358005 55.551918
5.363810 186.347458
5.369615 55.735947
5.375420 55.572510
5.381225 215.491592
5.387030 213.990280
5.392835 213.481201
5.398640 207.054718
5.404444 205.730606
5.410249 55.697067
5.416054 213.108841
5.421859 213.302429
5.427664 214.148010
5.433469 43.566910
5.439274 0.000000
5.445079 0.000000
5.450884 129.001709
5.456689 77.977829
5.462494 78.190956
5.468299 86.039070
5.474104 89.158951
5.479909 55.732601
5.485714 216.130127
5.491519 216.145035
5.497324 149.306854
5.503129 147.169403
5.508934 146.136398
5.514739 149.244064
5.520544 152.494659
5.526349 152.669266
5.532154 152.954269
5.537959 208.663055
5.543764 207.735947
5.549569 212.792847
5.555374 216.337448
5.561179 215.904297
5.566984 55.976650
5.572789 55.972786
5.578594 198.954681
5.584399 210.093521
5.590204 210.091415
5.596009 209.539932
5.601814 208.357117
5.607619 207.784515
5.613424 207.545380
5.619229 184.144638
5.625034 171.867111
5.630839 172.578995
5.636644 151.815765
5.642449 59.187580
5.648254 110.576820
5.654059 110.385033
5.659864 110.377251
5.665669 110.457047
5.671474 110.629456
5.677279 110.785423
5.683084 110.664062
5.688889 110.386726
5.694694 110.253838
5.700499 5806.105957
5.706304 5724.164551
5.712109 5621.951660
5.717914 5500.290527
5.723719 5441.525391
5.729524 5516.251465
5.735329 5587.001465
5.741134 5579.920410
5.746939 5597.832031
5.752744 5684.909180
5.758549 5799.494141
5.764354 5817.472168
5.770159 5790.734375
5.775964 5837.382812
5.781769 5865.371582
5.787574 5803.261230
5.793379 0.000000
5.799184 0.000000
5.804989 0.000000
5.810794 254.990417
5.816598 127.436401
5.822403 127.595139
5.828208 127.565559
5.834013 184.560959
5.839818 185.667206
5.845623 189.204102
5.851429 189.857422
5.857234 191.807281
5.863039 197.425583
5.868844 200.604630
5.874649 207.515945
5.880454 213.980728
5.886259 217.128448
5.892064 218.611618
5.897869 229.214691
5.903674 232.749802
5.909479 119.375656
5.915284 120.327354
5.921088 122.462692
5.926893 124.677872
5.932698 128.281723
5.938503 129.027145
5.944308 129.965210
5.950113 130.511932
5.955918 130.935654
5.961723 131.598557
5.967528 132.456207
5.973333 133.085815
5.979138 133.765045
5.984943 134.628250
5.990748 135.205704
5.996553 135.738480
6.002358 136.047653
6.008163 136.264282
6.013968 136.650345
6.019773 137.279816
6.025578 137.822830
6.031383 138.169785
6.037188 139.024155
6.042993 140.015793
6.048798 140.133743
6.054603 140.070755
6.060408 139.849747
6.066213 139.470688
6.072018 139.052277
6.077823 138.685287
6.083628 138.360718
6.089433 138.214935
6.095238 138.173828
6.101043 138.072357
6.106848 137.937134
6.112653 137.922089
6.118458 138.065796
6.124263 138.281677
6.130068 138.514297
6.135873 138.763031
6.141678 139.098450
6.147483 139.604294
6.153288 140.216324
6.159093 140.702637
6.164898 140.998154
6.170703 140.960388
6.176508 282.255157
6.182313 281.807068
6.188118 93.221527
6.193923 93.153313
6.199728 139.769257
6.205533 140.267242
6.211338 140.617615
6.217143 140.779953
6.222948 140.861710
6.228753 140.827515
6.234558 140.541107
6.240363 140.163452
6.246168 139.850266
6.251973 139.397659
6.257778 138.599594
6.263583 137.965088
6.269388 137.727448
6.275193 137.561340
6.280998 137.280548
6.286803 137.049530
6.292608 137.007782
6.298413 272.174988
6.304218 272.705750
6.310023 273.805176
6.315828 274.325653
6.321633 274.402679
6.327438 275.117798
6.333242 275.828094
6.339047 275.686737
6.344852 276.052460
6.350657 277.762421
6.356462 279.103668
6.362267 279.696442
6.368073 280.304657
6.373878 280.996857
6.379683 281.224579
6.385488 280.977600
6.391293 280.689270
6.397098 280.357147
6.402903 279.866180
6.408708 279.226624
6.414513 278.314850
6.420318 276.707428
6.426123 274.171509
6.431927 272.014771
6.437732 135.330948
6.443537 269.782166
6.449342 269.182495
6.455147 268.842468
6.460952 134.627121
6.466757 134.864487
6.472562 135.152740
6.478367 135.214294
6.484172 134.305862
6.489977 129.970306
6.495782 125.791695
6.501587 125.018456
6.507392 125.211685
6.513197 125.269394
6.519002 118.606796
6.524807 271.013367
6.530612 257.722473
6.536417 260.444397
6.542222 260.037109
6.548027 258.622009
6.553832 256.471893
6.559637 100.245255
6.565442 100.009117
6.571247 94.933189
6.577052 281.429474
6.582857 280.265717
6.588662 278.949951
6.594467 138.660400
6.600272 137.703110
6.606077 135.906754
6.611882 135.224472
6.617687 134.906281
6.623492 135.068573
6.629297 135.592392
6.635102 136.281235
6.640907 274.270996
6.646712 275.459534
6.652517 275.790588
6.658322 275.008514
6.664127 272.980713
6.669932 270.591858
6.675737 173.490402
6.681542 99.664886
6.687347 56.031967
6.693152 117.817467
6.698957 117.289742
6.704762 117.227844
6.710567 117.201004
6.716372 116.634560
6.722177 136.263062
6.727982 136.256638
6.733787 136.250198
6.739592 125.207115
6.745397 124.758682
6.751202 76.803596
6.757007 76.913513
6.762812 221.424484
6.768617 110.560417
6.774422 110.320251
6.780227 110.167274
6.786032 213.666153
6.791837 213.517365
6.797642 55.113277
6.803447 202.272247
6.809252 202.070038
6.815057 55.935680
6.820862 55.091896
6.826667 213.638641
6.832472 213.712753
6.838277 55.869884
6.844081 106.790154
6.849886 55.932751
6.855691 55.426521
6.861496 175.650208
6.867301 55.612705
6.873106 55.709236
6.878911 55.935520
6.884717 204.736038
6.890522 205.486526
6.896327 75.833366
6.902132 109.303711
6.907937 104.961891
6.913742 94.209213
6.919547 132.469940
6.925352 132.411530
6.931157 71.397202
6.936962 76.674110
6.942767 76.883713
6.948571 148.030380
6.954376 144.875290
6.960181 144.897766
6.965986 145.112961
6.971791 137.179901
6.977596 136.688293
6.983401 136.695099
6.989206 137.135910
6.995011 137.668335
7.000816 138.301956
7.006621 139.003006
7.012426 139.778931
7.018231 284.597778
7.024036 143.389771
7.029841 145.981369
7.035646 147.177094
7.041451 148.811813
7.047256 149.868866
7.053061 150.780579
7.058866 151.591202
7.064671 151.972168
7.070476 151.971375
7.076281 151.653763
7.082086 151.212494
7.087891 150.670151
7.093696 150.163849
7.099501 149.813828
7.105306 149.383804
7.111111 296.597870
7.116916 147.371887
7.122721 146.522598
7.128526 146.142029
7.134331 145.984238
7.140136 145.887589
7.145941 145.870514
7.151746 145.994965
7.157551 146.160782
7.163356 146.203430
7.169161 146.069122
7.174966 145.725082
7.180771 145.180832
7.186576 144.724091
7.192381 144.178574
7.198186 285.678131
7.203991 138.926514
7.209796 137.750854
7.215601 134.483002
7.221406 133.137772
7.227211 108.501160
7.233016 112.084442
7.238821 108.497391
7.244626 109.220451
7.250431 97.909714
7.256236 93.807793
7.262041 93.645805
7.267846 93.735580
7.273651 114.035957
7.279456 240.112076
7.285261 255.294922
7.291066 254.059341
7.296871 253.086151
7.302676 252.626572
7.308481 254.028046
7.314286 255.281754
7.320091 255.651001
7.325896 255.036591
7.331701 253.444382
7.337506 251.730011
7.343311 250.017136
7.349116 247.369141
7.354921 240.408737
7.360725 237.181961
7.366530 234.127274
7.372335 228.359146
7.378140 222.609009
7.383945 219.535965
7.389750 217.681427
7.395555 215.698761
7.401361 107.032990
7.407166 106.744957
7.412971 213.193085
7.418776 213.667297
7.424581 214.618073
7.430386 215.534027
7.436191 216.284546
7.441996 217.192276
7.447801 217.933014
7.453606 215.543045
7.459411 117.126282
7.465215 133.331375
7.471020 0.000000
7.476825 197.740067
7.482630 198.291306
7.488435 125.597466
7.494240 50.474976
7.500045 99.039085
7.505850 110.208878
7.511655 109.954941
7.517460 96.289787
7.523265 99.253723
7.529070 106.633728
7.534875 104.941902
7.540680 102.958115
7.546485 103.020744
7.552290 115.720932
7.558095 99.803680
7.563900 110.497574
7.569705 110.210190
7.575510 109.989693
7.581315 109.749977
7.587120 106.911980
7.592925 106.812141
7.598730 106.574799
7.604535 106.725006
7.610340 107.138618
7.616145 107.496803
7.621950 107.899712
7.627755 108.108009
7.633560 110.081367
7.639365 113.216164
7.645170 113.405632
7.650975 152.966095
7.656780 111.314331
7.662585 111.387733
7.668390 850.785767
7.674195 859.919983
7.680000 870.649719
7.685805 864.858398
7.691610 859.277893
7.697415 224.527390
7.703220 225.122314
7.709025 223.917984
7.714830 222.220261
7.720635 220.645462
7.726440 218.829269
7.732245 216.540192
7.738050 278.093933
7.743855 279.135529
7.749660 214.572067
7.755465 215.604095
7.761270 216.663925
7.767075 217.637238
7.772880 218.363342
7.778685 219.256439
7.784490 297.929626
7.790295 300.158112
7.796100 109.223930
7.801905 109.321190
7.807710 109.361038
7.813515 109.399483
7.819320 109.441315
7.825125 223.160156
7.830930 223.436523
7.836735 223.358780
7.842540 222.917068
7.848345 222.269501
7.854150 110.458885
7.859955 109.831482
7.865760 109.213821
7.871564 109.208008
7.877369 109.527161
7.883174 109.749260
7.888979 220.330765
7.894784 221.290955
7.900589 222.685608
7.906394 223.803146
7.912199 223.969727
7.918005 111.847260
7.923810 111.272270
7.929615 110.789841
7.935420 110.329765
7.941225 108.923523
7.947030 108.365646
7.952835 108.139259
7.958640 108.166512
7.964445 108.627312
7.970250 219.178711
7.976054 109.528801
7.981859 109.288063
7.987664 108.760323
7.993469 214.859436
7.999274 105.485222
8.005079 211.642044
8.010884 213.046936
8.016689 214.107559
8.022494 214.095413
8.028299 233.699387
8.034104 214.054672
8.039909 193.015671
8.045714 193.100632
8.051519 199.586746
8.057324 235.698608
8.063129 235.145309
8.068934 234.639740
8.074739 233.722031
8.080544 232.850952
8.086349 232.909012
8.092155 73.680168
8.097960 146.955627
8.103765 73.822807
8.109570 73.956650
8.115375 73.984879
8.121180 73.559166
8.126985 73.354012
8.132789 73.213387
8.138594 107.132256
8.144399 285.937500
8.150204 284.649078
8.156009 106.834206
8.161814 106.827576
8.167619 107.386322
8.173424 107.893623
8.179229 108.253487
8.185034 104.913124
8.190839 105.000847
8.196644 152.315170
8.202449 145.776993
8.208254 145.760757
8.214059 145.669571
8.219864 145.652954
8.225669 146.107300
8.231474 147.393143
8.237279 144.008423
8.243084 143.256058
8.248889 143.331757
8.254694 143.503235
8.260499 143.644348
8.266304 109.334351
8.272109 109.410248
8.277914 140.138107
8.283719 141.638702
8.289524 143.005035
8.295329 142.998215
8.301134 142.617889
8.306939 142.150406
8.312744 142.237167
8.318549 143.280991
8.324354 144.612793
8.330159 148.602112
8.335963 49.865028
8.341768 106.718468
8.347573 107.116936
8.353378 107.033585
8.359183 106.848778
8.364988 107.579552
8.370793 107.868629
8.376598 49.557396
8.382403 137.769043
8.388208 3050.484131
8.394013 3120.369629
8.399818 3171.612549
8.405623 75.755226
8.411428 72.542336
8.417233 74.221245
8.423038 78.511261
8.428843 147.880859
8.434649 147.937515
8.440454 147.727829
8.446259 147.478912
8.452064 147.396713
8.457869 147.273331
8.463674 147.091354
8.469479 172.919678
8.475284 140.509079
8.481089 146.186264
8.486894 146.870682
8.492699 140.377502
8.498504 140.721939
8.504309 141.249466
8.510114 141.539719
8.515919 141.527161
8.521724 141.698792
8.527529 142.208908
8.533334 142.919052
8.539139 142.623047
8.544943 129.110718
8.550748 128.928772
8.556553 128.870804
8.562358 129.013229
8.568163 111.168922
8.573968 111.415710
8.579773 153.398621
8.585578 153.079651
8.591383 161.509216
8.597188 161.559128
8.602993 161.572266
8.608798 168.020584
8.614603 156.097000
8.620408 156.606796
8.626213 162.733566
8.632018 162.483322
8.637823 152.911057
8.643628 152.710083
8.649433 151.855194
8.655238 150.996735
8.661043 150.950073
8.666848 150.717468
8.672653 161.102112
8.678458 130.804596
8.684263 112.317093
8.690068 108.891876
8.695873 108.864441
8.701678 109.095726
8.707483 50.134716
8.713288 164.500198
8.719093 129.021240
8.724898 50.138466
8.730703 50.402710
8.736508 50.990845
8.742313 114.775146
8.748117 50.528839
8.753922 50.529381
8.759727 251.741928
8.765532 252.130539
8.771338 251.599091
8.777143 101.521049
8.782948 101.515343
8.788753 101.850845
8.794558 101.935310
8.800363 50.078979
8.806168 48.831287
8.811973 186.007675
8.817778 186.356018
8.823583 194.094604
8.829388 135.465805
8.835193 132.445114
8.840998 187.170959
8.846803 188.251587
8.852608 189.172989
8.858413 190.651855
8.864218 131.183334
8.870023 131.112701
8.875828 135.579895
8.881633 136.136368
8.887438 136.542709
8.893243 188.745239
8.899048 171.438156
8.904853 72.501877
8.910658 161.583038
8.916463 161.828552
8.922268 167.835907
8.928073 174.990112
8.933878 191.919189
8.939683 191.443634
8.945488 0.000000
8.951293 0.000000
8.957097 0.000000
8.962902 257.157349
8.968707 253.017212
8.974512 251.740005
8.980317 267.845001
8.986122 270.544464
8.991927 273.838257
8.997732 276.966431
9.003537 279.384674
9.009342 281.755676
9.015147 286.213623
9.020952 290.769470
9.026757 292.568665
9.032562 293.930328
9.038367 295.356812
9.044172 148.687881
9.049977 297.574188
9.055782 297.749878
9.061587 297.346832
9.067392 296.294434
9.073197 294.723907
9.079002 293.132446
9.084807 292.136536
9.090612 292.333740
9.096417 292.856873
9.102222 292.085449
9.108027 289.394745
9.113832 285.909302
9.119637 282.969879
9.125443 138.782471
9.131248 138.424850
9.137053 153.580185
9.142858 0.000000
9.148663 71.600769
9.154468 71.570068
9.160272 78.238235
9.166077 79.503494
9.171882 135.872299
9.177687 136.005508
9.183492 169.206726
9.189297 171.085648
9.195102 141.330582
9.200907 142.595978
9.206712 146.159836
9.212517 147.308929
9.218322 148.054443
9.224127 148.528259
9.229932 148.336227
9.235737 148.372604
9.241542 148.909851
9.247347 149.129608
9.253152 148.748047
9.258957 148.612671
9.264762 162.908569
9.270567 163.140167
9.276372 163.549713
9.282177 84.792656
9.287982 115.559357
9.293787 114.159225
9.299592 96.205406
9.305397 90.137283
9.311202 180.811050
9.317007 212.891220
9.322812 212.749496
9.328617 226.675140
9.334422 235.524582
9.340227 240.594040
9.346032 242.988297
9.351837 244.729782
9.357642 246.013062
9.363446 246.734848
9.369251 123.499496
9.375056 123.301407
9.380861 122.855186
9.386666 244.934631
9.392471 122.207260
9.398276 122.139931
9.404081 122.357849
9.409886 246.043869
9.415691 123.806488
9.421496 124.462097
9.427301 250.694412
9.433106 252.644226
9.438911 254.968231
9.444716 257.406891
9.450521 259.640167
9.456326 262.055206
9.462132 264.382294
9.467937 266.785400
9.473742 269.307556
9.479547 272.192566
9.485352 275.100739
9.491157 277.255402
9.496962 278.261536
9.502767 242.561752
9.508572 243.450104
9.514377 100.398613
9.520182 189.229736
9.525987 188.881744
9.531792 141.481491
9.537597 140.837158
9.543402 140.051071
9.549207 139.550568
9.555012 139.144104
9.560817 138.754593
9.566622 138.469559
9.572426 138.306793
9.578231 138.214432
9.584036 138.175125
9.589841 138.195648
9.595646 138.270309
9.601451 138.414215
9.607256 138.728653
9.613061 139.249908
9.618866 139.766556
9.624671 140.075607
9.630476 140.181992
9.636281 140.191040
9.642086 140.194443
9.647891 140.186844
9.653696 140.114914
9.659501 139.985489
9.665306 139.849503
9.671111 139.716888
9.676916 139.600861
9.682721 139.454865
9.688526 139.303757
9.694331 139.199341
9.700136 139.105438
9.705941 138.990524
9.711746 138.886536
9.717551 138.827530
9.723356 138.783279
9.729161 138.776779
9.734966 138.717453
9.740771 138.550858
9.746576 138.380783
9.752381 138.295868
9.758186 138.288437
9.763991 138.337906
9.769796 138.419739
9.775600 138.511215
9.781405 138.569290
9.787210 138.556671
9.793015 138.457947
9.798820 138.343262
9.804626 138.345703
9.810431 138.551865
9.816236 138.927795
9.822041 139.286606
9.827846 139.451614
9.833651 139.418716
9.839456 139.298447
9.845261 139.223175
9.851066 139.169296
9.856871 139.074921
9.862676 139.023590
9.868481 139.106079
9.874286 139.176559
9.880091 139.076263
9.885896 138.851990
9.891701 138.798248
9.897506 138.961868
9.903311 139.020370
9.909116 138.944977
9.914921 139.015106
9.920726 139.238220
9.926531 139.429550
9.932336 139.536743
9.938141 139.661163
9.943946 139.820847
9.949751 139.873276
9.955556 139.772400
9.961361 139.609192
9.967166 139.436172
9.972971 139.161591
9.978776 138.672501
9.984580 138.082764
9.990385 137.639038
9.996190 274.887238
10.001995 136.940994
10.007800 136.612793
10.013605 136.784576
10.019410 137.454102
10.025215 138.129501
10.031020 138.823807
10.036825 139.413971
10.042630 139.711624
10.048435 281.834106
10.054240 149.202591
10.060045 149.351730
10.065850 149.583862
10.071655 149.824768
10.077460 160.845642
10.083265 73.289299
10.089070 72.912781
10.094875 72.771278
10.100680 180.383133
10.106485 355.333679
10.112290 73.451683
10.118095 73.469475
10.123900 72.761726
10.129705 169.058701
10.135510 163.896912
10.141315 164.294342
10.147120 165.326157
10.152925 164.463226
10.158731 159.949493
10.164536 154.318069
10.170341 149.817932
10.176146 295.976837
10.181951 291.236938
10.187755 281.711121
10.193560 262.069794
10.199365 250.361221
10.205170 242.988358
10.210975 232.154221
10.216780 221.103409
10.222585 205.185394
10.228390 189.499954
10.234195 93.169991
10.240000 252.936874
10.245805 252.807037
10.251610 252.640610
10.257415 124.639648
10.263220 124.809677
10.269025 126.869888
10.274830 126.961243
10.280635 148.984802
10.286440 145.503845
10.292245 144.039322
10.298050 73.014229
10.303855 73.275871
10.309660 221.338043
10.315465 222.494354
10.321270 223.311691
10.327075 74.502243
10.332880 74.535873
10.338685 74.465965
10.344490 74.310448
10.350295 74.157768
10.356100 73.989632
10.361905 73.868896
10.367710 73.813232
10.373515 73.861122
10.379320 73.968605
10.385125 73.995628
10.390930 73.939125
10.396734 73.852425
10.402539 73.824837
10.408344 73.773453
10.414149 73.525070
10.419954 220.262085
10.425759 109.603027
10.431564 111.670166
10.437369 111.815765
10.443174 222.740250
10.448979 221.832016
10.454784 111.451767
10.460589 110.891663
10.466394 110.507317
10.472199 110.304138
10.478004 110.479881
10.483809 110.933449
10.489614 111.282837
10.495420 111.399864
10.501225 222.618973
10.507030 111.132446
10.512835 110.930908
10.518640 110.735611
10.524445 110.636154
10.530250 221.258545
10.536055 110.968147
10.541860 111.009590
10.547665 73.864342
10.553470 221.524460
10.559275 221.708664
10.565080 111.033890
10.570885 110.867790
10.576690 110.589485
10.582495 220.560959
10.588300 219.826263
10.594105 109.548904
10.599909 217.136780
10.605714 216.728729
10.611519 108.244255
10.617324 108.877998
10.623129 109.221458
10.628934 109.209473
10.634739 73.626091
10.640544 74.748726
10.646349 111.875000
10.652154 111.175301
10.657959 74.058975
10.663764 74.263809
10.669569 74.573761
10.675374 74.930893
10.681179 75.233444
10.686984 75.331833
10.692789 75.140800
10.698594 74.601631
10.704399 111.360634
10.710204 74.239479
10.716009 223.686996
10.721814 225.143707
10.727619 75.658173
10.733424 114.023056
10.739229 227.022491
10.745034 225.257874
10.750839 74.460609
10.756644 111.234146
10.762449 220.504105
10.768254 218.991211
10.774059 217.399445
10.779864 216.244751
10.785669 215.684692
10.791474 215.309982
10.797279 214.469727
10.803084 213.277557
10.808888 107.822983
10.814693 108.961945
10.820498 109.672264
10.826303 110.101318
10.832108 110.576935
10.837914 111.165039
10.843719 111.471130
10.849524 111.441322
10.855329 111.284851
10.861134 111.192421
10.866939 111.026649
10.872744 110.580482
10.878549 110.113197
10.884354 109.839203
10.890159 109.982162
10.895964 110.396400
10.901769 110.862923
10.907574 111.386047
10.913379 111.928627
10.919184 112.233551
10.924989 224.802826
10.930794 224.403625
10.936599 110.246330
10.942404 109.380470
10.948209 109.082779
10.954014 219.391479
10.959819 222.006119
10.965624 109.956573
10.971429 109.486656
10.977234 107.890724
10.983039 252.003250
10.988844 251.656174
10.994649 103.053970
