0.000000 0.000000
0.005805 213.775223
0.011610 196.368607
0.017415 197.003098
0.023220 198.558304
0.029025 199.023132
0.034830 201.010452
0.040635 201.241531
0.046440 201.257980
0.052245 201.210693
0.058050 201.089081
0.063855 200.743835
0.069660 200.056961
0.075465 196.944458
0.081270 200.219086
0.087075 204.687119
0.092880 206.626434
0.098685 207.586838
0.104490 209.151672
0.110295 211.983490
0.116100 214.990540
0.121905 217.158035
0.127710 219.678909
0.133515 221.692825
0.139320 222.927414
0.145125 224.134277
0.150930 225.073090
0.156735 225.411789
0.162540 225.384659
0.168345 225.031357
0.174150 224.231949
0.179955 223.242844
0.185760 221.967300
0.191565 219.933655
0.197370 218.626831
0.203175 217.748169
0.208980 217.074707
0.214785 216.800369
0.220590 216.771484
0.226395 216.808136
0.232200 217.044159
0.238005 217.648148
0.243810 218.562759
0.249615 219.495285
0.255419 220.297333
0.261224 220.948853
0.267029 221.376129
0.272834 221.618759
0.278639 221.800491
0.284444 221.829315
0.290249 221.603134
0.296054 221.299286
0.301859 221.128708
0.307664 221.010681
0.313469 220.847260
0.319274 220.714188
0.325079 220.710617
0.330884 220.611099
0.336689 220.358582
0.342494 236.683594
0.348299 238.915939
0.354104 82.311378
0.359909 126.760498
0.365714 81.738304
0.371519 82.052544
0.377324 82.192764
0.383129 127.768166
0.388934 5421.644043
0.394739 5613.573242
0.400544 5720.236328
0.406349 113.125374
0.412154 113.085045
0.417959 109.710617
0.423764 106.681427
0.429569 98.462425
0.435374 85.266487
0.441179 82.773041
0.446984 82.601906
0.452789 82.335373
0.458594 82.239830
0.464399 82.431793
0.470204 82.521294
0.476009 82.540680
0.481814 82.458954
0.487619 82.194740
0.493424 82.224724
0.499229 82.409386
0.505034 82.472610
0.510839 82.327049
0.516644 81.814957
0.522449 81.526138
0.528254 198.347382
0.534059 199.028656
0.539864 166.122772
0.545669 165.845032
0.551474 2339.526611
0.557279 177.886017
0.563084 209.423141
0.568889 227.481354
0.574694 217.365753
0.580499 111.220818
0.586304 113.926819
0.592109 116.828560
0.597914 119.333275
0.603719 82.296349
0.609524 81.193619
0.615329 80.707481
0.621134 79.532730
0.626939 118.821739
0.632744 234.215012
0.638549 230.153061
0.644354 225.521957
0.650159 223.511215
0.655964 222.454422
0.661769 222.168381
0.667574 222.343796
0.673379 222.273804
0.679184 221.873352
0.684989 221.590561
0.690794 221.367966
0.696599 220.066055
0.702404 216.702667
0.708209 214.426254
0.714014 210.470062
0.719819 207.179535
0.725624 194.914932
0.731429 188.409744
0.737234 183.483795
0.743039 182.619339
0.748844 181.956207
0.754649 181.772034
0.760454 182.463303
0.766258 183.039917
0.772063 183.275253
0.777869 188.457047
0.783673 189.203690
0.789478 191.518753
0.795283 191.876160
0.801088 191.913559
0.806893 191.940643
0.812698 192.024307
0.818503 192.412125
0.824308 192.932510
0.830113 192.858215
0.835918 192.741425
0.841723 192.569977
0.847528 191.806656
0.853333 191.833496
0.859138 193.471207
0.864943 195.923782
0.870748 197.822754
0.876553 199.291611
0.882358 200.035904
0.888163 199.912796
0.893968 199.129288
0.899773 198.061371
0.905578 196.952530
0.911383 195.679886
0.917188 194.008636
0.922993 192.378494
0.928798 189.892792
0.934603 188.884033
0.940408 188.573517
0.946213 188.509247
0.952018 188.841003
0.957823 189.914352
0.963628 190.968353
0.969433 192.842010
0.975238 194.487427
0.981043 196.271729
0.986848 201.019775
0.992653 201.295486
0.998458 201.610672
1.004263 201.919144
1.010068 201.822983
1.015873 200.290207
1.021678 198.135361
1.027483 196.130692
1.033288 193.955765
1.039093 191.431915
1.044898 188.544083
1.050703 185.422791
1.056508 183.214722
1.062313 182.204300
1.068118 181.687485
1.073923 181.971237
1.079728 120.920044
1.085533 122.224800
1.091338 183.577927
1.097143 186.400986
1.102948 189.872772
1.108753 194.596466
1.114558 197.810760
1.120363 199.515045
1.126168 200.520889
1.131973 200.917160
1.137778 200.845627
1.143583 197.956024
1.149388 196.297729
1.155193 194.878998
1.160998 192.674133
1.166803 190.964600
1.172608 190.037750
1.178413 189.181000
1.184218 188.727463
1.190023 189.030899
1.195828 190.088806
1.201633 191.630646
1.207438 193.231552
1.213243 194.656830
1.219048 196.146545
1.224853 197.255524
1.230658 197.805222
1.236463 197.921570
1.242268 197.735245
1.248073 197.097855
1.253878 195.792114
1.259683 194.553497
1.265488 193.197952
1.271293 191.018005
1.277097 187.759171
1.282902 187.354416
1.288707 189.511993
1.294513 343.288605
1.300317 248.802628
1.306122 196.951996
1.311927 195.896164
1.317732 193.291122
1.323537 193.539551
1.329342 193.539902
1.335147 192.672424
1.340952 181.452469
1.346757 181.774307
1.352562 175.844727
1.358367 181.380264
1.364172 170.166611
1.369977 170.127609
1.375782 170.058624
1.381587 165.140472
1.387392 166.077698
1.393197 166.367538
1.399002 166.679886
1.404807 167.572006
1.410612 168.282257
1.416417 168.536362
1.422222 168.586121
1.428027 168.416443
1.433832 168.168182
1.439637 167.801910
1.445442 164.595322
1.451247 164.467026
1.457052 164.735855
1.462857 164.894058
1.468662 164.943970
1.474467 165.248779
1.480272 166.067596
1.486077 166.975891
1.491882 168.023010
1.497687 201.318909
1.503492 188.609009
1.509297 97.327904
1.515102 291.914398
1.520907 240.677170
1.526712 240.827667
1.532517 276.586884
1.538322 276.814026
1.544127 276.354004
1.549932 241.676453
1.555737 272.210327
1.561542 271.538879
1.567347 271.216461
1.573152 264.839874
1.578957 265.915955
1.584762 289.681946
1.590567 289.776093
1.596372 289.652863
1.602177 289.923706
1.607982 271.212585
1.613787 273.333252
1.619592 274.597931
1.625397 276.089508
1.631202 291.148254
1.637007 288.353241
1.642812 262.513672
1.648617 243.484802
1.654422 243.847229
1.660227 243.788467
1.666032 278.571625
1.671837 277.920685
1.677642 221.556641
1.683447 271.867523
1.689252 253.452942
1.695057 253.827744
1.700862 259.016022
1.706667 259.033752
1.712472 259.110718
1.718277 259.163757
1.724082 259.166351
1.729887 259.207764
1.735692 259.346466
1.741497 259.415863
1.747302 265.274323
1.753107 259.123749
1.758912 259.162415
1.764717 259.367218
1.770522 265.312622
1.776327 259.433746
1.782132 259.468140
1.787936 265.219696
1.793741 265.352509
1.799546 265.519257
1.805351 265.663544
1.811157 265.492554
1.816961 264.110260
1.822766 260.554657
1.828571 259.185425
1.834376 257.213806
1.840181 131.814926
1.845986 156.382660
1.851791 113.392838
1.857596 108.968658
1.863401 96.184601
1.869206 93.194672
1.875011 86.822601
1.880816 84.732910
1.886621 2818.966309
1.892426 222.912369
1.898231 2552.458252
1.904036 2506.889160
1.909841 2488.335693
1.915646 2479.495117
1.921451 2469.765137
1.927256 2454.401611
1.933061 2433.466553
1.938866 2409.274902
1.944671 2398.706299
1.950476 222.058548
1.956281 220.693787
1.962086 219.626816
1.967891 2571.118896
1.973696 2571.439209
1.979501 238.928726
1.985306 239.065353
1.991111 239.279556
1.996916 239.350494
2.002721 218.942337
2.008526 218.931595
2.014331 218.831711
2.020136 201.979233
2.025941 0.000000
2.031746 121.460205
2.037551 116.695602
2.043356 110.078506
2.049161 92.577629
2.054966 88.391922
2.060771 85.755745
2.066576 83.525154
2.072381 87.623329
2.078186 87.578697
2.083991 87.465416
2.089796 87.301376
2.095601 86.214676
2.101406 81.476906
2.107211 130.531952
2.113016 130.343994
2.118821 129.384720
2.124626 128.007660
2.130431 104.311760
2.136236 65.785393
2.142041 255.923721
2.147846 257.720459
2.153651 65.132545
2.159456 65.421928
2.165261 65.387741
2.171066 65.321777
2.176871 65.384232
2.182676 65.444817
2.188481 65.383080
2.194286 65.228180
2.200091 65.257713
2.205896 65.435188
2.211701 65.991524
2.217506 66.009186
2.223311 65.033356
2.229116 65.037041
2.234921 64.477531
2.240726 65.635078
2.246531 262.424408
2.252336 261.504120
2.258141 65.309738
2.263946 66.206520
2.269751 66.197739
2.275556 65.918739
2.281361 65.410522
2.287166 65.306137
2.292970 65.222481
2.298775 257.896637
2.304580 257.185150
2.310385 257.735596
2.316190 65.859848
2.321995 258.998535
2.327801 258.541321
2.333606 258.475098
2.339411 258.030396
2.345215 270.936920
2.351020 252.766937
2.356825 253.116196
2.362630 254.033768
2.368435 261.481018
2.374240 260.999634
2.380045 130.990051
2.385850 323.936188
2.391655 322.891296
2.397460 269.731354
2.403265 126.931129
2.409070 126.885147
2.414875 131.991257
2.420680 132.037430
2.426485 264.561920
2.432290 269.872223
2.438095 270.126434
2.443900 85.827499
2.449705 87.367325
2.455510 132.049026
2.461315 132.051208
2.467120 87.204308
2.472925 87.196762
2.478730 87.182487
2.484535 86.667488
2.490340 132.070618
2.496145 87.212502
2.501950 87.186600
2.507755 131.914719
2.513560 131.997833
2.519365 135.886597
2.525170 1543.100708
2.530975 1560.653809
2.536780 1606.446777
2.542585 218.481766
2.548390 196.759979
2.554195 199.136902
2.560000 197.187851
2.565805 196.038483
2.571610 196.153076
2.577415 197.071457
2.583220 188.339600
2.589025 187.988556
2.594830 187.739975
2.600635 88.950729
2.606440 89.057327
2.612245 88.422134
2.618050 90.053101
2.623855 192.410492
2.629660 192.080505
2.635465 192.049454
2.641270 193.685013
2.647075 196.793488
2.652880 197.783340
2.658685 197.911545
2.664490 197.445801
2.670295 196.401016
2.676100 195.091400
2.681905 194.157684
2.687710 193.787521
2.693515 194.069885
2.699320 195.512299
2.705125 198.320984
2.710930 202.586563
2.716735 205.475967
2.722540 207.766083
2.728345 212.695084
2.734150 218.683365
2.739955 219.405136
2.745760 219.258392
2.751565 219.183762
2.757370 198.496323
2.763175 168.111633
2.768980 175.047607
2.774785 175.697388
2.780590 175.823761
2.786395 231.418808
2.792200 230.641754
2.798005 226.560867
2.803810 223.364182
2.809614 221.712173
2.815419 220.226807
2.821224 219.621078
2.827029 219.557999
2.832834 219.718018
2.838639 219.936127
2.844445 220.194519
2.850250 221.016068
2.856054 222.339813
2.861859 222.530838
2.867664 221.281464
2.873469 220.329437
2.879274 218.924225
2.885079 214.217041
2.890884 211.182510
2.896689 207.949951
2.902494 203.349152
2.908299 199.757721
2.914104 196.994263
2.919909 194.491882
2.925714 193.772797
2.931519 193.891403
2.937324 194.093338
2.943129 194.295837
2.948934 194.743729
2.954739 195.530945
2.960544 196.308380
2.966349 197.298355
2.972154 198.240341
2.977959 197.738037
2.983764 196.425171
2.989569 194.856689
2.995374 6142.966309
3.001179 6149.541504
3.006984 6224.098145
3.012789 6300.709473
3.018594 6352.925293
3.024399 6415.286133
3.030204 6558.409668
3.036009 6865.828613
3.041814 7246.606445
3.047619 7534.907227
3.053424 130.884796
3.059229 130.848236
3.065034 130.877777
3.070839 131.326202
3.076644 131.383850
3.082449 131.199890
3.088254 130.697739
3.094059 132.876907
3.099864 482.145355
3.105669 480.594635
3.111474 478.400208
3.117279 460.706573
3.123084 223.556015
3.128889 227.481384
3.134694 227.488724
3.140499 227.231506
3.146304 225.788528
3.152109 221.389221
3.157914 220.820847
3.163719 220.027893
3.169524 219.702637
3.175329 219.797760
3.181134 220.032669
3.186939 220.101532
3.192744 220.010223
3.198549 220.182480
3.204354 220.697739
3.210159 221.137924
3.215964 221.412231
3.221769 221.593033
3.227574 221.607925
3.233379 221.424347
3.239184 221.229416
3.244989 221.098892
3.250794 220.888794
3.256599 220.594345
3.262404 220.260971
3.268209 219.904419
3.274014 219.612091
3.279819 219.493454
3.285624 219.481705
3.291429 219.411285
3.297234 219.331818
3.303039 109.880554
3.308844 109.948860
3.314649 110.082390
3.320453 110.232002
3.326258 110.312462
3.332063 73.573700
3.337868 220.212845
3.343673 220.030411
3.349478 219.946198
3.355283 219.878754
3.361089 219.774872
3.366894 219.685699
3.372698 219.701202
3.378503 219.844177
3.384308 220.045731
3.390113 220.226578
3.395918 220.423874
3.401723 110.291451
3.407528 110.368103
3.413333 110.376442
3.419138 110.328835
3.424943 110.243660
3.430748 110.117622
3.436553 109.942070
3.442358 109.822807
3.448163 112.233009
3.453968 112.489464
3.459773 112.481705
3.465578 224.776520
3.471383 155.063812
3.477188 146.364456
3.482993 123.246399
3.488798 114.653160
3.494603 114.300186
3.500408 113.807610
3.506213 75.504433
3.512018 113.160042
3.517823 112.010063
3.523628 111.435783
3.529433 152.084442
3.535238 219.328110
3.541043 109.439621
3.546848 109.358932
3.552653 109.650726
3.558458 110.105667
3.564263 110.279922
3.570068 110.262505
3.575873 110.122223
3.581678 108.732155
3.587483 72.159149
3.593288 72.217201
3.599093 62.001190
3.604898 62.004128
3.610703 62.036198
3.616508 59.752121
3.622313 59.121929
3.628118 5121.466797
3.633923 4863.506348
3.639728 97.770332
3.645533 192.097046
3.651338 196.138336
3.657143 189.267395
3.662948 188.836075
3.668753 188.827988
3.674558 199.529251
3.680363 199.694321
3.686168 195.988113
3.691973 195.803452
3.697778 195.788834
3.703583 202.106110
3.709388 202.032715
3.715193 201.159409
3.720998 200.138870
3.726803 198.519302
3.732608 197.429977
3.738413 196.147781
3.744218 194.648697
3.750023 193.629776
3.755828 193.959030
3.761633 194.968765
3.767438 195.816940
3.773243 196.229965
3.779048 196.332367
3.784853 196.263870
3.790658 195.479675
3.796463 194.291000
3.802268 193.299896
3.808073 192.701492
3.813878 192.133698
3.819683 191.299637
3.825488 190.660324
3.831293 195.594574
3.837097 190.742355
3.842902 210.735703
3.848707 200.045181
3.854512 200.207458
3.860317 200.285416
3.866122 200.366837
3.871927 202.619461
3.877733 203.163086
3.883538 196.173950
3.889342 196.368759
3.895147 196.929825
3.900952 198.121429
3.906757 198.697418
3.912562 197.464890
3.918367 195.889404
3.924172 194.706223
3.929977 193.865768
3.935782 193.272705
3.941587 192.890579
3.947392 192.384232
3.953197 191.729950
3.959002 191.596085
3.964807 194.048569
3.970612 204.246475
3.976417 210.049347
3.982222 211.325119
3.988027 219.296219
3.993832 222.848083
3.999637 226.941376
4.005442 227.913116
4.011247 228.423203
4.017052 228.373047
4.022857 227.981598
4.028662 223.959076
4.034467 223.041611
4.040272 221.663925
4.046077 220.806946
4.051882 220.819092
4.057687 147.595551
4.063492 111.316689
4.069297 248.467239
4.075102 250.480682
4.080907 266.257812
4.086712 269.980530
4.092517 272.692078
4.098322 274.322144
4.104127 250.702744
4.109932 251.767136
4.115737 252.089859
4.121542 252.404861
4.127347 278.745697
4.133152 280.670593
4.138957 74.392609
4.144762 290.010925
4.150567 148.255264
4.156372 148.087234
4.162177 285.975739
4.167982 285.794678
4.173787 73.988663
4.179592 143.687317
4.185397 272.451385
4.191202 271.628967
4.197007 270.809418
4.202812 178.674164
4.208617 178.598801
4.214422 162.530197
4.220227 152.621231
4.226032 223.891891
4.231837 223.999100
4.237642 224.038528
4.243447 223.610580
4.249252 221.567245
4.255057 220.505371
4.260862 219.790207
4.266667 219.522736
4.272471 219.777374
4.278276 220.392044
4.284081 220.928024
4.289886 221.727173
4.295691 222.883911
4.301497 223.705917
4.307302 224.438660
4.313107 226.054642
4.318912 228.835510
4.324717 232.080276
4.330522 235.670517
4.336327 239.909073
4.342132 242.520370
4.347937 244.172440
4.353742 245.440659
4.359547 246.531601
4.365352 247.358093
4.371157 247.869522
4.376961 248.342224
4.382766 248.956589
4.388571 249.361862
4.394376 249.382065
4.400181 249.081024
4.405986 248.536697
4.411791 247.949524
4.417596 247.859421
4.423401 248.067917
4.429206 248.384003
4.435011 248.737701
4.440816 248.616806
4.446621 247.683533
4.452426 245.844025
4.458231 243.922760
4.464036 242.360092
4.469841 240.307449
4.475646 236.446075
4.481451 231.328400
4.487256 227.977600
4.493061 226.373520
4.498866 224.999069
4.504671 224.115967
4.510476 223.587479
4.516281 223.117737
4.522086 222.870224
4.527891 222.833679
4.533696 222.842484
4.539501 222.812653
4.545306 223.070236
4.551111 223.476120
4.556916 109.621803
4.562721 223.364975
4.568526 222.418793
4.574331 220.389587
4.580136 219.157089
4.585941 218.985977
4.591746 219.160049
4.597551 162.874390
4.603356 214.602234
4.609161 214.143936
4.614966 97.993484
4.620771 98.010666
4.626576 59.198071
4.632381 59.209686
4.638186 74.078827
4.643991 293.068970
4.649796 293.410370
4.655601 73.600029
4.661406 73.980743
4.667211 73.986740
4.673016 73.607681
4.678821 73.562141
4.684626 73.526405
4.690431 73.490356
4.696236 294.181335
4.702041 295.821777
4.707846 295.398956
4.713651 295.075745
4.719456 73.481789
4.725261 73.720764
4.731066 147.364227
4.736871 147.573975
4.742676 147.750839
4.748481 99.520065
4.754286 99.481995
4.760091 98.542503
4.765896 114.256142
4.771701 229.334122
4.777506 230.053329
4.783311 230.148727
4.789115 229.661621
4.794920 228.365829
4.800725 113.541191
4.806530 112.946602
4.812335 224.193176
4.818141 223.514740
4.823946 223.094589
4.829751 222.740067
4.835556 222.667923
4.841361 223.928360
4.847166 225.135208
4.852971 225.448685
4.858776 225.538010
4.864581 225.331146
4.870386 224.680222
4.876191 224.077759
4.881996 97.658165
4.887800 97.650879
4.893605 73.653557
4.899410 73.797058
4.905215 190.919952
4.911020 192.602615
4.916825 192.579102
4.922630 138.714386
4.928435 138.685440
4.934240 118.450806
4.940045 79.513420
4.945850 78.944099
4.951655 78.024155
4.957460 231.165588
4.963265 226.496063
4.969070 224.459045
4.974875 222.833435
4.980680 221.771149
4.986485 221.349640
4.992290 221.391556
4.998095 221.627945
5.003900 222.024109
5.009705 222.550415
5.015510 222.871353
5.021315 222.756821
5.027120 222.207413
5.032925 221.045410
5.038730 219.914871
5.044535 211.698914
5.050340 7170.812988
5.056145 7307.606445
5.061950 184.594284
5.067755 184.755280
5.073560 184.537094
5.079365 181.786987
5.085170 178.139313
5.090975 178.274460
5.096780 178.078903
5.102585 182.934540
5.108390 183.059448
5.114195 183.230606
5.120000 183.443588
5.125805 214.283768
5.131610 213.832184
5.137415 205.949921
5.143220 203.031067
5.149025 189.272690
5.154830 187.494751
5.160635 187.256561
5.166440 186.248047
5.172245 183.941208
5.178050 181.891083
5.183855 180.520599
5.189660 178.967636
5.195465 176.199814
5.201270 175.489075
5.207075 176.824646
5.212880 183.264755
5.218685 189.910034
5.224490 195.762863
5.230295 196.971359
5.236100 197.663498
5.241905 197.474243
5.247710 196.553879
5.253515 195.112366
5.259320 193.817963
5.265125 191.024780
5.270930 189.734558
5.276735 189.457047
5.282540 189.924286
5.288345 187.615051
5.294150 187.410294
5.299954 187.273911
5.305759 187.097366
5.311564 187.010040
5.317369 187.407104
5.323174 187.924789
5.328979 194.457153
5.334785 194.911362
5.340590 195.228622
5.346395 197.464767
5.352200 197.733734
5.358005 194.490417
5.363810 194.264481
5.369615 193.849106
5.375420 183.232056
5.381225 189.501282
5.387030 197.470123
5.392835 4060.650635
5.398640 361.504181
5.404444 4567.531738
5.410249 4315.547363
5.416054 4106.553711
5.421859 3973.523193
5.427664 3854.361328
5.433469 3801.571777
5.439274 3827.741699
5.445079 3913.210205
5.450884 3916.584473
5.456689 3690.188721
5.462494 3506.725098
5.468299 3482.662354
5.474104 3547.715576
5.479909 3602.251709
5.485714 3583.184326
5.491519 215.358490
5.497324 218.032059
5.503129 218.222321
5.508934 209.028336
5.514739 207.465958
5.520544 206.397812
5.526349 206.110184
5.532154 200.640930
5.537959 198.643280
5.543764 197.263580
5.549569 197.065628
5.555374 197.172638
5.561179 197.667084
5.566984 198.627487
5.572789 199.467545
5.578594 199.643234
5.584399 199.216736
5.590204 198.420242
5.596009 197.822220
5.601814 198.004120
5.607619 199.157288
5.613424 247.263367
5.619229 248.124008
5.625034 246.969116
5.630839 344.970917
5.636644 344.173920
5.642449 246.344696
5.648254 177.516907
5.654059 176.004547
5.659864 172.404068
5.665669 172.032578
5.671474 171.546356
5.677279 171.066772
5.683084 170.828247
5.688889 170.600494
5.694694 163.625854
5.700499 162.576370
5.706304 162.608139
5.712109 159.444962
5.717914 159.355499
5.723719 159.686127
5.729524 163.587646
5.735329 162.571167
5.741134 162.262451
5.746939 167.745758
5.752744 168.068634
5.758549 170.943680
5.764354 172.451187
5.770159 184.292252
5.775964 192.386078
5.781769 193.293457
5.787574 193.583893
5.793379 192.886887
5.799184 190.362686
5.804989 170.509628
5.810794 83.548477
5.816598 83.552155
5.822403 83.359955
5.828208 168.709198
5.834013 183.643417
5.839818 183.673935
5.845623 194.980759
5.851429 201.284409
5.857234 208.770660
5.863039 216.105087
5.868844 220.425735
5.874649 223.265976
5.880454 224.376724
5.886259 224.055237
5.892064 223.310547
5.897869 222.665192
5.903674 222.193008
5.909479 221.826874
5.915284 221.359604
5.921088 220.675751
5.926893 220.099976
5.932698 219.967484
5.938503 220.202072
5.944308 220.460205
5.950113 220.639999
5.955918 220.760574
5.961723 220.811432
5.967528 220.847214
5.973333 220.970154
5.979138 221.272308
5.984943 221.392624
5.990748 220.440460
5.996553 217.599579
6.002358 217.410370
6.008163 217.657486
6.013968 219.951324
6.019773 219.948196
6.025578 219.321838
6.031383 218.893402
6.037188 218.704117
6.042993 218.794220
6.048798 218.973999
6.054603 219.199387
6.060408 219.568893
6.066213 220.055130
6.072018 220.491592
6.077823 220.870453
6.083628 221.138687
6.089433 221.216324
6.095238 221.161713
6.101043 221.054184
6.106848 220.903809
6.112653 220.731644
6.118458 220.590576
6.124263 220.364471
6.130068 219.957138
6.135873 219.489716
6.141678 219.086731
6.147483 218.669556
6.153288 218.293335
6.159093 218.205109
6.164898 218.466721
6.170703 218.646561
6.176508 218.506302
6.182313 219.378189
6.188118 112.435600
6.193923 112.582863
6.199728 109.087097
6.205533 109.513817
6.211338 110.216782
6.217143 74.613510
6.222948 224.199310
6.228753 224.355301
6.234558 224.276474
6.240363 223.703674
6.246168 221.848953
6.251973 218.757675
6.257778 217.204224
6.263583 216.662003
6.269388 84.131050
6.275193 84.143303
6.280998 82.655121
6.286803 82.511810
6.292608 5146.941895
6.298413 5157.598145
6.304218 5256.885742
6.310023 5391.792969
6.315828 5553.380371
6.321633 5713.340820
6.327438 5801.235352
6.333242 5804.745605
6.339047 5823.799805
6.344852 5972.049316
6.350657 6174.123535
6.356462 6264.251465
6.362267 141.274826
6.368073 141.155884
6.373878 135.787292
6.379683 108.255150
6.385488 108.362999
6.391293 80.800186
6.397098 78.291542
6.402903 2589.955566
6.408708 241.366821
6.414513 238.516357
6.420318 235.603760
6.426123 230.161087
6.431927 226.704147
6.437732 224.697464
6.443537 223.379669
6.449342 447.136749
6.455147 447.092194
6.460952 221.478363
6.466757 222.742432
6.472562 223.866867
6.478367 224.559006
6.484172 224.891602
6.489977 224.705368
6.495782 449.345093
6.501587 222.038300
6.507392 218.568863
6.513197 216.553253
6.519002 214.151779
6.524807 209.351852
6.530612 203.926514
6.536417 201.239243
6.542222 196.565796
6.548027 196.133987
6.553832 196.055283
6.559637 196.079483
6.565442 196.183014
6.571247 195.967453
6.577052 195.930374
6.582857 196.191956
6.588662 196.889877
6.594467 197.537994
6.600272 197.723801
6.606077 197.864944
6.611882 198.004120
6.617687 197.938156
6.623492 196.703323
6.629297 196.348587
6.635102 196.336243
6.640907 195.034744
6.646712 193.726776
6.652517 195.163254
6.658322 199.522446
6.664127 202.773987
6.669932 204.193771
6.675737 204.655121
6.681542 203.907135
6.687347 202.149826
6.693152 200.513977
6.698957 199.054230
6.704762 197.456192
6.710567 195.800262
6.716372 194.825241
6.722177 191.983978
6.727982 191.319687
6.733787 209.927872
6.739592 209.987732
6.745397 209.543045
6.751202 200.761124
6.757007 201.167282
6.762812 201.782104
6.768617 204.257538
6.774422 205.468796
6.780227 205.557663
6.786032 205.812698
6.791837 206.203247
6.797642 206.158386
6.803447 204.884521
6.809252 201.895920
6.815057 199.654068
6.820862 198.231476
6.826667 197.069458
6.832472 196.054718
6.838277 195.435684
6.844081 195.242172
6.849886 195.452301
6.855691 196.051407
6.861496 196.790176
6.867301 197.783844
6.873106 199.139984
6.878911 200.850174
6.884717 201.802429
6.890522 201.591812
6.896327 200.669052
6.902132 199.162643
6.907937 195.852417
6.913742 194.372009
6.919547 193.870163
6.925352 193.085510
6.931157 191.356247
6.936962 190.024017
6.942767 189.440063
6.948571 189.744568
6.954376 190.682129
6.960181 192.731094
6.965986 196.765320
6.971791 200.169708
6.977596 201.612457
6.983401 202.453262
6.989206 202.889526
6.995011 202.732773
7.000816 201.733948
7.006621 192.851013
7.012426 186.586136
7.018231 186.116348
7.024036 185.483536
7.029841 184.947540
7.035646 184.773590
7.041451 184.873276
7.047256 185.062653
7.053061 185.237289
7.058866 185.234924
7.064671 184.997055
7.070476 182.992172
7.076281 370.379120
7.082086 273.548950
7.087891 273.473389
7.093696 0.000000
7.099501 159.731339
7.105306 160.222641
7.111111 169.123550
7.116916 223.780243
7.122721 223.705505
7.128526 223.217102
7.134331 222.889374
7.140136 222.763306
7.145941 222.613174
7.151746 222.068848
7.157551 221.486008
7.163356 221.578156
7.169161 222.142441
7.174966 223.069962
7.180771 224.949280
7.186576 228.601227
7.192381 233.648331
7.198186 238.259842
7.203991 242.584900
7.209796 246.057892
7.215601 248.505630
7.221406 249.640381
7.227211 249.984833
7.233016 249.879028
7.238821 249.327271
7.244626 248.298386
7.250431 247.063370
7.256236 245.894913
7.262041 244.772644
7.267846 243.791260
7.273651 243.273651
7.279456 243.243851
7.285261 243.587265
7.291066 244.223221
7.296871 245.038071
7.302676 245.733612
7.308481 246.194550
7.314286 246.287506
7.320091 245.938675
7.325896 245.192032
7.331701 244.280014
7.337506 98.724373
7.343311 98.294975
7.349116 196.311813
7.354921 98.470940
7.360725 98.311409
7.366530 195.052414
7.372335 196.164001
7.378140 196.814850
7.383945 98.255226
7.389750 98.596924
7.395555 195.731689
7.401361 195.752899
7.407166 196.674469
7.412971 198.484299
7.418776 198.833878
7.424581 199.241058
7.430386 199.732178
7.436191 200.257294
7.441996 209.157791
7.447801 208.922577
7.453606 220.164536
7.459411 220.306046
7.465215 135.658478
7.471020 132.512955
7.476825 253.960312
7.482630 258.778229
7.488435 258.824280
7.494240 258.908752
7.500045 259.060547
7.505850 265.033234
7.511655 264.937866
7.517460 264.969452
7.523265 0.000000
7.529070 259.075256
7.534875 238.078049
7.540680 238.103928
7.546485 238.433716
7.552290 265.721375
7.558095 265.727478
7.563900 265.527863
7.569705 265.352783
7.575510 259.298798
7.581315 87.758087
7.587120 65.219246
7.592925 65.223770
7.598730 65.230087
7.604535 65.950653
7.610340 65.950439
7.616145 65.212669
7.621950 248.580475
7.627755 127.057022
7.633560 3381.947510
7.639365 3381.269531
7.645170 3411.151367
7.650975 3474.714600
7.656780 3554.754883
7.662585 229.829407
7.668390 230.295502
7.674195 229.897354
7.680000 228.807022
7.685805 226.774292
7.691610 224.855637
7.697415 223.041565
7.703220 217.129532
7.709025 215.664124
7.714830 215.049133
7.720635 209.598221
7.726440 209.749115
7.732245 210.238708
7.738050 211.837921
7.743855 220.792404
7.749660 234.316986
7.755465 242.449783
7.761270 248.111603
7.767075 253.248138
7.772880 247.813919
7.778685 243.303970
7.784490 62.443283
7.790295 87.071396
7.796100 43.589012
7.801905 208.723572
7.807710 176.168900
7.813515 124.816879
7.819320 119.160225
7.825125 119.268333
7.830930 97.488609
7.836735 96.109070
7.842540 80.756248
7.848345 80.714478
7.854150 241.238541
7.859955 236.813385
7.865760 234.426804
7.871564 232.194748
7.877369 226.493042
7.883174 223.379120
7.888979 222.619049
7.894784 222.496750
7.900589 222.811295
7.906394 223.474686
7.912199 112.016823
7.918005 224.995956
7.923810 225.029968
7.929615 224.081207
7.935420 110.758881
7.941225 133.277252
7.947030 65.702499
7.952835 65.471085
7.958640 65.462715
7.964445 65.505104
7.970250 261.966064
7.976054 261.275269
7.981859 5674.173828
7.987664 6070.123047
7.993469 6444.778320
7.999274 65.649689
8.005079 201.119431
8.010884 195.382095
8.016689 195.373795
8.022494 195.570847
8.028299 196.080566
8.034104 196.762955
8.039909 197.296082
8.045714 197.279358
8.051519 196.663742
8.057324 195.792831
8.063129 196.232559
8.068934 198.348999
8.074739 199.427429
8.080544 199.420593
8.086349 199.028366
8.092155 198.432724
8.097960 197.691711
8.103765 197.157639
8.109570 196.850250
8.115375 196.495819
8.121180 195.677139
8.126985 194.885330
8.132789 194.502655
8.138594 194.185867
8.144399 193.785599
8.150204 193.394684
8.156009 192.775513
8.161814 191.526337
8.167619 190.919907
8.173424 190.721466
8.179229 189.907700
8.185034 187.998077
8.190839 187.890381
8.196644 187.771622
8.202449 197.321564
8.208254 195.124054
8.214059 195.492615
8.219864 196.666245
8.225669 203.923233
8.231474 204.114456
8.237279 203.639435
8.243084 203.530411
8.248889 203.635223
8.254694 203.433105
8.260499 202.602417
8.266304 197.342468
8.272109 195.197571
8.277914 194.588654
8.283719 132.022690
8.289524 132.232330
8.295329 132.504532
8.301134 132.400589
8.306939 130.479706
8.312744 131.503876
8.318549 86.745964
8.324354 184.849915
8.330159 184.707123
8.335963 184.484741
8.341768 0.000000
8.347573 191.814896
8.353378 202.039032
8.359183 201.515991
8.364988 201.144730
8.370793 200.855881
8.376598 205.749893
8.382403 204.963867
8.388208 192.541489
8.394013 88.635437
8.399818 253.979584
8.405623 255.217300
8.411428 257.672241
8.417233 261.921021
8.423038 265.389282
8.428843 264.922913
8.434649 263.305908
8.440454 262.011780
8.446259 261.452240
8.452064 261.851929
8.457869 262.622070
8.463674 131.146393
8.469479 130.836853
8.475284 130.926804
8.481089 268.404602
8.486894 4154.704590
8.492699 4013.728027
8.498504 4082.075684
8.504309 5787.373535
8.510114 4781.235352
8.515919 4865.694336
8.521724 0.000000
8.527529 248.318741
8.533334 248.036469
8.539139 194.615173
8.544943 177.707581
8.550748 171.540421
8.556553 171.019470
8.562358 170.642456
8.568163 175.947571
8.573968 175.884674
8.579773 175.742584
8.585578 163.948761
8.591383 163.559875
8.597188 163.680145
8.602993 164.182556
8.608798 164.716446
8.614603 165.045486
8.620408 165.176407
8.626213 171.220200
8.632018 192.464569
8.637823 204.374237
8.643628 203.970291
8.649433 130.599197
8.655238 196.907227
8.661043 98.725639
8.666848 210.008026
8.672653 208.399078
8.678458 197.433334
8.684263 197.338608
8.690068 197.239441
8.695873 197.210510
8.701678 197.218857
8.707483 197.055756
8.713288 196.472198
8.719093 249.879944
8.724898 249.970795
8.730703 127.230949
8.736508 130.131271
8.742313 259.411224
8.748117 239.799530
8.753922 222.728378
8.759727 222.431610
8.765532 223.018646
8.771338 223.812531
8.777143 223.971573
8.782948 223.441376
8.788753 222.474716
8.794558 221.515793
8.800363 220.809784
8.806168 220.215714
8.811973 219.513367
8.817778 218.837662
8.823583 218.404495
8.829388 218.214417
8.835193 218.115372
8.840998 218.082504
8.846803 218.199478
8.852608 218.439590
8.858413 218.712448
8.864218 218.966522
8.870023 219.205765
8.875828 219.511963
8.881633 220.145676
8.887438 221.351562
8.893243 222.067322
8.899048 165.206726
8.904853 220.920837
8.910658 220.380920
8.916463 219.738174
8.922268 219.473679
8.928073 219.599594
8.933878 219.814926
8.939683 219.774551
8.945488 219.453613
8.951293 218.947495
8.957097 218.414261
8.962902 218.126480
8.968707 217.854782
8.974512 217.435287
8.980317 217.042801
8.986122 216.883087
8.991927 216.917282
8.997732 217.004501
9.003537 217.144730
9.009342 217.428680
9.015147 217.826035
9.020952 218.275055
9.026757 218.910065
9.032562 219.768753
9.038367 220.385834
9.044172 220.229095
9.049977 218.966965
9.055782 217.022522
9.061587 63.965534
9.067392 203.295364
9.073197 178.681030
9.079002 169.810013
9.084807 118.763718
9.090612 108.754539
9.096417 108.354645
9.102222 111.637894
9.108027 88.465576
9.113832 225.719177
9.119637 225.068756
9.125443 224.155624
9.131248 223.179108
9.137053 222.193741
9.142858 221.543747
9.148663 222.012390
9.154468 52.207619
9.160272 87.363091
9.166077 87.188385
9.171882 195.846817
9.177687 65.371307
9.183492 65.496078
9.189297 65.494507
9.195102 65.424881
9.200907 65.221550
9.206712 64.892502
9.212517 65.002274
9.218322 65.471527
9.224127 66.251045
9.229932 66.644417
9.235737 66.363205
9.241542 231.250381
9.247347 209.029861
9.253152 200.709015
9.258957 191.397263
9.264762 126.092751
9.270567 115.461014
9.276372 99.879044
9.282177 78.401520
9.287982 78.433823
9.293787 117.217354
9.299592 232.440994
9.305397 229.504608
9.311202 225.818558
9.317007 222.288254
9.322812 219.541672
9.328617 217.462494
9.334422 216.358932
9.340227 215.826447
9.346032 216.049042
9.351837 216.908218
9.357642 218.092239
9.363446 219.575256
9.369251 221.013199
9.375056 221.792953
9.380861 221.897064
9.386666 221.564224
9.392471 220.568497
9.398276 72.871719
9.404081 72.097168
9.409886 71.503075
9.415691 69.536034
9.421496 201.827866
9.427301 200.272476
9.433106 198.357697
9.438911 197.254486
9.444716 197.014343
9.450521 196.533951
9.456326 97.653526
9.462132 97.611794
9.467937 5294.916016
9.473742 5328.881836
9.479547 5388.712402
9.485352 5464.148438
9.491157 73.803833
9.496962 72.929100
9.502767 73.087578
9.508572 73.275436
9.514377 73.336189
9.520182 6933.701172
9.525987 6774.419434
9.531792 6497.792480
9.537597 6192.328125
9.543402 6072.154785
9.549207 6041.222656
9.555012 5993.403320
9.560817 199.573654
9.566622 200.222305
9.572426 201.171021
9.578231 201.456100
9.584036 201.551315
9.589841 201.222412
9.595646 200.345779
9.601451 199.286087
9.607256 198.320343
9.613061 194.151245
9.618866 192.554871
9.624671 192.052612
9.630476 191.665543
9.636281 187.414307
9.642086 187.683746
9.647891 188.667923
9.653696 187.699966
9.659501 187.712769
9.665306 189.437515
9.671111 190.248428
9.676916 191.587540
9.682721 194.751770
9.688526 196.087601
9.694331 198.479797
9.700136 199.853394
9.705941 199.182709
9.711746 197.591171
9.717551 194.668564
9.723356 192.238495
9.729161 189.104431
9.734966 188.918091
9.740771 189.145981
9.746576 145.027359
9.752381 128.123962
9.758186 128.200729
9.763991 128.330078
9.769796 123.444450
9.775600 117.499237
9.781405 9549.269531
9.787210 9551.045898
9.793015 296.445923
9.798820 296.134155
9.804626 295.607513
9.810431 142.517929
9.816236 141.644272
9.822041 141.563141
9.827846 98.817154
9.833651 98.988441
9.839456 197.900650
9.845261 197.759521
9.851066 98.640030
9.856871 98.183548
9.862676 194.941666
9.868481 194.034958
9.874286 192.874588
9.880091 191.718918
9.885896 190.870361
9.891701 189.559326
9.897506 187.829178
9.903311 186.967758
9.909116 73.585701
9.914921 73.622894
9.920726 187.757584
9.926531 188.186646
9.932336 188.353561
9.938141 188.002304
9.943946 187.885727
9.949751 189.846863
9.955556 579.427002
9.961361 74.305763
9.967166 74.525330
9.972971 0.000000
9.978776 197.817841
9.984580 197.742828
9.990385 164.533127
9.996190 162.490280
10.001995 170.593765
10.007800 223.405594
10.013605 225.024017
10.019410 225.155426
10.025215 224.446762
10.031020 223.665985
10.036825 223.480499
10.042630 223.255508
10.048435 222.344467
10.054240 221.637161
10.060045 221.754745
10.065850 222.418777
10.071655 223.795105
10.077460 226.423599
10.083265 228.953979
10.089070 232.264984
10.094875 236.813797
10.100680 241.359726
10.106485 245.033157
10.112290 247.533630
10.118095 249.171921
10.123900 250.412308
10.129705 251.131226
10.135510 251.137955
10.141315 250.701706
10.147120 250.152466
10.152925 249.573654
10.158731 249.015732
10.164536 248.450790
10.170341 247.804306
10.176146 247.460785
10.181951 247.659729
10.187755 248.149689
10.193560 248.601120
10.199365 248.944763
10.205170 249.646530
10.210975 250.541306
10.216780 251.409164
10.222585 252.090622
10.228390 252.210342
10.234195 251.293243
10.240000 249.338867
10.245805 247.165375
10.251610 247.254883
10.257415 277.675537
10.263220 279.524628
10.269025 279.981079
10.274830 279.596191
10.280635 278.515198
10.286440 276.709045
10.292245 276.523041
10.298050 276.938080
10.303855 278.430786
10.309660 281.365540
10.315465 281.617249
10.321270 280.227081
10.327075 278.786224
10.332880 303.763123
10.338685 122.792336
10.344490 122.817505
10.350295 239.920425
10.356100 240.036301
10.361905 240.232483
10.367710 240.456650
10.373515 240.623566
10.379320 240.734467
10.385125 240.397705
10.390930 239.489136
10.396734 237.937363
10.402539 235.106827
10.408344 233.211380
10.414149 229.587662
10.419954 226.861313
10.425759 112.542351
10.431564 111.917732
10.437369 111.777992
10.443174 111.948967
10.448979 112.397095
10.454784 112.782295
10.460589 112.766273
10.466394 112.352165
10.472199 223.260681
10.478004 110.590286
10.483809 110.063477
10.489614 109.785583
10.495420 215.921051
10.501225 207.140701
10.507030 105.431358
10.512835 98.526428
10.518640 98.233849
10.524445 97.980072
10.530250 97.582474
10.536055 96.992050
10.541860 97.962852
10.547665 98.377289
10.553470 98.439392
10.559275 99.006866
10.565080 192.216736
10.570885 192.345840
10.576690 185.667450
10.582495 185.475861
10.588300 185.405746
10.594105 4128.832031
10.599909 3975.912598
10.605714 3868.127686
10.611519 3814.884766
10.617324 3771.197510
10.623129 3730.822754
10.628934 3729.438965
10.634739 3749.829834
10.640544 3745.457520
10.646349 3722.898193
10.652154 3715.369385
10.657959 3729.907471
10.663764 3745.630127
10.669569 6654.981445
10.675374 3782.184082
10.681179 125.701653
10.686984 121.724129
10.692789 182.116302
10.698594 182.379883
10.704399 125.929901
10.710204 123.075958
10.716009 113.672630
10.721814 92.215179
10.727619 92.335251
10.733424 78.846565
10.739229 78.788795
10.745034 235.986221
10.750839 235.721680
10.756644 233.996490
10.762449 231.153366
10.768254 225.353073
10.774059 222.646439
10.779864 221.195404
10.785669 220.194489
10.791474 219.752014
10.797279 219.898727
10.803084 220.875305
10.808888 222.685257
10.814693 224.747696
10.820498 225.973099
10.826303 226.352844
10.832108 225.964264
10.837914 224.635284
10.843719 222.155457
10.849524 218.825867
10.855329 215.139832
10.861134 387.809723
10.866939 379.206635
10.872744 181.968262
10.878549 182.375229
10.884354 183.394470
10.890159 183.651810
10.895964 183.934875
10.901769 188.769623
10.907574 193.108597
10.913379 194.246414
10.919184 195.975830
10.924989 197.635880
10.930794 198.934555
10.936599 198.360001
10.942404 197.694336
10.948209 197.481979
10.954014 197.608444
10.959819 197.613266
10.965624 196.975555
10.971429 195.662628
10.977234 194.142426
10.983039 192.849457
10.988844 191.936417
10.994649 191.260651
11.000454 190.722855
11.006259 190.338730
11.012063 190.149445
11.017868 190.161270
11.023673 190.554794
11.029478 191.788940
11.035283 194.298920
11.041088 197.410217
11.046893 200.988266
11.052698 203.777237
11.058503 210.318100
11.064308 211.371582
11.070113 222.622467
11.075918 222.800247
11.081723 222.569214
11.087528 221.000427
11.093333 220.686478
11.099138 220.866974
11.104943 220.904144
11.110748 220.686157
11.116553 220.287308
11.122358 219.771027
11.128163 219.590576
11.133968 219.787827
11.139773 220.350739
11.145578 221.249512
11.151383 222.486877
11.157188 223.809647
11.162993 225.496826
11.168798 227.446686
11.174603 229.667847
11.180408 233.273468
11.186213 237.624786
11.192019 241.197235
11.197824 243.537109
11.203629 245.344559
11.209434 246.925507
11.215239 247.958389
11.221043 248.422745
11.226848 248.659164
11.232653 248.656021
11.238458 248.311737
11.244263 247.906540
11.250068 247.509567
11.255873 247.010559
11.261678 246.602768
11.267483 246.538940
11.273288 246.672623
11.279093 246.765228
11.284898 246.788940
11.290703 246.660904
11.296508 246.226974
11.302313 245.222595
11.308118 244.441696
11.313923 245.905060
11.319728 123.674591
11.325533 124.093658
11.331338 124.209953
11.337143 124.113289
11.342948 376.674622
11.348753 371.824493
11.354558 371.336090
11.360363 372.946991
11.366168 374.052246
11.371973 373.352661
11.377778 123.662659
11.383583 123.518005
11.389388 369.666473
11.395193 369.961517
11.400998 369.998047
11.406803 368.301025
11.412608 412.862549
11.418413 0.000000
11.424217 211.937790
11.430022 200.940125
11.435827 180.538925
11.441632 180.011917
11.447437 179.385117
11.453242 178.981903
11.459047 184.445358
11.464852 176.165253
11.470657 176.315582
11.476462 195.967834
11.482267 195.779663
11.488072 544.434143
11.493877 0.000000
11.499682 97.249901
11.505487 97.101471
11.511292 96.920616
11.517097 193.238022
11.522902 193.306458
11.528708 193.160477
11.534513 388.202515
11.540318 390.391754
11.546123 195.944000
11.551928 394.849213
11.557733 393.228699
11.563538 390.266724
11.569343 385.535492
11.575148 384.037170
11.580953 4229.389160
11.586758 4136.203125
11.592563 4084.061035
11.598368 4033.212158
11.604173 3952.732666
11.609978 3767.961426
11.615783 3495.542236
11.621588 178.505341
11.627392 168.722580
11.633197 168.462418
11.639002 159.682831
11.644807 156.306580
11.650612 156.051102
11.656417 157.391129
11.662222 160.045868
11.668027 161.808823
11.673832 162.221863
11.679637 162.308762
11.685442 162.257095
11.691247 162.068436
11.697052 161.891876
11.702857 161.832993
11.708662 161.848282
11.714467 161.849686
11.720272 161.945602
11.726077 162.382996
11.731882 163.269379
11.737687 164.655640
11.743492 167.212769
11.749297 168.926880
11.755102 170.820175
11.760907 175.966888
11.766712 178.420288
11.772517 181.319717
11.778322 189.442368
11.784127 189.517227
11.789932 190.796387
11.795737 199.709564
11.801542 199.942429
11.807347 200.221542
11.813152 200.001755
11.818957 198.874985
11.824762 196.324631
11.830567 195.351562
11.836371 194.127274
11.842176 192.149918
11.847981 190.436935
11.853786 189.657623
11.859591 189.103333
11.865396 188.659042
11.871202 188.489212
11.877007 188.758392
11.882812 189.799866
11.888617 192.073547
11.894422 195.087082
11.900227 196.609238
11.906032 197.906754
11.911837 198.651031
11.917642 198.963150
11.923447 197.085953
11.929252 195.925995
11.935057 195.308167
11.940862 195.090820
11.946667 184.912537
11.952472 329.624268
11.958277 204.045364
11.964082 114.486107
11.969887 112.853355
11.975692 112.659767
11.981497 110.047028
11.987302 106.511887
11.993107 100.177849
11.998912 85.961372
12.004717 82.508926
12.010522 82.484146
12.016327 165.046906
12.022132 79.815102
12.027937 140.104630
12.033742 140.047012
12.039546 56.341812
12.045351 0.000000
12.051156 65.917595
12.056961 66.002541
12.062766 129.554825
12.068571 129.738358
12.074376 129.931946
12.080181 417.627625
12.085986 418.470795
12.091791 384.562042
12.097596 383.485474
12.103401 316.839233
12.109206 316.304901
12.115011 133.364929
12.120816 178.636368
12.126621 178.613510
12.132426 158.163025
12.138231 158.094910
12.144036 164.965057
12.149841 158.417145
12.155646 147.737061
12.161451 101.453728
12.167256 105.539276
12.173061 82.547211
12.178866 82.225517
12.184671 81.717110
12.190476 81.739098
12.196281 163.833908
12.202086 163.912201
12.207891 163.827896
12.213696 163.879135
12.219501 164.248367
12.225307 164.559952
12.231112 164.581039
12.236917 164.729218
12.242722 165.200729
12.248526 165.692810
12.254331 166.041382
12.260136 166.420975
12.265941 166.861938
12.271746 167.206207
12.277551 167.387772
12.283356 167.389282
12.289161 167.143478
12.294966 166.763596
12.300771 166.420593
12.306576 166.118484
12.312381 165.878769
12.318186 165.697128
12.323991 165.373962
12.329796 165.012543
12.335601 165.576492
12.341406 165.619019
12.347211 165.166748
12.353016 165.037292
12.358821 165.164536
12.364626 165.310349
12.370431 165.398193
12.376236 165.465439
12.382041 165.589767
12.387846 165.857407
12.393651 167.525375
12.399456 167.510666
12.405261 167.164948
12.411066 166.687180
12.416871 166.311920
12.422676 166.008102
12.428481 165.624191
12.434286 165.176636
12.440091 164.843994
12.445896 164.749863
12.451700 164.864151
12.457505 165.070755
12.463310 165.267715
12.469115 165.403152
12.474920 165.584076
12.480725 166.413040
12.486530 169.610809
12.492335 170.768814
12.498140 171.405426
12.503945 0.000000
12.509750 156.935104
12.515555 4627.020020
12.521360 4583.399414
12.527165 4610.679199
12.532970 4642.389160
12.538775 4651.886230
12.544580 163.959351
12.550385 323.740753
12.556190 324.367432
12.561996 350.323761
12.567801 351.461151
12.573606 354.091003
12.579411 168.812149
12.585216 163.543900
12.591021 163.279022
12.596826 334.836578
12.602631 334.782196
12.608436 335.376038
12.614241 336.932617
12.620046 345.609070
12.625851 346.071106
12.631656 344.625244
12.637461 343.619019
12.643266 173.001678
12.649071 173.332870
12.654876 330.533905
12.660680 331.028412
12.666485 0.000000
12.672290 170.155151
12.678095 170.256546
12.683900 170.421371
12.689705 330.974274
12.695510 330.357361
12.701315 330.108887
12.707120 330.845001
12.712925 182.766403
12.718730 182.868866
12.724535 183.240448
12.730340 376.065582
12.736145 375.752350
12.741950 377.143097
12.747755 186.286896
12.753560 185.765244
12.759365 185.602020
12.765170 185.639938
12.770975 185.521713
12.776780 370.177307
12.782585 369.199554
12.788390 369.001343
12.794195 369.181000
12.800000 369.526428
12.805805 369.596558
12.811610 369.411652
12.817415 369.373291
12.823220 369.570282
12.829025 369.685577
12.834830 369.710327
12.840635 369.996857
12.846440 370.138550
12.852245 370.432220
12.858050 354.152771
12.863854 292.875610
12.869659 271.169952
12.875464 251.728256
12.881269 87.128899
12.887074 86.478287
12.892879 86.402168
12.898685 86.475914
12.904490 86.631935
12.910295 86.881393
12.916100 259.497437
12.921905 259.595245
12.927710 265.201050
12.933515 267.191620
12.939320 266.783997
12.945125 265.642273
12.950930 267.568756
12.956735 274.061005
12.962540 279.589081
12.968345 284.793701
12.974150 287.174438
12.979955 289.653076
12.985760 294.424103
12.991565 297.079895
12.997370 298.233398
13.003175 298.711914
13.008980 298.705444
13.014785 298.267090
13.020590 297.572968
13.026395 297.013519
13.032200 296.855652
13.038005 296.871033
13.043810 296.564789
13.049615 295.554169
13.055420 294.566498
13.061225 294.088806
13.067030 286.563690
13.072834 286.039001
13.078639 285.370483
13.084444 284.088898
13.090249 282.174469
13.096054 279.601257
13.101859 274.566071
13.107664 270.791229
13.113469 268.052368
13.119274 266.480499
13.125079 265.325714
13.130884 264.500824
13.136689 264.119385
13.142494 264.031219
13.148299 264.072784
13.154104 264.198883
13.159909 264.368591
13.165714 264.320984
13.171519 263.879211
13.177324 263.151306
13.183129 262.032135
13.188934 260.274933
13.194739 258.178528
13.200544 255.975739
13.206349 253.623886
13.212154 251.556686
13.217959 249.770325
13.223764 246.983521
13.229569 244.639999
13.235374 122.864723
13.241179 123.011696
13.246984 123.210258
13.252789 247.339233
13.258595 248.316971
13.264400 249.409698
13.270205 250.168671
13.276009 250.317963
13.281814 250.050385
13.287619 249.409439
13.293424 248.821335
13.299229 248.727219
13.305034 248.965393
13.310839 249.313995
13.316644 251.681183
13.322449 253.382507
13.328254 254.442459
13.334059 254.980743
13.339864 273.802673
13.345669 274.244110
13.351474 274.564667
13.357279 3615.539551
13.363084 3504.774414
13.368889 3465.238037
13.374694 3436.578125
13.380499 3369.355225
13.386304 5796.341797
13.392109 5776.076172
13.397914 5743.994629
13.403719 264.494812
13.409524 248.939499
13.415329 248.748123
13.421134 117.319908
13.426939 99.986282
13.432744 101.844612
13.438549 103.428993
13.444354 72.875854
13.450159 228.751205
13.455964 231.854080
13.461769 234.711502
13.467574 236.709000
13.473379 237.769623
13.479183 238.109238
13.484988 237.771225
13.490793 236.533249
13.496598 233.200806
13.502403 229.196274
13.508208 225.575867
13.514013 222.129242
13.519818 219.639343
13.525623 218.504471
13.531428 218.260880
13.537233 218.844025
13.543038 219.996475
13.548843 221.094742
13.554648 221.874359
13.560453 221.972717
13.566258 221.363586
13.572063 219.976074
13.577868 216.786621
13.583673 213.821823
13.589478 208.606918
13.595284 138.904205
13.601089 138.635422
13.606894 134.854218
13.612699 99.865738
13.618504 97.569305
13.624309 97.485382
13.630114 97.415367
13.635919 97.949852
13.641724 65.381660
13.647529 195.782593
13.653334 196.094025
13.659139 131.764771
13.664944 197.013687
13.670749 196.821945
13.676554 196.639893
13.682359 196.764938
13.688163 196.901901
13.693968 196.922333
13.699773 65.475075
13.705578 65.401489
13.711383 65.378372
13.717188 65.448547
13.722993 197.189728
13.728798 197.280197
13.734603 197.431198
13.740408 197.720032
13.746213 197.881744
13.752018 197.801483
13.757823 197.604843
13.763628 197.387878
13.769433 197.506073
13.775238 197.990875
13.781043 197.690277
13.786848 196.598633
13.792653 196.073181
13.798458 196.157333
13.804263 196.008743
13.810068 195.332642
13.815873 194.712006
13.821678 194.534882
13.827483 194.552658
13.833288 194.561356
13.839093 194.515671
13.844898 194.477692
13.850703 194.530304
13.856508 194.696625
13.862313 194.940247
13.868118 195.243073
13.873923 195.610489
13.879728 195.927475
13.885533 196.084686
13.891337 196.144333
13.897142 196.177444
13.902947 196.252365
13.908752 196.411011
13.914557 196.604706
13.920362 196.679855
13.926167 196.639282
13.931973 196.573746
13.937778 196.516312
13.943583 196.266815
13.949388 195.254089
13.955193 195.025101
13.960998 195.057449
13.966803 195.068909
13.972608 194.927048
13.978413 194.749237
13.984218 194.642776
13.990023 194.585876
13.995828 194.583847
14.001633 194.657486
14.007438 194.805893
14.013243 194.958298
14.019048 195.082672
14.024853 195.267258
14.030658 195.922226
14.036463 196.942032
14.042268 197.345306
14.048073 197.502106
14.053878 197.542816
14.059683 197.419495
14.065488 197.150665
14.071293 196.909775
14.077098 196.732605
14.082903 195.417160
14.088708 194.932449
14.094513 194.706085
14.100317 194.886215
14.106122 195.379044
14.111927 197.026703
14.117732 197.241638
14.123537 196.968018
14.129342 196.827835
14.135147 197.167465
14.140952 197.290131
14.146757 3158.865234
14.152562 196.877243
14.158367 195.841476
14.164172 195.315918
14.169977 193.291275
14.175782 193.306747
14.181587 193.536865
14.187392 193.686203
14.193197 193.887344
14.199002 194.219421
14.204807 194.604202
14.210612 194.944183
14.216417 195.282425
14.222222 195.643417
14.228027 195.921387
14.233832 196.200638
14.239637 196.603073
14.245442 196.925110
14.251247 197.193512
14.257052 197.554947
14.262857 197.984528
14.268662 198.338028
14.274467 198.474289
14.280272 198.516220
14.286077 198.705185
14.291883 199.172211
14.297688 199.781311
14.303492 200.248734
14.309297 199.522171
14.315102 197.114807
14.320907 196.566299
14.326712 150.977142
14.332517 201.963394
14.338322 202.291504
14.344127 195.176071
14.349932 195.213531
14.355737 195.505066
14.361542 197.815063
14.367347 197.272644
14.373152 196.856888
14.378957 196.707642
14.384762 196.646210
14.390567 196.465515
14.396372 195.861694
14.402177 195.047318
14.407982 194.401978
14.413787 194.120026
14.419592 193.963013
14.425397 193.738098
14.431202 193.222977
14.437007 197.094818
14.442812 197.529343
14.448617 197.602173
14.454422 197.449554
14.460227 197.141815
14.466032 196.978622
14.471837 197.029724
14.477642 197.062469
14.483447 196.930191
14.489252 196.886292
14.495057 196.926300
14.500862 201.381088
14.506667 201.403854
14.512471 223.015839
14.518276 222.938370
14.524081 222.868576
14.529886 222.879852
14.535691 222.888489
14.541496 222.921936
14.547301 223.085495
14.553106 222.975769
14.558911 222.525635
14.564716 221.902344
14.570521 220.900238
14.576326 219.638077
14.582131 218.758209
14.587936 218.437027
14.593741 218.070435
14.599546 217.289642
14.605351 217.021027
14.611156 217.527634
14.616961 217.937027
14.622766 218.045639
14.628572 218.636780
14.634377 219.819794
14.640182 220.990234
14.645987 221.563492
14.651792 221.940857
14.657597 222.331161
14.663402 221.151230
14.669207 229.719727
14.675012 229.894821
14.680817 229.932999
14.686622 230.014099
14.692427 230.113312
14.698232 227.818619
14.704037 227.823441
14.709842 227.143570
14.715646 222.958237
14.721451 222.862366
14.727256 223.159454
14.733061 223.637650
14.738866 224.387802
14.744671 225.611359
14.750476 228.000168
14.756281 231.835464
14.762086 236.084259
14.767891 240.485352
14.773696 244.488678
14.779501 247.784119
14.785306 250.465836
14.791111 252.943024
14.796916 254.927948
14.802721 256.068329
14.808526 256.553253
14.814331 256.624939
14.820136 256.247467
14.825941 255.469131
14.831746 254.398499
14.837551 253.110809
14.843356 251.978210
14.849161 251.143356
14.854966 250.489655
14.860771 249.944550
14.866576 124.647324
14.872381 124.590080
14.878186 83.151184
14.883991 83.242920
14.889796 83.266914
14.895601 124.515236
14.901406 123.940102
14.907211 123.203819
14.913016 122.413101
14.918821 121.290741
14.924625 56.196072
14.930430 55.963398
14.936235 130.037292
14.942040 130.126984
14.947845 130.163406
14.953650 130.085861
14.959455 129.873886
14.965261 130.018509
14.971066 130.071838
14.976871 129.410202
14.982676 129.385315
14.988481 53.353634
14.994286 65.000458
15.000091 64.057098
15.005896 61.416702
15.011701 60.496376
15.017506 65.487747
15.023311 62.217518
15.029116 0.000000
15.034921 0.000000
15.040726 177.225784
15.046531 136.519913
15.052336 119.756859
15.058141 93.878479
15.063946 93.434830
15.069751 93.535912
15.075556 109.252960
15.081361 109.283653
15.087166 219.179947
15.092971 218.997131
15.098776 218.842331
15.104581 218.673065
15.110386 218.425934
15.116191 218.162781
15.121996 217.952164
15.127800 217.823303
15.133605 217.897491
15.139410 218.371124
15.145215 219.242783
15.151020 220.257553
15.156825 221.339355
15.162630 222.491379
15.168435 223.577866
15.174240 224.530182
15.180045 225.427795
15.185850 226.146408
15.191655 226.382706
15.197460 226.072998
15.203265 225.498444
15.209070 224.870361
15.214875 223.778946
15.220680 222.148773
15.226485 219.818848
15.232290 216.051163
15.238095 215.668655
15.243900 214.580505
15.249705 213.853912
15.255510 214.130310
15.261315 218.153152
15.267120 218.340378
15.272925 218.701874
15.278730 220.808578
15.284535 222.216812
15.290340 223.950989
15.296145 224.748917
15.301950 224.715378
15.307755 224.261444
15.313560 223.388458
15.319366 222.105026
15.325171 220.816345
15.330976 219.696213
15.336780 218.829697
15.342585 218.400116
15.348390 218.244446
15.354195 218.087601
15.360000 217.869171
15.365805 217.751328
15.371610 218.088165
15.377415 218.918549
15.383220 221.217300
15.389025 222.570419
15.394830 207.888504
15.400635 221.168304
15.406440 221.109924
15.412245 221.260056
15.418050 4560.652832
15.423855 98.182251
15.429660 98.159615
15.435465 325.522247
15.441270 325.164948
15.447075 325.181824
15.452880 325.777100
15.458685 304.811737
15.464490 289.727112
15.470295 292.673553
15.476100 292.845764
15.481905 292.538086
15.487710 1763.032227
15.493515 1798.655762
15.499320 285.751251
15.505125 151.807892
15.510930 151.920700
15.516735 309.808380
15.522540 309.299500
15.528345 281.824280
15.534150 281.346863
15.539954 903.879883
15.545759 247.757202
15.551564 900.702820
15.557369 892.476990
15.563174 883.557739
15.568979 128.720779
15.574784 286.789062
15.580589 285.860992
15.586394 284.904694
15.592199 284.528442
15.598004 201.251511
15.603809 97.764740
15.609614 147.912201
15.615419 147.483002
15.621224 147.296661
15.627029 147.139359
15.632834 146.977264
15.638639 98.523560
15.644444 98.630341
15.650249 98.549553
15.656054 294.212067
15.661860 293.599854
15.667665 293.669952
15.673470 293.690704
15.679275 293.500793
15.685080 293.259064
15.690885 292.894409
15.696690 292.317902
15.702495 292.147125
15.708300 292.430298
15.714105 292.295776
15.719910 291.508301
15.725715 290.519104
15.731520 290.618103
15.737325 290.246002
15.743129 288.017700
15.748934 288.680939
15.754739 289.255066
15.760544 289.402344
15.766349 96.686111
15.772154 181.063553
15.777959 190.003189
15.783764 152.551620
15.789569 152.648788
15.795374 147.782990
15.801179 147.930511
15.806984 145.894379
15.812789 145.983521
15.818594 292.950714
15.824399 293.546753
15.830204 295.380707
15.836009 296.187592
15.841814 297.050201
15.847619 298.456635
15.853424 300.365356
15.859229 304.975647
15.865034 313.284271
15.870839 317.882385
15.876644 321.606445
15.882449 324.714142
15.888254 327.495941
15.894059 329.108002
15.899864 329.870087
15.905669 330.550568
15.911474 331.140137
15.917279 331.360931
15.923084 331.156555
15.928889 330.648712
15.934694 330.094788
15.940499 329.542145
15.946304 329.209656
15.952108 329.074432
15.957913 328.948425
15.963718 328.943268
15.969523 328.935822
15.975328 328.784302
15.981133 328.589020
15.986938 328.629517
15.992743 328.918152
15.998549 329.321442
16.004354 329.959564
16.010159 331.050903
16.015965 332.303223
16.021769 332.899628
16.027575 332.623596
16.033379 332.014221
16.039185 331.081177
16.044989 329.016052
16.050795 323.344391
16.056599 313.814117
16.062403 311.028076
16.068209 308.479980
16.074013 304.899628
16.079819 299.407806
16.085623 296.425873
16.091429 296.915558
16.097233 297.624359
16.103039 298.679810
16.108843 300.279663
16.114649 303.850464
16.120453 151.658585
16.126259 164.088028
16.132063 178.966431
16.137869 310.088257
16.143673 310.421387
16.149479 311.018616
16.155283 155.670410
16.161089 155.741684
16.166893 155.708328
16.172699 153.590515
16.178503 149.485855
16.184309 147.834869
16.190113 147.573334
16.195919 292.924164
16.201723 292.928650
16.207529 293.022278
16.213333 293.609375
16.219139 297.170319
16.224943 297.768280
16.230749 298.151947
16.236553 298.147644
16.242359 297.605591
16.248163 292.959595
16.253969 292.061249
16.259773 290.594025
16.265577 284.451202
16.271383 277.163269
16.277187 270.633942
16.282993 265.595306
16.288797 264.141998
16.294603 261.235840
16.300407 260.466827
16.306213 260.820953
16.312017 261.230560
16.317823 104.359795
16.323627 105.001762
16.329433 87.969650
16.335238 88.335999
16.341043 88.444283
16.346848 131.741837
16.352654 258.481018
16.358458 259.132751
16.364264 255.383545
16.370068 254.802185
16.375874 126.944527
16.381678 123.696716
16.387484 74.098434
16.393288 74.060936
16.399094 73.982239
16.404898 73.907944
16.410704 73.879929
16.416508 73.938225
16.422314 73.981506
16.428118 74.015900
16.433924 74.039246
16.439728 74.021111
16.445534 73.955666
16.451338 73.832451
16.457144 73.755585
16.462948 73.728653
16.468752 73.753395
16.474558 91.323502
16.480362 136.317230
16.486168 139.909760
16.491972 136.944351
16.497778 123.396667
16.503582 92.645348
16.509388 91.647209
16.515192 87.463356
16.520998 87.267021
16.526802 86.697090
16.532608 129.876587
16.538412 259.696533
16.544218 259.652069
16.550022 259.671326
16.555828 259.700958
16.561632 259.835815
16.567438 260.228851
16.573242 260.830780
16.579048 261.393188
16.584852 261.903229
16.590658 262.388397
16.596462 262.879852
16.602268 263.426636
16.608072 263.875885
16.613878 264.048523
16.619682 263.729828
16.625488 262.953766
16.631292 262.114624
16.637098 260.956482
16.642902 259.139038
16.648708 257.530457
16.654512 255.086823
16.660318 252.773834
16.666122 251.264511
16.671926 249.601898
16.677732 248.592941
16.683537 247.120895
16.689342 245.470108
16.695147 245.463959
16.700953 245.924561
16.706757 246.488541
16.712563 247.144318
16.718367 247.809692
16.724173 248.216965
16.729977 248.435257
16.735783 248.646713
16.741587 248.782928
16.747393 248.557236
16.753197 248.018616
16.759003 247.583862
16.764807 247.325424
16.770613 247.142715
16.776417 246.997543
16.782223 246.879059
16.788027 246.795792
16.793833 246.782745
16.799637 246.787247
16.805443 246.790817
16.811247 246.817154
16.817053 246.915543
16.822857 247.226990
16.828663 247.933868
16.834467 248.449707
16.840273 248.356781
16.846077 248.291534
16.851883 248.237396
16.857687 248.055740
16.863493 243.579117
16.869297 243.344757
16.875101 238.504471
16.880907 238.305923
16.886711 233.612411
16.892517 233.508865
16.898321 233.366669
16.904127 228.800049
16.909931 228.665161
16.915737 228.632004
16.921541 228.692719
16.927347 228.914246
16.933151 229.403687
16.938957 233.033798
16.944761 233.515594
16.950567 233.722687
16.956371 233.523254
16.962177 233.076141
16.967981 228.598038
16.973787 220.563797
16.979591 216.061356
16.985397 208.213562
16.991201 201.372253
16.997007 198.133331
17.002811 197.731537
17.008617 197.422852
17.014421 197.115204
17.020227 197.333191
17.026031 198.513641
17.031837 199.218246
17.037642 199.311844
17.043447 199.062744
17.049252 198.302811
17.055058 197.401749
17.060862 196.900146
17.066668 196.056610
17.072472 195.147202
17.078278 194.871429
17.084082 194.881317
17.089886 195.030106
17.095692 195.003998
17.101496 194.705948
17.107302 194.407303
17.113106 194.643616
17.118912 195.191025
17.124716 195.789139
17.130522 196.164658
17.136326 195.930832
17.142132 195.515060
17.147936 195.240891
17.153742 195.038559
17.159546 195.021896
17.165352 195.275101
17.171156 195.661499
17.176962 195.925766
17.182766 196.011429
17.188572 196.207001
17.194376 197.353317
17.200182 366.539795
17.205986 178.589813
17.211792 178.882248
17.217596 178.741501
17.223402 166.530945
17.229206 166.034500
17.235012 204.174561
17.240816 204.762100
17.246622 197.975540
17.252426 198.166687
17.258232 197.693604
17.264036 196.557343
17.269842 195.779434
17.275646 195.251877
17.281452 195.118759
17.287256 195.411987
17.293060 195.683517
17.298866 196.417145
17.304670 199.649994
17.310476 201.932068
17.316280 205.034836
17.322086 208.756607
17.327890 212.632538
17.333696 215.326614
17.339500 217.579315
17.345306 219.300507
17.351110 220.928726
17.356916 222.199554
17.362720 222.636780
17.368526 222.452545
17.374331 222.107559
17.380136 221.810516
17.385941 221.517029
17.391747 221.185165
17.397551 219.944260
17.403357 219.029648
17.409161 218.746933
17.414967 218.647858
17.420771 218.654724
17.426577 218.712967
17.432381 218.794647
17.438187 218.974182
17.443991 219.258209
17.449797 219.543152
17.455601 219.809372
17.461407 220.136047
17.467211 220.493362
17.473017 220.837067
17.478821 221.225250
17.484627 221.682663
17.490431 222.161636
17.496235 222.475098
17.502041 222.602448
17.507845 222.642700
17.513651 222.584091
17.519455 222.335190
17.525261 221.915802
17.531065 221.455826
17.536871 220.845749
17.542675 220.053238
17.548481 219.172913
17.554285 217.894623
17.560091 216.353546
17.565895 215.690536
17.571701 422.635315
17.577505 474.659485
17.583311 222.107758
17.589115 221.630585
17.594921 221.125046
17.600725 219.513626
17.606531 218.965317
17.612335 220.004257
17.618141 220.370590
17.623945 220.492737
17.629751 220.845184
17.635555 221.688156
17.641361 222.945496
17.647165 225.154297
17.652971 227.953629
17.658775 231.966400
17.664581 235.531464
17.670385 238.713959
17.676191 242.544464
17.681995 245.537552
17.687801 247.481400
17.693605 248.868118
17.699409 249.851852
17.705215 250.342499
17.711020 250.271225
17.716825 249.742096
17.722630 248.794830
17.728436 247.454941
17.734240 245.896469
17.740046 244.008163
17.745850 241.522125
17.751656 239.212234
17.757460 142.500900
17.763266 111.793716
17.769070 111.670677
17.774876 109.725563
17.780680 109.244415
17.786486 87.597733
17.792290 217.796783
17.798096 217.420364
17.803900 217.404892
17.809706 217.984772
17.815510 218.940475
17.821316 219.834717
17.827120 220.495102
17.832926 220.924332
17.838730 221.287521
17.844536 221.637817
17.850340 221.941772
17.856146 222.172363
17.861950 222.362183
17.867756 222.414536
17.873560 222.241608
17.879366 222.013107
17.885170 221.865967
17.890976 221.692474
17.896780 221.515457
17.902586 221.529190
17.908390 221.643997
17.914194 221.767029
17.920000 222.043884
17.925804 222.275314
17.931610 222.176422
17.937414 0.000000
17.943220 110.851509
17.949024 94.120247
17.954830 93.666039
17.960634 94.059792
17.966440 73.707291
17.972244 73.521713
17.978050 219.660385
17.983854 218.539810
17.989660 217.586014
17.995464 217.138046
18.001270 216.918350
18.007074 216.715271
18.012880 216.433716
18.018684 216.253326
18.024490 216.449600
18.030294 217.189102
18.036100 218.426056
18.041904 219.894470
18.047710 221.124893
18.053514 222.154449
18.059320 223.238586
18.065125 224.369781
18.070930 225.292313
18.076735 225.710464
18.082541 225.543564
18.088345 225.059631
18.094151 224.477722
18.099955 223.668488
18.105761 222.658081
18.111565 221.696472
18.117369 218.941803
18.123175 217.362457
18.128979 216.258499
18.134785 215.932571
18.140589 215.822433
18.146395 212.933777
18.152199 212.635834
18.158005 219.387741
18.163809 225.214371
18.169615 235.228348
18.175419 241.908005
18.181225 123.962769
18.187029 123.727112
18.192835 123.471336
18.198639 243.589691
18.204445 243.568253
18.210249 244.375931
18.216055 245.345535
18.221859 245.978699
18.227665 246.372604
18.233469 246.510635
18.239275 123.206192
18.245079 123.101685
18.250885 123.046654
18.256689 123.069847
18.262495 123.131470
18.268299 123.464722
18.274105 123.972603
18.279909 248.109573
18.285715 259.638489
18.291519 126.451012
18.297325 126.361885
18.303129 126.236053
18.308935 126.176895
18.314739 250.361420
18.320543 249.908585
18.326349 248.837997
18.332153 248.021362
18.337959 4734.833496
18.343763 4765.661133
18.349569 4801.731934
18.355373 351.450195
18.361179 163.329788
18.366983 4486.380859
18.372789 111.492836
18.378593 111.362648
18.384399 109.153877
18.390203 109.365120
18.396009 109.602539
18.401814 109.705696
18.407619 329.933716
18.413424 330.075012
18.419230 329.271027
18.425034 109.957481
18.430840 110.187828
18.436644 224.567841
18.442450 110.128464
18.448254 109.512215
18.454060 367.890778
18.459864 366.579071
18.465670 367.507202
18.471474 184.195709
18.477280 183.932892
18.483084 183.872940
18.488890 183.902954
18.494694 368.300049
18.500500 368.658325
18.506304 369.143341
18.512110 369.771240
18.517914 370.215546
18.523718 370.224518
18.529524 370.051971
18.535328 370.025757
18.541134 370.402863
18.546938 370.606140
18.552744 370.034790
18.558548 369.532166
18.564354 369.430115
18.570158 369.796844
18.575964 370.278198
18.581768 370.114349
18.587574 369.593170
18.593378 369.247742
18.599184 369.033295
18.604988 369.588531
18.610794 185.338989
18.616598 184.867615
18.622404 184.673798
18.628208 184.368317
18.634014 182.538132
18.639818 377.698730
18.645624 419.298676
18.651428 269.265045
18.657234 268.744568
18.663038 197.951080
18.668844 182.315292
18.674648 173.231552
18.680454 171.449402
18.686258 171.199585
18.692064 153.065414
18.697868 152.974106
18.703674 152.876831
18.709478 0.000000
18.715284 0.000000
18.721088 0.000000
18.726892 363.553741
18.732698 243.610901
18.738503 243.544922
18.744308 243.680176
18.750113 82.785332
18.755919 0.000000
18.761723 161.588531
18.767529 161.780869
18.773333 162.163635
18.779139 165.208466
18.784943 327.365845
18.790749 326.374023
18.796553 327.424072
18.802359 163.552582
18.808163 164.207748
18.813969 338.795563
18.819773 327.599701
18.825579 326.184631
18.831383 207.396439
18.837189 207.796707
18.842993 174.115768
18.848799 296.078186
18.854603 240.135086
18.860409 239.198776
18.866213 228.610764
18.872019 225.956009
18.877823 223.969467
18.883629 222.629364
18.889433 221.522964
18.895239 220.627716
18.901043 219.904343
18.906849 219.454620
18.912653 219.279129
18.918459 219.262848
18.924263 219.319763
18.930069 219.386673
18.935873 219.496033
18.941677 219.622696
18.947483 219.718094
18.953287 219.767715
18.959093 219.766098
18.964897 219.715042
18.970703 219.551483
18.976507 219.295685
18.982313 219.123123
18.988117 219.162460
18.993923 219.344269
18.999727 219.358337
19.005533 218.997147
19.011337 218.732925
19.017143 219.421524
19.022947 220.142822
19.028753 220.981064
19.034557 222.945526
19.040363 223.966583
19.046167 224.907516
19.051973 225.028976
19.057777 224.568542
19.063583 223.848419
19.069387 222.887848
19.075193 221.324936
19.080997 219.925156
19.086803 218.916855
19.092607 217.883392
19.098413 216.995300
19.104218 217.236038
19.110023 218.135788
19.115828 219.171570
19.121634 220.166687
19.127438 220.972916
19.133244 221.556961
19.139048 221.705933
19.144852 221.537170
19.150658 221.458420
19.156462 131.649994
19.162268 87.795151
19.168072 87.997475
19.173878 259.968140
19.179682 262.369324
19.185488 239.350616
19.191292 238.967316
19.197098 239.428101
19.202902 120.054733
19.208708 119.371773
19.214512 119.419785
19.220318 96.146324
19.226122 79.343452
19.231928 79.135185
19.237732 237.250183
19.243538 235.548141
19.249342 230.632751
19.255148 228.835190
19.260952 222.854050
19.266758 218.990692
19.272562 217.240295
19.278368 216.390305
19.284172 216.271057
19.289978 216.646118
19.295782 217.440964
19.301588 218.627457
19.307392 220.090820
19.313198 222.084641
19.319002 224.406921
19.324808 225.450089
19.330612 225.612930
19.336418 225.210983
19.342222 224.062454
19.348026 220.834106
19.353832 217.443054
19.359636 213.493149
19.365442 211.689941
19.371246 200.924850
19.377052 135.634338
19.382856 135.665146
19.388662 135.249146
19.394466 103.375664
19.400272 99.375900
19.406076 96.007370
19.411882 97.398788
19.417686 98.175957
19.423492 195.816818
19.429296 195.588333
19.435102 195.341782
19.440907 65.519737
19.446712 193.583664
19.452517 190.489349
19.458323 192.354843
19.464127 131.118744
19.469933 130.992386
19.475737 65.386093
19.481543 65.380737
19.487347 65.495613
19.493153 65.595642
19.498957 65.710907
19.504763 65.937935
19.510567 66.085999
19.516373 66.527100
19.522177 67.122307
19.527983 102.672699
19.533787 208.702621
19.539593 208.986526
19.545397 209.500015
19.551201 214.098709
19.557007 207.496506
19.562811 201.676605
19.568617 201.521500
19.574421 201.532211
19.580227 201.485046
19.586031 195.888260
19.591837 195.639511
19.597641 65.127403
19.603447 65.213158
19.609251 65.408821
19.615057 65.594711
19.620861 197.553162
19.626667 197.916275
19.632471 198.578400
19.638277 198.783264
19.644081 197.689331
19.649887 196.215073
19.655691 193.254715
19.661497 189.876709
19.667301 187.510468
19.673107 182.663971
19.678911 177.451126
19.684717 171.335037
19.690521 166.879578
19.696327 165.107346
19.702131 162.993973
19.707937 163.021530
19.713741 164.480392
19.719547 164.596146
19.725351 169.100479
19.731157 169.114655
19.736961 171.573410
19.742767 171.581192
19.748571 155.792816
19.754377 155.788223
19.760181 155.770828
19.765985 155.729797
19.771791 134.044113
19.777596 134.054443
19.783401 134.081665
19.789206 129.741898
19.795012 129.750397
19.800816 135.706345
19.806622 135.724045
19.812426 277.947510
19.818232 238.459427
19.824036 265.405060
19.829842 265.270752
19.835646 265.158997
19.841452 253.746384
19.847256 253.682739
19.853062 253.668991
19.858866 253.738617
19.864672 271.205322
19.870476 132.692810
19.876282 259.498016
19.882086 265.287933
19.887892 265.318787
19.893696 265.370148
19.899502 265.386688
19.905306 265.496124
19.911112 132.676239
19.916916 3365.475098
19.922722 3339.479004
19.928526 3344.549316
19.934332 266.574371
19.940136 266.578339
19.945942 261.607422
19.951746 261.998840
19.957552 262.042938
19.963356 261.411346
19.969160 260.748016
19.974966 260.201935
19.980770 259.660370
19.986576 259.436646
19.992380 260.009521
19.998186 260.718323
20.003990 261.164764
20.009796 263.078033
20.015600 264.095032
20.021406 264.674622
20.027210 264.274628
20.033016 261.331573
20.038820 259.263763
20.044626 272.223877
20.050430 271.889313
20.056236 270.031403
20.062040 266.445312
20.067846 266.588715
20.073650 258.489502
20.079456 258.661407
20.085260 268.156616
20.091066 267.689026
20.096870 317.106812
20.102676 134.701706
20.108480 0.000000
20.114286 2033.534180
20.120090 2021.556396
20.125896 2036.714722
20.131701 2059.889404
20.137506 2068.572754
20.143311 2064.841797
20.149117 2057.736816
20.154921 2059.093750
20.160727 386.501709
20.166531 387.663513
20.172335 389.036987
20.178141 2037.258057
20.183945 1999.348633
20.189751 194.727951
20.195555 195.739227
20.201361 196.889832
20.207165 196.996780
20.212971 393.445831
20.218775 393.909912
20.224581 394.453796
20.230385 394.357758
20.236191 394.215363
20.241995 394.339600
20.247801 394.521271
20.253605 131.616821
20.259411 131.664413
20.265215 77.701668
20.271021 392.645233
20.276825 390.879913
20.282631 390.737305
20.288435 155.888870
20.294241 152.196548
20.300045 152.146255
20.305851 152.093475
20.311655 152.165573
20.317461 152.423203
20.323265 149.925049
20.329071 150.204559
20.334875 5832.987305
20.340681 5903.055664
20.346485 5986.752930
20.352291 6100.500488
20.358095 6266.360352
20.363901 6460.467773
20.369705 6500.359863
20.375509 6273.491211
20.381315 399.379181
20.387119 397.665924
20.392925 395.741455
20.398729 392.967651
20.404535 390.577057
20.410339 389.459045
20.416145 388.445740
20.421949 379.813843
20.427755 5416.799316
20.433559 5424.021973
20.439365 5441.211426
20.445169 5475.315918
20.450975 5532.306641
20.456779 5581.151855
20.462585 5550.270020
20.468390 232.582794
20.474195 81.409058
20.480000 82.215797
20.485806 175.769150
20.491610 175.661209
20.497416 175.752808
20.503220 178.348053
20.509026 175.838104
20.514830 174.831451
20.520636 171.424835
20.526440 168.696594
20.532246 166.431046
20.538050 165.792114
20.543856 165.798737
20.549660 166.236221
20.555466 83.351532
20.561270 83.915749
20.567076 84.153061
20.572880 84.172333
20.578686 83.379921
20.584490 82.494316
20.590294 253.307693
20.596100 6458.048828
20.601904 6295.820312
20.607710 6066.585938
20.613514 5980.376465
20.619320 6080.423340
20.625124 6119.206055
20.630930 6132.746094
20.636734 6187.866699
20.642540 6218.934082
20.648344 6122.654785
20.654150 5832.353516
20.659954 201.018646
20.665760 196.774246
20.671564 196.754349
20.677370 195.376038
20.683174 178.423935
20.688980 178.219772
20.694784 173.771164
20.700590 76.280617
20.706394 174.396271
20.712200 86.421829
20.718004 132.150055
20.723810 131.898834
20.729614 139.742752
20.735420 136.972809
20.741224 137.012787
20.747030 0.000000
20.752834 87.415634
20.758640 1902.522827
20.764444 87.657623
20.770250 87.763535
20.776054 1838.232666
20.781860 1809.281128
20.787664 1786.531494
20.793468 1763.700928
20.799274 1324.977661
20.805079 1197.960693
20.810884 1189.097168
20.816689 177.544113
20.822495 177.183762
20.828299 176.815582
20.834105 176.375610
20.839909 176.384933
20.845715 305.171234
20.851519 98.748466
20.857325 197.055832
20.863129 199.770706
20.868935 200.992294
20.874739 200.624252
20.880545 199.888794
20.886349 199.216751
20.892155 198.528015
20.897959 197.833649
20.903765 197.218109
20.909569 196.713028
20.915375 196.366699
20.921179 196.213364
20.926985 196.254395
20.932789 196.489334
20.938595 196.954407
20.944399 197.560760
20.950205 198.078415
20.956009 198.245758
20.961815 197.804840
20.967619 196.595367
20.973425 194.726120
20.979229 192.375839
20.985035 189.465347
20.990839 184.822021
20.996643 177.976334
21.002449 173.132248
21.008253 168.681381
21.014059 148.117920
21.019863 150.429047
21.025669 157.003006
21.031473 157.045105
21.037279 152.657455
21.043083 152.643707
21.048889 162.593140
21.054693 162.777008
21.060499 162.892990
21.066303 163.131485
21.072109 165.578781
21.077913 165.827164
21.083719 165.523239
21.089523 165.498016
21.095329 166.119705
21.101133 166.544098
21.106939 166.232407
21.112743 165.817932
21.118549 166.109650
21.124353 166.510376
21.130159 166.135269
21.135963 165.504974
21.141769 165.091934
21.147573 164.916183
21.153379 164.750702
21.159184 164.442871
21.164989 164.057480
21.170794 163.736893
21.176600 163.445541
21.182404 163.095001
21.188210 162.903946
21.194014 162.871597
21.199818 162.937698
21.205624 163.235107
21.211428 163.815063
21.217234 163.941284
21.223038 163.704285
21.228844 163.530533
21.234648 163.435135
21.240454 163.270676
21.246258 163.051941
21.252064 162.957504
21.257868 163.054993
21.263674 163.368088
21.269478 163.804474
21.275284 164.141510
21.281088 164.398926
21.286894 164.654404
21.292698 164.921509
21.298504 165.115265
21.304308 165.182343
21.310114 165.167374
21.315918 165.161530
21.321724 165.205215
21.327528 165.243790
21.333334 165.268219
21.339138 165.434921
21.344944 165.853119
21.350748 166.399109
21.356554 166.926666
21.362358 180.534027
21.368164 249.510040
21.373968 284.097412
21.379774 193.485474
21.385578 189.926285
21.391384 98.001747
21.397188 97.782295
21.402992 97.847183
21.408798 97.891113
21.414602 147.919601
21.420408 148.006577
21.426212 147.990204
21.432018 147.288315
21.437822 146.754288
21.443628 98.156593
21.449432 98.151108
21.455238 146.509918
21.461042 145.559189
21.466848 145.141891
21.472652 144.204819
21.478458 144.180450
21.484262 144.556229
21.490068 120.707535
21.495872 120.671318
21.501678 147.685211
21.507483 147.761063
21.513288 147.849304
21.519093 73.964134
21.524899 65.614517
21.530703 65.569450
21.536509 0.000000
21.542313 0.000000
21.548119 178.583160
21.553923 179.015961
21.559729 189.298309
21.565533 195.240570
21.571339 195.133347
21.577143 194.916245
21.582949 194.557022
21.588753 194.382431
21.594559 194.602478
21.600363 194.883011
21.606169 194.865997
21.611973 194.970520
21.617777 197.055893
21.623583 197.564484
21.629387 201.250336
21.635193 202.230270
21.640997 208.649612
21.646803 209.622559
21.652607 215.628738
21.658413 219.074203
21.664217 220.674454
21.670023 222.791687
21.675827 224.612137
21.681633 225.487640
21.687437 225.701660
21.693243 225.281357
21.699047 224.667328
21.704853 223.987305
21.710657 223.148071
21.716463 222.036484
21.722267 220.863739
21.728073 219.812576
21.733877 219.256393
21.739683 219.668884
21.745487 219.975082
21.751293 219.894623
21.757097 219.204803
21.762903 218.863449
21.768707 218.821167
21.774513 218.802444
21.780317 219.004288
21.786123 219.306442
21.791927 219.271179
21.797733 218.655212
21.803537 217.600586
21.809343 216.378693
21.815147 215.102005
21.820951 213.907990
21.826757 213.004028
21.832561 210.662766
21.838367 219.540558
21.844172 220.022278
21.849977 88.639359
21.855782 88.602287
21.861588 88.460655
21.867392 175.313217
21.873198 81.087036
21.879002 80.960495
21.884808 83.066566
21.890612 151.760681
21.896418 151.823120
21.902222 151.790344
21.908028 165.286804
21.913832 171.918121
21.919638 171.845078
21.925442 171.714233
21.931248 184.601578
21.937052 184.576630
21.942858 181.510849
21.948662 181.238922
21.954468 181.083282
21.960272 180.782272
21.966078 177.213593
21.971882 606.825073
21.977688 623.060669
21.983492 632.749451
21.989298 632.030457
21.995102 632.982483
22.000908 635.743469
22.006712 637.369751
22.012518 163.528900
22.018322 82.403122
22.024126 82.682816
22.029932 82.903793
22.035736 82.934212
22.041542 82.768593
22.047346 82.438919
22.053152 82.110901
22.058956 162.624069
22.064762 161.011398
22.070566 158.954926
22.076372 155.500824
22.082176 151.360214
22.087982 149.194305
22.093786 147.431442
22.099592 146.771729
22.105396 83.069038
22.111202 83.132454
22.117006 83.161911
22.122812 73.684891
22.128616 73.698280
22.134422 73.658424
22.140226 73.857956
22.146032 73.831795
22.151836 73.784096
22.157642 73.795471
22.163446 73.849899
22.169252 73.871620
22.175056 73.878372
22.180862 146.208817
22.186666 146.201157
22.192472 73.740265
22.198277 73.592628
22.204082 73.172798
22.209887 313.292419
22.215693 150.521011
22.221497 161.738464
22.227301 162.460754
22.233107 163.041504
22.238911 163.007462
22.244717 152.112549
22.250521 152.382263
22.256327 163.826614
22.262131 181.789948
22.267937 182.268295
22.273741 182.148926
22.279547 116.966591
22.285351 111.307785
22.291157 93.183823
22.296961 92.386948
22.302767 92.424416
22.308571 84.378098
22.314377 195.976318
22.320181 196.539291
22.325987 148.955826
22.331791 148.683136
22.337597 194.310608
22.343401 191.996704
22.349207 191.558319
22.355011 190.900589
22.360817 190.110474
22.366621 190.153259
22.372427 190.516739
22.378231 190.171066
22.384037 188.673080
22.389841 187.483017
22.395647 188.278625
22.401451 189.270279
22.407257 189.419861
22.413061 189.658905
22.418867 190.463989
22.424671 190.859741
22.430477 190.848679
22.436281 191.078171
22.442085 191.216751
22.447891 195.194977
22.453695 195.284378
22.459501 195.246750
22.465305 195.194214
22.471111 195.376480
22.476915 195.915146
22.482721 195.965698
22.488525 195.322556
22.494331 194.677353
22.500135 194.309387
22.505941 194.097015
22.511745 194.197937
22.517551 194.150604
22.523355 193.346436
22.529161 192.929733
22.534966 193.350037
22.540771 193.421692
22.546576 192.999252
22.552382 193.119965
22.558186 193.801544
22.563992 194.581604
22.569796 195.407455
22.575602 196.939484
22.581406 198.352554
22.587212 198.311432
22.593016 197.574158
22.598822 196.971893
22.604626 196.279114
22.610432 195.207123
22.616236 194.905716
22.622042 190.828613
22.627846 190.718307
22.633652 190.862625
22.639456 190.919785
22.645260 190.819672
22.651066 190.719925
22.656870 190.673889
22.662676 190.590622
22.668480 194.602402
22.674286 194.415482
22.680090 194.292542
22.685896 194.360107
22.691700 194.592072
22.697506 194.874420
22.703310 197.541397
22.709116 194.474625
22.714920 194.268631
22.720726 194.152771
22.726530 194.061935
22.732336 194.059464
22.738140 194.089752
22.743946 194.127136
22.749750 194.229248
22.755556 194.304016
22.761360 194.257690
22.767166 194.160019
22.772970 193.904724
22.778776 193.006027
22.784580 187.182175
22.790386 191.282272
22.796190 193.098953
22.801996 201.934387
22.807800 201.832169
22.813606 210.393723
22.819410 212.057312
22.825216 212.188019
22.831020 213.680832
22.836826 215.433212
22.842630 220.570358
22.848434 220.488052
22.854240 220.043533
22.860044 218.310440
22.865850 217.215042
22.871655 217.412628
22.877460 217.869781
22.883265 218.188660
22.889071 218.199005
22.894875 217.822800
22.900681 217.630859
22.906485 217.678360
22.912291 217.665833
22.918095 217.341934
22.923901 216.552643
22.929705 215.884644
22.935511 123.901161
22.941315 214.325073
22.947121 212.080551
22.952925 213.827530
22.958731 216.149658
22.964535 216.176147
22.970341 215.633667
22.976145 215.921707
22.981951 218.597595
22.987755 249.253555
22.993561 249.005203
22.999365 211.258102
23.005171 179.950409
23.010975 172.528076
23.016781 179.243729
23.022585 178.562668
23.028391 178.241333
23.034195 178.015076
23.040001 191.552887
23.045805 191.296173
23.051609 190.691544
23.057415 190.280106
23.063219 196.331924
23.069025 195.393616
23.074829 194.478592
23.080635 194.301437
23.086439 194.411926
23.092245 194.468994
23.098049 194.168411
23.103855 194.679932
23.109659 195.434784
23.115465 195.990295
23.121269 196.218582
23.127075 195.976913
23.132879 195.724823
23.138685 196.063660
23.144489 197.189407
23.150295 198.284866
23.156099 83.063164
23.161905 82.929413
23.167709 82.894661
23.173515 83.028694
23.179319 183.573456
23.185125 201.392349
23.190929 201.415558
23.196735 82.221825
23.202539 82.229088
23.208345 83.239677
23.214149 83.168640
23.219955 82.987846
23.225760 82.635490
23.231565 82.673767
23.237370 83.104309
23.243176 83.291283
23.248980 82.946213
23.254784 82.477661
23.260590 82.420204
23.266394 82.821152
23.272200 83.204727
23.278004 83.316284
23.283810 83.048767
23.289614 82.629250
23.295420 167.046143
23.301224 168.010345
23.307030 168.755508
23.312834 164.730438
23.318640 163.868683
23.324444 163.949417
23.330250 169.947037
23.336054 190.072128
23.341860 3293.689453
23.347664 3328.693115
23.353470 3412.750732
23.359274 211.409607
23.365080 211.145905
23.370884 0.000000
23.376690 0.000000
23.382494 0.000000
23.388300 128.544434
23.394104 158.059601
23.399910 128.258530
23.405714 128.313812
23.411520 83.084183
23.417324 493.544159
23.423130 126.137665
23.428934 98.844620
23.434740 82.257141
23.440544 82.376312
23.446350 126.779991
23.452154 82.534935
23.457960 82.463364
23.463764 82.441071
23.469568 82.513603
23.475374 127.763863
23.481178 82.370529
23.486984 82.288895
23.492788 82.427582
23.498594 82.519554
23.504398 82.548286
23.510204 82.576965
23.516008 82.434700
23.521814 126.687645
23.527618 240.430573
23.533424 234.023743
23.539228 82.902603
23.545034 89.539589
23.550838 94.449173
23.556644 94.513702
23.562449 91.603783
23.568254 82.977837
23.574059 82.730705
23.579865 82.769501
23.585669 82.667076
23.591475 82.516762
23.597279 82.504593
23.603085 82.518944
23.608889 82.515450
23.614695 82.492538
23.620499 82.450905
23.626305 82.410927
23.632109 81.837738
23.637915 81.869179
23.643719 197.241364
23.649525 3825.081055
23.655329 3812.655273
23.661135 3730.522949
23.666939 5677.571777
23.672743 5734.843262
23.678549 2076.396240
23.684353 2081.408936
23.690159 2083.616211
23.695963 2071.962891
23.701769 0.000000
23.707573 0.000000
23.713379 0.000000
23.719183 111.109459
23.724989 111.051796
23.730793 107.737511
23.736599 97.439667
23.742403 92.498940
23.748209 82.750183
23.754013 82.951210
23.759819 82.987488
23.765623 164.369766
23.771429 123.529442
23.777233 123.663399
23.783039 123.658272
23.788843 164.393051
23.794649 164.085495
23.800453 163.996964
23.806259 123.132660
23.812063 184.859131
23.817869 373.102905
23.823673 92.348930
23.829479 92.201958
23.835283 92.151787
23.841089 92.232262
23.846893 92.362930
23.852699 373.242859
23.858503 372.673309
23.864309 372.261932
23.870113 372.437164
23.875917 78.105537
23.881723 78.543213
23.887527 78.351692
23.893333 78.852127
23.899137 78.847275
23.904943 91.496429
23.910748 91.453537
23.916553 91.362816
23.922358 441.898224
23.928164 441.705353
23.933968 462.596954
23.939774 462.547607
23.945578 461.556732
23.951384 437.854553
23.957188 439.135468
23.962994 409.332245
23.968798 199.427322
23.974604 198.989807
23.980408 192.726242
23.986214 206.265366
23.992018 194.744186
23.997824 194.342819
24.003628 205.287125
24.009434 199.687592
24.015238 199.585342
24.021044 199.567917
24.026848 199.470810
24.032654 198.884552
24.038458 198.714798
24.044264 198.439331
24.050068 194.263321
24.055874 195.272217
24.061678 195.677292
24.067484 181.947037
24.073288 181.678391
24.079092 228.446533
24.084898 174.105927
24.090702 174.737244
24.096508 175.452423
24.102312 175.808517
24.108118 175.827866
24.113922 171.213394
24.119728 174.180130
24.125532 174.350113
24.131338 174.406326
24.137142 173.987091
24.142948 171.204895
24.148752 170.910110
24.154558 170.238281
24.160362 168.963821
24.166168 167.874390
24.171972 167.502731
24.177778 167.298660
24.183582 167.091644
24.189388 166.963898
24.195192 166.831863
24.200998 167.007767
24.206802 239.931885
24.212608 241.798996
24.218412 243.392609
24.224218 244.032578
24.230022 245.342728
24.235828 168.240891
24.241632 166.553192
24.247438 164.442566
24.253242 161.231720
24.259048 159.721970
24.264853 124.579803
24.270658 207.942276
24.276463 208.870819
24.282269 152.137955
24.288073 151.487717
24.293877 370.149780
24.299683 372.310944
24.305487 374.682831
24.311293 457.677765
24.317097 453.744720
24.322903 376.049133
24.328707 373.973907
24.334513 372.078339
24.340317 123.380775
24.346123 123.509598
24.351927 123.556427
24.357733 123.547173
24.363537 123.491142
24.369343 123.422157
24.375147 123.354576
24.380953 123.277946
24.386757 123.279465
24.392563 123.720444
24.398367 183.326874
24.404173 3185.019287
24.409977 3139.076904
24.415783 3080.861328
24.421587 3020.257324
24.427393 346.675385
24.433197 248.650436
24.439003 248.768982
24.444807 208.797684
24.450613 178.461044
24.456417 167.696548
24.462223 165.367264
24.468027 164.891891
24.473833 172.065826
24.479637 172.457031
24.485443 173.283905
24.491247 170.472488
24.497051 170.801743
24.502857 170.775375
24.508661 170.452850
24.514467 169.913437
24.520271 166.020554
24.526077 166.381683
24.531881 166.336807
24.537687 166.056137
24.543491 165.638611
24.549297 165.189774
24.555101 165.010223
24.560907 164.987015
24.566711 164.957886
24.572517 165.062225
24.578321 165.258698
24.584127 164.921173
24.589931 163.329575
24.595737 161.671265
24.601542 158.618774
24.607347 157.885925
24.613152 157.149307
24.618958 155.771042
24.624762 148.487885
24.630568 148.480759
24.636372 148.752060
24.642178 148.630493
24.647982 147.549026
24.653788 146.837021
24.659592 147.126907
24.665398 147.628189
24.671202 147.581970
24.677008 147.062119
24.682812 147.441422
24.688618 148.485779
24.694422 148.610428
24.700226 148.168182
24.706032 148.198212
24.711836 148.081680
24.717642 147.252090
24.723446 147.025055
24.729252 147.335007
24.735056 146.723831
24.740862 145.706177
24.746666 145.330261
24.752472 285.000031
24.758276 285.397858
24.764082 284.182373
24.769886 280.656769
24.775692 280.123444
24.781496 273.479401
24.787302 272.806274
24.793106 241.941071
24.798912 240.841583
24.804716 269.630920
24.810522 269.303253
24.816326 269.184204
24.822132 82.474480
24.827936 85.008919
24.833742 85.001907
24.839546 84.985092
24.845352 169.131500
24.851156 168.926270
24.856962 168.960129
24.862766 169.195831
24.868572 169.305649
24.874376 168.856354
24.880182 166.269394
24.885986 249.142517
24.891792 251.031036
24.897596 252.942734
24.903400 254.887741
24.909206 257.363831
24.915010 261.355988
24.920816 162.824402
24.926620 164.072372
24.932426 165.107376
24.938231 165.548141
24.944036 165.640442
24.949841 165.363708
24.955647 65.579323
24.961451 65.509865
24.967257 86.466812
24.973061 86.721802
24.978867 271.703522
24.984671 132.119431
24.990477 130.636536
24.996281 109.575005
25.002087 101.813454
25.007891 98.272499
25.013697 79.745979
25.019501 79.781891
25.025307 81.108299
25.031111 250.407990
25.036917 250.701309
25.042721 250.666428
25.048527 250.453354
25.054331 249.822052
25.060137 270.620178
25.065941 3141.018555
25.071747 5802.105469
25.077551 5730.625488
25.083357 5663.657715
25.089161 5617.688965
25.094967 3150.547119
25.100771 3243.683350
25.106575 3314.193604
25.112381 3322.608643
25.118185 3250.148438
25.123991 237.393692
25.129795 237.129684
25.135601 237.016769
25.141405 3383.781494
25.147211 3497.781738
25.153015 210.780075
25.158821 185.219086
25.164625 185.235306
25.170431 91.528381
25.176235 90.582504
25.182041 89.298874
25.187845 86.949707
25.193651 86.827065
25.199455 87.496185
25.205261 87.393967
25.211065 104.702049
25.216871 104.612488
25.222675 104.422623
25.228481 86.831573
25.234285 132.286530
25.240091 132.394623
25.245895 208.589752
25.251701 200.902344
25.257505 200.192352
25.263311 191.927917
25.269115 400.108978
25.274921 129.066254
25.280725 63.696571
25.286531 191.969299
25.292336 195.902420
25.298141 197.414139
25.303946 398.818024
25.309752 401.568115
25.315556 198.615158
25.321360 199.325073
25.327166 203.641098
25.332970 208.918457
25.338776 209.828369
25.344580 210.949295
25.350386 213.945236
25.356190 218.189346
25.361996 217.929840
25.367800 218.018539
25.373606 219.543213
25.379410 220.761932
25.385216 220.633469
25.391020 220.064590
25.396826 219.545288
25.402630 219.024506
25.408436 218.180786
25.414240 108.078278
25.420046 108.076118
25.425850 108.039787
25.431656 107.788574
25.437460 107.774094
25.443266 215.212433
25.449070 107.632919
25.454876 215.252945
25.460680 217.205032
25.466486 218.073074
25.472290 218.382126
25.478096 219.370834
25.483900 222.720032
25.489706 226.613266
25.495510 225.361038
25.501316 224.970352
25.507120 225.022964
25.512926 224.755600
25.518730 223.890701
25.524534 229.436981
25.530340 229.514862
25.536144 229.390945
25.541950 229.261963
25.547754 219.305496
25.553560 4916.133301
25.559364 4859.584961
25.565170 230.022049
25.570974 215.121765
25.576780 215.159683
25.582584 215.361755
25.588390 225.058167
25.594194 225.193192
25.600000 224.814423
25.605804 222.118042
25.611610 4863.331543
25.617414 4790.708496
25.623220 4840.101074
25.629025 4941.095215
25.634830 4990.698730
25.640635 4997.621094
25.646441 4997.989258
25.652245 5004.430176
25.658051 5060.469238
25.663855 5185.628906
25.669661 5270.503906
25.675465 5255.139160
25.681271 5201.676270
25.687075 0.000000
25.692881 246.176895
25.698685 3584.197021
25.704491 3568.662354
25.710295 3550.958252
25.716101 3525.977051
25.721905 215.307098
25.727709 215.269409
25.733515 219.540054
25.739319 219.441528
25.745125 223.754929
25.750929 223.824554
25.756735 223.190826
25.762539 223.192429
25.768345 223.539459
25.774149 223.597794
25.779955 223.880157
25.785759 224.399796
25.791565 225.133026
25.797369 226.878876
25.803175 236.596085
25.808979 237.046570
25.814785 238.052322
25.820589 239.316467
25.826395 238.981537
25.832199 237.828796
25.838005 237.671005
25.843809 238.089035
25.849615 238.482224
25.855419 240.730911
25.861225 244.342590
25.867029 245.153397
25.872835 246.009018
25.878639 246.651535
25.884445 247.070419
25.890249 158.059540
25.896055 158.598999
25.901859 167.360291
25.907665 153.257507
25.913469 219.833588
25.919275 220.460419
25.925079 221.127441
25.930883 220.906235
25.936689 220.072952
25.942493 219.227478
25.948299 219.353378
25.954103 220.088455
25.959909 220.682831
25.965714 220.668579
25.971519 220.222107
25.977324 219.447052
25.983130 218.883224
25.988934 218.725128
25.994740 218.655182
26.000544 217.933594
26.006350 217.374969
26.012154 217.365173
26.017960 217.821671
26.023764 218.416977
26.029570 218.970764
26.035374 219.624878
26.041180 220.668503
26.046984 222.863342
26.052790 223.190994
26.058594 223.088684
26.064400 223.196121
26.070204 223.242310
26.076010 223.168152
26.081814 223.083450
26.087620 223.167130
26.093424 223.320969
26.099230 222.164032
26.105034 220.682495
26.110840 219.800095
26.116644 218.888092
26.122450 217.830872
26.128254 216.830856
26.134060 216.263779
26.139864 216.553391
26.145668 217.316025
26.151474 217.788177
26.157278 218.617371
26.163084 222.621689
26.168888 224.129608
26.174694 224.568314
26.180498 224.913788
26.186304 225.307419
26.192108 225.325592
26.197914 224.409927
26.203718 222.272339
26.209524 218.052948
26.215328 218.097504
26.221134 217.740753
26.226938 216.075745
26.232744 3332.056641
26.238548 3353.343018
26.244354 3371.978516
26.250158 246.673264
26.255964 247.927048
26.261768 248.806061
26.267574 248.646255
26.273378 247.982773
26.279184 246.950485
26.284988 246.230713
26.290794 246.019409
26.296598 247.350067
26.302404 247.862854
26.308208 249.224304
26.314014 250.491699
26.319818 250.374237
26.325624 250.196838
26.331429 250.341568
26.337234 244.846497
26.343039 244.343719
26.348843 244.411972
26.354649 244.489655
26.360453 244.430801
26.366259 252.530960
26.372063 251.896790
26.377869 250.952087
26.383673 249.472626
26.389479 248.781311
26.395283 248.384537
26.401089 248.275452
26.406893 248.813614
26.412699 250.474243
26.418503 129.907364
26.424309 141.684555
26.430113 141.605942
26.435919 133.338135
26.441723 104.005058
26.447529 101.041397
26.453333 102.196426
26.459139 83.489029
26.464943 80.673653
26.470749 80.100166
26.476553 244.700211
26.482359 246.387405
26.488163 246.817215
26.493969 246.801376
26.499773 247.422958
26.505579 248.523468
26.511383 124.277359
26.517189 123.947754
26.522993 123.543869
26.528799 123.473015
26.534603 123.734665
26.540409 248.603317
26.546213 248.452881
26.552017 248.222122
26.557823 247.986954
26.563627 247.632660
26.569433 247.385727
26.575237 247.535675
26.581043 248.176193
26.586847 499.200043
26.592653 499.642639
26.598457 500.776154
26.604263 165.561798
26.610067 165.332413
26.615873 123.761040
26.621677 123.382751
26.627483 98.598419
26.633287 98.177422
26.639093 97.991577
26.644897 97.907120
26.650703 97.799889
26.656507 59.008659
26.662313 149.613220
26.668118 97.124672
26.673923 97.302078
26.679728 122.645042
26.685534 122.825859
26.691338 123.328957
26.697144 123.890518
26.702948 124.071617
26.708754 124.076302
26.714558 65.219604
26.720364 65.257645
26.726168 63.833450
26.731974 62.617950
26.737778 62.867531
26.743584 62.930725
26.749388 62.943935
26.755192 62.989120
26.760998 62.919662
26.766802 62.100407
26.772608 123.348091
26.778412 126.650444
26.784218 126.645248
26.790022 126.663559
26.795828 282.429779
26.801632 282.271912
26.807438 282.477478
26.813242 283.182312
26.819048 293.058228
26.824852 292.894836
26.830658 297.428558
26.836462 297.245148
26.842268 297.326691
26.848072 297.244690
26.853878 295.423615
26.859682 294.450409
26.865488 295.294769
26.871292 295.926208
26.877098 296.063354
26.882902 296.152100
26.888708 296.458435
26.894512 296.542053
26.900318 296.372803
26.906122 296.302460
26.911928 295.982483
26.917732 295.044891
26.923538 294.042999
26.929342 293.463898
26.935148 292.909271
26.940952 291.997650
26.946758 290.515503
26.952562 289.245392
26.958366 275.555328
26.964172 276.126801
26.969976 277.584930
26.975782 277.497772
26.981586 276.999084
26.987392 276.248352
26.993196 263.038879
26.999002 263.363007
27.004807 262.194214
27.010612 259.737122
27.016417 256.423676
27.022223 253.899780
27.028027 251.172058
27.033833 248.472687
27.039637 248.420761
27.045443 248.906998
27.051247 248.844681
27.057053 248.319336
27.062857 248.014130
27.068663 247.952225
27.074467 247.799789
27.080273 247.334183
27.086077 246.909180
27.091883 246.692963
27.097687 246.629623
27.103493 246.478180
27.109297 123.154236
27.115103 121.163261
27.120907 119.870148
27.126713 123.869484
27.132517 125.641068
27.138323 125.779648
27.144127 299.449158
27.149933 294.925323
27.155737 294.166565
27.161543 293.647095
27.167347 293.404755
27.173151 97.613106
27.178957 73.732674
27.184761 73.723595
27.190567 147.003036
27.196371 146.914047
27.202177 115.657707
27.207981 231.967880
27.213787 232.318176
27.219591 74.301445
27.225397 73.851936
27.231201 73.758911
27.237007 73.853691
27.242811 74.033257
27.248617 74.068359
27.254421 73.841141
27.260227 73.759300
27.266031 73.784233
27.271837 73.790245
27.277641 73.823997
27.283447 73.896896
27.289251 73.980324
27.295057 74.030754
27.300861 74.025146
27.306667 147.642624
27.312471 149.120117
27.318277 149.401413
27.324081 269.439087
27.329887 268.430695
27.335691 93.023087
27.341497 167.733536
27.347301 180.177399
27.353107 180.812714
27.358912 244.900330
27.364717 246.114944
27.370522 188.469177
27.376326 246.437347
27.382132 246.112411
27.387936 246.929443
27.393742 248.495331
27.399546 248.908310
27.405352 248.785950
27.411156 248.466660
27.416962 248.413864
27.422766 248.757996
27.428572 248.987244
27.434376 249.167130
27.440182 249.619553
27.445986 249.830368
27.451792 249.863327
27.457596 250.504349
27.463402 252.938126
27.469206 255.044220
27.475012 255.462448
27.480816 263.137665
27.486622 270.257019
27.492426 269.868225
27.498232 270.086273
27.504036 272.947418
27.509842 276.154541
27.515646 280.228760
27.521452 281.649323
27.527256 282.204315
27.533062 294.168610
27.538866 294.327728
27.544672 294.165497
27.550476 294.060272
27.556282 299.514771
27.562086 299.723389
27.567892 299.194092
27.573696 297.759583
27.579500 296.587494
27.585306 296.630585
27.591110 296.956085
27.596916 296.567566
27.602720 294.470947
27.608526 285.185303
27.614330 283.329620
27.620136 281.744202
27.625940 280.343994
27.631746 279.229462
27.637550 278.334351
27.643356 274.429565
27.649160 273.848572
27.654966 285.806610
27.660770 283.992096
27.666576 284.353058
27.672380 278.749847
27.678186 278.809418
27.683990 279.185028
27.689796 270.448547
27.695601 266.302338
27.701406 257.903351
27.707211 257.698761
27.713017 256.627350
27.718821 255.940994
27.724627 255.675064
27.730431 254.692368
27.736237 254.123322
27.742041 253.615860
27.747847 252.519485
27.753651 251.338120
27.759457 250.535797
27.765261 250.171982
27.771067 249.881302
27.776871 249.556305
27.782675 249.475021
27.788481 249.672119
27.794285 249.918945
27.800091 249.951645
27.805895 249.682312
27.811701 249.173721
27.817505 248.392303
27.823311 246.789551
27.829115 242.926987
27.834921 238.074432
27.840725 233.928772
27.846531 231.639572
27.852335 228.756409
27.858141 226.298965
27.863945 223.478714
27.869751 220.997589
27.875555 110.312546
27.881361 110.405998
27.887165 110.451256
27.892971 110.767227
27.898775 111.041275
27.904581 90.770348
27.910385 74.132568
27.916191 112.946579
27.921995 112.995010
27.927801 224.712631
27.933605 224.789734
27.939411 224.926102
27.945215 225.223602
27.951021 225.293060
27.956825 224.976059
27.962631 224.417969
27.968435 223.815155
27.974241 223.572617
27.980045 223.664703
27.985851 224.034256
27.991655 224.372635
27.997459 224.320038
