0.000000 0.000000
0.005805 0.000000
0.011610 0.000000
0.017415 0.000000
0.023220 0.000000
0.029025 0.000000
0.034830 0.000000
0.040635 0.000000
0.046440 0.000000
0.052245 0.000000
0.058050 0.000000
0.063855 0.000000
0.069660 0.000000
0.075465 0.000000
0.081270 0.000000
0.087075 0.000000
0.092880 0.000000
0.098685 0.000000
0.104490 0.000000
0.110295 0.000000
0.116100 0.000000
0.121905 0.000000
0.127710 0.000000
0.133515 0.000000
0.139320 0.000000
0.145125 0.000000
0.150930 0.000000
0.156735 0.000000
0.162540 0.000000
0.168345 0.000000
0.174150 0.000000
0.179955 0.000000
0.185760 0.000000
0.191565 0.000000
0.197370 0.000000
0.203175 0.000000
0.208980 0.000000
0.214785 0.000000
0.220590 0.000000
0.226395 0.000000
0.232200 0.000000
0.238005 0.000000
0.243810 0.000000
0.249615 0.000000
0.255419 0.000000
0.261224 0.000000
0.267029 0.000000
0.272834 0.000000
0.278639 0.000000
0.284444 0.000000
0.290249 0.000000
0.296054 0.000000
0.301859 0.000000
0.307664 0.000000
0.313469 0.000000
0.319274 0.000000
0.325079 0.000000
0.330884 0.000000
0.336689 0.000000
0.342494 0.000000
0.348299 0.000000
0.354104 0.000000
0.359909 0.000000
0.365714 0.000000
0.371519 0.000000
0.377324 0.000000
0.383129 0.000000
0.388934 0.000000
0.394739 0.000000
0.400544 0.000000
0.406349 0.000000
0.412154 0.000000
0.417959 0.000000
0.423764 0.000000
0.429569 0.000000
0.435374 0.000000
0.441179 0.000000
0.446984 0.000000
0.452789 0.000000
0.458594 0.000000
0.464399 0.000000
0.470204 0.000000
0.476009 0.000000
0.481814 0.000000
0.487619 0.000000
0.493424 0.000000
0.499229 0.000000
0.505034 0.000000
0.510839 0.000000
0.516644 0.000000
0.522449 0.000000
0.528254 0.000000
0.534059 0.000000
0.539864 0.000000
0.545669 0.000000
0.551474 0.000000
0.557279 0.000000
0.563084 0.000000
0.568889 0.000000
0.574694 0.000000
0.580499 0.000000
0.586304 0.000000
0.592109 0.000000
0.597914 0.000000
0.603719 0.000000
0.609524 0.000000
0.615329 0.000000
0.621134 0.000000
0.626939 0.000000
0.632744 0.000000
0.638549 0.000000
0.644354 0.000000
0.650159 0.000000
0.655964 0.000000
0.661769 0.000000
0.667574 0.000000
0.673379 0.000000
0.679184 0.000000
0.684989 0.000000
0.690794 0.000000
0.696599 0.000000
0.702404 0.000000
0.708209 0.000000
0.714014 0.000000
0.719819 0.000000
0.725624 0.000000
0.731429 0.000000
0.737234 0.000000
0.743039 0.000000
0.748844 0.000000
0.754649 0.000000
0.760454 0.000000
0.766258 0.000000
0.772063 0.000000
0.777869 0.000000
0.783673 0.000000
0.789478 0.000000
0.795283 0.000000
0.801088 0.000000
0.806893 0.000000
0.812698 0.000000
0.818503 0.000000
0.824308 0.000000
0.830113 0.000000
0.835918 0.000000
0.841723 0.000000
0.847528 0.000000
0.853333 0.000000
0.859138 0.000000
0.864943 0.000000
0.870748 0.000000
0.876553 0.000000
0.882358 0.000000
0.888163 0.000000
0.893968 0.000000
0.899773 0.000000
0.905578 0.000000
0.911383 0.000000
0.917188 0.000000
0.922993 0.000000
0.928798 0.000000
0.934603 0.000000
0.940408 0.000000
0.946213 0.000000
0.952018 0.000000
0.957823 0.000000
0.963628 0.000000
0.969433 0.000000
0.975238 0.000000
0.981043 0.000000
0.986848 0.000000
0.992653 0.000000
0.998458 0.000000
1.004263 0.000000
1.010068 0.000000
1.015873 0.000000
1.021678 0.000000
1.027483 0.000000
1.033288 0.000000
1.039093 0.000000
1.044898 0.000000
1.050703 0.000000
1.056508 0.000000
1.062313 0.000000
1.068118 0.000000
1.073923 0.000000
1.079728 0.000000
1.085533 0.000000
1.091338 0.000000
1.097143 0.000000
1.102948 0.000000
1.108753 0.000000
1.114558 0.000000
1.120363 0.000000
1.126168 0.000000
1.131973 0.000000
1.137778 0.000000
1.143583 0.000000
1.149388 0.000000
1.155193 0.000000
1.160998 0.000000
1.166803 0.000000
1.172608 0.000000
1.178413 0.000000
1.184218 0.000000
1.190023 0.000000
1.195828 0.000000
1.201633 0.000000
1.207438 0.000000
1.213243 0.000000
1.219048 358.331421
1.224853 359.015472
1.230658 199.504288
1.236463 154.647598
1.242268 150.852646
1.248073 147.419952
1.253878 125.182343
1.259683 116.935661
1.265488 92.874817
1.271293 78.171692
1.277097 74.917389
1.282902 69.818687
1.288707 68.638824
1.294513 64.257538
1.300317 61.910511
1.306122 62.595966
1.311927 64.250084
1.317732 64.706619
1.323537 66.172127
1.329342 69.902107
1.335147 64.688461
1.340952 64.639496
1.346757 69.809242
1.352562 69.645523
1.358367 64.263664
1.364172 64.434044
1.369977 55.835361
1.375782 55.911247
1.381587 70.867264
1.387392 70.811241
1.393197 70.725845
1.399002 70.744179
1.404807 56.334782
1.410612 56.357826
1.416417 56.396221
1.422222 67.021652
1.428027 66.816330
1.433832 66.801170
1.439637 66.298164
1.445442 66.269379
1.451247 6465.890625
1.457052 6464.196777
1.462857 0.000000
1.468662 611.144958
1.474467 610.859436
1.480272 186.259689
1.486077 191.001785
1.491882 113.303932
1.497687 111.448151
1.503492 111.526031
1.509297 111.642838
1.515102 112.242241
1.520907 112.582825
1.526712 112.666374
1.532517 112.628830
1.538322 112.258820
1.544127 111.459877
1.549932 111.380661
1.555737 111.843155
1.561542 112.617767
1.567347 112.689201
1.573152 112.618416
1.578957 112.448029
1.584762 112.210632
1.590567 112.207870
1.596372 112.347778
1.602177 112.189453
1.607982 111.905060
1.613787 111.788048
1.619592 111.710938
1.625397 111.576149
1.631202 111.665405
1.637007 111.788269
1.642812 111.742134
1.648617 111.734062
1.654422 111.807243
1.660227 112.027298
1.666032 112.697174
1.671837 176.466019
1.677642 166.657806
1.683447 144.869751
1.689252 141.949646
1.695057 137.380768
1.700862 116.975388
1.706667 102.601364
1.712472 6512.924316
1.718277 76.427544
1.724082 72.540993
1.729887 66.028770
1.735692 63.077103
1.741497 60.847397
1.747302 0.000000
1.753107 97.334282
1.758912 147.807053
1.764717 147.835037
1.770522 73.864426
1.776327 72.572502
1.782132 74.128937
1.787936 74.290756
1.793741 74.333595
1.799546 74.241463
1.805351 74.130066
1.811157 74.271278
1.816961 74.500664
1.822766 74.730019
1.828571 74.917572
1.834376 75.025032
1.840181 75.034897
1.845986 74.994171
1.851791 74.924515
1.857596 74.865768
1.863401 74.834435
1.869206 74.834076
1.875011 74.837837
1.880816 74.816856
1.886621 74.762497
1.892426 74.704514
1.898231 74.477356
1.904036 77.125031
1.909841 96.952583
1.915646 78.717628
1.921451 111.664352
1.927256 111.674294
1.933061 111.626732
1.938866 473.600922
1.944671 543.138611
1.950476 1700.707886
1.956281 1699.324951
1.962086 198.743820
1.967891 476.004456
1.973696 476.295746
1.979501 477.510864
1.985306 74.254791
1.991111 481.764648
1.996916 480.825470
2.002721 480.581268
2.008526 3597.685791
2.014331 3641.173340
2.020136 3815.527832
2.025941 478.926392
2.031746 478.561951
2.037551 479.821381
2.043356 480.953552
2.049161 481.692169
2.054966 482.055573
2.060771 481.844757
2.066576 481.018372
2.072381 480.233368
2.078186 480.626923
2.083991 482.602081
2.089796 484.106628
2.095601 484.771912
2.101406 484.831970
2.107211 483.841614
2.113016 480.819550
2.118821 481.260712
2.124626 483.025757
2.130431 187.240479
2.136236 339.526917
2.142041 337.532043
2.147846 337.279572
2.153651 169.159424
2.159456 168.871445
2.165261 200.267334
2.171066 207.902756
2.176871 207.947311
2.182676 118.939491
2.188481 176.765564
2.194286 176.803482
2.200091 177.002518
2.205896 177.434311
2.211701 177.611664
2.217506 177.501892
2.223311 177.678970
2.229116 178.459686
2.234921 179.222214
2.240726 179.416336
2.246531 179.336014
2.252336 179.288803
2.258141 179.313477
2.263946 179.288345
2.269751 179.137604
2.275556 179.033157
2.281361 179.127716
2.287166 179.272614
2.292970 179.407516
2.298775 179.460861
2.304580 179.416992
2.310385 179.378830
2.316190 179.446625
2.321995 179.569901
2.327801 179.621918
2.333606 179.579620
2.339411 179.436295
2.345215 179.001205
2.351020 178.335251
2.356825 177.234253
2.362630 189.390717
2.368435 195.837845
2.374240 181.485748
2.380045 176.964706
2.385850 168.834518
2.391655 165.013000
2.397460 161.389069
2.403265 102.320564
2.409070 102.325996
2.414875 111.708527
2.420680 112.668434
2.426485 225.087936
2.432290 224.428070
2.438095 112.173637
2.443900 112.379005
2.449705 112.720711
2.455510 112.681313
2.461315 112.389503
2.467120 112.320938
2.472925 112.508690
2.478730 112.793053
2.484535 112.791092
2.490340 112.507919
2.496145 112.321983
2.501950 112.390556
2.507755 112.596802
2.513560 112.639633
2.519365 112.441734
2.525170 112.228249
2.530975 112.184174
2.536780 112.234215
2.542585 112.109871
2.548390 111.806595
2.554195 111.897308
2.560000 112.537216
2.565805 112.726524
2.571610 112.435448
2.577415 112.374825
2.583220 112.238716
2.589025 6430.244629
2.594830 6423.949219
2.600635 6457.974121
2.606440 6509.709961
2.612245 6564.072266
2.618050 125.170235
2.623855 111.376038
2.629660 111.407631
2.635465 113.265129
2.641270 113.250374
2.647075 113.221680
2.652880 113.252861
2.658685 113.269196
2.664490 113.078690
2.670295 111.667183
2.676100 111.757416
2.681905 111.952713
2.687710 112.157410
2.693515 112.295013
2.699320 112.478737
2.705125 112.568436
2.710930 112.459358
2.716735 112.376328
2.722540 112.360519
2.728345 112.350296
2.734150 112.356140
2.739955 112.421936
2.745760 112.511070
2.751565 112.512871
2.757370 112.444992
2.763175 112.422333
2.768980 112.455826
2.774785 112.484146
2.780590 112.496208
2.786395 112.475853
2.792200 112.417183
2.798005 112.417786
2.803810 112.586937
2.809614 112.898117
2.815419 6525.351074
2.821224 6507.830566
2.827029 6539.615234
2.832834 6587.723633
2.838639 6625.764648
2.844445 6623.714844
2.850250 6573.933594
2.856054 6533.018066
2.861859 6533.386719
2.867664 901.291260
2.873469 291.640839
2.879274 290.894409
2.885079 290.668091
2.890884 245.539703
2.896689 485.142761
2.902494 486.090820
2.908299 487.138611
2.914104 153.333649
2.919909 112.399559
2.925714 112.273941
2.931519 112.108040
2.937324 112.135010
2.943129 112.616760
2.948934 113.551773
2.954739 1683.497314
2.960544 1676.866577
2.966349 1666.351685
2.972154 0.000000
2.977959 1651.935791
2.983764 849.570618
2.989569 849.494629
2.995374 852.129700
3.001179 852.807922
3.006984 852.156250
3.012789 849.916809
3.018594 108.208794
3.024399 108.021187
3.030204 95.538155
3.036009 102.773689
3.041814 102.881538
3.047619 6331.746582
3.053424 6357.290039
3.059229 6398.141602
3.065034 6455.633789
3.070839 6529.480957
3.076644 6600.630859
3.082449 904.240784
3.088254 6649.216797
3.094059 904.098633
3.099864 345.145813
3.105669 2354.792725
3.111474 2353.172119
3.117279 89.627716
3.123084 89.626961
3.128889 89.622070
3.134694 113.770386
3.140499 0.000000
3.146304 114.842873
3.152109 0.000000
3.157914 0.000000
3.163719 114.455421
3.169524 0.000000
3.175329 0.000000
3.181134 0.000000
3.186939 0.000000
3.192744 0.000000
3.198549 0.000000
3.204354 0.000000
3.210159 0.000000
3.215964 0.000000
3.221769 0.000000
3.227574 0.000000
3.233379 113.145378
3.239184 113.110161
3.244989 112.909393
3.250794 111.915565
3.256599 94.415359
3.262404 147.056091
3.268209 139.908539
3.274014 0.000000
3.279819 0.000000
3.285624 150.996414
3.291429 150.962448
3.297234 145.137558
3.303039 134.443817
3.308844 96.714165
3.314649 90.563911
3.320453 78.139053
3.326258 75.564766
3.332063 66.065117
3.337868 98.254837
3.343673 93.002159
3.349478 87.190712
3.355283 62.075089
3.361089 63.584148
3.366894 65.648979
3.372698 66.223244
3.378503 65.111336
3.384308 68.883110
3.390113 68.916962
3.395918 68.962509
3.401723 72.111923
3.407528 150.661850
3.413333 43.317402
3.419138 142.301590
3.424943 145.300385
3.430748 147.142303
3.436553 149.474503
3.442358 151.210770
3.448163 43.124321
3.453968 43.129395
3.459773 94.547905
3.465578 96.559814
3.471383 98.647949
3.477188 0.000000
3.482993 48.363937
3.488798 44.984604
3.494603 0.000000
3.500408 6364.125977
3.506213 6327.926270
3.512018 6353.691406
3.517823 6392.920898
3.523628 151.164093
3.529433 140.222595
3.535238 110.120674
3.541043 95.436668
3.546848 88.444298
3.552653 79.617470
3.558458 67.817612
3.564263 65.966843
3.570068 48.979179
3.575873 90.302139
3.581678 60.488586
3.587483 62.835350
3.593288 64.332832
3.599093 66.343071
3.604898 66.373146
3.610703 66.261864
3.616508 67.914757
3.622313 68.056511
3.628118 69.081764
3.633923 74.065369
3.639728 155.472977
3.645533 43.125626
3.651338 147.020798
3.657143 146.815887
3.662948 147.381134
3.668753 148.282410
3.674558 149.727509
3.680363 43.126076
3.686168 91.310974
3.691973 95.985306
3.697778 98.382980
3.703583 0.000000
3.709388 0.000000
3.715193 0.000000
3.720998 376.911774
3.726803 145.068512
3.732608 145.041550
3.738413 118.244164
3.744218 118.284950
3.750023 118.279366
3.755828 118.263779
3.761633 118.276405
3.767438 118.306587
3.773243 118.318382
3.779048 118.202118
3.784853 117.802849
3.790658 118.529434
3.796463 118.671158
3.802268 118.668808
3.808073 118.620110
3.813878 118.637764
3.819683 118.893890
3.825488 119.224442
3.831293 119.334465
3.837097 119.136467
3.842902 118.917618
3.848707 119.154793
3.854512 119.329651
3.860317 119.357864
3.866122 119.147385
3.871927 118.939590
3.877733 119.886307
3.883538 120.011627
3.889342 120.095650
3.895147 120.181877
3.900952 120.240379
3.906757 120.191200
3.912562 120.058929
3.918367 119.918930
3.924172 119.822998
3.929977 119.690712
3.935782 118.918823
3.941587 118.617722
3.947392 118.595566
3.953197 118.638908
3.959002 118.795990
3.964807 118.965714
3.970612 116.955276
3.976417 379.215485
3.982222 333.021301
3.988027 331.641724
3.993832 300.747253
3.999637 201.188156
4.005442 212.634186
4.011247 227.015656
4.017052 227.624146
4.022857 228.537918
4.028662 115.054153
4.034467 279.799255
4.040272 200.141235
4.046077 199.614029
4.051882 117.717758
4.057687 117.656395
4.063492 381.112000
4.069297 390.222351
4.075102 118.441040
4.080907 118.783844
4.086712 119.240524
4.092517 119.321808
4.098322 119.147842
4.104127 118.859138
4.109932 118.328476
4.115737 117.419968
4.121542 117.123184
4.127347 118.724411
4.133152 119.103500
4.138957 119.188736
4.144762 119.318253
4.150567 119.455017
4.156372 119.574547
4.162177 120.160141
4.167982 120.428734
4.173787 0.000000
4.179592 0.000000
4.185397 138.783981
4.191202 131.492767
4.197007 111.702324
4.202812 111.602242
4.208617 107.808990
4.214422 107.545395
4.220227 164.984222
4.226032 173.423264
4.231837 179.345016
4.237642 178.701462
4.243447 177.819443
4.249252 220.434982
4.255057 221.787048
4.260862 223.026489
4.266667 222.846161
4.272471 221.257599
4.278276 220.218826
4.284081 220.770676
4.289886 222.785583
4.295691 223.855957
4.301497 223.451859
4.307302 221.970520
4.313107 221.590851
4.318912 222.757629
4.324717 224.130539
4.330522 224.474350
4.336327 223.987762
4.342132 223.224442
4.347937 222.896194
4.353742 223.810974
4.359547 224.686859
4.365352 224.615540
4.371157 224.216385
4.376961 224.048660
4.382766 224.389114
4.388571 224.806244
4.394376 225.023697
4.400181 149.914413
4.405986 150.162842
4.411791 111.232544
4.417596 111.096466
4.423401 6394.452148
4.429206 6388.662109
4.435011 6428.814453
4.440816 6503.309570
4.446621 151.171890
4.452426 225.838684
4.458231 225.714249
4.464036 0.000000
4.469841 113.291275
4.475646 113.222046
4.481451 111.606949
4.487256 111.506744
4.493061 111.332161
4.498866 111.442383
4.504671 111.729294
4.510476 111.938347
4.516281 111.950821
4.522086 111.737404
4.527891 111.251373
4.533696 111.113297
4.539501 111.342339
4.545306 111.674812
4.551111 111.893135
4.556916 111.931725
4.562721 111.845680
4.568526 111.788139
4.574331 111.784843
4.580136 111.660423
4.585941 111.245613
4.591746 111.208420
4.597551 111.637611
4.603356 111.868355
4.609161 111.960762
4.614966 111.873779
4.620771 111.749214
4.626576 111.777359
4.632381 111.852928
4.638186 111.892441
4.643991 68.197571
4.649796 190.923920
4.655601 154.461685
4.661406 150.860352
4.667211 147.756790
4.673016 114.965790
4.678821 98.060455
4.684626 88.529938
4.690431 80.612274
4.696236 69.098625
4.702041 66.534576
4.707846 48.723507
4.713651 90.604195
4.719456 87.242020
4.725261 63.001534
4.731066 64.150986
4.736871 65.866753
4.742676 66.018890
4.748481 66.552299
4.754286 66.497559
4.760091 66.277870
4.765896 70.867676
4.771701 72.873436
4.777506 160.110733
4.783311 160.590378
4.789115 143.280151
4.794920 143.704010
4.800725 147.652664
4.806530 152.195679
4.812335 152.586105
4.818141 43.106438
4.823946 43.309288
4.829751 91.999832
4.835556 94.156479
4.841361 0.000000
4.847166 0.000000
4.852971 47.531277
4.858776 44.245483
4.864581 44.202389
4.870386 191.642838
4.876191 171.040085
4.881996 170.507919
4.887800 189.723358
4.893605 151.134048
4.899410 151.016251
4.905215 144.999237
4.911020 114.173637
4.916825 102.086174
4.922630 95.259201
4.928435 78.778870
4.934240 76.270691
4.940045 67.610466
4.945850 49.507507
4.951655 0.000000
4.957460 60.142242
4.963265 63.446594
4.969070 65.111763
4.974875 65.348587
4.980680 65.332413
4.986485 70.234169
4.992290 70.244286
4.998095 111.514252
5.003900 111.447121
5.009705 111.345703
5.015510 111.401901
5.021315 111.499718
5.027120 111.635826
5.032925 111.963165
5.038730 112.325935
5.044535 112.470863
5.050340 112.557549
5.056145 112.757187
5.061950 112.999641
5.067755 113.040146
5.073560 112.896690
5.079365 112.618042
5.085170 112.578293
5.090975 112.812912
5.096780 113.033920
5.102585 112.891014
5.108390 112.024040
5.114195 0.000000
5.120000 0.000000
5.125805 612.579834
5.131610 613.016602
5.137415 186.022079
5.143220 185.898697
5.149025 113.311363
5.154830 113.314034
5.160635 111.549950
5.166440 111.608299
5.172245 113.145370
5.178050 113.087479
5.183855 112.877861
5.189660 112.614952
5.195465 112.268845
5.201270 111.958359
5.207075 112.026276
5.212880 112.336922
5.218685 112.736198
5.224490 112.822037
5.230295 112.720551
5.236100 112.496765
5.241905 112.286049
5.247710 112.289398
5.253515 112.320007
5.259320 112.100914
5.265125 111.884743
5.270930 111.853065
5.276735 111.812965
5.282540 111.679810
5.288345 111.791901
5.294150 111.973534
5.299954 111.912750
5.305759 111.781380
5.311564 111.764267
5.317369 111.963364
5.323174 112.430504
5.328979 323.440338
5.334785 171.029984
5.340590 168.431458
5.346395 141.940552
5.352200 134.418945
5.358005 125.079529
5.363810 116.901955
5.369615 106.859146
5.375420 78.862938
5.381225 76.411919
5.387030 72.475662
5.392835 65.942650
5.398640 50.047638
5.404444 0.000000
5.410249 82.803368
5.416054 74.331779
5.421859 73.926102
5.427664 147.114990
5.433469 146.911926
5.439274 74.195374
5.445079 74.355873
5.450884 74.379929
5.456689 74.288277
5.462494 74.166878
5.468299 74.289223
5.474104 74.525986
5.479909 74.726257
5.485714 74.906883
5.491519 75.017479
5.497324 75.027992
5.503129 74.994408
5.508934 74.950058
5.514739 74.899216
5.520544 74.862717
5.526349 74.860596
5.532154 74.864639
5.537959 74.843803
5.543764 81.468971
5.549569 81.514091
5.555374 81.557907
5.561179 81.458138
5.566984 80.864944
5.572789 6386.972656
5.578594 6441.141113
5.584399 6527.392090
5.590204 6600.967773
5.596009 6627.120605
5.601814 79.736320
5.607619 75.631111
5.613424 75.575455
5.619229 75.480530
5.625034 74.670074
5.630839 74.581459
5.636644 74.605400
5.642449 74.586678
5.648254 74.539711
5.654059 74.531403
5.659864 74.568230
5.665669 74.679329
5.671474 74.815834
5.677279 74.843323
5.683084 74.750824
5.688889 74.687904
5.694694 74.377800
5.700499 74.391792
5.706304 74.559273
5.712109 74.550766
5.717914 74.479439
5.723719 74.510399
5.729524 862.928345
5.735329 73.841011
5.741134 73.849709
5.746939 74.014503
5.752744 74.383690
5.758549 74.506912
5.764354 74.588394
5.770159 81.692352
5.775964 81.664368
5.781769 0.000000
5.787574 0.000000
5.793379 172.992813
5.799184 172.862885
5.804989 376.632202
5.810794 337.929901
5.816598 337.732849
5.822403 315.619476
5.828208 200.417450
5.834013 220.821121
5.839818 224.960556
5.845623 86.955856
5.851429 177.195267
5.857234 177.506180
5.863039 177.851486
5.868844 177.944321
5.874649 177.706711
5.880454 177.726273
5.886259 178.283890
5.892064 178.792786
5.897869 178.962296
5.903674 179.073456
5.909479 179.240097
5.915284 179.411835
5.921088 179.406021
5.926893 179.102310
5.932698 178.714951
5.938503 178.534805
5.944308 178.553558
5.950113 178.766434
5.955918 179.133804
5.961723 179.299500
5.967528 179.234528
5.973333 179.132874
5.979138 178.985382
5.984943 178.849243
5.990748 178.870514
5.996553 178.829529
6.002358 178.487656
6.008163 178.259445
6.013968 178.733826
6.019773 189.098495
6.025578 189.753571
6.031383 177.008148
6.037188 177.013306
6.042993 168.605835
6.048798 164.871933
6.054603 161.298233
6.060408 102.231323
6.066213 102.203735
6.072018 111.620422
6.077823 112.243500
6.083628 225.109818
6.089433 224.165222
6.095238 112.030441
6.101043 112.241646
6.106848 112.592125
6.112653 112.620613
6.118458 112.370712
6.124263 112.299995
6.130068 112.483055
6.135873 112.785522
6.141678 112.825905
6.147483 112.582909
6.153288 112.412636
6.159093 112.483185
6.164898 112.687599
6.170703 112.717659
6.176508 112.503311
6.182313 112.273094
6.188118 112.184296
6.193923 112.193939
6.199728 112.079231
6.205533 111.811722
6.211338 111.855324
6.217143 112.439407
6.222948 112.688690
6.228753 112.480392
6.234558 112.433327
6.240363 112.250168
6.246168 111.695663
6.251973 6439.975586
6.257778 6481.174316
6.263583 6564.024902
6.269388 6643.542480
6.275193 6685.260254
6.280998 108.334023
6.286803 108.330009
6.292608 108.341599
6.298413 113.367905
6.304218 113.350403
6.310023 113.292274
6.315828 113.209641
6.321633 111.289024
6.327438 111.611473
6.333242 111.634628
6.339047 111.794060
6.344852 112.078743
6.350657 112.307678
6.356462 112.505188
6.362267 112.565338
6.368073 112.470634
6.373878 112.396355
6.379683 112.393074
6.385488 112.383835
6.391293 112.331238
6.397098 112.357628
6.402903 112.486687
6.408708 112.548569
6.414513 112.508995
6.420318 112.486061
6.426123 112.481026
6.431927 112.448753
6.437732 112.437263
6.443537 112.436699
6.449342 112.414909
6.455147 112.466476
6.460952 112.671860
6.466757 112.788712
6.472562 112.657814
6.478367 6406.162598
6.484172 6412.748047
6.489977 6442.472168
6.495782 6486.789551
6.501587 6544.692871
6.507392 6604.442383
6.513197 6654.526367
6.519002 6717.046875
6.524807 902.989685
6.530612 289.090668
6.536417 289.578094
6.542222 290.220795
6.548027 108.576744
6.553832 485.936157
6.559637 487.195099
6.565442 486.709930
6.571247 484.991150
6.577052 481.445435
6.582857 112.115456
6.588662 111.791901
6.594467 111.897736
6.600272 112.324333
6.606077 112.831467
6.611882 412.477173
6.617687 413.643494
6.623492 71.029526
6.629297 1631.902466
6.635102 859.372314
6.640907 857.209778
6.646712 856.905518
6.652517 856.996704
6.658322 0.000000
6.664127 859.645935
6.669932 86.979156
6.675737 108.149132
6.681542 108.105232
6.687347 95.628677
6.693152 102.858940
6.698957 102.835716
6.704762 102.791420
6.710567 6266.595703
6.716372 6327.371094
6.722177 6373.183594
6.727982 6416.642090
6.733787 6472.507324
6.739592 6555.726562
6.745397 6652.394043
6.751202 6720.074219
6.757007 6752.691406
6.762812 6851.271484
6.768617 3536.105713
6.774422 3461.057861
6.780227 89.596031
6.786032 89.645454
6.791837 0.000000
6.797642 90.227829
6.803447 90.165291
6.809252 0.000000
6.815057 419.763885
6.820862 114.089188
6.826667 0.000000
6.832472 0.000000
6.838277 0.000000
6.844081 0.000000
6.849886 0.000000
6.855691 0.000000
6.861496 0.000000
6.867301 0.000000
6.873106 0.000000
6.878911 0.000000
6.884717 0.000000
6.890522 113.013657
6.896327 112.958580
6.902132 112.760490
6.907937 111.779800
6.913742 94.173378
6.919547 147.258316
6.925352 141.331604
6.931157 875.969604
6.936962 347.005310
6.942767 181.999512
6.948571 181.669998
6.954376 151.086746
6.960181 116.911537
6.965986 113.249535
6.971791 96.612343
6.977596 88.533554
6.983401 78.131828
6.989206 68.553009
6.995011 66.029869
7.000816 49.027573
7.006621 90.882301
7.012426 87.041801
7.018231 62.272453
7.024036 64.247719
7.029841 66.032310
7.035646 66.227798
7.041451 64.498154
7.047256 67.669800
7.053061 68.899483
7.058866 68.889862
7.064671 74.129440
7.070476 43.347454
7.076281 43.148029
7.082086 147.503891
7.087891 146.896332
7.093696 147.368546
7.099501 148.334274
7.105306 149.742676
7.111111 43.120995
7.116916 43.104893
7.122721 91.628906
7.128526 91.207184
7.134331 0.000000
7.140136 0.000000
7.145941 0.000000
7.151746 51.276608
7.157551 67.405647
7.163356 197.464508
7.169161 187.037674
7.174966 151.011917
7.180771 150.827377
7.186576 144.718094
7.192381 113.169487
7.198186 98.189232
7.203991 88.581169
7.209796 79.768990
7.215601 69.847610
7.221406 66.008087
7.227211 49.009972
7.233016 90.854477
7.238821 86.544373
7.244626 62.970028
7.250431 64.317841
7.256236 66.717491
7.262041 67.730042
7.267846 66.172966
7.273651 67.776436
7.279456 67.986702
7.285261 68.909683
7.291066 72.040054
7.296871 155.290955
7.302676 43.106644
7.308481 146.494461
7.314286 146.521729
7.320091 147.046738
7.325896 147.839203
7.331701 149.092621
7.337506 43.128540
7.343311 43.191971
7.349116 93.664696
7.354921 97.927147
7.360725 0.000000
7.366530 0.000000
7.372335 44.080936
7.378140 11726.356445
7.383945 0.000000
7.389750 138.800018
7.395555 118.224243
7.401361 118.275948
7.407166 118.327446
7.412971 118.370583
7.418776 118.349792
7.424581 118.289040
7.430386 118.229752
7.436191 118.090172
7.441996 117.749176
7.447801 118.356750
7.453606 118.665222
7.459411 118.742371
7.465215 118.710289
7.471020 118.718834
7.476825 118.901871
7.482630 119.170830
7.488435 119.290131
7.494240 119.117912
7.500045 118.832298
7.505850 119.030167
7.511655 119.304367
7.517460 119.548454
7.523265 119.521866
7.529070 238.444702
7.534875 119.943413
7.540680 120.116600
7.546485 120.197227
7.552290 120.196411
7.558095 120.127388
7.563900 120.016083
7.569705 119.957993
7.575510 119.937225
7.581315 119.926964
7.587120 119.916466
7.592925 119.817932
7.598730 118.115944
7.604535 118.370445
7.610340 118.598396
7.616145 118.655975
7.621950 118.613571
7.627755 116.703949
7.633560 374.410675
7.639365 338.239044
7.645170 319.504761
7.650975 320.147675
7.656780 212.995255
7.662585 212.982727
7.668390 226.286224
7.674195 226.501999
7.680000 226.875610
7.685805 115.948143
7.691610 84.987099
7.697415 201.634918
7.703220 200.014420
7.709025 117.360443
7.714830 117.741531
7.720635 118.216461
7.726440 118.509239
7.732245 118.559456
7.738050 118.756516
7.743855 119.176598
7.749660 119.232094
7.755465 119.161339
7.761270 119.112885
7.767075 118.877792
7.772880 116.808273
7.778685 118.626038
7.784490 118.933090
7.790295 119.002151
7.796100 118.994720
7.801905 119.121353
7.807710 119.343651
7.813515 119.542053
7.819320 119.796120
7.825125 120.000549
7.830930 120.138611
7.836735 0.000000
7.842540 131.925842
7.848345 121.173019
7.854150 121.141220
7.859955 111.540520
7.865760 110.829758
7.871564 105.273109
7.877369 165.192291
7.883174 173.346786
7.888979 179.606674
7.894784 179.392502
7.900589 177.691284
7.906394 220.117889
7.912199 221.543640
7.918005 222.965118
7.923810 222.906540
7.929615 221.360825
7.935420 220.100372
7.941225 220.297653
7.947030 222.096725
7.952835 223.788895
7.958640 223.694839
7.964445 222.339905
7.970250 221.770981
7.976054 222.814178
7.981859 224.169952
7.987664 224.569382
7.993469 224.036606
7.999274 223.123047
8.005079 222.637878
8.010884 223.556198
8.016689 224.657059
8.022494 224.717514
8.028299 224.372391
8.034104 224.116882
8.039909 224.385223
8.045714 224.896439
8.051519 225.218628
8.057324 111.361938
8.063129 110.916237
8.068934 111.010132
8.074739 111.180008
8.080544 111.202042
8.086349 6329.593262
8.092155 6335.820312
8.097960 6399.428711
8.103765 151.168869
8.109570 151.197235
8.115375 483.570129
8.121180 249.869263
8.126985 249.971054
8.132789 108.345398
8.138594 111.659103
8.144399 111.618370
8.150204 111.588074
8.156009 111.632675
8.161814 111.818512
8.167619 111.958374
8.173424 111.954338
8.179229 111.835304
8.185034 111.458321
8.190839 111.237953
8.196644 111.333389
8.202449 111.567390
8.208254 111.808136
8.214059 111.910622
8.219864 111.823853
8.225669 111.722382
8.231474 111.690796
8.237279 111.605751
8.243084 111.280800
8.248889 111.258469
8.254694 111.512383
8.260499 111.757637
8.266304 111.963570
8.272109 111.932533
8.277914 111.773056
8.283719 111.753922
8.289524 111.843147
8.295329 111.951675
8.301134 112.085968
8.306939 50.528458
8.312744 178.568771
8.318549 154.182098
8.324354 151.181015
8.330159 145.143127
8.335963 114.899918
8.341768 96.745781
8.347573 87.410393
8.353378 78.071907
8.359183 68.572754
8.364988 66.497650
8.370793 48.730499
8.376598 90.025742
8.382403 61.147655
8.388208 62.875271
8.394013 63.552338
8.399818 66.379410
8.405623 66.323936
8.411428 65.346115
8.417233 65.312103
8.423038 68.537315
8.428843 43.066406
8.434649 151.550079
8.440454 149.122437
8.446259 145.335693
8.452064 113.235626
8.457869 95.827744
8.463674 87.215126
8.469479 77.054474
8.475284 67.273743
8.481089 65.886482
8.486894 49.121773
8.492699 90.430283
8.498504 60.450706
8.504309 62.806210
8.510114 64.440201
8.515919 67.578758
8.521724 68.691757
8.527529 64.978310
8.533334 68.692879
8.539139 65.450623
8.544943 61.386318
8.550748 0.000000
8.556553 151.024734
8.562358 150.972839
8.568163 150.570618
8.573968 117.289490
8.579773 93.962112
8.585578 90.139763
8.591383 74.317329
8.597188 72.948097
8.602993 69.900322
8.608798 69.864876
8.614603 57.975418
8.620408 59.035213
8.626213 62.710304
8.632018 63.750507
8.637823 65.311020
8.643628 65.350296
8.649433 70.218987
8.655238 68.829712
8.661043 64.793816
8.666848 68.927834
8.672653 69.071312
8.678458 64.203362
8.684263 71.517082
8.690068 55.766857
8.695873 55.935135
8.701678 71.815620
8.707483 71.848618
8.713288 71.870995
8.719093 72.024765
8.724898 56.423645
8.730703 56.434422
8.736508 56.395889
8.742313 67.488663
8.748117 66.282120
8.753922 66.718040
8.759727 66.294769
8.765532 66.337357
8.771338 66.401176
8.777143 70.406700
8.782948 0.000000
8.788753 611.351196
8.794558 611.209106
8.800363 64.805923
8.806168 71.125305
8.811973 71.122528
8.817778 71.126549
8.823583 71.123283
8.829388 73.261581
8.835193 73.900352
8.840998 74.195404
8.846803 70.866264
8.852608 112.385635
8.858413 112.121132
8.864218 111.788284
8.870023 111.668968
8.875828 112.025688
8.881633 112.647621
8.887438 112.861015
8.893243 112.793587
8.899048 112.563942
8.904853 112.272316
8.910658 112.192215
8.916463 112.257622
8.922268 112.089409
8.928073 111.818756
8.933878 111.726387
8.939683 111.699944
8.945488 111.580940
8.951293 111.649323
8.957097 111.819710
8.962902 111.816566
8.968707 111.749649
8.974512 111.779800
8.980317 112.059250
8.986122 112.379555
8.991927 342.155792
8.997732 172.962784
9.003537 145.035812
9.009342 144.985855
9.015147 140.852386
9.020952 121.770462
9.026757 117.330925
9.032562 0.000000
9.038367 75.885399
9.044172 76.308067
9.049977 71.167732
9.055782 50.001148
9.061587 51.000175
9.067392 0.000000
9.073197 74.472900
9.079002 74.348267
9.084807 74.140495
9.090612 146.965988
9.096417 146.530212
9.102222 147.049759
9.108027 74.340576
9.113832 74.324074
9.119637 74.210991
9.125443 74.160240
9.131248 74.287796
9.137053 74.465492
9.142858 74.715508
9.148663 74.944473
9.154468 75.033073
9.160272 75.040344
9.166077 75.032867
9.171882 75.012749
9.177687 74.952278
9.183492 74.905266
9.189297 74.890686
9.195102 74.865723
9.200907 74.812370
9.206712 74.698364
9.212517 81.720146
9.218322 81.758766
9.224127 81.799988
9.229932 79.775589
9.235737 6382.700195
9.241542 6430.130371
9.247347 6489.050781
9.253152 6558.921875
9.258957 6639.500977
9.264762 902.576904
9.270567 903.316956
9.276372 904.729736
9.282177 1812.437134
9.287982 74.754295
9.293787 74.629906
9.299592 74.584869
9.305397 74.603333
9.311202 74.581345
9.317007 74.572609
9.322812 74.593651
9.328617 74.696930
9.334422 74.825165
9.340227 74.862083
9.346032 74.795776
9.351837 74.678482
9.357642 74.361336
9.363446 74.391640
9.369251 74.450333
9.375056 74.424187
9.380861 74.438469
9.386666 74.635033
9.392471 885.033997
9.398276 73.850731
9.404081 73.864510
9.409886 74.090935
9.415691 74.416809
9.421496 74.558929
9.427301 74.622826
9.433106 81.666206
9.438911 81.658691
9.444716 178.682404
9.450521 178.493668
9.456326 138.583725
9.462132 430.552673
9.467937 332.747406
9.473742 315.744843
9.479547 316.067902
9.485352 207.120667
9.491157 207.397552
9.496962 207.643280
9.502767 87.320610
9.508572 116.032265
9.514377 176.585373
9.520182 177.133698
9.525987 177.663925
9.531792 177.799255
9.537597 177.622513
9.543402 177.685089
9.549207 178.326706
9.555012 179.057877
9.560817 179.334717
9.566622 179.337433
9.572426 179.326294
9.578231 179.338120
9.584036 179.278946
9.589841 179.104538
9.595646 179.002884
9.601451 179.138412
9.607256 179.329910
9.613061 179.456894
9.618866 179.466293
9.624671 179.424820
9.630476 179.452713
9.636281 179.568985
9.642086 179.674728
9.647891 179.706528
9.653696 179.674515
9.659501 179.537628
9.665306 179.009689
9.671111 178.124588
9.676916 177.306702
9.682721 189.269058
9.688526 195.803055
9.694331 181.641373
9.700136 176.895584
9.705941 168.728760
9.711746 164.834198
9.717551 102.313637
9.723356 102.291328
9.729161 102.270622
9.734966 111.651253
9.740771 112.742989
9.746576 224.935913
9.752381 224.228424
9.758186 112.067413
9.763991 112.274429
9.769796 112.627296
9.775600 112.624283
9.781405 112.369080
9.787210 112.328171
9.793015 112.545135
9.798820 112.838608
9.804626 112.832588
9.810431 112.547035
9.816236 112.370667
9.822041 112.456856
9.827846 112.681313
9.833651 112.725441
9.839456 112.504463
9.845261 112.253983
9.851066 112.180092
9.856871 112.218742
9.862676 112.097145
9.868481 111.822418
9.874286 111.973122
9.880091 112.615288
9.885896 112.765465
9.891701 112.423218
9.897506 112.356796
9.903311 112.161453
9.909116 111.852699
9.914921 6461.018555
9.920726 6467.909668
9.926531 6490.393555
9.932336 6515.342773
9.938141 6537.186523
9.943946 6558.876465
9.949751 113.292725
9.955556 115.069237
9.961361 113.214172
9.967166 113.229073
9.972971 113.220169
9.978776 113.167458
9.984580 111.388283
9.990385 111.360924
9.996190 111.452423
10.001995 111.852379
10.007800 112.128593
10.013605 112.306297
10.019410 112.509048
10.025215 112.573746
10.031020 112.468788
10.036825 112.359215
10.042630 112.291672
10.048435 112.248032
10.054240 112.257713
10.060045 112.362564
10.065850 112.485596
10.071655 112.495453
10.077460 112.466072
10.083265 112.519493
10.089070 112.601456
10.094875 112.594994
10.100680 112.525772
10.106485 112.466156
10.112290 112.448212
10.118095 112.517761
10.123900 112.680878
10.129705 112.729607
10.135510 112.671967
10.141315 6348.984375
10.147120 6368.383301
10.152925 6412.808105
10.158731 6470.065430
10.164536 6539.895508
10.170341 6626.437988
10.176146 6739.598145
10.181951 6922.163086
10.187755 7075.055664
10.193560 301.518005
10.199365 290.246643
10.205170 292.923248
10.210975 248.399353
10.216780 481.117401
10.222585 484.917816
10.228390 487.104126
10.234195 490.667938
10.240000 112.328476
10.245805 112.290535
10.251610 112.210938
10.257415 112.208832
10.263220 112.514023
10.269025 113.273651
10.274830 413.442780
10.280635 1658.269775
10.286440 1651.122925
10.292245 0.000000
10.298050 567.339050
10.303855 563.017212
10.309660 563.047974
10.315465 851.172363
10.321270 854.024109
10.327075 855.528015
10.332880 854.619202
10.338685 108.119949
10.344490 569.294678
10.350295 570.771973
10.356100 102.879578
10.361905 102.813148
10.367710 404.236298
10.373515 6331.812012
10.379320 6382.166992
10.385125 6423.095215
10.390930 6453.950195
10.396734 6479.191406
10.402539 6505.507812
10.408344 6531.549316
10.414149 6516.667969
10.419954 903.504456
10.425759 344.952820
10.431564 301.936646
10.437369 201.244156
10.443174 89.583412
10.448979 89.508186
10.454784 0.000000
10.460589 89.798134
10.466394 89.844116
10.472199 0.000000
10.478004 0.000000
10.483809 113.716141
10.489614 0.000000
10.495420 0.000000
10.501225 0.000000
10.507030 0.000000
10.512835 0.000000
10.518640 0.000000
10.524445 0.000000
10.530250 0.000000
10.536055 0.000000
10.541860 0.000000
10.547665 0.000000
10.553470 113.069992
10.559275 112.969292
10.565080 112.891205
10.570885 90.986267
10.576690 94.184792
10.582495 146.760818
10.588300 135.329269
10.594105 0.000000
10.599909 262.180542
10.605714 0.000000
10.611519 151.154175
10.617324 151.124817
10.623129 132.101547
10.628934 115.142014
10.634739 95.572121
10.640544 86.382843
10.646349 75.653061
10.652154 68.486023
10.657959 66.020561
10.663764 48.635181
10.669569 89.407471
10.675374 61.370899
10.681179 62.781868
10.686984 64.298744
10.692789 66.071442
10.698594 65.931091
10.704399 65.154518
10.710204 68.717194
10.716009 68.930862
10.721814 70.982002
10.727619 75.109795
10.733424 43.321308
10.739229 59.233032
10.745034 148.867813
10.750839 147.852539
10.756644 148.131668
10.762449 149.320496
10.768254 151.228287
10.774059 43.153687
10.779864 90.919838
10.785669 91.311417
10.791474 91.027786
10.797279 0.000000
10.803084 0.000000
10.808888 0.000000
10.814693 51.458778
10.820498 6458.280762
10.826303 6416.162598
10.832108 6419.581543
10.837914 6458.852539
10.843719 154.396851
10.849524 148.305771
10.855329 6615.891113
10.861134 6586.840820
10.866939 92.881035
10.872744 81.633957
10.878549 77.208527
10.884354 66.407578
10.890159 65.357155
10.895964 49.087479
10.901769 87.462898
10.907574 61.834377
10.913379 63.503803
10.919184 65.054573
10.924989 67.411423
10.930794 64.959145
10.936599 66.835419
10.942404 67.980995
10.948209 68.069305
10.954014 72.054611
10.959819 160.347092
10.965624 43.159527
10.971429 43.122723
10.977234 146.877747
10.983039 147.988174
10.988844 149.285248
10.994649 150.785522
11.000454 43.150578
11.006259 43.126362
11.012063 91.972275
11.017868 90.173645
11.023673 89.691925
11.029478 0.000000
11.035283 43.258064
11.041088 11494.664062
11.046893 11557.625000
11.052698 128.522034
11.058503 118.784111
11.064308 118.671814
11.070113 118.491600
11.075918 118.405411
11.081723 118.329391
11.087528 118.309959
11.093333 118.303032
11.099138 118.187668
11.104943 117.925285
11.110748 118.112587
11.116553 118.768295
11.122358 118.819878
11.128163 118.732948
11.133968 118.752228
11.139773 119.038383
11.145578 119.262543
11.151383 119.258606
11.157188 118.929657
11.162993 118.686661
11.168798 118.967751
11.174603 119.259804
11.180408 119.502724
11.186213 119.660881
11.192019 238.679916
11.197824 119.867653
11.203629 119.967278
11.209434 120.005608
11.215239 120.005997
11.221043 120.003517
11.226848 119.986526
11.232653 119.954819
11.238458 119.911400
11.244263 119.880806
11.250068 119.856033
11.255873 119.701363
11.261678 118.504562
11.267483 118.614899
11.273288 118.982689
11.279093 119.740051
11.284898 119.693687
11.290703 117.284103
11.296508 378.019562
11.302313 333.275452
11.308118 300.706360
11.313923 300.741547
11.319728 201.763870
11.325533 201.762100
11.331338 201.684509
11.337143 226.715683
11.342948 226.946045
11.348753 85.277893
11.354558 85.184326
11.360363 201.023285
11.366168 198.018188
11.371973 117.094780
11.377778 117.827782
11.383583 118.144295
11.389388 118.252190
11.395193 118.169418
11.400998 118.172409
11.406803 118.780418
11.412608 118.993637
11.418413 118.913094
11.424217 118.701317
11.430022 118.291740
11.435827 117.812355
11.441632 117.899117
11.447437 118.623047
11.453242 118.844322
11.459047 118.897369
11.464852 119.019096
11.470657 119.149063
11.476462 119.153091
11.482267 119.499359
11.488072 120.252190
11.493877 120.472832
11.499682 0.000000
11.505487 139.086960
11.511292 121.296837
11.517097 121.422760
11.522902 111.583076
11.528708 107.787369
11.534513 107.701027
11.540318 164.850922
11.546123 173.333313
11.551928 177.660202
11.557733 177.811417
11.563538 177.651917
11.569343 220.292770
11.575148 221.254944
11.580953 222.475647
11.586758 222.458054
11.592563 221.114258
11.598368 220.107681
11.604173 220.554367
11.609978 222.606918
11.615783 223.804810
11.621588 223.337433
11.627392 221.942184
11.633197 221.545547
11.639002 222.637421
11.644807 224.007004
11.650612 224.446503
11.656417 224.023788
11.662222 223.305222
11.668027 223.002121
11.673832 223.810669
11.679637 224.562714
11.685442 224.467575
11.691247 224.183029
11.697052 224.143082
11.702857 224.494720
11.708662 224.977615
11.714467 225.278580
11.720272 112.653191
11.726077 111.371033
11.731882 112.603317
11.737687 112.695068
11.743492 112.783409
11.749297 6659.387207
11.755102 6613.859375
11.760907 6598.021973
11.766712 151.249313
11.772517 220.212418
11.778322 226.194427
11.784127 226.387421
11.789932 108.362968
11.795737 111.641243
11.801542 111.501755
11.807347 111.395279
11.813152 111.240753
11.818957 111.310196
11.824762 111.582413
11.830567 111.745674
11.836371 111.773140
11.842176 111.677208
11.847981 111.419098
11.853786 111.307808
11.859591 111.411850
11.865396 111.626640
11.871202 111.871544
11.877007 111.976952
11.882812 111.911598
11.888617 111.860550
11.894422 111.886368
11.900227 111.847717
11.906032 111.517227
11.911837 111.351814
11.917642 111.636230
11.923447 111.900482
11.929252 111.993721
11.935057 111.832375
11.940862 111.680580
11.946667 111.755913
11.952472 111.879066
11.958277 111.959930
11.964082 111.887947
11.969887 204.629318
11.975692 186.781708
11.981497 154.052063
11.987302 150.953232
11.993107 145.112503
11.998912 111.325394
12.004717 94.382050
12.010522 87.474052
12.016327 79.732292
12.022132 66.598297
12.027937 65.502754
12.033742 49.259838
12.039546 89.654152
12.045351 61.360390
12.051156 62.834251
12.056961 64.291168
12.062766 66.014740
12.068571 65.898537
12.074376 65.222374
12.080181 66.203583
12.085986 66.099892
12.091791 71.005119
12.097596 160.653824
12.103401 161.861755
12.109206 43.066406
12.115011 152.400940
12.120816 152.604523
12.126621 152.662964
12.132426 152.695801
12.138231 152.877167
12.144036 43.209835
12.149841 97.211105
12.155646 97.134850
12.161451 95.479523
12.167256 0.000000
12.173061 0.000000
12.178866 44.340961
12.184671 44.135651
12.190476 0.000000
12.196281 170.773438
12.202086 170.338150
12.207891 74.112534
12.213696 150.996780
12.219501 151.027084
12.225307 150.823090
12.231112 144.947205
12.236917 108.516823
12.242722 99.126076
12.248526 85.933617
12.254331 77.010750
12.260136 70.075882
12.265941 67.242493
12.271746 49.613750
12.277551 0.000000
12.283356 60.141167
12.289161 63.440853
12.294966 64.428627
12.300771 65.379700
12.306576 69.932426
12.312381 70.237282
12.318186 70.242134
12.323991 111.648682
12.329796 111.584892
12.335601 111.465050
12.341406 111.477699
12.347211 111.567741
12.353016 111.759621
12.358821 112.097565
12.364626 112.401451
12.370431 112.541748
12.376236 112.675140
12.382041 112.917198
12.387846 113.016838
12.393651 112.967224
12.399456 112.678841
12.405261 112.461853
12.411066 112.429787
12.416871 112.498688
12.422676 112.435104
12.428481 111.860870
12.434286 111.372986
12.440091 0.000000
12.445896 611.528564
12.451700 611.297668
12.457505 302.319855
12.463310 302.110168
12.469115 279.327393
12.474920 279.370728
12.480725 111.560539
12.486530 111.595947
12.492335 111.627258
12.498140 111.735252
12.503945 112.437515
12.509750 112.527496
12.515555 112.435875
12.521360 112.035347
12.527165 111.456314
12.532970 111.493713
12.538775 112.578514
12.544580 112.737381
12.550385 112.713257
12.556190 112.658981
12.561996 112.398453
12.567801 112.063538
12.573606 112.147415
12.579411 112.191246
12.585216 111.857018
12.591021 111.575211
12.596826 111.591354
12.602631 111.583992
12.608436 111.556107
12.614241 111.701859
12.620046 111.744301
12.625851 111.654182
12.631656 111.679657
12.637461 111.889221
12.643266 112.111801
12.649071 112.722542
12.654876 158.039795
12.660680 158.035843
12.666485 150.742477
12.672290 145.002014
12.678095 140.710251
12.683900 121.576393
12.689705 115.498734
12.695510 102.019730
12.701315 78.758644
12.707120 162.719009
12.712925 65.018181
12.718730 49.519863
12.724535 65.099937
12.730340 83.921608
12.736145 82.325966
12.741950 74.271835
12.747755 73.841736
12.753560 146.639343
12.759365 146.406860
12.765170 74.315552
12.770975 74.368996
12.776780 74.281677
12.782585 74.120644
12.788390 74.118355
12.794195 74.312241
12.800000 74.541458
12.805805 74.823608
12.811610 74.984718
12.817415 75.033989
12.823220 75.022964
12.829025 82.428680
12.834830 82.589310
12.840635 74.967361
12.846440 74.870674
12.852245 74.824661
12.858050 74.791435
12.863854 81.844116
12.869659 81.615669
12.875464 81.691536
12.881269 81.739349
12.887074 82.355225
12.892879 80.700378
12.898685 6400.921875
12.904490 6457.494141
12.910295 6518.953613
12.916100 6570.489258
12.921905 6603.236816
12.927710 903.252136
12.933515 74.864677
12.939320 74.873383
12.945125 74.854874
12.950930 74.789070
12.956735 74.749352
12.962540 74.711990
12.968345 74.604362
12.974150 74.543098
12.979955 74.511497
12.985760 74.519890
12.991565 74.626007
12.997370 74.725220
13.003175 74.705673
13.008980 74.641411
13.014785 74.530510
13.020590 74.431396
13.026395 74.451454
13.032200 74.415710
13.038005 74.365692
13.043810 74.457405
13.049615 74.673279
13.055420 74.257889
13.061225 73.973770
13.067030 74.060081
13.072834 74.388618
13.078639 74.563637
13.084444 74.596230
13.090249 81.481064
13.096054 81.698845
13.101859 177.749573
13.107664 176.946091
13.113469 177.450226
13.119274 175.532913
13.125079 172.170120
13.130884 331.473297
13.136689 330.454620
13.142494 328.758057
13.148299 201.155533
13.154104 213.394623
13.159909 213.412094
13.165714 87.408546
13.171519 87.365334
13.177324 177.124405
13.183129 177.286942
13.188934 177.437653
13.194739 177.506577
13.200544 177.539627
13.206349 178.004501
13.212154 178.830566
13.217959 179.363220
13.223764 179.465027
13.229569 179.385696
13.235374 179.338364
13.241179 179.327530
13.246984 179.240204
13.252789 179.084869
13.258595 179.087204
13.264400 179.243408
13.270205 179.405518
13.276009 179.500931
13.281814 179.469849
13.287619 179.403702
13.293424 179.427841
13.299229 179.552124
13.305034 179.665207
13.310839 179.675873
13.316644 179.559402
13.322449 179.032150
13.328254 178.052765
13.334059 177.453613
13.339864 181.125092
13.345669 194.893036
13.351474 195.431244
13.357279 181.411453
13.363084 168.598602
13.368889 168.528931
13.374694 164.796875
13.380499 102.560135
13.386304 102.512764
13.392109 157.574860
13.397914 111.787880
13.403719 112.609512
13.409524 224.849640
13.415329 112.154007
13.421134 112.206406
13.426939 112.515663
13.432744 112.842033
13.438549 112.670059
13.444354 112.402313
13.450159 112.425453
13.455964 112.724396
13.461769 112.977356
13.467574 112.836983
13.473379 112.521751
13.479183 112.410057
13.484988 112.559052
13.490793 112.744766
13.496598 112.678940
13.502403 112.420677
13.508208 112.229256
13.514013 112.223785
13.519818 112.206909
13.525623 111.920593
13.531428 111.708115
13.537233 112.186882
13.543038 112.768791
13.548843 112.567947
13.554648 112.163406
13.560453 112.155746
13.566258 111.935043
13.572063 112.171280
13.577868 6426.691895
13.583673 6434.752441
13.589478 6492.937012
13.595284 6598.495117
13.601089 6708.455078
13.606894 6747.567383
13.612699 6742.119629
13.618504 6751.766602
13.624309 113.223473
13.630114 113.219978
13.635919 113.177475
13.641724 111.612831
13.647529 111.576195
13.653334 111.441376
13.659139 111.576942
13.664944 112.043900
13.670749 112.302086
13.676554 112.361832
13.682359 112.513115
13.688163 112.570305
13.693968 112.513756
13.699773 112.398643
13.705578 112.292160
13.711383 112.248093
13.717188 112.298347
13.722993 112.440811
13.728798 112.563545
13.734603 112.579727
13.740408 112.543457
13.746213 112.530563
13.752018 112.548683
13.757823 112.555557
13.763628 112.516304
13.769433 112.430931
13.775238 112.407394
13.781043 112.532967
13.786848 112.708153
13.792653 112.657440
13.798458 6381.471680
13.804263 6338.211426
13.810068 6369.454102
13.815873 6428.195312
13.821678 6498.824219
13.827483 6553.587402
13.833288 6572.291504
13.839093 6584.273438
13.844898 6651.327637
13.850703 279.332733
13.856508 290.536133
13.862313 290.436829
13.868118 455.871552
13.873923 478.651672
13.879728 480.654144
13.885533 481.710724
13.891337 482.755646
13.897142 112.344986
13.902947 112.124756
13.908752 111.900963
13.914557 0.000000
13.920362 112.251984
13.926167 113.033615
13.931973 113.632355
13.937778 414.499268
13.943583 842.993103
13.949388 850.256958
13.955193 569.365784
13.960998 565.745361
13.966803 563.005859
13.972608 563.580322
13.978413 855.208191
13.984218 857.207397
13.990023 859.530701
13.995828 87.048195
14.001633 562.515808
14.007438 566.287231
14.013243 576.130127
14.019048 102.829826
14.024853 102.753899
14.030658 6577.764648
14.036463 6525.817871
14.042268 6526.518555
14.048073 6540.187988
14.053878 6555.299316
14.059683 6573.144531
14.065488 6608.858887
14.071293 6665.804199
14.077098 6719.637695
14.082903 6747.481934
14.088708 1798.015625
14.094513 1785.494019
14.100317 219.445786
14.106122 89.557632
14.111927 113.433136
14.117732 113.372574
14.123537 113.492226
14.129342 114.226875
14.135147 0.000000
14.140952 114.125793
14.146757 113.758156
14.152562 0.000000
14.158367 0.000000
14.164172 0.000000
14.169977 0.000000
14.175782 0.000000
14.181587 0.000000
14.187392 0.000000
14.193197 0.000000
14.199002 0.000000
14.204807 0.000000
14.210612 0.000000
14.216417 112.993050
14.222222 112.849876
14.228027 112.548813
14.233832 94.782242
14.239637 94.751251
14.245442 145.099884
14.251247 0.000000
14.257052 173.920700
14.262857 180.375809
14.268662 179.738525
14.274467 150.554047
14.280272 145.288635
14.286077 114.807297
14.291883 98.106186
14.297688 90.316849
14.303492 78.101593
14.309297 73.062920
14.315102 65.981575
14.320907 49.075169
14.326712 90.729103
14.332517 87.207916
14.338322 61.986191
14.344127 64.172684
14.349932 66.140167
14.355737 66.207047
14.361542 65.098747
14.367347 66.138519
14.373152 66.304459
14.378957 71.159576
14.384762 74.185379
14.390567 159.674622
14.396372 43.116768
14.402177 147.053864
14.407982 147.298492
14.413787 148.573959
14.419592 150.777023
14.425397 152.885437
14.431202 43.122692
14.437007 90.142090
14.442812 91.807137
14.448617 92.031227
14.454422 0.000000
14.460227 44.606548
14.466032 44.928612
14.471837 44.841728
14.477642 0.000000
14.483447 47.524399
14.489252 197.899353
14.495057 156.567307
14.500862 154.043060
14.506667 148.685654
14.512471 141.873199
14.518276 110.229988
14.524081 94.293816
14.529886 82.452324
14.535691 78.118141
14.541496 66.623627
14.547301 65.968735
14.553106 49.053185
14.558911 89.449562
14.564716 61.399673
14.570521 62.651962
14.576326 64.583847
14.582131 67.238297
14.587936 67.130089
14.593741 67.007439
14.599546 67.932526
14.605351 68.029152
14.611156 69.047531
14.616961 73.315872
14.622766 43.098862
14.628572 43.117496
14.634377 146.317490
14.640182 146.833679
14.645987 147.882828
14.651792 148.995697
14.657597 150.935196
14.663402 43.095921
14.669207 91.178711
14.675012 93.670067
14.680817 96.935760
14.686622 0.000000
14.692427 43.099472
14.698232 43.450317
14.704037 0.000000
14.709842 138.789215
14.715646 128.630417
14.721451 118.360481
14.727256 118.420250
14.733061 118.426277
14.738866 118.376862
14.744671 118.316452
14.750476 118.291794
14.756281 118.209183
14.762086 117.334755
14.767891 117.527977
14.773696 118.279037
14.779501 118.715790
14.785306 118.695450
14.791111 118.569336
14.796916 118.567421
14.802721 118.887085
14.808526 119.136627
14.814331 119.059288
14.820136 118.727356
14.825941 118.840477
14.831746 119.181984
14.837551 119.406601
14.843356 119.509537
14.849161 119.492729
14.854966 119.772285
14.860771 119.950836
14.866576 119.997841
14.872381 119.976807
14.878186 119.925140
14.883991 119.878838
14.889796 119.866142
14.895601 119.876297
14.901406 119.875526
14.907211 119.855934
14.913016 119.793861
14.918821 118.552025
14.924625 118.501152
14.930430 118.661018
14.936235 118.681206
14.942040 118.610397
14.947845 118.529610
14.953650 377.065033
14.959455 336.815674
14.965261 334.255554
14.971066 316.365509
14.976871 201.303833
14.982676 213.492966
14.988481 215.998672
14.994286 226.503082
15.000091 227.477249
15.005896 115.337677
15.011701 115.200394
15.017506 202.253769
15.023311 202.614609
15.029116 115.529243
15.034921 115.693314
15.040726 376.687714
15.046531 376.293335
15.052336 117.984451
15.058141 208.212128
15.063946 118.268784
15.069751 118.984871
15.075556 119.136261
15.081361 119.067520
15.087166 118.809021
15.092971 117.965263
15.098776 116.943893
15.104581 117.192551
15.110386 118.563057
15.116191 118.768776
15.121996 118.895683
15.127800 119.032959
15.133605 119.062775
15.139410 119.061348
15.145215 119.091309
15.151020 119.048386
15.156825 135.587646
15.162630 142.281143
15.168435 121.106674
15.174240 121.225479
15.180045 122.362404
15.185850 137.223862
15.191655 165.420578
15.197460 165.263962
15.203265 151.347046
15.209070 92.879700
15.214875 92.691589
15.220680 86.265556
15.226485 0.000000
15.232290 65.008644
15.238095 162.507080
15.243900 162.792953
15.249705 0.000000
15.255510 0.000000
15.261315 59.240967
15.267120 1521.171997
15.272925 112.571869
15.278730 112.321304
15.284535 111.931732
15.290340 111.678665
15.296145 111.917961
15.301950 112.306969
15.307755 112.564034
15.313560 112.644081
15.319366 222.507065
15.325171 221.710495
15.330976 111.367126
15.336780 112.366547
15.342585 112.611580
15.348390 225.006195
15.354195 224.725098
15.360000 224.795807
15.365805 224.876663
15.371610 223.435989
15.377415 220.552017
15.383220 219.056259
15.389025 220.378952
15.394830 224.136780
15.400635 227.506256
15.406440 228.828018
15.412245 228.621780
15.418050 148.809280
15.423855 150.061295
15.429660 149.895462
15.435465 114.687546
15.441270 93.615089
15.447075 100.378433
15.452880 0.000000
15.458685 590.686890
15.464490 195.145020
15.470295 195.211823
15.476100 195.703812
15.481905 197.429581
15.487710 270.945526
15.493515 271.841034
15.499320 272.325653
15.505125 272.982422
15.510930 281.436890
15.516735 282.750366
15.522540 283.148346
15.528345 282.786255
15.534150 282.136597
15.539954 281.396027
15.545759 280.985077
15.551564 280.769592
15.557369 280.543671
15.563174 280.828033
15.568979 281.731842
15.574784 140.823471
15.580589 568.570435
15.586394 564.590027
15.592199 561.272461
15.598004 277.155823
15.603809 275.522797
15.609614 274.516327
15.615419 273.916809
15.621224 273.500610
15.627029 272.919373
15.632834 272.606750
15.638639 273.291412
15.644444 181.473053
15.650249 181.377762
15.656054 181.297089
15.661860 291.933990
15.667665 271.941864
15.673470 274.035339
15.679275 274.111328
15.685080 273.114990
15.690885 556.236938
15.696690 196.317230
15.702495 197.253052
15.708300 197.178268
15.714105 98.535988
15.719910 98.369720
15.725715 273.897705
15.731520 273.091370
15.737325 272.248840
15.743129 270.489868
15.748934 136.668167
15.754739 153.264572
15.760544 138.445999
15.766349 138.066956
15.772154 109.267670
15.777959 91.400543
15.783764 182.629990
15.789569 548.749146
15.795374 548.352295
15.801179 549.334351
15.806984 181.865692
15.812789 549.491638
15.818594 547.985657
15.824399 546.877258
15.830204 545.691284
15.836009 544.832947
15.841814 268.475220
15.847619 267.105072
15.853424 584.073486
15.859229 261.287415
15.865034 261.718536
15.870839 263.216644
15.876644 167.442719
15.882449 167.470169
15.888254 160.032242
15.894059 130.307999
15.899864 129.952652
15.905669 116.763336
15.911474 0.000000
15.917279 77.722954
15.923084 738.569519
15.928889 737.268372
15.934694 739.218323
15.940499 1392.511719
15.946304 1391.507080
15.952108 1365.980591
15.957913 1324.984253
15.963718 1273.867676
15.969523 1224.526123
15.975328 259.580750
15.981133 259.817810
15.986938 261.083008
15.992743 264.202362
15.998549 266.533478
16.004354 268.345032
16.010159 270.603271
16.015965 272.367065
16.021769 273.151886
16.027575 273.577026
16.033379 273.759918
16.039185 273.608917
16.044989 273.322632
16.050795 273.142639
16.056599 273.751251
16.062403 276.236176
16.068209 277.163605
16.074013 277.043976
16.079819 278.432861
16.085623 1085.973022
16.091429 1082.254150
16.097233 276.486206
16.103039 275.292633
16.108843 273.864197
16.114649 272.665436
16.120453 272.939117
16.126259 274.129578
16.132063 135.827103
16.137869 135.763641
16.143673 104.423271
16.149479 104.167122
16.155283 472.881592
16.161089 138.497879
16.166893 138.233536
16.172699 137.858063
16.178503 137.445450
16.184309 137.210892
16.190113 136.838165
16.195919 135.811539
16.201723 135.185989
16.207529 134.950592
16.213333 134.652588
16.219139 134.088181
16.224943 152.340805
16.230749 152.246094
16.236553 299.022034
16.242359 296.531372
16.248163 296.047577
16.253969 296.287811
16.259773 296.527283
16.265577 296.295044
16.271383 293.399689
16.277187 287.859802
16.282993 444.616425
16.288797 445.078094
16.294603 444.957458
16.300407 444.657379
16.306213 445.405762
16.312017 155.675964
16.317823 154.625854
16.323627 147.855652
16.329433 144.676285
16.335238 116.979767
16.341043 116.988190
16.346848 117.004951
16.352654 181.396194
16.358458 151.147003
16.364264 150.884979
16.370068 67.684204
16.375874 73.437851
16.381678 77.789543
16.387484 82.924797
16.393288 82.018898
16.399094 82.031143
16.404898 74.479584
16.410704 74.363472
16.416508 73.505104
16.422314 72.607986
16.428118 72.587387
16.433924 74.343781
16.439728 74.338326
16.445534 74.282951
16.451338 74.215927
16.457144 74.290657
16.462948 74.362617
16.468752 74.418816
16.474558 74.480446
16.480362 89.060104
16.486168 903.029785
16.491972 908.997253
16.497778 448.156769
16.503582 82.181595
16.509388 78.339874
16.515192 78.163010
16.520998 74.375114
16.526802 74.284592
16.532608 74.215019
16.538412 79.910919
16.544218 444.031006
16.550022 446.431183
16.555828 446.160706
16.561632 443.433685
16.567438 441.380005
16.573242 442.484253
16.579048 445.069611
16.584852 448.796753
16.590658 452.693970
16.596462 455.215851
16.602268 115.034126
16.608072 114.621574
16.613878 450.933502
16.619682 445.984222
16.625488 443.469543
16.631292 80.606972
16.637098 80.519577
16.642902 1119.712769
16.648708 199.128525
16.654512 428.107544
16.660318 428.274902
16.666122 253.816025
16.671926 254.434753
16.677732 198.516785
16.683537 198.497574
16.689342 198.381073
16.695147 587.477844
16.700953 589.144836
16.706757 589.449585
16.712563 198.489136
16.718367 198.403534
16.724173 198.304977
16.729977 198.384964
16.735783 198.625122
16.741587 585.543030
16.747393 587.556580
16.753197 588.827209
16.759003 587.159363
16.764807 198.887024
16.770613 380.739868
16.776417 346.830109
16.782223 345.333679
16.788027 344.233490
16.793833 328.667755
16.799637 108.221214
16.805443 226.130585
16.811247 109.416565
16.817053 176.901108
16.822857 176.810211
16.828663 176.958755
16.834467 177.609863
16.840273 179.137817
16.846077 181.130341
16.851883 182.161865
16.857687 182.975296
16.863493 184.017624
16.869297 185.275879
16.875101 186.662781
16.880907 188.035660
16.886711 189.194611
16.892517 190.045074
16.898321 190.587692
16.904127 559.676208
16.909931 555.169556
16.915737 190.515213
16.921541 189.442322
16.927347 188.697220
16.933151 188.295364
16.938957 187.627518
16.944761 185.964737
16.950567 185.156891
16.956371 184.825623
16.962177 184.372665
16.967981 514.837952
16.973787 514.932861
16.979591 183.498734
16.985397 184.176132
16.991201 184.827057
16.997007 559.946350
17.002811 562.251099
17.008617 189.725616
17.014421 190.079056
17.020227 220.237274
17.026031 88.525719
17.031837 90.553658
17.037642 154.694717
17.043447 108.020767
17.049252 107.056915
17.055058 150.568573
17.060862 151.404984
17.066668 224.026962
17.072472 223.794098
17.078278 224.223877
17.084082 237.008575
17.089886 226.201355
17.095692 215.034454
17.101496 217.256180
17.107302 218.721039
17.113106 219.697433
17.118912 220.442841
17.124716 221.224579
17.130522 222.104340
17.136326 222.887985
17.142132 223.260803
17.147936 223.261002
17.153742 223.101746
17.159546 222.867645
17.165352 222.431885
17.171156 221.803787
17.176962 221.276657
17.182766 220.777039
17.188572 220.124496
17.194376 219.296677
17.200182 218.521301
17.205986 217.801086
17.211792 216.997818
17.217596 216.109314
17.223402 215.315430
17.229206 214.753860
17.235012 214.321976
17.240816 213.974197
17.246622 213.726654
17.252426 213.598785
17.258232 213.512070
17.264036 213.352295
17.269842 213.045715
17.275646 212.665695
17.281452 212.275436
17.287256 105.628754
17.293060 105.260437
17.298866 104.935654
17.304670 104.561630
17.310476 104.159264
17.316280 103.743317
17.322086 206.261490
17.327890 137.157745
17.333696 136.635391
17.339500 136.274414
17.345306 135.999283
17.351110 136.143600
17.356916 137.128448
17.362720 377.974884
17.368526 140.485321
17.374331 188.117142
17.380136 557.533020
17.385941 549.990845
17.391747 549.204346
17.397551 555.254517
17.403357 558.454285
17.409161 557.318359
17.414967 553.819824
17.420771 281.500061
17.426577 281.355286
17.432381 183.805984
17.438187 182.791626
17.443991 278.572327
17.449797 277.851013
17.455601 277.190979
17.461407 278.233612
17.467211 279.244629
17.473017 279.885681
17.478821 279.789825
17.484627 279.210449
17.490431 278.535400
17.496235 269.884766
17.502041 269.145721
17.507845 268.839874
17.513651 269.091125
17.519455 269.222046
17.525261 268.353455
17.531065 267.226501
17.536871 267.525269
17.542675 536.787292
17.548481 539.085022
17.554285 269.922455
17.560091 270.220734
17.565895 270.303955
17.571701 270.161102
17.577505 269.764191
17.583311 269.351715
17.589115 269.156128
17.594921 269.394379
17.600725 270.405823
17.606531 271.399994
17.612335 272.345306
17.618141 273.357819
17.623945 274.058746
17.629751 272.651367
17.635555 271.560089
17.641361 271.420593
17.647165 271.814545
17.652971 272.340240
17.658775 272.836670
17.664581 273.063019
17.670385 271.259308
17.676191 265.561188
17.681995 263.974762
17.687801 262.257263
17.693605 588.825134
17.699409 609.432739
17.705215 608.461243
17.711020 604.606506
17.716825 603.113953
17.722630 601.296753
17.728436 591.813721
17.734240 589.398254
17.740046 736.813354
17.745850 738.153809
17.751656 195.927490
17.757460 196.990967
17.763266 295.904266
17.769070 296.736755
17.774876 297.206696
17.780680 297.225555
17.786486 297.211243
17.792290 297.491425
17.798096 149.966827
17.803900 149.802917
17.809706 266.772125
17.815510 269.916718
17.821316 273.836029
17.827120 276.266388
17.832926 277.917084
17.838730 278.448761
17.844536 277.861176
17.850340 276.551666
17.856146 276.479431
17.861950 277.534119
17.867756 277.816010
17.873560 277.633301
17.879366 277.033386
17.885170 276.448273
17.890976 276.358490
17.896780 276.069702
17.902586 274.805756
17.908390 273.526398
17.914194 273.232544
17.920000 273.167999
17.925804 158.284775
17.931610 158.339554
17.937414 131.990311
17.943220 113.695808
17.949024 87.861320
17.954830 79.296326
17.960634 79.201981
17.966440 1043.667725
17.972244 100.481369
17.978050 98.611130
17.983854 1036.808716
17.989660 1037.086670
17.995464 515.092224
18.001270 514.125183
18.007074 512.179626
18.012880 509.794220
18.018684 507.035461
18.024490 504.244507
18.030294 500.954865
18.036100 495.748749
18.041904 488.634857
18.047710 481.595215
18.053514 155.081131
18.059320 154.837112
18.065125 154.832489
18.070930 137.121063
18.076735 136.962372
18.082541 136.864990
18.088345 274.602905
18.094151 275.433380
18.099955 295.646088
18.105761 296.104767
18.111565 296.184448
18.117369 295.894806
18.123175 295.759247
18.128979 295.979553
18.134785 296.221619
18.140589 148.462433
18.146395 6459.246094
18.152199 6477.876953
18.158005 151.059631
18.163809 150.975525
18.169615 134.434280
18.175419 98.070259
18.181225 94.189835
18.187029 84.308746
18.192835 74.050735
18.198639 65.989044
18.204445 65.826004
18.210249 49.376919
18.216055 85.005730
18.221859 60.441143
18.227665 64.380623
18.233469 66.214333
18.239275 66.350510
18.245079 66.350708
18.250885 66.269623
18.256689 66.092804
18.262495 63.896320
18.268299 594.985962
18.274105 594.050476
18.279909 593.805176
18.285715 593.497009
18.291519 593.457336
18.297325 594.034180
18.303129 594.690125
18.308935 594.775940
18.314739 594.260376
18.320543 593.702576
18.326349 593.562988
18.332153 593.867249
18.337959 594.792664
18.343763 596.239075
18.349569 596.673462
18.355373 595.565796
18.361179 592.445740
18.366983 295.015900
18.372789 198.758102
18.378593 144.990189
18.384399 118.342560
18.390203 118.432724
18.396009 118.534096
18.401814 118.626373
18.407619 118.716019
18.413424 118.781181
18.419230 118.704643
18.425034 118.488091
18.430840 118.223640
18.436644 118.296249
18.442450 118.556023
18.448254 118.696465
18.454060 118.687843
18.459864 118.645386
18.465670 118.820198
18.471474 119.124496
18.477280 119.278481
18.483084 119.167213
18.488890 118.891350
18.494694 118.983475
18.500500 119.182808
18.506304 237.901245
18.512110 236.864960
18.517914 449.642883
18.523718 447.519623
18.529524 444.566925
18.535328 442.325562
18.541134 442.281006
18.546938 445.708588
18.552744 452.769440
18.558548 455.043610
18.564354 450.829773
18.570158 148.192932
18.575964 148.233185
18.581768 148.330032
18.587574 148.734680
18.593378 467.481750
18.599184 468.710205
18.604988 475.772064
18.610794 451.906982
18.616598 404.279968
18.622404 353.590515
18.628208 159.538712
18.634014 159.503769
18.639818 226.518036
18.645624 226.446960
18.651428 226.654755
18.657234 226.724792
18.663038 150.626160
18.668844 294.732788
18.674648 148.319107
18.680454 148.301483
18.686258 148.385757
18.692064 445.260498
18.697868 444.737152
18.703674 444.890686
18.709478 444.741425
18.715284 444.540466
18.721088 444.682709
18.726892 444.766846
18.732698 444.369598
18.738503 444.099548
18.744308 444.160217
18.750113 444.232117
18.755919 444.384003
18.761723 444.495056
18.767529 443.935852
18.773333 442.955475
18.779139 148.570724
18.784943 148.556702
18.790749 148.531693
18.796553 148.441803
18.802359 148.397247
18.808163 148.897614
18.813969 149.303177
18.819773 308.949158
18.825579 309.138123
18.831383 0.000000
18.837189 121.167976
18.842993 121.106964
18.848799 146.389740
18.854603 146.987869
18.860409 148.944809
18.866213 149.993317
18.872019 150.294434
18.877823 99.338013
18.883629 167.366531
18.889433 167.619675
18.895239 222.097107
18.901043 224.110565
18.906849 225.149704
18.912653 225.266739
18.918459 225.076630
18.924263 225.248215
18.930069 225.720947
18.935873 225.911957
18.941677 225.723679
18.947483 225.136078
18.953287 223.995209
18.959093 223.049347
18.964897 223.299347
18.970703 223.829468
18.976507 223.990829
18.982313 223.842911
18.988117 223.594940
18.993923 223.426437
18.999727 223.201996
19.005533 222.648026
19.011337 221.948486
19.017143 221.148300
19.022947 220.169434
19.028753 219.493240
19.034557 219.462479
19.040363 219.784424
19.046167 220.132919
19.051973 220.411591
19.057777 220.551056
19.063583 220.330200
19.069387 219.963821
19.075193 219.755005
19.080997 219.756073
19.086803 219.841461
19.092607 154.682861
19.098413 143.099289
19.104218 143.127289
19.110023 142.688263
19.115828 142.332962
19.121634 143.750473
19.127438 316.614532
19.133244 624.477539
19.139048 619.138489
19.144852 585.927673
19.150658 570.120728
19.156462 572.023804
19.162268 567.489136
19.168072 558.331299
19.173878 554.049927
19.179682 554.114990
19.185488 555.505127
19.191292 552.557251
19.197098 270.951050
19.202902 544.011902
19.208708 544.717163
19.214512 546.943542
19.220318 549.328003
19.226122 549.469604
19.231928 547.617126
19.237732 271.537659
19.243538 270.128296
19.249342 268.774567
19.255148 268.200378
19.260952 267.849243
19.266758 267.290405
19.272562 266.152802
19.278368 265.266357
19.284172 265.099304
19.289978 264.731903
19.295782 176.848831
19.301588 135.767334
19.307392 134.471329
19.313198 111.306541
19.319002 91.972153
19.324808 556.006470
19.330612 548.690125
19.336418 538.463257
19.342222 537.006470
19.348026 536.318054
19.353832 537.836182
19.359636 539.610046
19.365442 540.169678
19.371246 541.914001
19.377052 544.576416
19.382856 545.568298
19.388662 542.066345
19.394466 265.781769
19.400272 265.269531
19.406076 265.541687
19.411882 265.782043
19.417686 265.490662
19.423492 265.140472
19.429296 265.181427
19.435102 265.948578
19.440907 533.640137
19.446712 535.352600
19.452517 539.367126
19.458323 541.316589
19.464127 540.984619
19.469933 540.282898
19.475737 539.391479
19.481543 537.681702
19.487347 264.683929
19.493153 262.750336
19.498957 261.166260
19.504763 259.398407
19.510567 257.395081
19.516373 255.588242
19.522177 254.330795
19.527983 254.218277
19.533787 302.244720
19.539593 148.934723
19.545397 149.011505
19.551201 148.536942
19.557007 118.599205
19.562811 117.803413
19.568617 101.202950
19.574421 73.686745
19.580227 87.292442
19.586031 0.000000
19.591837 131.618210
19.597641 131.638626
19.603447 77.741371
19.609251 77.883614
19.615057 1297.039062
19.620861 256.091980
19.626667 257.886627
19.632471 259.097961
19.638277 260.182556
19.644081 263.361511
19.649887 269.971619
19.655691 270.892120
19.661497 271.267792
19.667301 271.784485
19.673107 272.184448
19.678911 272.170166
19.684717 271.846802
19.690521 271.302582
19.696327 270.616180
19.702131 270.076569
19.707937 269.742371
19.713741 269.295166
19.719547 268.676025
19.725351 268.233215
19.731157 268.091156
19.736961 267.708557
19.742767 266.854095
19.748571 265.849335
19.754377 264.476685
19.760181 263.928894
19.765985 268.350616
19.771791 132.049942
19.777596 131.972061
19.783401 131.891159
19.789206 268.092407
19.795012 173.172592
19.800816 120.038437
19.806622 345.818573
19.812426 346.984558
19.818232 259.963867
19.824036 259.619019
19.829842 258.439758
19.835646 256.032654
19.841452 253.121887
19.847256 524.393127
19.853062 519.297180
19.858866 121.008911
19.864672 120.932152
19.870476 120.730316
19.876282 295.937073
19.882086 296.958588
19.887892 296.824432
19.893696 296.834991
19.899502 297.126892
19.905306 297.499207
19.911112 297.711273
19.916916 297.097961
19.922722 295.474579
19.928526 291.060455
19.934332 289.118286
19.940136 290.246277
19.945942 292.098969
19.951746 293.034332
19.957552 267.967773
19.963356 267.411743
19.969160 123.221794
19.974966 0.000000
19.980770 147.525665
19.986576 144.885788
19.992380 144.742996
19.998186 119.032578
20.003990 119.005524
20.009796 98.093399
20.015600 181.191864
20.021406 142.032318
20.027210 71.733421
20.033016 71.821815
20.038820 72.304756
20.044626 82.125427
20.050430 1189.893311
20.056236 1180.148560
20.062040 1173.845947
20.067846 162.366608
20.073650 81.618538
20.079456 81.813766
20.085260 81.899590
20.091066 81.906021
20.096870 81.865547
20.102676 81.779747
20.108480 87.324799
20.114286 74.367348
20.120090 74.329697
20.125896 78.544273
20.131701 78.431313
20.137506 78.330711
20.143311 78.114151
20.149117 77.803032
20.154921 77.608299
20.160727 77.474304
20.166531 77.351913
20.172335 77.268059
20.178141 77.291000
20.183945 77.421867
20.189751 77.537285
20.195555 77.595100
20.201361 77.655190
20.207165 77.746330
20.212971 77.848381
20.218775 77.927170
20.224581 78.002266
20.230385 78.031151
20.236191 78.014572
20.241995 155.173676
20.247801 155.402176
20.253605 155.541824
20.259411 155.442871
20.265215 155.135635
20.271021 154.822678
20.276825 154.514740
20.282631 154.115906
20.288435 153.770142
20.294241 153.460663
20.300045 153.080582
20.305851 152.787613
20.311655 152.569931
20.317461 152.176773
20.323265 151.425201
20.329071 150.498810
20.334875 149.708145
20.340681 148.916290
20.346485 148.314575
20.352291 147.944687
20.358095 147.693985
20.363901 599.775940
20.369705 597.879272
20.375509 594.562500
20.381315 592.959961
20.387119 592.962036
20.392925 593.816284
20.398729 295.759460
20.404535 122.563210
20.410339 122.193100
20.416145 143.364502
20.421949 143.270462
20.427755 0.000000
20.433559 223.055832
20.439365 419.192596
20.445169 377.803894
20.450975 344.242188
20.456779 317.708374
20.462585 190.076950
20.468390 198.680084
20.474195 198.593628
20.480000 188.880325
20.485806 187.767807
20.491610 187.036652
20.497416 160.050812
20.503220 160.499252
20.509026 164.426956
20.514830 164.776230
20.520636 176.539673
20.526440 177.599686
20.532246 178.538071
20.538050 179.084930
20.543856 179.243515
20.549660 179.245758
20.555466 179.414352
20.561270 420.124481
20.567076 421.718262
20.572880 423.562103
20.578686 88.694962
20.584490 179.688965
20.590294 179.493042
20.596100 179.592697
20.601904 179.646255
20.607710 89.494621
20.613514 435.381042
20.619320 434.060181
20.625124 433.183685
20.630930 89.642418
20.636734 89.722023
20.642540 89.792221
20.648344 89.601791
20.654150 89.273911
20.659954 225.684708
20.665760 227.300659
20.671564 220.326004
20.677370 220.183014
20.683174 201.325043
20.688980 88.512184
20.694784 83.492310
20.700590 144.656387
20.706394 108.447113
20.712200 146.177216
20.718004 146.984207
20.723810 221.843170
20.729614 223.277924
20.735420 224.570389
20.741224 225.739288
20.747030 227.026398
20.752834 228.412567
20.758640 229.748138
20.764444 230.796310
20.770250 231.494095
20.776054 231.932175
20.781860 232.070633
20.787664 231.726578
20.793468 230.793472
20.799274 229.911835
20.805079 147.575378
20.810884 147.172455
20.816689 291.407135
20.822495 291.510101
20.828299 291.315491
20.834105 146.030045
20.839909 289.811981
20.845715 288.762726
20.851519 112.988297
20.857325 112.776756
20.863129 225.168396
20.868935 112.163071
20.874739 111.865150
20.880545 222.607330
20.886349 221.489853
20.892155 220.593277
20.897959 220.049683
20.903765 250.058731
20.909569 249.884216
20.915375 215.175827
20.921179 216.621292
20.926985 218.924469
20.932789 220.231552
20.938595 227.463882
20.944399 231.266998
20.950205 234.073318
20.956009 260.900024
20.961815 537.753418
20.967619 540.159851
20.973425 545.213135
20.979229 551.101868
20.985035 554.685059
20.990839 557.408630
20.996643 560.536438
21.002449 561.851501
21.008253 561.823730
21.014059 560.014343
21.019863 557.179016
21.025669 555.201660
21.031473 554.231506
21.037279 552.788696
21.043083 550.260620
21.048889 549.498474
21.054693 550.472351
21.060499 552.138245
21.066303 276.096161
21.072109 275.667786
21.077913 274.711823
21.083719 274.036469
21.089523 273.619598
21.095329 273.119141
21.101133 272.656403
21.106939 272.253571
21.112743 271.660919
21.118549 270.181061
21.124353 268.902008
21.130159 268.652100
21.135963 268.600983
21.141769 268.592743
21.147573 268.574799
21.153379 268.476196
21.159184 268.166260
21.164989 267.393219
21.170794 267.088409
21.176600 267.185608
21.182404 267.551147
21.188210 268.039703
21.194014 268.509949
21.199818 268.834259
21.205624 268.675568
21.211428 268.063110
21.217234 267.457550
21.223038 267.207642
21.228844 267.310455
21.234648 267.504059
21.240454 267.831299
21.246258 268.461700
21.252064 269.164154
21.257868 269.917267
21.263674 270.849548
21.269478 271.533600
21.275284 271.624207
21.281088 271.556183
21.286894 271.547791
21.292698 271.654144
21.298504 271.603424
21.304308 270.727692
21.310114 269.178040
21.315918 267.409058
21.321724 264.959473
21.327528 261.624420
21.333334 257.394348
21.339138 255.762665
21.344944 252.532867
21.350748 583.618713
21.356554 585.886047
21.362358 587.227234
21.368164 588.850281
21.373968 608.998352
21.379774 148.213120
21.385578 727.904846
21.391384 296.541718
21.397188 295.206818
21.402992 244.631683
21.408798 245.903671
21.414602 246.862167
21.420408 299.795654
21.426212 299.250214
21.432018 299.396759
21.437822 147.833862
21.443628 148.097916
21.449432 148.687607
21.455238 268.493683
21.461042 268.063385
21.466848 268.206909
21.472652 269.695038
21.478458 271.000549
21.484262 271.502106
21.490068 272.751190
21.495872 275.331329
21.501678 275.825958
21.507483 274.739624
21.513288 272.635895
21.519093 270.569763
21.524899 269.546814
21.530703 268.795288
21.536509 267.963013
21.542313 267.218475
21.548119 266.498535
21.553923 265.903229
21.559729 265.617493
21.565533 265.038666
21.571339 264.109924
21.577143 263.186768
21.582949 262.372559
21.588753 261.603485
21.594559 130.358948
21.600363 130.082062
21.606169 130.251068
21.611973 97.007957
21.617777 97.366478
21.623583 76.401733
21.629387 70.559235
21.635193 96.961731
21.640997 96.946991
21.646803 86.352005
21.652607 85.286392
21.658413 63.714642
21.664217 63.697407
21.670023 71.754776
21.675827 1023.312378
21.681633 1006.573242
21.687437 504.834747
21.693243 503.396973
21.699047 501.094574
21.704853 495.484009
21.710657 155.572876
21.716463 148.857941
21.722267 148.506409
21.728073 148.313980
21.733877 148.263657
21.739683 148.329239
21.745487 148.443222
21.751293 148.535660
21.757097 148.569748
21.762903 148.571320
21.768707 148.617645
21.774513 148.737701
21.780317 148.874405
21.786123 148.994095
21.791927 149.149628
21.797733 148.692123
21.803537 148.424500
21.809343 160.871643
21.815147 157.516037
21.820951 149.994858
21.826757 116.883041
21.832561 105.907875
21.838367 92.061455
21.844172 83.365456
21.849977 76.943840
21.855782 66.652481
21.861588 0.000000
21.867392 93.829155
21.873198 187.521286
21.879002 71.796928
21.884808 71.802155
21.890612 555.204590
21.896418 551.158752
21.902222 545.113586
21.908028 139.629898
21.913832 138.956345
21.919638 138.212311
21.925442 137.438461
21.931248 195.683899
21.937052 196.674759
21.942858 197.206711
21.948662 593.053711
21.954468 594.282288
21.960272 595.146667
21.966078 595.524109
21.971882 595.121094
21.977688 594.496887
21.983492 594.196411
21.989298 594.099731
21.995102 594.170227
22.000908 595.278870
22.006712 598.080505
22.012518 599.832764
22.018322 599.755249
22.024126 0.000000
22.029932 0.000000
22.035736 0.000000
22.041542 118.293839
22.047346 118.238495
22.053152 118.331993
22.058956 118.518021
22.064762 118.563042
22.070566 118.462410
22.076372 118.310112
22.082176 118.813713
22.087982 119.140953
22.093786 120.068466
22.099592 119.342026
22.105396 118.936821
22.111202 118.947372
22.117006 119.141579
22.122812 119.248215
22.128616 119.168961
22.134422 231.150818
22.140226 233.054260
22.146032 234.950333
22.151836 236.394470
22.157642 237.577393
22.163446 238.271133
22.169252 238.376602
22.175056 238.043610
22.180862 237.427444
22.186666 236.836075
22.192472 236.576675
22.198277 236.306381
22.204082 235.486191
22.209887 462.747284
22.215693 461.445374
22.221497 231.524323
22.227301 231.884918
22.233107 232.129150
22.238911 231.858643
22.244717 230.642181
22.250521 229.626358
22.256327 229.525818
22.262131 229.862915
22.267937 115.157181
22.273741 329.411469
22.279547 329.893890
22.285351 329.221680
22.291157 234.095932
22.296961 234.092178
22.302767 234.022751
22.308571 301.378845
22.314377 300.264343
22.320181 148.270828
22.325987 148.332993
22.331791 148.391724
22.337597 148.384384
22.343401 148.527069
22.349207 443.525146
22.355011 444.515045
22.360817 444.623749
22.366621 445.335449
22.372427 446.145966
22.378231 446.436066
22.384037 446.648438
22.389841 446.646545
22.395647 446.401245
22.401451 446.151306
22.407257 446.079651
22.413061 446.134491
22.418867 446.515656
22.424671 223.229248
22.430477 223.601868
22.436281 226.249725
22.442085 232.314301
22.447891 148.671982
22.453695 148.578018
22.459501 148.849091
22.465305 149.066910
22.471111 149.147079
22.476915 146.517822
22.482721 352.994904
22.488525 187.633682
22.494331 133.422272
22.500135 140.241211
22.505941 451.527588
22.511745 146.242065
22.517551 146.740799
22.523355 148.641830
22.529161 225.163040
22.534966 227.869064
22.540771 229.459503
22.546576 230.150330
22.552382 230.338913
22.558186 230.089493
22.563992 229.656143
22.569796 229.175339
22.575602 228.486420
22.581406 227.435501
22.587212 226.470154
22.593016 226.262909
22.598822 226.545227
22.604626 226.782761
22.610432 226.626175
22.616236 225.974930
22.622042 225.330460
22.627846 224.881927
22.633652 224.387146
22.639456 223.657761
22.645260 222.694595
22.651066 221.827087
22.656870 221.293457
22.662676 221.003387
22.668480 220.859726
22.674286 220.990021
22.680090 221.679916
22.685896 222.794739
22.691700 223.894318
22.697506 224.911896
22.703310 225.811005
22.709116 225.845016
22.714920 224.794891
22.720726 223.591476
22.726530 220.882874
22.732336 220.149750
22.738140 344.073761
22.743946 344.100861
22.749750 151.174332
22.755556 154.504181
22.761360 161.306351
22.767166 558.572937
22.772970 268.163391
22.778776 266.733643
22.784580 268.586761
22.790386 271.290619
22.796190 274.324219
22.801996 276.829956
22.807800 279.240265
22.813606 281.448975
22.819410 282.710205
22.825216 283.553772
22.831020 563.376343
22.836826 564.589966
22.842630 569.644653
22.848434 289.825806
22.854240 290.133392
22.860044 290.060242
22.865850 289.513702
22.871655 576.660339
22.877460 574.853882
22.883265 572.674927
22.889071 569.424561
22.894875 565.381958
22.900681 561.042480
22.906485 279.577301
22.912291 279.078308
22.918095 278.771973
22.923901 277.951752
22.929705 277.098206
22.935511 276.408356
22.941315 275.589874
22.947121 274.844116
22.952925 274.468231
22.958731 137.391144
22.964535 137.158829
22.970341 136.954102
22.976145 109.690758
22.981951 91.592949
22.987755 78.743530
22.993561 78.704361
22.999365 554.017334
23.005171 550.290405
23.010975 273.496887
23.016781 272.951599
23.022585 272.823853
23.028391 272.319183
23.034195 271.614655
23.040001 271.506287
23.045805 272.023315
23.051609 272.611877
23.057415 272.937073
23.063219 272.836334
23.069025 178.990906
23.074829 155.919128
23.080635 135.893967
23.086439 135.565094
23.092245 98.618011
23.098049 90.545410
23.103855 271.170685
23.109659 270.767975
23.115465 270.596832
23.121269 270.621796
23.127075 270.775940
23.132879 545.386902
23.138685 544.366516
23.144489 542.672485
23.150295 539.820740
23.156099 265.142700
23.161905 263.147339
23.167709 261.689636
23.173515 260.843903
23.179319 259.864838
23.185125 258.902466
23.190929 260.007690
23.196735 261.793671
23.202539 164.697479
23.208345 162.620361
23.214149 144.957626
23.219955 143.218872
23.225760 121.454788
23.231565 103.084351
23.237370 66.670052
23.243176 75.336174
23.248980 66.966164
23.254784 66.563347
23.260590 253.190720
23.266394 83.627434
23.272200 63.106544
23.278004 1102.135376
23.283810 1098.080933
23.289614 255.718491
23.295420 257.567902
23.301224 259.201111
23.307030 260.708130
23.312834 261.681732
23.318640 262.508331
23.324444 263.920380
23.330250 265.279633
23.336054 265.596771
23.341860 265.376892
23.347664 265.527496
23.353470 266.003174
23.359274 266.355743
23.365080 266.667358
23.370884 267.064117
23.376690 267.403473
23.382494 267.704803
23.388300 267.983673
23.394104 268.264282
23.399910 268.630157
23.405714 268.868103
23.411520 269.031464
23.417324 269.296356
23.423130 269.452240
23.428934 269.494904
23.434740 154.529984
23.440544 154.021835
23.446350 269.446716
23.452154 268.866516
23.457960 67.511856
23.463764 262.950104
23.469568 261.357971
23.475374 259.906738
23.481178 258.746490
23.486984 257.807648
23.492788 256.598358
23.498594 123.298889
23.504398 122.660934
23.510204 122.125778
23.516008 121.585907
23.521814 121.064079
23.527618 120.542221
23.533424 120.059677
23.539228 119.889252
23.545034 120.073616
23.550838 120.418259
23.556644 163.396408
23.562449 120.447205
23.568254 120.141647
23.574059 119.801620
23.579865 119.455772
23.585669 119.101944
23.591475 118.715439
23.597279 118.260521
23.603085 117.841805
23.608889 312.943207
23.614695 300.070770
23.620499 155.472198
23.626305 154.723694
23.632109 320.245941
23.637915 153.313873
23.643719 145.169098
23.649525 142.844269
23.655329 133.382172
23.661135 119.986916
23.666939 119.842529
23.672743 145.576157
23.678549 138.449951
23.684353 138.144333
23.690159 70.608223
23.695963 72.445015
23.701769 145.629578
23.707573 74.732597
23.713379 74.835571
23.719183 151.376129
23.724989 153.035690
23.730793 76.881653
23.736599 76.866356
23.742403 77.027710
23.748209 78.480934
23.754013 78.783073
23.759819 78.925812
23.765623 74.191963
23.771429 74.484917
23.777233 74.720024
23.783039 74.840538
23.788843 74.967949
23.794649 74.995323
23.800453 84.052177
23.806259 84.305931
23.812063 77.707794
23.817869 77.760239
23.823673 78.138000
23.829479 78.306061
23.835283 78.339211
23.841089 78.139145
23.846893 77.865807
23.852699 77.866631
23.858503 78.191566
23.864309 78.468727
23.870113 78.694160
23.875917 78.749008
23.881723 87.383705
23.887527 6601.965820
23.893333 6695.700195
23.899137 79.734039
23.904943 79.722061
23.910748 78.881516
23.916553 78.892632
23.922358 78.910736
23.928164 78.971489
23.933968 79.787292
23.939774 96.960350
23.945578 157.931061
23.951384 156.464996
23.957188 154.799850
23.962994 153.910431
23.968798 94.615211
23.974604 74.303596
23.980408 296.889374
23.986214 296.679565
23.992018 594.360535
23.997824 594.232788
24.003628 594.050598
24.009434 593.771362
24.015238 593.437866
24.021044 593.239685
24.026848 593.388245
24.032654 593.838257
24.038458 594.532349
24.044264 596.018066
24.050068 597.939148
24.055874 598.024231
24.061678 593.529053
24.067484 583.750549
24.073288 199.671249
24.079092 1154.859131
24.084898 575.409180
24.090702 575.470581
24.096508 407.536621
24.102312 404.385925
24.108118 171.492966
24.113922 169.997650
24.119728 169.561188
24.125532 215.013382
24.131338 215.075958
24.137142 88.449753
24.142948 88.448853
24.148752 176.526764
24.154558 176.063766
24.160362 176.326187
24.166168 177.097305
24.171972 177.960724
24.177778 178.226379
24.183582 185.005325
24.189388 185.868195
24.195192 186.914108
24.200998 188.314789
24.206802 189.124268
24.212608 189.232681
24.218412 189.261002
24.224218 189.576355
24.230022 146.316345
24.235828 189.541550
24.241632 189.147263
24.247438 188.998657
24.253242 188.938553
24.259048 188.580444
24.264853 187.773590
24.270658 186.783188
24.276463 186.131165
24.282269 185.980774
24.288073 186.197678
24.293877 186.638718
24.299683 186.949432
24.305487 187.010513
24.311293 186.932541
24.317097 89.154892
24.322903 89.451340
24.328707 220.507401
24.334513 220.212631
24.340317 213.411209
24.346123 196.095261
24.351927 196.204407
24.357733 82.326126
24.363537 100.683922
24.369343 81.352646
24.375147 100.323334
24.380953 151.058762
24.386757 150.677841
24.392563 225.380051
24.398367 227.191818
24.404173 149.776779
24.409977 150.464722
24.415783 115.814384
24.421587 115.739021
24.427393 115.595161
24.433197 214.952530
24.439003 230.052292
24.444807 229.967850
24.450613 229.667786
24.456417 229.226929
24.462223 148.679749
24.468027 148.565659
24.473833 148.433426
24.479637 148.352158
24.485443 153.540970
24.491247 147.972961
24.497051 225.809631
24.502857 225.655350
24.508661 225.333969
24.514467 224.951935
24.520271 224.566818
24.526077 224.123001
24.531881 223.553909
24.537687 222.868210
24.543491 110.985664
24.549297 110.604729
24.555101 219.949738
24.560907 219.117569
24.566711 108.299690
24.572517 181.437363
24.578321 181.316193
24.584127 1063.479492
24.589931 492.068634
24.595737 495.810059
24.601542 550.507019
24.607347 557.950867
24.613152 561.963867
24.618958 561.653076
24.624762 128.084869
24.630568 259.908997
24.636372 267.960815
24.642178 269.487671
24.647982 271.097534
24.653788 273.496552
24.659592 275.766846
24.665398 277.662964
24.671202 277.960632
24.677008 275.508362
24.682812 272.007843
24.688618 543.956604
24.694422 544.796631
24.700226 546.709839
24.706032 548.066223
24.711836 549.792908
24.717642 274.078186
24.723446 273.329651
24.729252 273.310913
24.735056 274.771118
24.740862 275.167664
24.746666 273.908997
24.752472 272.538239
24.758276 271.825439
24.764082 271.492950
24.769886 271.250305
24.775692 271.048401
24.781496 270.176910
24.787302 269.413574
24.793106 269.412231
24.798912 269.356995
24.804716 268.949341
24.810522 268.338806
24.816326 535.103760
24.822132 267.600006
24.827936 267.494904
24.833742 267.389709
24.839546 267.170715
24.845352 266.894714
24.851156 266.781677
24.856962 266.936218
24.862766 267.203064
24.868572 267.560394
24.874376 267.974457
24.880182 268.383575
24.885986 268.406616
24.891792 267.887756
24.897596 267.482178
24.903400 267.427612
24.909206 267.791565
24.915010 269.238892
24.920816 272.961548
24.926620 272.526917
24.932426 271.699677
24.938231 271.723083
24.944036 272.467743
24.949841 273.484741
24.955647 272.914673
24.961451 270.152283
24.967257 267.307404
24.973061 264.954651
24.978867 262.540283
24.984671 261.127991
24.990477 260.686737
24.996281 259.997925
25.002087 257.759155
25.007891 257.695953
25.013697 250.612640
25.019501 588.395325
25.025307 610.213196
25.031111 610.452026
25.036917 588.676392
25.042721 148.230087
25.048527 148.598953
25.054331 741.869446
25.060137 248.839066
25.065941 248.385147
25.071747 247.462311
25.077551 301.340942
25.083357 302.863281
25.089161 252.170807
25.094967 255.289322
25.100771 259.936615
25.106575 263.218201
25.112381 265.292297
25.118185 266.773651
25.123991 268.314331
25.129795 271.025665
25.135601 273.851624
25.141405 275.002167
25.147211 275.842346
25.153015 277.321991
25.158821 278.716644
25.164625 279.184753
25.170431 279.108978
25.176235 279.094971
25.182041 279.158783
25.187845 278.891357
25.193651 278.403992
25.199455 278.184082
25.205261 278.477722
25.211065 278.414551
25.216871 276.546326
25.222675 274.011810
25.228481 272.524170
25.234285 272.661316
25.240091 115.540573
25.245895 115.149841
25.251701 129.665894
25.257505 129.675797
25.263311 114.810928
25.269115 112.221436
25.274921 100.875061
25.280725 85.211372
25.286531 73.187149
25.292336 69.391563
25.298141 69.297989
25.303946 143.658157
25.309752 487.404877
25.315556 498.926331
25.321360 501.585663
25.327166 67.053566
25.332970 66.741829
25.338776 133.152679
25.344580 133.146561
25.350386 133.044647
25.356190 132.533585
25.361996 464.842285
25.367800 406.259247
25.373606 138.749771
25.379410 139.059631
25.385216 138.835663
25.391020 138.205154
25.396826 142.078384
25.402630 142.201736
25.408436 148.389969
25.414240 296.062012
25.420046 99.026764
25.425850 296.401581
25.431656 296.396881
25.437460 296.226685
25.443266 296.051056
25.449070 296.065521
25.454876 296.197540
25.460680 148.136200
25.466486 147.777695
25.472290 6423.403320
25.478096 154.723602
25.483900 151.213638
25.489706 148.061920
25.495510 113.453377
25.501316 99.166420
25.507120 96.708557
25.512926 74.782936
25.518730 74.526237
25.524534 64.428246
25.530340 98.486961
25.536144 96.371918
25.541950 64.097694
25.547754 64.089005
25.553560 64.105431
25.559364 65.530243
25.565170 65.677757
25.570974 65.425613
25.576780 65.155647
25.582584 69.242149
25.588390 69.478165
25.594194 597.426697
25.600000 595.825867
25.605804 594.705872
25.611610 593.990234
25.617414 594.005554
25.623220 594.419556
25.629025 594.591492
25.634830 594.160156
25.640635 593.477844
25.646441 593.395386
25.652245 594.093140
25.658051 595.659485
25.663855 597.418396
25.669661 599.806091
25.675465 198.721848
25.681271 198.730453
25.687075 198.732498
25.692881 250.251724
25.698685 0.000000
25.704491 118.248680
25.710295 118.246620
25.716101 118.308647
25.721905 118.589493
25.727709 118.871170
25.733515 118.681519
25.739319 108.094063
25.745125 108.406334
25.750929 108.594055
25.756735 218.734894
25.762539 220.106277
25.768345 220.963470
25.774149 118.736565
25.779955 233.032486
25.785759 234.774567
25.791565 236.461273
25.797369 237.458557
25.803175 238.004807
25.808979 238.568558
25.814785 239.328400
25.820589 240.089981
25.826395 240.770523
25.832199 241.028961
25.838005 464.326721
25.843809 463.479309
25.849615 465.404999
25.855419 468.028778
25.861225 467.125183
25.867029 464.882324
25.872835 463.281006
25.878639 229.876495
25.884445 229.304672
25.890249 228.637344
25.896055 228.641663
25.901859 229.736237
25.907665 464.907532
25.913469 236.448669
25.919275 237.223816
25.925079 118.282593
25.930883 117.797256
25.936689 301.824615
25.942493 300.385834
25.948299 299.585083
25.954103 292.940674
25.959909 201.403549
25.965714 201.448288
25.971519 302.438477
25.977324 301.671692
25.983130 300.633575
25.988934 299.296143
25.994740 148.102173
