0.000000 2224.876953
0.005805 2003.527344
0.011610 1962.368896
0.017415 1959.166992
0.023220 167.697281
0.029025 154.498489
0.034830 153.857391
0.040635 153.129593
0.046440 151.943359
0.052245 150.495468
0.058050 599.037842
0.063855 601.509460
0.069660 609.665344
0.075465 685.159790
0.081270 734.552612
0.087075 136.019363
0.092880 135.427078
0.098685 134.904984
0.104490 134.097214
0.110295 132.967056
0.116100 785.385071
0.121905 775.943909
0.127710 130.194778
0.133515 130.178391
0.139320 130.115204
0.145125 129.950546
0.150930 129.647003
0.156735 129.291016
0.162540 129.005554
0.168345 128.240082
0.174150 127.312790
0.179955 126.536293
0.185760 756.064941
0.191565 753.004272
0.197370 750.983643
0.203175 752.101562
0.208980 757.801270
0.214785 763.860718
0.220590 766.169250
0.226395 766.781372
0.232200 769.558105
0.238005 113.526375
0.243810 628.630188
0.249615 629.965820
0.255419 537.323792
0.261224 536.513672
0.267029 620.959167
0.272834 618.032227
0.278639 137.170456
0.284444 1263.185547
0.290249 204.240845
0.296054 204.413406
0.301859 0.000000
0.307664 0.000000
0.313469 0.000000
0.319274 1227.424805
0.325079 266.738403
0.330884 91.165359
0.336689 135.752487
0.342494 182.540085
0.348299 267.033142
0.354104 266.931122
0.359909 267.813782
0.365714 268.640320
0.371519 108.464897
0.377324 108.494461
0.383129 270.095947
0.388934 269.747742
0.394739 269.273712
0.400544 268.560150
0.406349 267.955017
0.412154 268.661957
0.417959 271.700806
0.423764 271.656586
0.429569 270.839844
0.435374 221.403900
0.441179 221.924423
0.446984 114.369537
0.452789 114.741844
0.458594 111.156578
0.464399 111.299057
0.470204 111.374519
0.476009 111.320084
0.481814 111.227707
0.487619 116.198715
0.493424 116.199425
0.499229 110.989677
0.505034 110.923286
0.510839 110.693115
0.516644 3108.323975
0.522449 3089.903809
0.528254 3116.277832
0.534059 108.579597
0.539864 3189.058594
0.545669 114.004883
0.551474 0.000000
0.557279 177.457565
0.563084 163.995300
0.568889 148.261444
0.574694 140.837540
0.580499 112.914215
0.586304 101.952309
0.592109 98.395699
0.597914 91.237900
0.603719 86.478767
0.609524 81.885735
0.615329 81.896584
0.621134 82.013969
0.626939 82.894363
0.632744 82.957680
0.638549 609.298157
0.644354 608.555969
0.650159 608.584290
0.655964 608.322144
0.661769 607.455200
0.667574 607.111328
0.673379 608.288574
0.679184 610.124939
0.684989 611.759338
0.690794 613.070251
0.696599 613.984009
0.702404 614.280029
0.708209 613.311340
0.714014 611.201050
0.719819 608.648376
0.725624 2382.264404
0.731429 2347.328613
0.737234 2299.362305
0.743039 2234.684326
0.748844 2168.075195
0.754649 2136.040527
0.760454 2133.833008
0.766258 2131.469238
0.772063 2099.582520
0.777869 2068.730469
0.783673 2082.210449
0.789478 2112.431396
0.795283 2125.572021
0.801088 2116.564453
0.806893 2110.991211
0.812698 2110.942627
0.818503 2092.555420
0.824308 2070.062500
0.830113 2045.045166
0.835918 1986.545166
0.841723 1906.665649
0.847528 0.000000
0.853333 174.689850
0.859138 174.586380
0.864943 161.973999
0.870748 141.425735
0.876553 136.991074
0.882358 107.009460
0.888163 100.590828
0.893968 97.834610
0.899773 91.277802
0.905578 79.439606
0.911383 76.843323
0.917188 82.376083
0.922993 73.593033
0.928798 73.536980
0.934603 73.519676
0.940408 73.411995
0.946213 122.050438
0.952018 121.473152
0.957823 142.967041
0.963628 142.166992
0.969433 141.378433
0.975238 140.789078
0.981043 140.407990
0.986848 140.265823
0.992653 140.610855
0.998458 141.386719
1.004263 141.894547
1.010068 685.494568
1.015873 685.732849
1.021678 682.233032
1.027483 674.712158
1.033288 665.811646
1.039093 657.839722
1.044898 651.221252
1.050703 646.971008
1.056508 322.222778
1.062313 322.046844
1.068118 322.163452
1.073923 645.407349
1.079728 645.410156
1.085533 647.637451
1.091338 655.869385
1.097143 678.593933
1.102948 5161.697754
1.108753 5297.159668
1.114558 5436.226074
1.120363 5543.578613
1.126168 5593.672852
1.131973 5583.385254
1.137778 285.392456
1.143583 618.244263
1.149388 620.592285
1.155193 3990.274414
1.160998 4012.278564
1.166803 3984.782227
1.172608 3928.002197
1.178413 3836.474854
1.184218 3783.055420
1.190023 3758.168945
1.195828 3688.267578
1.201633 3389.744873
1.207438 155.465668
1.213243 154.974350
1.219048 2970.265869
1.224853 151.730286
1.230658 515.973022
1.236463 146.056396
1.242268 145.418243
1.248073 144.603607
1.253878 143.740204
1.259683 143.212738
1.265488 142.670456
1.271293 141.866959
1.277097 141.186859
1.282902 141.401337
1.288707 143.541885
1.294513 144.275772
1.300317 145.465073
1.306122 145.356796
1.311927 145.242661
1.317732 145.347260
1.323537 145.530472
1.329342 147.797485
1.335147 148.047043
1.340952 148.109497
1.346757 150.028488
1.352562 153.490784
1.358367 153.293243
1.364172 153.021133
1.369977 153.393921
1.375782 75.700905
1.381587 151.015137
1.387392 150.782349
1.393197 150.795441
1.399002 150.604980
1.404807 149.988953
1.410612 148.942627
1.416417 147.772842
1.422222 146.292816
1.428027 144.939438
1.433832 144.241867
1.439637 143.956436
1.445442 144.021912
1.451247 144.516006
1.457052 146.058517
1.462857 1036.353882
1.468662 146.007874
1.474467 145.825989
1.480272 352.241852
1.486077 244.738327
1.491882 244.919907
1.497687 244.824997
1.503492 243.823471
1.509297 242.696045
1.515102 142.582916
1.520907 142.784210
1.526712 647.780518
1.532517 650.845459
1.538322 136.136292
1.544127 135.715469
1.549932 328.442017
1.555737 327.811920
1.561542 597.382263
1.567347 590.741516
1.573152 204.174271
1.578957 576.355103
1.584762 559.563782
1.590567 550.213867
1.596372 548.247742
1.602177 272.226715
1.607982 135.973602
1.613787 547.906311
1.619592 550.344055
1.625397 569.379578
1.631202 599.066650
1.637007 607.310303
1.642812 609.653625
1.648617 610.020264
1.654422 610.132996
1.660227 610.484558
1.666032 610.742798
1.671837 610.519165
1.677642 610.896362
1.683447 614.555603
1.689252 620.416809
1.695057 622.023193
1.700862 617.040222
1.706667 612.700073
1.712472 612.073486
1.718277 612.089478
1.724082 609.755493
1.729887 604.169250
1.735692 599.700134
1.741497 600.964722
1.747302 606.654541
1.753107 614.370056
1.758912 203.695358
1.764717 201.093658
1.770522 197.842789
1.776327 196.270981
1.782132 194.101852
1.787936 191.354919
1.793741 579.638489
1.799546 608.818848
1.805351 649.082947
1.811157 672.842712
1.816961 690.979797
1.822766 710.579102
1.828571 726.740295
1.834376 738.274597
1.840181 747.357300
1.845986 754.541443
1.851791 145.113892
1.857596 143.748352
1.863401 142.386444
1.869206 141.179291
1.875011 751.323059
1.880816 138.250137
1.886621 137.274796
1.892426 136.180756
1.898231 135.135208
1.904036 770.564514
1.909841 766.276062
1.915646 757.100769
1.921451 749.744507
1.927256 741.235779
1.933061 731.409485
1.938866 724.651245
1.944671 722.831726
1.950476 719.775635
1.956281 712.416199
1.962086 702.681396
1.967891 689.590942
1.973696 674.749146
1.979501 665.543518
1.985306 659.809387
1.991111 646.814331
1.996916 106.209175
2.002721 126.138847
2.008526 124.806610
2.014331 122.600937
2.020136 120.099274
2.025941 113.857849
2.031746 113.391014
2.037551 113.200539
2.043356 113.655983
2.049161 198.571579
2.054966 180.952545
2.060771 175.615128
2.066576 155.025772
2.072381 141.381866
2.078186 128.619431
2.083991 107.088577
2.089796 98.013412
2.095601 4989.994141
2.101406 4977.622070
2.107211 5096.494629
2.113016 5235.991211
2.118821 79.242302
2.124626 80.316483
2.130431 80.290550
2.136236 76.751343
2.142041 76.805275
2.147846 76.855125
2.153651 308.529785
2.159456 308.324036
2.165261 310.020599
2.171066 61.079727
2.176871 61.156811
2.182676 367.024475
2.188481 366.307159
2.194286 365.991821
2.200091 61.145348
2.205896 243.877167
2.211701 243.256073
2.217506 243.057617
2.223311 121.361710
2.229116 121.416969
2.234921 121.340195
2.240726 121.240112
2.246531 121.400291
2.252336 121.541306
2.258141 121.429237
2.263946 121.326149
2.269751 121.360703
2.275556 121.464165
2.281361 121.504036
2.287166 159.892563
2.292970 159.820114
2.298775 160.019775
2.304580 160.443710
2.310385 121.437065
2.316190 121.699959
2.321995 121.688980
2.327801 121.523369
2.333606 121.394806
2.339411 121.306396
2.345215 121.187141
2.351020 120.949661
2.356825 120.355850
2.362630 119.897011
2.368435 119.754936
2.374240 119.652870
2.380045 119.332611
2.385850 122.976868
2.391655 122.669083
2.397460 116.463654
2.403265 113.717178
2.409070 113.444214
2.414875 113.367554
2.420680 113.331314
2.426485 113.395615
2.432290 109.918602
2.438095 110.174103
2.443900 107.432137
2.449705 106.812737
2.455510 106.448456
2.461315 106.059669
2.467120 105.908882
2.472925 106.075943
2.478730 103.709518
2.484535 103.061905
2.490340 102.377228
2.496145 0.000000
2.501950 183.922867
2.507755 176.166260
2.513560 165.711777
2.519365 144.756622
2.525170 137.648483
2.530975 109.193634
2.536780 101.185562
2.542585 97.545525
2.548390 93.196007
2.554195 86.922340
2.560000 80.347214
2.565805 80.077309
2.571610 81.907639
2.577415 82.756737
2.583220 80.762253
2.589025 73.015251
2.594830 68.402519
2.600635 66.242226
2.606440 62.112228
2.612245 57.259743
2.618050 60.877781
2.623855 62.878632
2.629660 62.976532
2.635465 62.789547
2.641270 58.266834
2.647075 974.389893
2.652880 986.168457
2.658685 1022.700500
2.664490 1046.535522
2.670295 1054.247559
2.676100 1390.296143
2.681905 1380.192139
2.687710 1409.399170
2.693515 1407.419678
2.699320 280.830933
2.705125 281.733887
2.710930 0.000000
2.716735 440.410095
2.722540 440.473633
2.728345 156.741684
2.734150 156.591156
2.739955 156.046295
2.745760 154.889572
2.751565 153.547638
2.757370 152.520813
2.763175 152.203613
2.768980 152.101822
2.774785 151.526978
2.780590 150.293732
2.786395 148.730240
2.792200 147.159454
2.798005 145.994858
2.803810 144.628769
2.809614 142.749115
2.815419 141.448822
2.821224 139.873474
2.827029 138.643097
2.832834 138.187027
2.838639 137.716324
2.844445 137.081055
2.850250 136.439423
2.856054 135.678238
2.861859 134.750580
2.867664 134.013718
2.873469 133.344254
2.879274 132.527420
2.885079 131.616730
2.890884 130.325424
2.896689 128.974991
2.902494 159.696152
2.908299 159.763016
2.914104 124.070686
2.919909 123.460159
2.925714 123.127449
2.931519 122.934212
2.937324 182.116074
2.943129 182.611038
2.948934 182.634491
2.954739 182.571701
2.960544 182.655975
2.966349 182.773621
2.972154 182.890442
2.977959 182.954361
2.983764 182.884918
2.989569 182.743317
2.995374 182.661057
3.001179 182.642593
3.006984 182.603912
3.012789 136.465134
3.018594 182.254761
3.024399 182.160629
3.030204 272.697571
3.036009 272.505615
3.041814 272.428436
3.047619 272.640961
3.053424 182.258026
3.059229 579.993347
3.065034 304.217285
3.070839 304.683258
3.076644 305.175598
3.082449 305.296417
3.088254 304.928711
3.094059 304.636597
3.099864 304.689575
3.105669 304.937256
3.111474 305.189270
3.117279 121.969246
3.123084 121.957016
3.128889 121.980804
3.134694 122.016205
3.140499 122.041504
3.146304 122.043373
3.152109 122.026146
3.157914 122.007324
3.163719 122.025352
3.169524 122.086472
3.175329 122.052063
3.181134 302.024536
3.186939 300.881989
3.192744 119.961868
3.198549 132.010834
3.204354 132.694870
3.210159 127.798210
3.215964 126.658051
3.221769 125.981834
3.227574 125.491646
3.233379 124.904106
3.239184 124.287567
3.244989 123.914902
3.250794 181.620697
3.256599 175.546448
3.262404 168.854309
3.268209 155.396927
3.274014 141.467743
3.279819 128.655762
3.285624 100.689362
3.291429 97.672745
3.297234 4956.492188
3.303039 5025.674805
3.308844 5167.797363
3.314649 79.318657
3.320453 82.251610
3.326258 83.857910
3.332063 81.371117
3.337868 81.366577
3.343673 326.867767
3.349478 326.570892
3.355283 326.372803
3.361089 325.795593
3.366894 324.397186
3.372698 64.797043
3.378503 64.819054
3.384308 64.833038
3.390113 321.297333
3.395918 81.401329
3.401723 81.417709
3.407528 81.399277
3.413333 109.065849
3.419138 109.073975
3.424943 109.070892
3.430748 109.053909
3.436553 109.082214
3.442358 109.129471
3.448163 109.117165
3.453968 109.089493
3.459773 109.141129
3.465578 313.418121
3.471383 311.671387
3.477188 310.792816
3.482993 310.718445
3.488798 310.887634
3.494603 311.043030
3.500408 311.127777
3.506213 311.234680
3.512018 311.278778
3.517823 311.185944
3.523628 311.099121
3.529433 310.855896
3.535238 310.174805
3.541043 309.614319
3.546848 309.850128
3.552653 310.466827
3.558458 311.175110
3.564263 312.417877
3.570068 314.682068
3.575873 351.390533
3.581678 351.722870
3.587483 352.482178
3.593288 353.510956
3.599093 354.253998
3.604898 106.027008
3.610703 105.972198
3.616508 105.962013
3.622313 106.001755
3.628118 106.052124
3.633923 106.119507
3.639728 106.085922
3.645533 106.028389
3.651338 356.030365
3.657143 357.168060
3.662948 107.154808
3.668753 107.746605
3.674558 361.212646
3.680363 543.646118
3.686168 543.895081
3.691973 544.664307
3.697778 271.846466
3.703583 271.875732
3.709388 271.960205
3.715193 547.355469
3.720998 546.755859
3.726803 545.908386
3.732608 545.310913
3.738413 545.058899
3.744218 545.090881
3.750023 545.238098
3.755828 545.111328
3.761633 543.851807
3.767438 540.916992
3.773243 538.355225
3.779048 536.976379
3.784853 535.829956
3.790658 534.459778
3.796463 533.605347
3.802268 534.161743
3.808073 535.939331
3.813878 539.269165
3.819683 136.186493
3.825488 135.982025
3.831293 136.431458
3.837097 137.062424
3.842902 137.313721
3.848707 979.022827
3.854512 990.518555
3.860317 1022.966553
3.866122 1053.988037
3.871927 1439.298950
3.877733 141.280701
3.883538 141.092285
3.889342 1435.612793
3.895147 244.955078
3.900952 244.706375
3.906757 243.670273
3.912562 242.963135
3.918367 322.552094
3.924172 680.604248
3.929977 698.451843
3.935782 742.102600
3.941587 135.812851
3.947392 135.822647
3.953197 643.552795
3.959002 136.107635
3.964807 136.264694
3.970612 129.207748
3.976417 129.210724
3.982222 129.089386
3.988027 2700.611816
3.993832 129.807449
3.999637 128.302628
4.005442 126.671738
4.011247 119.362740
4.017052 118.363083
4.022857 118.370552
4.028662 118.331627
4.034467 118.004959
4.040272 112.680954
4.046077 112.366188
4.051882 112.423622
4.057687 128.727585
4.063492 128.832458
4.069297 128.865250
4.075102 128.658020
4.080907 2016.541870
4.086712 1973.105469
4.092517 2062.432617
4.098322 158.808014
4.104127 159.069397
4.109932 151.582245
4.115737 151.449326
4.121542 290.366364
4.127347 294.100159
4.133152 271.873627
4.138957 273.215942
4.144762 288.796478
4.150567 136.918777
4.156372 136.440521
4.162177 135.740616
4.167982 135.239868
4.173787 135.073715
4.179592 135.009003
4.185397 134.806793
4.191202 134.080566
4.197007 277.399353
4.202812 131.305725
4.208617 275.816467
4.214422 127.748711
4.220227 127.266449
4.226032 126.167336
4.231837 126.125816
4.237642 2147.644287
4.243447 2088.246582
4.249252 2129.346191
4.255057 2255.097168
4.260862 2410.826904
4.266667 2525.142578
4.272471 305.024933
4.278276 269.473358
4.284081 4919.687012
4.289886 4929.403809
4.295691 4885.029785
4.301497 4917.391602
4.307302 4997.532715
4.313107 5058.380371
4.318912 5091.681152
4.324717 5196.345703
4.330522 5385.534180
4.336327 5496.336426
4.342132 5570.974609
4.347937 5697.070801
4.353742 5939.693848
4.359547 6084.805176
4.365352 5999.693848
4.371157 6002.104980
4.376961 5997.612305
4.382766 5923.047363
4.388571 5776.362305
4.394376 5528.114258
4.400181 5216.758301
4.405986 5011.712891
4.411791 4863.149414
4.417596 168.354675
4.423401 167.042389
4.429206 159.982605
4.435011 160.150406
4.440816 161.828125
4.446621 328.047272
4.452426 98.426941
4.458231 192.000412
4.464036 141.063171
4.469841 141.469147
4.475646 141.493469
4.481451 118.070648
4.487256 99.773735
4.493061 95.926025
4.498866 91.433540
4.504671 82.550774
4.510476 82.423698
4.516281 79.430351
4.522086 79.394440
4.527891 83.809395
4.533696 83.820969
4.539501 70.389374
4.545306 70.391289
4.551111 647.749817
4.556916 647.989807
4.562721 647.475647
4.568526 646.899536
4.574331 645.862305
4.580136 644.002075
4.585941 643.209229
4.591746 643.865540
4.597551 644.235046
4.603356 643.854797
4.609161 643.153503
4.614966 642.520386
4.620771 642.136292
4.626576 641.864258
4.632381 642.251526
4.638186 643.769104
4.643991 644.649231
4.649796 643.129395
4.655601 641.385864
4.661406 197.823975
4.667211 198.535202
4.673016 198.544052
4.678821 373.544220
4.684626 428.249908
4.690431 410.546844
4.696236 409.728577
4.702041 202.080643
4.707846 400.237000
4.713651 400.112000
4.719456 400.328308
4.725261 204.108276
4.731066 203.581055
4.736871 203.339203
4.742676 408.237061
4.748481 135.788116
4.754286 135.779282
4.760091 135.668518
4.765896 135.491806
4.771701 135.378983
4.777506 135.407730
4.783311 135.487900
4.789115 135.518814
4.794920 135.626389
4.800725 136.130859
4.806530 136.757767
4.812335 137.052200
4.818141 137.670456
4.823946 218.315811
4.829751 139.662384
4.835556 151.813965
4.841361 624.611389
4.847166 638.583374
4.852971 782.552856
4.858776 790.278870
4.864581 796.488159
4.870386 137.349182
4.876191 136.952988
4.881996 136.695389
4.887800 136.278534
4.893605 135.399048
4.899410 134.780579
4.905215 134.373535
4.911020 133.699265
4.916825 132.650238
4.922630 131.694916
4.928435 131.057022
4.934240 130.452591
4.940045 129.452087
4.945850 127.787338
4.951655 126.808762
4.957460 126.381401
4.963265 126.043816
4.969070 125.615128
4.974875 124.886627
4.980680 769.082214
4.986485 768.851685
4.992290 761.038391
4.998095 119.658691
