0.000000 0.000000
0.005805 0.000000
0.011610 133.950272
0.017415 150.945343
0.023220 165.684296
0.029025 165.837006
0.034830 165.884155
0.040635 165.824921
0.046440 165.768021
0.052245 110.746750
0.058050 110.848572
0.063855 110.979401
0.069660 110.991821
0.075465 110.865761
0.081270 83.035149
0.087075 82.778900
0.092880 82.538857
0.098685 329.560425
0.104490 328.948395
0.110295 328.288177
0.116100 327.810394
0.121905 327.563049
0.127710 327.282501
0.133515 326.905426
0.139320 326.477600
0.145125 325.935516
0.150930 325.375946
0.156735 325.046783
0.162540 324.889557
0.168345 324.715912
0.174150 324.407013
0.179955 323.951385
0.185760 323.277100
0.191565 322.564941
0.197370 322.301514
0.203175 322.213959
0.208980 321.577148
0.214785 320.376892
0.220590 319.001984
0.226395 317.690826
0.232200 316.589386
0.238005 316.635284
0.243810 321.869690
0.249615 323.738098
0.255419 324.261169
0.261224 324.422394
0.267029 324.270447
0.272834 164.049118
0.278639 326.326508
0.284444 327.497284
0.290249 325.823029
0.296054 324.971985
0.301859 323.192017
0.307664 321.531738
0.313469 321.411591
0.319274 112.782722
0.325079 112.917145
0.330884 111.565277
0.336689 110.709129
0.342494 110.496712
0.348299 110.620110
0.354104 110.009499
0.359909 109.449959
0.365714 109.327141
0.371519 110.787460
0.377324 110.888718
0.383129 110.826439
0.388934 110.612785
0.394739 110.263504
0.400544 110.524666
0.406349 109.362823
0.412154 108.913658
0.417959 108.876602
0.423764 109.036133
0.429569 111.055710
0.435374 110.893158
0.441179 108.754089
0.446984 109.007919
0.452789 110.483879
0.458594 117.715515
0.464399 118.197578
0.470204 118.518425
0.476009 105.035896
0.481814 104.564400
0.487619 0.000000
0.493424 0.000000
0.499229 150.528809
0.505034 150.289352
0.510839 150.360367
0.516644 150.300430
0.522449 148.101883
0.528254 986.513428
0.534059 110.296173
0.539864 110.263588
0.545669 110.288849
0.551474 98.372475
0.557279 87.104393
0.563084 87.129959
0.568889 78.206421
0.574694 78.015022
0.580499 77.784065
0.586304 998.245178
0.592109 981.921997
0.597914 960.971863
0.603719 72.663353
0.609524 69.521156
0.615329 69.525032
0.621134 69.603264
0.626939 69.819794
0.632744 281.381958
0.638549 283.567566
0.644354 286.197723
0.650159 289.428040
0.655964 294.040741
0.661769 297.517944
0.667574 299.962646
0.673379 302.451630
0.679184 304.844360
0.684989 306.766846
0.690794 307.816223
0.696599 307.902130
0.702404 307.626038
0.708209 307.655487
0.714014 4393.451172
0.719819 4350.373535
0.725624 4290.159180
0.731429 200.965881
0.737234 131.621353
0.743039 131.698074
0.748844 132.187454
0.754649 132.612350
0.760454 132.328308
0.766258 132.073090
0.772063 131.988251
0.777869 132.006348
0.783673 132.062927
0.789478 132.111801
0.795283 132.147705
0.801088 132.107025
0.806893 131.903183
0.812698 131.629486
0.818503 131.503647
0.824308 131.657394
0.830113 131.932739
0.835918 132.029160
0.841723 132.031158
0.847528 132.001633
0.853333 132.035339
0.859138 132.147736
0.864943 132.199921
0.870748 132.153229
0.876553 132.060547
0.882358 131.979980
0.888163 132.034515
0.893968 132.235870
0.899773 132.300125
0.905578 132.041367
0.911383 131.828110
0.917188 131.822510
0.922993 131.795074
0.928798 131.629852
0.934603 131.644348
0.940408 131.982162
0.946213 132.777496
0.952018 130.441025
0.957823 64.765961
0.963628 146.103699
0.969433 146.047333
0.975238 145.859680
0.981043 177.321976
0.986848 178.996780
0.992653 178.912170
0.998458 156.048676
1.004263 116.846207
1.010068 116.928978
1.015873 104.318718
1.021678 104.451294
1.027483 920.696106
1.033288 921.583557
1.039093 926.567383
1.044898 932.120972
1.050703 932.464050
1.056508 931.912781
1.062313 312.620697
1.068118 312.563171
1.073923 312.360077
1.079728 312.169830
1.085533 312.161926
1.091338 312.422058
1.097143 313.079071
1.102948 314.164246
1.108753 315.352295
1.114558 316.569580
1.120363 319.185150
1.126168 324.172638
1.131973 326.073578
1.137778 326.511139
1.143583 327.170990
1.149388 328.206390
1.155193 329.002411
1.160998 329.947205
1.166803 331.666290
1.172608 333.949341
1.178413 337.120331
1.184218 341.521454
1.190023 345.048157
1.195828 82.551643
1.201633 223.586548
1.207438 482.378204
1.213243 149.316528
1.219048 149.004501
1.224853 144.554474
1.230658 219.349472
1.236463 218.996338
1.242268 219.458893
1.248073 220.740829
1.253878 221.601959
1.259683 147.035294
1.265488 147.187225
1.271293 146.733154
1.277097 146.467819
1.282902 146.991074
1.288707 147.384964
1.294513 73.708176
1.300317 73.813202
1.306122 73.535858
1.311927 146.712769
1.317732 146.456161
1.323537 73.387962
1.329342 146.644043
1.335147 146.668549
1.340952 73.223503
1.346757 73.932770
1.352562 74.118645
1.358367 73.963570
1.364172 73.814682
1.369977 73.762375
1.375782 73.595062
1.381587 73.496284
1.387392 73.555695
1.393197 73.628632
1.399002 73.652771
1.404807 73.541122
1.410612 73.551125
1.416417 73.782333
1.422222 73.852829
1.428027 220.672455
1.433832 220.399536
1.439637 147.422256
1.445442 143.271774
1.451247 146.915924
1.457052 146.838928
1.462857 146.846054
1.468662 147.014359
1.474467 147.151917
1.480272 147.066483
1.486077 118.889076
1.491882 98.195961
1.497687 97.661392
1.503492 97.319122
1.509297 97.104515
1.515102 85.512680
1.520907 85.485504
1.526712 85.549858
1.532517 85.544540
1.538322 68.352669
1.544127 340.614838
1.549932 340.254883
1.555737 340.525269
1.561542 75.301781
1.567347 342.180634
1.573152 344.750824
1.578957 354.447357
1.584762 355.123566
1.590567 353.810425
1.596372 352.785431
1.602177 352.617157
1.607982 352.783661
1.613787 352.919647
1.619592 352.779297
1.625397 352.182617
1.631202 351.542419
1.637007 351.172089
1.642812 350.730499
1.648617 349.803497
1.654422 348.228088
1.660227 345.850372
1.666032 342.693481
1.671837 340.952606
1.677642 113.029907
1.683447 112.999382
1.689252 112.927971
1.695057 87.536423
1.700862 87.483612
1.706667 73.634293
1.712472 73.526505
1.718277 72.255753
1.724082 72.372475
1.729887 214.715729
1.735692 150.684341
1.741497 150.150269
1.747302 116.353958
1.753107 116.406799
1.758912 174.919098
1.764717 174.918503
1.770522 174.869446
1.776327 174.804413
1.782132 116.394447
1.787936 116.207405
1.793741 174.318192
1.799546 173.945343
1.805351 173.279358
1.811157 173.045349
1.816961 73.509773
1.822766 73.487679
1.828571 73.900658
1.834376 73.974205
1.840181 74.038124
1.845986 74.151329
1.851791 74.097977
1.857596 73.918434
1.863401 73.945900
1.869206 74.145691
1.875011 74.268379
1.880816 74.187241
1.886621 73.882126
1.892426 73.769203
1.898231 74.121719
1.904036 74.191963
1.909841 223.458099
1.915646 223.177872
1.921451 108.547318
1.927256 173.441254
1.933061 174.180038
1.938866 174.568283
1.944671 174.637619
1.950476 131.887360
1.956281 130.662613
1.962086 116.746696
1.967891 116.767311
1.973696 116.682655
1.979501 87.387070
1.985306 87.145508
1.991111 86.785156
1.996916 86.379967
2.002721 86.085533
2.008526 85.880676
2.014331 85.550323
2.020136 85.287918
2.025941 68.151123
2.031746 68.054352
2.037551 68.022369
2.043356 68.031601
2.049161 68.039543
2.054966 339.657623
2.060771 339.784332
2.066576 339.834747
2.072381 338.862183
2.078186 335.758545
2.083991 332.041229
2.089796 330.116608
2.095601 80.535851
2.101406 80.168755
2.107211 1903.582031
2.113016 1917.385742
2.118821 319.457764
2.124626 317.819092
2.130431 891.231567
2.136236 80.526474
2.142041 304.811279
2.147846 252.261200
2.153651 0.000000
2.159456 146.682510
2.165261 146.433640
2.171066 146.055893
2.176871 145.892136
2.182676 146.833801
2.188481 147.644699
2.194286 73.705765
2.200091 73.584206
2.205896 73.477928
2.211701 73.520660
2.217506 73.569305
2.223311 73.639076
2.229116 73.721901
2.234921 73.758614
2.240726 73.737633
2.246531 73.710655
2.252336 73.764038
2.258141 73.802559
2.263946 73.791359
2.269751 73.821487
2.275556 73.796089
2.281361 73.788101
2.287166 73.733688
2.292970 73.741211
2.298775 73.727654
2.304580 73.726196
2.310385 73.818092
2.316190 73.925682
2.321995 74.063858
2.327801 74.043060
2.333606 73.983566
2.339411 73.912575
2.345215 73.829056
2.351020 73.792351
2.356825 73.814087
2.362630 73.864395
2.368435 74.034187
2.374240 74.056084
2.380045 73.601692
2.385850 73.323067
2.391655 220.297485
2.397460 139.955383
2.403265 139.899582
2.409070 166.106186
2.414875 166.173462
2.420680 180.344177
2.426485 149.046005
2.432290 125.724144
2.438095 112.531883
2.443900 104.306602
2.449705 104.181198
2.455510 97.902496
2.461315 89.836609
2.467120 84.960480
2.472925 78.999039
2.478730 76.930283
2.484535 76.889786
2.490340 76.920685
2.496145 73.846420
2.501950 73.944267
2.507755 71.435806
2.513560 71.407516
2.519365 68.985886
2.525170 68.812386
2.530975 68.454552
2.536780 68.405151
2.542585 3654.411865
2.548390 3658.201660
2.554195 3612.854248
2.560000 62.828747
2.565805 65.243706
2.571610 65.304260
2.577415 69.219231
2.583220 69.351784
2.589025 70.778358
2.594830 70.619293
2.600635 69.991974
2.606440 69.932877
2.612245 70.571632
2.618050 4330.731445
2.623855 4228.783691
2.629660 4181.995605
2.635465 211.926147
2.641270 223.164703
2.647075 222.385559
2.652880 221.229691
2.658685 220.223267
2.664490 219.390137
2.670295 146.573166
2.676100 218.760345
2.681905 73.995216
2.687710 73.872635
2.693515 73.866211
2.699320 74.836525
2.705125 74.831535
2.710930 74.903030
2.716735 150.601349
2.722540 151.700348
2.728345 226.730972
2.734150 227.262955
2.739955 227.377197
2.745760 227.066315
2.751565 74.714500
2.757370 227.583496
2.763175 228.714874
2.768980 229.630768
2.774785 230.171707
2.780590 155.266113
2.786395 72.818665
2.792200 72.730545
2.798005 72.176872
2.803810 72.021996
2.809614 157.815491
2.815419 158.044907
2.821224 158.203751
2.827029 73.439804
2.832834 74.808678
2.838639 75.113174
2.844445 75.211021
2.850250 75.071831
2.856054 75.176254
2.861859 70.590950
2.867664 72.707031
2.873469 145.913849
2.879274 146.022797
2.885079 166.840866
2.890884 167.147079
2.896689 166.011978
2.902494 141.120804
2.908299 126.401207
2.914104 112.078163
2.919909 105.257088
2.925714 100.898308
2.931519 100.701370
2.937324 85.633957
2.943129 84.410820
2.948934 84.327522
2.954739 84.386200
2.960544 84.459839
2.966349 71.183525
2.972154 70.994514
2.977959 70.479828
2.983764 71.044807
2.989569 70.987709
2.995374 70.959656
3.001179 70.941376
3.006984 62.847752
3.012789 62.812443
3.018594 62.804737
3.024399 62.799847
3.030204 62.769588
3.036009 62.744804
3.041814 62.780956
3.047619 62.795273
3.053424 63.229534
3.059229 63.267551
3.065034 172.208130
3.070839 172.466415
3.076644 172.584625
3.082449 172.749954
3.088254 173.040482
3.094059 172.725952
3.099864 756.622498
3.105669 231.837234
3.111474 231.777542
3.117279 149.794678
3.123084 149.536270
3.128889 148.897629
3.134694 148.324341
3.140499 147.825333
3.146304 147.498016
3.152109 147.488007
3.157914 73.752739
3.163719 73.608101
3.169524 73.503479
3.175329 212.508163
3.181134 212.103455
3.186939 211.411819
3.192744 209.583130
3.198549 146.644318
3.204354 146.238907
3.210159 146.464096
3.215964 75.009438
3.221769 172.108582
3.227574 171.237198
3.233379 170.520264
3.239184 170.288254
3.244989 74.286201
3.250794 74.337051
3.256599 74.337791
3.262404 74.380280
3.268209 74.498444
3.274014 74.956039
3.279819 175.279068
3.285624 175.895508
3.291429 176.432755
3.297234 75.034782
3.303039 150.201355
3.308844 178.937271
3.314649 179.095383
3.320453 179.095947
3.326258 179.133865
3.332063 179.308685
3.337868 149.562912
3.343673 149.169907
3.349478 148.369797
3.355283 146.233337
3.361089 145.653351
3.366894 174.383240
3.372698 174.343689
3.378503 169.157990
3.384308 130.254700
3.390113 114.277077
3.395918 113.834267
3.401723 113.917404
3.407528 85.795906
3.413333 86.012474
3.419138 86.186050
3.424943 82.999870
3.430748 82.843933
3.436553 82.699051
3.442358 352.793732
3.448163 353.263672
3.453968 66.947388
3.459773 355.298798
3.465578 355.419861
3.471383 355.390381
3.477188 355.434570
3.482993 355.979218
3.488798 357.738251
3.494603 71.295631
3.500408 70.855042
3.506213 70.350983
3.512018 70.355560
3.517823 70.922089
3.523628 70.964996
3.529433 71.019852
3.535238 71.140976
3.541043 520.365845
3.546848 523.028870
3.552653 530.181213
3.558458 539.671509
3.564263 173.820663
3.570068 174.032532
3.575873 350.067322
3.581678 230.839188
3.587483 229.265427
3.593288 226.865768
3.599093 149.573257
3.604898 148.996536
3.610703 148.393845
3.616508 148.285980
3.622313 148.209412
3.628118 148.121613
3.633923 147.840668
3.639728 147.050507
3.645533 75.055145
3.651338 75.179176
3.657143 141.368576
3.662948 141.235596
3.668753 140.972992
3.674558 140.761581
3.680363 140.991394
3.686168 141.303452
3.691973 141.246155
3.697778 141.087738
3.703583 74.468475
3.709388 74.174698
3.715193 73.908112
3.720998 73.739716
3.726803 73.654900
3.732608 73.619904
3.738413 73.554550
3.744218 73.525009
3.750023 73.544205
3.755828 73.741753
3.761633 73.786179
3.767438 73.734657
3.773243 73.650070
3.779048 73.550972
3.784853 73.554153
3.790658 73.584129
3.796463 73.683578
3.802268 73.769279
3.808073 74.039436
3.813878 147.180161
3.819683 146.868546
3.825488 146.812256
3.831293 152.407837
3.837097 175.291336
3.842902 175.307404
3.848707 175.328400
3.854512 175.252884
3.860317 116.802773
3.866122 116.624619
3.871927 116.398911
3.877733 116.212860
3.883538 348.547638
3.889342 348.319946
3.895147 348.148590
3.900952 348.057098
3.906757 347.952209
3.912562 1038.343506
3.918367 1039.506836
3.924172 1037.743042
3.929977 344.745850
3.935782 343.798615
3.941587 343.383453
3.947392 343.396423
3.953197 343.709564
3.959002 344.260193
3.964807 344.866425
3.970612 345.352142
3.976417 345.938843
3.982222 347.047455
3.988027 348.427795
3.993832 349.690491
3.999637 349.850922
4.005442 349.473816
4.011247 349.382385
4.017052 349.524231
4.022857 349.649780
4.028662 349.576416
4.034467 348.955475
4.040272 347.358185
4.046077 345.411926
4.051882 345.816650
4.057687 347.353516
4.063492 211.471542
4.069297 211.679962
4.075102 211.448196
4.080907 149.159485
4.086712 148.850372
4.092517 148.513275
4.098322 148.253830
4.104127 147.112457
4.109932 74.142052
4.115737 226.144730
4.121542 228.423157
4.127347 229.276459
4.133152 229.917023
4.138957 231.029495
4.144762 232.454315
4.150567 75.162727
4.156372 74.991173
4.162177 74.418442
4.167982 74.104401
4.173787 73.922867
4.179592 73.604988
4.185397 73.480614
4.191202 73.390129
4.197007 73.392784
4.202812 73.405754
4.208617 73.381065
4.214422 73.354553
4.220227 73.340034
4.226032 73.367264
4.231837 73.421120
4.237642 73.442467
4.243447 75.525894
4.249252 73.292671
4.255057 73.233055
4.260862 73.230682
4.266667 75.322380
4.272471 74.653648
4.278276 74.321121
4.284081 74.305717
4.289886 178.925201
4.295691 0.000000
4.301497 153.593384
4.307302 149.382874
4.313107 178.331863
4.318912 172.937302
4.324717 172.522247
4.330522 143.483261
4.336327 117.884598
4.342132 117.880646
4.347937 118.100014
4.353742 118.330055
4.359547 356.072357
4.365352 356.527557
4.371157 357.007202
4.376961 89.878571
4.382766 90.122948
4.388571 361.534088
4.394376 364.386230
4.400181 367.280182
4.405986 368.887817
4.411791 370.217102
4.417596 373.182648
4.423401 378.940613
4.429206 383.269745
4.435011 385.848389
4.440816 388.311066
4.446621 390.825470
4.452426 194.563736
4.458231 194.509186
4.464036 194.792526
4.469841 194.999084
4.475646 194.984467
4.481451 388.457062
4.487256 386.977814
4.493061 386.209229
4.498866 385.421844
4.504671 384.492340
4.510476 383.658020
4.516281 382.766266
4.522086 381.754547
4.527891 191.498917
4.533696 127.600266
4.539501 127.633308
4.545306 127.788605
4.551111 261.254517
4.556916 259.985535
4.562721 259.713043
4.568526 259.486237
4.574331 258.939850
4.580136 258.790833
4.585941 260.040710
4.591746 262.195831
4.597551 263.171112
4.603356 87.708687
4.609161 87.658867
4.614966 87.619156
4.620771 87.577103
4.626576 87.524551
4.632381 87.506302
4.638186 87.623764
4.643991 88.121048
4.649796 88.084373
4.655601 88.064163
4.661406 88.071907
4.667211 87.998520
4.673016 87.838974
4.678821 87.764931
4.684626 87.795822
4.690431 87.999313
4.696236 88.177872
4.702041 88.153709
4.707846 86.618828
4.713651 86.553612
4.719456 86.568375
4.725261 86.613937
4.731066 88.063103
4.736871 88.002235
4.742676 87.768761
4.748481 87.656746
4.754286 87.739326
4.760091 87.677231
4.765896 164.647705
4.771701 164.699432
4.777506 164.986160
4.783311 165.206177
4.789115 165.225418
4.794920 165.103912
4.800725 164.898300
4.806530 127.711899
4.812335 123.958801
4.818141 124.139412
4.823946 99.187164
4.829751 98.958275
4.835556 98.517143
4.841361 83.156044
4.847166 83.091942
4.852971 81.755333
4.858776 81.633308
4.864581 81.559029
4.870386 81.482758
4.876191 331.437561
4.881996 331.245056
4.887800 331.046265
4.893605 330.734131
4.899410 330.181000
4.905215 329.640961
4.911020 329.639343
4.916825 330.118073
4.922630 330.500946
4.928435 330.792480
4.934240 331.360748
4.940045 332.073425
4.945850 166.193878
4.951655 166.210724
4.957460 332.696350
4.963265 332.897400
4.969070 333.236694
4.974875 166.485001
4.980680 166.807495
4.986485 166.741714
4.992290 165.977737
4.998095 0.000000
5.003900 108.047485
5.009705 107.983887
5.015510 110.903450
5.021315 110.935883
5.027120 110.787086
5.032925 164.276993
5.038730 163.932251
5.044535 164.501511
5.050340 110.274994
5.056145 110.205627
5.061950 164.506790
5.067755 163.981827
5.073560 163.839828
5.079365 163.945740
5.085170 165.459427
5.090975 165.368301
5.096780 165.600098
5.102585 165.765594
5.108390 163.101349
5.114195 162.810059
5.120000 110.343384
5.125805 112.886375
5.131610 112.599434
5.137415 108.903618
5.143220 162.764923
5.149025 156.721725
5.154830 55.068420
5.160635 54.494850
5.166440 106.645126
5.172245 109.217079
5.178050 110.840424
5.183855 54.993206
5.189660 54.967178
5.195465 55.069107
5.201270 122.006516
5.207075 117.016846
5.212880 55.355961
5.218685 118.239273
5.224490 118.442726
5.230295 125.378586
5.236100 125.298553
5.241905 83.668694
5.247710 83.742317
5.253515 164.458054
5.259320 164.613464
5.265125 164.993790
5.270930 85.040337
5.276735 148.324905
5.282540 129.788391
5.288345 129.934540
5.294150 126.276573
5.299954 125.533310
5.305759 125.619682
5.311564 125.990829
5.317369 92.574013
5.323174 72.371651
5.328979 72.323311
5.334785 83.335831
5.340590 82.310631
5.346395 328.976959
5.352200 328.208923
5.358005 72.934532
5.363810 328.487000
5.369615 328.608521
5.375420 329.037292
5.381225 329.740906
5.387030 330.566284
5.392835 331.650085
5.398640 332.943878
5.404444 334.139099
5.410249 335.234009
5.416054 336.325226
5.421859 337.063538
5.427664 337.011658
5.433469 336.631012
5.439274 336.325348
5.445079 335.478821
5.450884 333.274475
5.456689 331.643768
5.462494 332.170166
5.468299 341.082703
5.474104 343.681641
5.479909 174.315109
5.485714 174.242172
5.491519 163.895279
5.497324 164.625305
5.503129 164.876419
5.508934 110.205742
5.514739 327.547943
5.520544 327.002411
5.526349 165.896881
5.532154 166.070251
5.537959 166.267105
5.543764 109.612206
5.549569 109.932442
5.555374 110.146614
5.561179 110.247803
5.566984 168.318008
5.572789 168.343613
5.578594 168.461166
5.584399 168.787186
5.590204 168.917419
5.596009 168.707184
5.601814 168.015961
5.607619 167.128754
5.613424 166.754440
5.619229 166.274124
5.625034 164.676605
5.630839 163.579391
5.636644 163.018417
5.642449 162.783295
5.648254 162.715530
5.654059 162.753220
5.659864 166.266785
5.665669 166.150436
5.671474 165.841705
5.677279 165.922440
5.683084 166.865280
5.688889 167.525024
5.694694 167.849609
5.700499 168.066940
5.706304 164.607941
5.712109 109.178146
5.717914 108.935555
5.723719 281.766266
5.729524 168.757172
5.735329 168.721359
5.741134 168.408218
5.746939 166.714798
5.752744 165.908768
5.758549 165.336349
5.764354 165.138412
5.770159 110.303017
5.775964 108.948677
5.781769 98.415932
5.787574 98.115967
5.793379 97.796333
5.799184 82.155533
5.804989 82.163254
5.810794 963.285339
5.816598 991.440613
5.822403 1013.957520
5.828208 1014.494324
5.834013 1002.166138
5.839818 994.953552
5.845623 993.286804
5.851429 989.618286
5.857234 982.684937
5.863039 65.480263
5.868844 64.902596
5.874649 64.764923
5.880454 64.686592
5.886259 64.626335
5.892064 321.218262
5.897869 320.884583
5.903674 320.432526
5.909479 319.730469
5.915284 318.467682
5.921088 316.987732
5.926893 315.860748
5.932698 315.089874
5.938503 314.703644
5.944308 314.945343
5.950113 316.955658
5.955918 319.724731
5.961723 320.700470
5.967528 321.636322
5.973333 164.543793
5.979138 164.630447
5.984943 164.744843
5.990748 165.086258
5.996553 165.601440
6.002358 165.451477
6.008163 165.468063
6.013968 166.112427
6.019773 166.580383
6.025578 110.330040
6.031383 110.164429
6.037188 109.825127
6.042993 110.040222
6.048798 110.326912
6.054603 110.184746
6.060408 110.035751
6.066213 110.009552
6.072018 110.097641
6.077823 110.409782
6.083628 110.472145
6.089433 110.193085
6.095238 110.339226
6.101043 110.706406
6.106848 110.333450
6.112653 109.984917
6.118458 109.696587
6.124263 109.347282
6.130068 109.363243
6.135873 111.137383
6.141678 111.007477
6.147483 110.666832
6.153288 110.584846
6.159093 110.576714
6.164898 111.086334
6.170703 1974.227173
6.176508 1993.517090
6.182313 118.565887
6.188118 111.569313
6.193923 0.000000
6.199728 0.000000
6.205533 163.214462
6.211338 138.420532
6.217143 168.739944
6.222948 168.571869
6.228753 0.000000
6.234558 0.000000
6.240363 119.559341
6.246168 110.792244
6.251973 108.066200
6.257778 96.203522
6.263583 96.350075
6.269388 91.975693
6.275193 84.169312
6.280998 78.296173
6.286803 80.125641
6.292608 80.092300
6.298413 71.576035
6.304218 71.663651
6.310023 73.121674
6.315828 73.067772
6.321633 67.250397
6.327438 68.781349
6.333242 68.945007
6.339047 69.004547
6.344852 66.606964
6.350657 66.446075
6.356462 64.884026
6.362267 65.910789
6.368073 65.820976
6.373878 65.733307
6.379683 65.594887
6.385488 65.805870
6.391293 64.773521
6.397098 64.625031
6.402903 64.605766
6.408708 65.001999
6.414513 65.001770
6.420318 64.419701
6.426123 64.119003
6.431927 1635.386230
6.437732 1639.059326
6.443537 1649.875488
6.449342 321.588562
6.455147 164.492920
6.460952 164.644196
6.466757 165.114334
6.472562 167.895203
6.478367 167.633392
6.484172 166.853485
6.489977 166.631180
6.495782 166.943481
6.501587 167.365845
6.507392 167.874435
6.513197 168.325470
6.519002 168.491653
6.524807 168.665222
6.530612 109.277107
6.536417 109.664291
6.542222 109.823357
6.548027 109.889961
6.553832 109.936150
6.559637 110.024979
6.565442 110.125671
6.571247 110.116783
6.577052 110.460892
6.582857 148.381500
6.588662 148.666336
6.594467 149.053757
6.600272 149.430099
6.606077 112.237885
6.611882 112.436058
6.617687 112.682220
6.623492 112.992355
6.629297 113.091240
6.635102 112.788727
6.640907 111.109108
6.646712 113.297623
6.652517 113.416794
6.658322 113.261650
6.664127 105.566536
6.669932 110.802170
6.675737 0.000000
6.681542 0.000000
6.687347 158.054398
6.693152 185.312729
6.698957 184.221939
6.704762 159.547302
6.710567 158.828186
6.716372 68.150986
6.722177 118.624329
6.727982 107.740814
6.733787 97.803993
6.739592 97.598518
6.745397 97.561104
6.751202 97.593628
6.757007 88.550194
6.762812 2143.949219
6.768617 2220.484619
6.774422 2320.125977
6.780227 2348.747803
6.786032 61.277874
6.791837 61.214386
6.797642 65.350685
6.803447 61.246414
6.809252 59.541214
6.815057 59.534138
6.820862 2111.745361
6.826667 2119.102295
6.832472 59.535858
6.838277 109.094803
6.844081 109.120781
6.849886 123.136017
6.855691 123.407776
6.861496 123.464401
6.867301 123.259880
6.873106 122.891556
6.878911 122.624405
6.884717 122.460541
6.890522 122.421120
6.896327 122.433647
6.902132 122.314476
6.907937 122.140099
6.913742 125.825676
6.919547 113.156120
6.925352 112.803322
6.931157 165.252792
6.936962 165.254761
6.942767 165.374908
6.948571 165.309311
6.954376 109.721764
6.960181 109.278198
6.965986 108.988235
6.971791 108.916191
6.977596 108.925285
6.983401 108.865173
6.989206 108.744598
6.995011 108.663857
7.000816 108.608978
7.006621 108.568932
7.012426 108.590645
7.018231 108.677605
7.024036 108.823975
7.029841 109.042969
7.035646 109.294258
7.041451 109.504829
7.047256 109.741722
7.053061 110.087761
7.058866 110.302002
7.064671 110.450356
7.070476 110.674835
7.076281 110.988892
7.082086 111.399673
7.087891 111.733109
7.093696 111.794258
7.099501 111.634720
7.105306 111.391121
7.111111 111.136002
7.116916 111.016388
7.122721 111.092445
7.128526 117.042839
7.134331 117.341789
7.140136 111.144524
7.145941 111.045387
7.151746 144.759476
7.157551 144.731201
7.163356 144.726471
7.169161 144.637375
7.174966 163.240402
7.180771 163.487915
7.186576 150.067642
7.192381 150.125946
7.198186 108.824570
7.203991 103.564384
7.209796 105.693710
7.215601 105.760818
7.221406 105.861473
7.227211 84.501648
7.233016 84.528618
7.238821 84.530006
7.244626 80.974907
7.250431 80.908531
7.256236 66.845268
7.262041 66.781494
7.267846 75.309578
7.273651 65.304588
7.279456 65.240646
7.285261 65.175972
7.291066 872.562256
7.296871 163.702103
7.302676 492.690613
7.308481 493.104614
7.314286 493.124695
7.320091 493.170563
7.325896 492.722382
7.331701 492.158997
7.337506 493.362610
7.343311 496.331635
7.349116 498.972351
7.354921 162.329163
7.360725 162.285355
7.366530 162.422302
7.372335 629.994629
7.378140 632.936829
7.383945 628.378296
7.389750 343.974518
7.395555 343.705902
7.401361 342.489471
7.407166 164.974579
7.412971 165.164444
7.418776 165.116791
7.424581 165.058594
7.430386 165.056183
7.436191 165.073715
7.441996 164.987274
7.447801 164.681747
7.453606 164.403320
7.459411 164.427170
7.465215 164.457306
7.471020 164.406433
7.476825 164.428680
7.482630 109.646378
7.488435 114.540169
7.494240 109.330963
7.500045 112.203926
7.505850 112.543449
7.511655 112.765350
7.517460 112.928627
7.523265 114.172859
7.529070 113.416954
7.534875 113.897797
7.540680 108.043159
7.546485 115.082787
7.552290 115.806923
7.558095 103.839752
7.563900 109.887642
7.569705 109.585663
7.575510 109.375832
7.581315 107.405251
7.587120 107.205658
7.592925 107.530029
7.598730 109.813606
7.604535 109.949364
7.610340 110.025261
7.616145 105.575600
7.621950 105.787468
7.627755 168.439224
7.633560 167.224655
7.639365 166.427200
7.645170 165.991623
7.650975 166.077377
7.656780 166.402328
7.662585 137.268173
7.668390 137.580521
7.674195 110.711998
7.680000 110.615219
7.685805 143.005402
7.691610 142.701477
7.697415 111.028351
7.703220 111.134171
7.709025 556.159180
7.714830 954.683777
7.720635 81.879646
7.726440 81.894203
7.732245 164.261795
7.738050 329.035004
7.743855 328.926727
7.749660 656.281250
7.755465 1978.078491
7.761270 1969.135986
7.767075 109.074699
7.772880 108.877281
7.778685 324.644440
7.784490 324.582336
7.790295 324.594574
7.796100 519.130249
7.801905 516.643494
7.807710 515.007751
7.813515 514.789429
7.819320 515.442871
7.825125 517.258911
7.830930 516.497681
7.836735 509.214569
7.842540 503.265350
7.848345 500.258148
7.854150 188.140823
7.859955 186.763062
7.865760 283.442963
7.871564 282.943970
7.877369 108.798355
7.883174 108.774673
7.888979 109.366768
7.894784 109.696327
7.900589 109.700340
7.906394 109.621750
7.912199 312.911987
7.918005 109.462929
7.923810 109.410828
7.929615 109.389130
7.935420 112.902565
7.941225 112.989143
7.947030 108.878868
7.952835 108.549934
7.958640 108.256889
7.964445 113.020004
7.970250 112.802727
7.976054 112.512901
7.981859 112.417587
7.987664 112.358337
7.993469 112.227997
7.999274 111.780106
8.005079 111.152016
8.010884 111.428902
8.016689 111.730080
8.022494 111.844269
8.028299 111.962906
8.034104 112.170456
8.039909 112.304565
8.045714 112.218231
8.051519 111.626808
8.057324 108.557076
8.063129 277.024780
8.068934 276.589783
8.074739 276.650665
8.080544 627.475342
8.086349 629.106995
8.092155 176.351532
8.097960 176.701981
8.103765 0.000000
8.109570 0.000000
8.115375 182.216599
8.121180 181.323196
8.126985 180.158142
8.132789 179.554840
8.138594 147.674515
8.144399 129.122284
8.150204 110.189644
8.156009 110.820366
8.161814 110.929359
8.167619 110.247032
8.173424 995.457214
8.179229 983.771057
8.185034 964.289795
8.190839 107.970467
8.196644 107.874146
8.202449 323.665588
8.208254 323.505890
8.214059 686.701599
8.219864 219.978073
8.225669 219.165695
8.231474 321.331268
8.237279 322.503784
8.243084 323.905243
8.248889 325.890808
8.254694 328.458954
8.260499 331.034241
8.266304 332.777954
8.272109 952.771729
8.277914 295.015289
8.283719 299.003754
8.289524 300.903534
8.295329 303.239990
8.301134 305.643982
8.306939 307.188843
8.312744 108.295425
8.318549 108.255569
8.324354 108.280632
8.330159 108.564789
8.335963 109.079811
8.341768 132.011871
8.347573 131.809982
8.353378 131.600632
8.359183 131.514771
8.364988 131.535843
8.370793 200.568649
8.376598 200.639969
8.382403 132.111649
8.388208 132.148529
8.394013 132.228912
8.399818 132.256363
8.405623 132.155212
8.411428 132.035660
8.417233 131.960724
8.423038 131.815765
8.428843 131.599106
8.434649 131.479843
8.440454 127.605812
8.446259 127.701698
8.452064 127.880608
8.457869 135.978378
8.463674 135.880722
8.469479 135.816055
8.475284 135.955643
8.481089 136.203476
8.486894 132.287308
8.492699 132.090118
8.498504 131.985840
8.504309 131.959961
8.510114 132.104767
8.515919 132.281067
8.521724 132.227005
8.527529 132.029541
8.533334 131.880478
8.539139 131.811035
8.544943 131.724289
8.550748 131.699356
8.556553 131.812820
8.562358 66.010223
8.568163 131.600067
8.573968 65.434921
8.579773 149.379242
8.585578 149.350769
8.591383 146.156830
8.597188 165.626938
8.602993 173.472488
8.608798 165.597336
8.614603 139.301926
8.620408 129.916107
8.626213 129.948227
8.632018 111.199898
8.637823 111.176727
8.643628 102.735573
8.649433 102.598137
8.655238 88.113800
8.661043 3176.874512
8.666848 3105.267334
8.672653 3093.303955
8.678458 3143.816162
8.684263 3208.564453
8.690068 3268.282227
8.695873 3312.588867
8.701678 327.105713
8.707483 326.339874
8.713288 326.057892
8.719093 326.880157
8.724898 327.937744
8.730703 328.193604
8.736508 328.535126
8.742313 329.667847
8.748117 331.080475
8.753922 332.397217
8.759727 333.139069
8.765532 332.876221
8.771338 331.690491
8.777143 330.500793
8.782948 329.416229
8.788753 328.103210
8.794558 328.289001
8.800363 331.408722
8.806168 332.782196
8.811973 333.036224
8.817778 332.598297
8.823583 332.288635
8.829388 113.914284
8.835193 110.826164
8.840998 111.037605
8.846803 149.443420
8.852608 149.039246
8.858413 148.677200
8.864218 148.774689
8.870023 74.001930
8.875828 227.969788
8.881633 227.670044
8.887438 74.538170
8.893243 74.344322
8.899048 74.234459
8.904853 74.094612
8.910658 73.777939
8.916463 73.585785
8.922268 73.437119
8.928073 74.895454
8.933878 72.944138
8.939683 72.881531
8.945488 74.385971
8.951293 74.212219
8.957097 74.106560
8.962902 73.946220
8.968707 72.966072
8.974512 72.902771
8.980317 74.504738
8.986122 74.526375
8.991927 74.501289
8.997732 74.471519
9.003537 74.471397
9.009342 74.415161
9.015147 73.794395
9.020952 73.844727
9.026757 73.873245
9.032562 73.833771
9.038367 73.803192
9.044172 73.785721
9.049977 77.104004
9.055782 77.109207
9.061587 158.335938
9.067392 158.447601
9.073197 163.847244
9.079002 164.055557
9.084807 163.915344
9.090612 149.398071
9.096417 150.069397
9.102222 108.513763
9.108027 108.440468
9.113832 659.083923
9.119637 94.071098
9.125443 92.957420
9.131248 82.000137
9.137053 81.971161
9.142858 82.567459
9.148663 75.902458
9.154468 74.663216
9.160272 73.500916
9.166077 74.549461
9.171882 73.324844
9.177687 71.160591
9.183492 71.082603
9.189297 70.917000
9.195102 65.994896
9.200907 68.907066
9.206712 65.553032
9.212517 65.427925
9.218322 66.633156
9.224127 66.645546
9.229932 64.952095
9.235737 68.408241
9.241542 68.338821
9.247347 69.770531
9.253152 72.202156
9.258957 72.002968
9.264762 72.032928
9.270567 3928.602539
9.276372 4034.757812
9.282177 4071.807129
9.287982 4092.962158
9.293787 4113.324219
9.299592 4142.694336
9.305397 4197.185059
9.311202 222.587158
9.317007 149.189606
9.322812 146.509109
9.328617 147.114105
9.334422 146.950500
9.340227 73.525932
9.346032 73.869080
9.351837 73.970467
9.357642 73.290886
9.363446 73.356598
9.369251 73.377563
9.375056 73.664261
9.380861 73.927177
9.386666 73.859306
9.392471 73.903099
9.398276 74.213112
9.404081 74.229004
9.409886 74.167633
9.415691 73.995689
9.421496 73.831017
9.427301 73.793137
9.433106 73.783630
9.438911 73.809807
9.444716 73.756889
9.450521 73.573814
9.456326 73.422684
9.462132 73.478043
9.467937 73.509148
9.473742 73.483948
9.479547 73.544876
9.485352 73.742729
9.491157 74.095787
9.496962 74.158539
9.502767 74.008827
9.508572 73.775986
9.514377 73.607925
9.520182 73.825974
9.525987 74.939651
9.531792 75.537384
9.537597 145.930328
9.543402 145.945419
9.549207 158.596436
9.555012 164.861725
9.560817 164.743347
9.566622 165.148651
9.572426 144.324158
9.578231 111.996918
9.584036 111.942467
9.589841 112.270401
9.595646 112.523239
9.601451 338.788605
9.607256 337.482056
9.613061 335.679260
9.618866 333.501068
9.624671 330.880768
9.630476 328.027588
9.636281 325.107422
9.642086 321.742981
9.647891 318.365051
9.653696 316.712799
9.659501 316.479279
9.665306 317.097290
9.671111 319.029816
9.676916 321.173584
9.682721 322.194519
9.688526 322.691406
9.694331 323.335632
9.700136 324.403809
9.705941 325.394043
9.711746 325.775848
9.717551 325.320404
9.723356 324.051208
9.729161 322.038330
9.734966 319.791199
9.740771 317.730194
9.746576 315.015656
9.752381 310.838654
9.758186 307.604645
9.763991 305.990112
9.769796 150.746979
9.775600 150.530289
9.781405 221.216507
9.787210 221.501953
9.793015 221.277985
9.798820 220.877502
9.804626 146.411957
9.810431 146.705658
9.816236 73.545876
9.822041 73.649780
9.827846 73.722656
9.833651 73.662628
9.839456 73.551506
9.845261 73.520386
9.851066 73.521034
9.856871 73.545830
9.862676 73.586899
9.868481 73.610657
9.874286 73.595314
9.880091 73.552811
9.885896 73.594795
9.891701 73.653214
9.897506 73.750648
9.903311 73.807465
9.909116 73.776550
9.914921 73.802940
9.920726 73.787239
9.926531 73.821533
9.932336 73.910461
9.938141 74.357819
9.943946 74.581596
9.949751 74.203209
9.955556 74.143753
9.961361 74.098358
9.967166 74.130531
9.972971 74.208733
9.978776 74.027649
9.984580 73.666817
9.990385 73.738533
9.996190 73.777824
10.001995 76.669464
10.007800 252.929016
10.013605 140.470383
10.019410 163.572647
10.025215 164.019363
10.031020 163.680771
10.036825 163.055359
10.042630 162.922806
10.048435 163.299591
10.054240 108.868629
10.060045 108.914291
10.065850 108.824318
10.071655 108.709396
10.077460 108.625771
10.083265 81.445518
10.089070 81.435699
10.094875 81.589699
10.100680 81.830276
10.106485 81.586189
10.112290 1850.240234
10.118095 325.913147
10.123900 326.337585
10.129705 327.029419
10.135510 327.837006
10.141315 328.526581
10.147120 329.201996
10.152925 329.977417
10.158731 330.709015
10.164536 331.173340
10.170341 331.199036
10.176146 330.925049
10.181951 330.857056
10.187755 331.212524
10.193560 331.615173
10.199365 331.650024
10.205170 331.440521
10.210975 331.268616
10.216780 331.219818
10.222585 331.415436
10.228390 331.916229
10.234195 332.462341
10.240000 332.813721
10.245805 332.700073
10.251610 111.283531
10.257415 150.523605
10.263220 150.247177
10.269025 215.979324
10.274830 216.149185
10.280635 73.722572
10.286440 73.576500
10.292245 73.327393
10.298050 73.288467
10.303855 146.613281
10.309660 146.933319
10.315465 74.518372
10.321270 74.804420
10.327075 74.886742
10.332880 74.840027
10.338685 74.699348
10.344490 74.379158
10.350295 73.663429
10.356100 73.715797
10.361905 73.974335
10.367710 74.084282
10.373515 74.071136
10.379320 73.506035
10.385125 73.437965
10.390930 73.611488
10.396734 73.701324
10.402539 73.716751
10.408344 73.774109
10.414149 74.691467
10.419954 73.984505
10.425759 73.872719
10.431564 74.028572
10.437369 74.135384
10.443174 74.215958
10.448979 73.984825
10.454784 73.925323
10.460589 73.870972
10.466394 73.826286
10.472199 73.902328
10.478004 74.022064
10.483809 147.771194
10.489614 147.225327
10.495420 146.279190
10.501225 150.899780
10.507030 165.508728
10.512835 165.883713
10.518640 150.102768
10.524445 144.709656
10.530250 3549.861816
10.536055 108.917343
10.541860 101.632225
10.547665 100.115799
10.553470 99.947632
10.559275 3407.055420
10.565080 3372.281738
10.570885 3296.170654
10.576690 3209.711182
10.582495 3191.575195
10.588300 3226.191406
10.594105 3260.840576
10.599909 3274.947266
10.605714 3259.318604
10.611519 3234.425781
10.617324 3208.631836
10.623129 3176.273682
10.628934 3169.572754
10.634739 3195.188232
10.640544 3233.704590
10.646349 297.831390
10.652154 299.784180
10.657959 303.640594
10.663764 306.972412
10.669569 308.835571
10.675374 309.313049
10.681179 308.330841
10.686984 305.898682
10.692789 304.441467
10.698594 304.899719
10.704399 306.064667
10.710204 294.109161
10.716009 291.887238
10.721814 266.653931
10.727619 225.842987
10.733424 223.884628
10.739229 150.103775
10.745034 149.956085
10.750839 149.551285
10.756644 148.823517
10.762449 73.448326
10.768254 73.475670
10.774059 73.520004
10.779864 73.595787
10.785669 73.698318
10.791474 73.633438
10.797279 73.585594
10.803084 73.569817
10.808888 73.550987
10.814693 73.496910
10.820498 73.523239
10.826303 73.722511
10.832108 73.863838
10.837914 73.886452
10.843719 73.774460
10.849524 73.793427
10.855329 73.881599
10.861134 73.975151
10.866939 74.048347
10.872744 73.979973
10.878549 73.946655
10.884354 73.940880
10.890159 73.971992
10.895964 73.944069
10.901769 73.879761
10.907574 73.958443
10.913379 74.040611
10.919184 74.140030
10.924989 74.109833
10.930794 74.111282
10.936599 73.846046
10.942404 73.859322
10.948209 74.140526
10.954014 74.475258
10.959819 145.537384
10.965624 145.531403
10.971429 144.163849
10.977234 143.544189
10.983039 168.706360
10.988844 85.467056
10.994649 162.855896
11.000454 148.289703
11.006259 112.898575
11.012063 107.030342
11.017868 106.586067
11.023673 106.341827
11.029478 95.002029
11.035283 86.965950
11.041088 83.710533
11.046893 79.756691
11.052698 77.746109
11.058503 74.667480
11.064308 73.393898
11.070113 73.458595
11.075918 73.472595
11.081723 71.383804
11.087528 71.327309
11.093333 69.119499
11.099138 67.989799
11.104943 67.010918
11.110748 66.102844
11.116553 66.175171
11.122358 66.281517
11.128163 68.632973
11.133968 64.914543
11.139773 65.850311
11.145578 65.874825
11.151383 68.159462
11.157188 64.494293
11.162993 67.784752
11.168798 3751.293213
11.174603 3712.608643
11.180408 69.368179
11.186213 72.402618
11.192019 4330.867188
11.197824 4334.961426
11.203629 213.233826
11.209434 213.334579
11.215239 213.522812
11.221043 221.625626
11.226848 220.598633
11.232653 220.156387
11.238458 219.594788
11.244263 73.464684
11.250068 73.452568
11.255873 73.571442
11.261678 73.682724
11.267483 73.748108
11.273288 73.847870
11.279093 73.856247
11.284898 73.776657
11.290703 73.678841
11.296508 73.677788
11.302313 73.750031
11.308118 73.735916
11.313923 73.727623
11.319728 73.769951
11.325533 73.884598
11.331338 73.890297
11.337143 73.727165
11.342948 73.690140
11.348753 73.730309
11.354558 73.824455
11.360363 73.838524
11.366168 73.809052
11.371973 73.804543
11.377778 73.821144
11.383583 73.936485
11.389388 73.956299
11.395193 73.959351
11.400998 73.941101
11.406803 73.922722
11.412608 73.954994
11.418413 73.946671
11.424217 73.846085
11.430022 73.343269
11.435827 71.782166
11.441632 0.000000
11.447437 78.389030
11.453242 164.740448
11.459047 170.967468
11.464852 170.456375
11.470657 169.380051
11.476462 139.848724
11.482267 127.031075
11.488072 127.043831
11.493877 102.068649
11.499682 101.686951
11.505487 100.890396
11.511292 86.232521
11.517097 85.924835
11.522902 86.821808
11.528708 87.858994
11.534513 87.982452
11.540318 86.725250
11.546123 65.478119
11.551928 65.403381
11.557733 71.203712
11.563538 71.220818
11.569343 71.459770
11.575148 66.712410
11.580953 66.857185
11.586758 73.089676
11.592563 73.148705
11.598368 65.652077
11.604173 65.742073
11.609978 65.677299
11.615783 259.374573
11.621588 258.482727
11.627392 257.889008
11.633197 257.377289
11.639002 256.996918
11.644807 256.762604
11.650612 256.307220
11.656417 255.550446
11.662222 254.966705
11.668027 254.874649
11.673832 417.282410
11.679637 418.013702
11.685442 151.009125
11.691247 150.598740
11.697052 150.187042
11.702857 145.542770
11.708662 145.354889
11.714467 145.694550
11.720272 146.511230
11.726077 147.049133
11.731882 73.648651
11.737687 73.648918
11.743492 73.590889
11.749297 73.611504
11.755102 73.685852
11.760907 73.722008
11.766712 73.668068
11.772517 73.627625
11.778322 73.702644
11.784127 73.918144
11.789932 74.076073
11.795737 73.858086
11.801542 73.473190
11.807347 73.603294
11.813152 74.049538
11.818957 74.247505
11.824762 74.155609
11.830567 74.001579
11.836371 73.438057
11.842176 73.646706
11.847981 73.805611
11.853786 73.788979
11.859591 73.924255
11.865396 74.117287
11.871202 74.226799
11.877007 74.258789
11.882812 74.226898
11.888617 73.916527
11.894422 73.956909
11.900227 74.044182
11.906032 74.059456
11.911837 181.548172
11.917642 181.853638
11.923447 182.524536
11.929252 130.017258
11.935057 167.490631
11.940862 151.653000
11.946667 151.354553
11.952472 150.962997
11.958277 125.132553
11.964082 100.230339
11.969887 97.140915
11.975692 97.265282
11.981497 97.428940
11.987302 618.941895
11.993107 613.654846
11.998912 609.121643
12.004717 605.757935
12.010522 73.433273
12.016327 73.394852
12.022132 73.022713
12.027937 72.220085
12.033742 71.898613
12.039546 71.364174
12.045351 71.317589
12.051156 285.474884
12.056961 285.328613
12.062766 284.897217
12.068571 284.161072
12.074376 283.609070
12.080181 283.892303
12.085986 285.059265
12.091791 287.071411
12.097596 289.040771
12.103401 290.296814
12.109206 291.143738
12.115011 291.445099
12.120816 290.585876
12.126621 287.938812
12.132426 285.584778
12.138231 285.463623
12.144036 4470.768555
12.149841 541.538086
12.155646 174.904785
12.161451 174.749969
12.167256 174.622177
12.173061 87.696899
12.178866 87.731339
12.184671 87.663612
12.190476 87.549400
12.196281 87.587036
12.202086 87.775391
12.207891 87.879951
12.213696 87.903763
12.219501 87.867432
12.225307 87.751778
12.231112 87.612846
12.236917 87.581001
12.242722 87.602425
12.248526 87.586479
12.254331 87.565010
12.260136 87.932358
12.265941 88.055817
12.271746 88.050285
12.277551 88.066391
12.283356 88.061470
12.289161 87.972946
12.294966 87.894463
12.300771 87.902374
12.306576 87.993874
12.312381 88.110687
12.318186 88.162239
12.323991 88.145103
12.329796 88.116997
12.335601 88.112236
12.341406 88.129593
12.347211 88.155411
12.353016 88.185028
12.358821 88.185974
12.364626 88.195534
12.370431 88.201385
12.376236 88.188110
12.382041 87.137299
12.387846 86.304222
12.393651 86.297043
12.399456 84.645073
12.405261 152.163605
12.411066 164.794769
12.416871 165.044067
12.422676 151.098358
12.428481 135.628769
12.434286 130.814056
12.440091 114.984650
12.445896 98.240494
12.451700 97.818283
12.457505 98.000870
12.463310 295.881439
12.469115 940.752930
12.474920 946.596924
12.480725 952.751038
12.486530 956.650146
12.492335 300.169128
12.498140 300.469055
12.503945 300.413116
12.509750 300.344513
12.515555 300.585022
12.521360 300.989044
12.527165 301.717316
12.532970 302.941589
12.538775 304.167450
12.544580 305.113892
12.550385 306.026886
12.556190 306.852905
12.561996 307.322723
12.567801 307.838715
12.573606 309.115143
12.579411 311.115967
12.585216 312.386902
12.591021 312.618408
12.596826 312.656128
12.602631 312.920959
12.608436 313.467255
12.614241 314.097198
12.620046 315.211487
12.625851 317.826813
12.631656 319.469299
12.637461 319.784302
12.643266 319.523010
12.649071 319.226624
12.654876 319.344208
12.660680 319.521729
12.666485 320.097046
12.672290 321.305786
12.678095 322.025787
12.683900 322.411316
12.689705 161.489120
12.695510 162.045776
12.701315 162.743195
12.707120 326.501007
12.712925 326.940521
12.718730 327.019257
12.724535 326.886932
12.730340 326.793030
12.736145 326.760132
12.741950 326.675934
12.747755 326.485840
12.753560 326.120697
12.759365 325.660126
12.765170 325.270630
12.770975 324.859100
12.776780 324.363342
12.782585 324.132111
12.788390 324.328583
12.794195 324.943329
12.800000 109.079338
12.805805 109.134239
12.811610 107.416321
12.817415 106.756683
12.823220 106.444336
12.829025 106.400108
12.834830 106.081535
12.840635 105.657471
12.846440 2087.066895
12.852245 247.901077
12.858050 1000.083496
12.863854 0.000000
12.869659 0.000000
12.875464 146.610046
12.881269 146.808014
12.887074 0.000000
12.892879 180.175812
12.898685 179.910034
12.904490 154.816330
12.910295 113.829987
12.916100 114.378326
12.921905 114.747696
12.927710 108.947998
12.933515 94.851639
12.939320 94.547554
12.945125 83.361374
12.950930 81.792480
12.956735 81.994583
12.962540 82.170807
12.968345 82.355614
12.974150 79.141541
12.979955 79.463242
12.985760 77.752190
12.991565 312.958252
12.997370 313.596924
13.003175 314.728394
13.008980 316.198669
13.014785 317.879486
13.020590 319.422028
13.026395 321.202026
13.032200 323.400238
13.038005 325.180603
13.043810 326.352081
13.049615 326.967987
13.055420 327.027100
13.061225 326.685120
13.067030 326.112488
13.072834 324.681915
13.078639 321.159027
13.084444 317.689972
13.090249 315.202026
13.096054 321.895386
13.101859 1645.543701
13.107664 4277.123047
13.113469 322.781555
13.119274 323.421692
13.125079 325.931091
13.130884 164.845139
13.136689 165.082947
13.142494 165.346970
13.148299 165.352905
13.154104 165.710373
13.159909 165.866806
13.165714 164.863297
13.171519 164.686554
13.177324 110.767731
13.183129 165.411896
13.188934 319.606995
13.194739 109.225006
13.200544 109.407028
13.206349 109.282448
13.212154 109.016029
13.217959 109.000671
13.223764 110.617142
13.229569 110.280479
13.235374 109.802773
13.241179 109.970314
13.246984 110.816841
13.252789 110.729568
13.258595 110.784439
13.264400 110.943855
13.270205 109.749672
13.276009 109.748207
13.281814 111.050789
13.287619 110.866066
13.293424 110.848534
13.299229 111.613876
13.305034 110.515274
13.310839 110.463730
13.316644 111.190956
13.322449 109.933731
13.328254 109.906059
13.334059 109.751236
13.339864 0.000000
13.345669 157.125168
13.351474 150.809006
13.357279 145.793518
13.363084 150.899124
13.368889 170.101929
13.374694 169.681961
13.380499 140.495636
13.386304 140.681915
13.392109 112.684822
13.397914 112.508141
13.403719 112.457870
13.409524 112.298248
13.415329 335.908539
13.421134 332.692352
13.426939 328.814270
13.432744 1241.451660
13.438549 1280.468750
13.444354 1325.275391
13.450159 318.911255
13.455964 317.907837
13.461769 317.371094
13.467574 317.152100
13.473379 317.400909
13.479183 318.354767
13.484988 320.154266
13.490793 322.500671
13.496598 325.028778
13.502403 328.564941
13.508208 331.593658
13.514013 333.194244
13.519818 334.469879
13.525623 336.302338
13.531428 337.752930
13.537233 337.419128
13.543038 335.934906
13.548843 333.503326
13.554648 330.439758
13.560453 326.374390
13.566258 321.802155
13.572063 319.066681
13.577868 319.570404
13.583673 321.493042
13.589478 322.447205
13.595284 322.852631
13.601089 323.057159
13.606894 323.658630
13.612699 165.879028
13.618504 165.464157
13.624309 165.315659
13.630114 165.273331
13.635919 165.378372
13.641724 165.413071
13.647529 110.348915
13.653334 110.450760
13.659139 110.273582
13.664944 110.261841
13.670749 110.059685
13.676554 109.884071
13.682359 110.137245
13.688163 110.206421
13.693968 110.048576
13.699773 110.451622
13.705578 110.762596
13.711383 110.607430
13.717188 110.737930
13.722993 110.521027
13.728798 109.479172
13.734603 109.598137
13.740408 109.851517
13.746213 109.899612
13.752018 110.198479
13.757823 110.930740
13.763628 110.904724
13.769433 110.500099
13.775238 110.342537
13.781043 110.296196
13.786848 110.328705
13.792653 110.665138
13.798458 118.515564
13.804263 118.770088
13.810068 0.000000
13.815873 0.000000
13.821678 0.000000
13.827483 144.265533
13.833288 144.422211
13.839093 169.285797
13.844898 167.925446
13.850703 167.136398
13.856508 166.589249
13.862313 112.258301
13.868118 112.236244
13.873923 109.526459
13.879728 111.885345
13.885533 93.651062
13.891337 93.627510
13.897142 1803.612305
13.902947 314.085022
13.908752 316.647522
13.914557 639.114868
13.920362 641.174133
13.926167 642.749695
13.931973 322.067841
13.937778 322.451904
13.943583 322.389709
13.949388 322.161499
13.955193 323.074036
13.960998 326.363953
13.966803 328.739807
13.972608 329.617310
13.978413 329.959076
13.984218 329.989471
13.990023 329.983124
13.995828 330.097748
14.001633 330.286163
14.007438 330.410156
14.013243 330.452362
14.019048 330.585663
14.024853 330.875183
14.030658 331.356934
14.036463 331.888702
14.042268 332.255096
14.048073 332.773865
14.053878 334.168549
14.059683 337.298035
14.065488 338.271240
14.071293 336.464691
14.077098 335.218628
14.082903 335.025757
14.088708 335.411072
14.094513 335.917175
14.100317 336.491821
14.106122 337.479919
14.111927 339.318359
14.117732 341.537689
14.123537 343.341278
14.129342 344.882172
14.135147 346.717316
14.140952 348.867859
14.146757 108.544533
14.152562 108.964363
14.158367 109.941086
14.164172 110.033302
14.169977 110.203987
14.175782 110.548683
14.181587 110.544556
14.187392 110.266411
14.193197 110.647713
14.199002 111.011841
14.204807 110.717545
14.210612 110.550148
14.216417 110.452454
14.222222 110.107964
14.228027 110.292793
14.233832 110.879936
14.239637 110.864342
14.245442 110.830772
14.251247 111.075607
14.257052 111.062935
14.262857 110.920769
14.268662 110.773338
14.274467 110.314598
14.280272 110.375107
14.286077 111.235306
14.291883 0.000000
14.297688 0.000000
14.303492 143.236176
14.309297 151.975357
14.315102 168.385040
14.320907 168.794403
14.326712 155.995209
14.332517 139.433472
14.338322 119.955719
14.344127 115.266708
14.349932 106.210548
14.355737 104.867279
14.361542 102.356575
14.367347 89.190857
14.373152 85.180756
14.378957 84.074646
14.384762 83.835487
14.390567 80.876633
14.396372 80.851875
14.402177 80.839813
14.407982 80.770432
14.413787 66.435020
14.419592 2927.050781
14.425397 2917.314453
14.431202 2918.075684
14.437007 2918.870117
14.442812 2926.691162
14.448617 2979.544922
14.454422 64.789665
14.460227 64.560432
14.466032 64.463364
14.471837 64.259224
14.477642 64.058327
14.483447 63.965450
14.489252 63.938038
14.495057 64.394035
14.500862 65.267433
14.506667 64.387863
14.512471 66.006096
14.518276 66.596672
14.524081 1633.939087
14.529886 1640.793701
14.535691 324.447327
14.541496 324.690308
14.547301 324.863312
14.553106 324.980713
14.558911 325.243652
14.564716 165.050278
14.570521 165.741150
14.576326 165.800568
14.582131 165.337524
14.587936 110.396217
14.593741 110.667137
14.599546 110.658157
14.605351 110.240837
14.611156 110.088585
14.616961 110.461868
14.622766 110.535767
14.628572 110.355705
14.634377 110.424553
14.640182 110.354645
14.645987 110.141151
14.651792 110.328270
14.657597 110.477417
14.663402 110.410011
14.669207 110.796539
14.675012 111.006317
14.680817 110.576706
14.686622 110.533173
14.692427 110.609352
14.698232 109.974998
14.704037 109.983742
14.709842 110.698326
14.715646 110.929230
14.721451 110.966003
14.727256 111.051903
14.733061 110.667610
14.738866 110.548225
14.744671 110.766495
14.750476 118.410400
14.756281 118.654694
14.762086 110.784859
14.767891 0.000000
14.773696 244.465378
14.779501 140.834579
14.785306 141.217636
14.791111 167.071213
14.796916 180.681213
14.802721 180.981888
14.808526 922.002869
14.814331 904.690063
14.820136 873.723511
14.825941 862.853943
14.831746 99.841751
14.837551 105.058372
14.843356 97.552109
14.849161 97.165108
14.854966 82.643005
14.860771 77.016434
14.866576 76.354095
14.872381 75.990479
14.878186 75.905258
14.883991 69.338432
14.889796 278.815033
14.895601 280.673553
14.901406 283.347961
14.907211 285.694855
14.913016 288.049988
14.918821 291.428528
14.924625 294.731812
14.930430 297.739532
14.936235 301.953369
14.942040 305.942108
14.947845 308.597168
14.953650 309.565613
14.959455 309.129730
14.965261 308.339478
14.971066 307.354187
14.976871 305.438232
14.982676 301.443634
14.988481 297.574554
14.994286 295.894165
15.000091 293.791595
15.005896 286.969635
15.011701 285.993622
15.017506 285.769104
15.023311 171.331116
15.029116 323.467651
15.034921 164.615479
15.040726 164.893463
15.046531 165.301971
15.052336 165.567047
15.058141 165.446518
15.063946 165.343750
15.069751 165.040756
15.075556 164.759552
15.081361 110.107437
15.087166 110.089279
15.092971 110.412659
15.098776 110.542854
15.104581 110.383614
15.110386 110.374374
15.116191 110.300957
15.121996 110.187332
15.127800 110.569519
15.133605 110.916817
15.139410 110.614548
15.145215 110.497925
15.151020 110.407684
15.156825 109.932030
15.162630 110.196228
15.168435 110.649597
15.174240 110.371834
15.180045 110.459785
15.185850 110.909889
15.191655 110.734856
15.197460 110.608154
15.203265 110.921242
15.209070 110.888168
15.214875 110.968742
15.220680 111.363022
15.226485 111.093407
15.232290 110.534012
15.238095 111.060570
15.243900 111.265190
15.249705 0.000000
15.255510 151.838562
15.261315 151.520966
15.267120 172.410812
15.272925 171.729858
15.278730 167.970352
15.284535 132.321869
15.290340 123.287918
15.296145 112.103409
15.301950 108.727310
15.307755 101.397591
15.313560 101.750114
15.319366 1715.022461
15.325171 1728.981812
15.330976 1753.139404
15.336780 78.950638
15.342585 82.270218
15.348390 71.790543
15.354195 1890.009277
15.360000 1918.567139
15.365805 1932.817017
15.371610 288.561310
15.377415 289.594055
15.383220 290.682495
15.389025 291.699127
15.394830 292.376556
15.400635 292.619873
15.406440 292.549316
15.412245 292.433472
15.418050 292.603516
15.423855 293.028656
15.429660 293.320007
15.435465 293.307495
15.441270 292.418457
15.447075 290.673492
15.452880 289.334717
15.458685 288.496155
15.464490 287.814667
15.470295 286.624359
15.476100 1710.184204
15.481905 1668.889771
15.487710 0.000000
15.493515 370.803009
15.499320 111.312950
15.505125 111.195930
15.510930 164.793228
15.516735 164.951813
15.522540 165.406555
15.528345 166.084396
15.534150 166.104965
15.539954 165.931854
15.545759 110.875061
15.551564 111.053055
15.557369 111.079620
15.563174 111.204704
15.568979 111.445702
15.574784 111.325378
15.580589 109.243095
15.586394 109.223343
15.592199 109.960670
15.598004 110.304237
15.603809 110.657074
15.609614 110.853516
15.615419 110.975983
15.621224 111.498512
15.627029 111.186737
15.632834 110.117386
15.638639 110.158180
15.644444 110.230728
15.650249 109.872826
15.656054 110.191154
15.661860 110.796509
15.667665 110.840752
15.673470 110.888214
15.679275 110.866203
15.685080 110.562363
15.690885 110.756599
15.696690 117.629883
15.702495 118.071045
15.708300 105.417450
15.714105 105.496666
15.719910 327.865906
15.725715 150.814072
15.731520 150.671982
15.737325 145.731384
15.743129 145.877777
15.748934 0.000000
15.754739 0.000000
15.760544 126.375717
15.766349 126.176094
15.772154 108.007401
15.777959 105.724556
15.783764 105.679543
15.789569 94.947723
15.795374 92.646416
15.801179 82.097801
15.806984 82.010460
15.812789 81.541565
15.818594 81.395378
15.824399 81.252113
15.830204 73.431297
15.836009 73.412498
15.841814 73.392166
15.847619 73.351006
15.853424 66.892334
15.859229 66.911957
15.865034 65.983337
15.870839 66.019524
15.876644 64.768143
15.882449 64.769608
15.888254 64.769188
15.894059 64.770081
15.899864 64.783485
15.905669 64.846840
15.911474 66.922211
15.917279 66.014404
15.923084 65.127899
15.928889 65.127281
15.934694 67.009270
15.940499 4481.530762
15.946304 4444.008301
15.952108 4403.811523
15.957913 4302.777344
15.963718 4163.413086
15.969523 4055.407959
15.975328 200.618073
15.981133 200.640564
15.986938 200.671768
15.992743 132.262085
15.998549 132.246613
16.004354 132.129379
16.010159 132.117950
16.015965 132.111588
16.021769 132.067825
16.027575 132.067947
16.033379 132.148865
16.039185 132.197815
16.044989 131.994385
16.050795 131.644714
16.056599 131.556656
16.062403 131.690887
16.068209 131.928345
16.074013 132.059631
16.079819 132.100113
16.085623 132.100113
16.091429 132.152023
16.097233 132.276230
16.103039 132.278702
16.108843 132.154007
16.114649 132.041077
16.120453 131.913132
16.126259 131.906738
16.132063 66.038193
16.137869 66.078758
16.143673 66.081299
16.149479 66.056015
16.155283 66.037109
16.161089 65.987350
16.166893 65.929443
16.172699 65.902931
16.178503 65.944138
16.184309 132.982681
16.190113 65.934662
16.195919 65.912827
16.201723 151.758194
16.207529 151.749695
16.213333 151.663651
16.219139 157.848419
16.224943 3591.548096
16.230749 3575.986084
16.236553 3414.047607
16.242359 3254.188232
16.248163 3188.113281
16.253969 106.655563
16.259773 106.848274
16.265577 97.546333
16.271383 94.951385
16.277187 85.420052
16.282993 78.248344
16.288797 78.141861
16.294603 82.452499
16.300407 82.437668
16.306213 3239.927734
16.312017 3189.379150
16.317823 3143.620361
16.323627 3131.215332
16.329433 3173.893555
16.335238 331.330261
16.341043 330.813538
16.346848 330.535370
16.352654 330.176300
16.358458 329.878296
16.364264 330.120331
16.370068 331.076996
16.375874 331.491516
16.381678 331.085175
16.387484 330.676819
16.393288 330.436066
16.399094 330.398376
16.404898 330.694244
16.410704 331.204468
16.416508 331.727631
16.422314 332.074951
16.428118 332.208435
16.433924 332.164917
16.439728 332.115692
16.445534 110.922882
16.451338 111.021500
16.457144 111.112534
16.462948 221.844467
16.468752 146.000214
16.474558 148.833557
16.480362 149.092422
16.486168 149.327530
16.491972 149.238800
16.497778 148.206558
16.503582 73.759773
16.509388 73.821136
16.515192 73.890755
16.520998 74.042099
16.526802 74.289246
16.532608 72.987343
16.538412 73.647614
16.544218 73.840828
16.550022 73.796776
16.555828 3084.807861
16.561632 3028.385742
16.567438 3019.771973
16.573242 3030.437744
16.579048 3063.933594
16.584852 73.350418
16.590658 73.627586
16.596462 73.848679
16.602268 73.680733
16.608072 73.646324
16.613878 73.831276
16.619682 73.975494
16.625488 74.054688
16.631292 74.020576
16.637098 74.065109
16.642902 74.135582
16.648708 73.989914
16.654512 73.934418
16.660318 73.991417
16.666122 74.158524
16.671926 74.448898
16.677732 0.000000
16.683537 147.165558
16.689342 147.005188
16.695147 146.853775
16.700953 179.190704
16.706757 168.646622
16.712563 168.616379
16.718367 148.968155
16.724173 103.328827
16.729977 103.323540
16.735783 103.232216
16.741587 103.022133
16.747393 86.066368
16.753197 86.021088
16.759003 81.627113
16.764807 79.204498
16.770613 76.892006
16.776417 73.651817
16.782223 74.527916
16.788027 72.438271
16.793833 72.428452
16.799637 71.357849
16.805443 69.966675
16.811247 69.899406
16.817053 66.876656
16.822857 65.980690
16.828663 65.916039
16.834467 65.126564
16.840273 65.458435
16.846077 64.824493
16.851883 64.880554
16.857687 64.935829
16.863493 67.996979
16.869297 69.089966
16.875101 70.185425
16.880907 70.102844
16.886711 69.996101
16.892517 4057.772949
16.898321 4092.385986
16.904127 4135.237305
16.909931 4214.509766
16.915737 4231.259766
16.921541 224.119385
16.927347 223.885590
16.933151 146.349182
16.938957 145.893555
16.944761 145.907974
16.950567 146.912247
16.956371 147.458267
16.962177 147.952728
16.967981 147.662094
16.973787 147.424286
16.979591 147.465836
16.985397 147.587891
16.991201 147.673920
16.997007 147.527771
17.002811 147.182098
17.008617 73.299164
17.014421 73.355263
17.020227 73.365295
17.026031 73.459343
17.031837 73.570244
17.037642 73.633141
17.043447 73.665756
17.049252 73.592812
17.055058 73.595436
17.060862 73.585381
17.066668 73.542061
17.072472 73.564140
17.078278 73.594269
17.084082 73.620697
17.089886 73.750443
17.095692 74.049873
17.101496 74.079659
17.107302 73.959633
17.113106 73.900291
17.118912 73.749939
17.124716 73.729607
17.130522 73.908447
17.136326 74.115265
17.142132 74.264984
17.147936 74.629944
17.153742 156.655563
17.159546 146.453873
17.165352 146.061493
17.171156 156.855957
17.176962 156.895325
17.182766 163.433929
17.188572 163.380615
17.194376 137.434036
17.200182 112.323700
17.205986 112.309059
17.211792 112.269455
17.217596 112.286888
17.223402 849.507202
17.229206 847.761963
17.235012 81.731369
17.240816 81.639732
17.246622 81.003845
17.252426 80.128952
17.258232 79.715424
17.264036 79.357056
17.269842 72.238808
17.275646 314.832550
17.281452 315.016357
17.287256 315.580017
17.293060 316.537750
17.298866 318.007019
17.304670 319.695892
17.310476 321.044434
17.316280 322.056183
17.322086 322.690338
17.327890 322.823120
17.333696 322.852356
17.339500 322.905060
17.345306 322.819702
17.351110 322.425995
17.356916 321.324921
17.362720 318.383972
17.368526 314.567932
17.374331 311.222443
17.380136 307.363098
17.385941 0.000000
17.391747 223.795380
17.397551 223.660339
17.403357 223.001282
17.409161 221.892242
17.414967 145.608948
17.420771 145.634171
17.426577 145.884140
17.432381 145.958145
17.438187 145.869675
17.443991 146.206238
17.449797 146.334702
17.455601 146.434250
17.461407 73.773659
17.467211 73.850075
17.473017 73.828514
17.478821 73.814140
17.484627 73.798340
17.490431 73.787445
17.496235 73.671616
17.502041 73.516609
17.507845 73.408043
17.513651 73.408020
17.519455 73.553642
17.525261 73.736969
17.531065 73.907349
17.536871 73.860779
17.542675 73.721191
17.548481 73.826721
17.554285 73.894531
17.560091 73.872772
17.565895 73.765762
17.571701 73.804909
17.577505 73.923645
17.583311 74.028160
17.589115 74.034126
17.594921 73.785789
17.600725 73.620064
17.606531 73.748337
17.612335 73.842621
17.618141 71.129837
17.623945 70.854156
17.629751 75.325317
17.635555 140.106537
17.641361 144.999939
17.647165 166.929276
17.652971 167.423630
17.658775 167.641113
17.664581 140.272476
17.670385 139.746613
17.676191 112.200699
17.681995 111.647682
17.687801 111.152870
17.693605 91.622391
17.699409 91.519676
17.705215 1819.397583
17.711020 1842.003540
17.716825 81.613182
17.722630 81.492058
17.728436 327.314575
17.734240 327.100891
17.740046 327.192474
17.745850 327.489868
17.751656 327.968231
17.757460 328.433838
17.763266 328.759216
17.769070 328.969971
17.774876 329.025146
17.780680 329.044464
17.786486 329.114471
17.792290 329.213684
17.798096 329.310486
17.803900 329.387817
17.809706 329.474731
17.815510 329.657410
17.821316 329.969330
17.827120 330.260162
17.832926 330.490631
17.838730 330.729889
17.844536 330.978424
17.850340 331.212402
17.856146 331.456451
17.861950 331.498962
17.867756 331.265594
17.873560 419.194122
17.879366 420.282318
17.885170 151.163101
17.890976 220.708298
17.896780 220.459167
17.902586 145.969284
17.908390 146.031433
17.914194 146.162369
17.920000 74.230614
17.925804 74.080757
17.931610 74.041336
17.937414 74.057892
17.943220 74.045341
17.949024 74.039780
17.954830 74.056984
17.960634 73.929337
17.966440 73.738373
17.972244 73.704704
17.978050 73.756111
17.983854 73.865967
17.989660 74.009621
17.995464 74.148956
18.001270 74.182610
18.007074 74.056915
18.012880 73.933052
18.018684 73.967690
18.024490 74.088196
18.030294 73.928200
18.036100 73.862976
18.041904 73.825356
18.047710 73.852684
18.053514 73.842575
18.059320 73.737328
18.065125 73.745331
18.070930 73.785820
18.076735 73.870041
18.082541 73.922989
18.088345 74.051636
18.094151 74.455467
18.099955 75.053024
18.105761 151.097565
18.111565 151.229507
18.117369 145.929825
18.123175 151.376541
18.128979 160.218857
18.134785 160.500793
18.140589 150.800491
18.146395 139.883102
18.152199 116.386543
18.158005 107.976501
18.163809 99.626625
18.169615 99.364777
18.175419 91.213898
18.181225 3379.700439
18.187029 3338.131104
18.192835 3329.194580
18.198639 3366.521973
18.204445 3402.163330
18.210249 3393.227051
18.216055 3310.538818
18.221859 3149.125977
18.227665 2999.385010
18.233469 2950.916992
18.239275 2981.720947
18.245079 3035.219238
18.250885 3075.663330
18.256689 3104.528564
18.262495 3167.716797
18.268299 3232.728760
18.274105 3191.554443
18.279909 3039.023438
18.285715 2935.862793
18.291519 2944.664795
18.297325 302.141449
18.303129 301.304321
18.308935 300.308716
18.314739 298.801147
18.320543 297.176147
18.326349 296.198395
18.332153 295.277496
18.337959 270.473511
18.343763 518.397156
18.349569 144.898819
18.355373 145.117615
18.361179 145.356415
18.366983 145.542343
18.372789 145.779968
18.378593 146.421829
18.384399 146.585724
18.390203 220.240097
18.396009 220.294113
18.401814 219.870697
18.407619 73.745155
18.413424 73.772713
18.419230 73.756828
18.425034 73.727684
18.430840 73.728065
18.436644 73.713463
18.442450 73.714363
18.448254 73.744606
18.454060 73.778229
18.459864 73.846176
18.465670 73.847794
18.471474 73.852234
18.477280 73.873604
18.483084 73.917183
18.488890 73.947639
18.494694 73.841667
18.500500 73.854492
18.506304 73.893105
18.512110 73.931274
18.517914 73.896675
18.523718 73.840675
18.529524 73.887863
18.535328 73.916946
18.541134 73.970779
18.546938 73.921555
18.552744 73.783302
18.558548 73.860802
18.564354 73.974731
18.570158 73.898300
18.575964 71.325821
18.581768 0.000000
18.587574 138.853897
18.593378 139.274551
18.599184 156.003586
18.604988 179.318054
18.610794 179.688202
18.616598 0.000000
18.622404 64.181038
18.628208 108.768021
18.634014 105.972755
18.639818 106.086052
18.645624 106.199326
18.651428 92.708321
18.657234 84.365768
18.663038 82.836548
18.668844 78.371521
18.674648 75.837471
18.680454 75.758957
18.686258 74.538727
18.692064 73.495499
18.697868 72.397560
18.703674 71.275604
18.709478 70.178841
18.715284 68.210640
18.721088 68.204971
18.726892 66.041054
18.732698 65.980278
18.738503 64.386993
18.744308 66.404526
18.750113 64.665169
18.755919 64.516212
18.761723 64.395096
18.767529 65.457527
18.773333 65.660164
18.779139 66.997711
18.784943 67.118439
18.790749 3785.221680
18.796553 3721.394287
18.802359 3674.173828
18.808163 3745.852783
18.813969 4098.622070
18.819773 4157.560547
18.825579 212.629059
18.831383 212.969070
18.837189 222.923645
18.842993 221.720673
18.848799 220.513611
18.854603 219.656403
18.860409 73.516960
18.866213 73.498512
18.872019 73.482368
18.877823 73.592896
18.883629 73.717758
18.889433 73.764854
18.895239 73.768929
18.901043 73.725227
18.906849 73.736748
18.912653 73.791000
18.918459 73.846130
18.924263 73.844757
18.930069 73.772217
18.935873 73.789879
18.941677 73.854660
18.947483 73.941833
18.953287 73.827042
18.959093 73.645500
18.964897 73.709007
18.970703 73.857697
18.976507 73.990883
18.982313 73.943077
18.988117 73.899483
18.993923 73.886177
18.999727 73.923737
