0.000000 547.464905
0.005805 537.669678
0.011610 349.319397
0.017415 150.200760
0.023220 149.814575
0.029025 149.493881
0.034830 149.294098
0.040635 103.483788
0.046440 103.473480
0.052245 103.642365
0.058050 319.473267
0.063855 153.978302
0.069660 155.708939
0.075465 157.170502
0.081270 307.187836
0.087075 304.421051
0.092880 157.945221
0.098685 157.895035
0.104490 157.452286
0.110295 157.262543
0.116100 157.371155
0.121905 157.123032
0.127710 156.439560
0.133515 86.546844
0.139320 86.567192
0.145125 86.708153
0.150930 86.765030
0.156735 86.749695
0.162540 86.664131
0.168345 191.832703
0.174150 191.783325
0.179955 194.890350
0.185760 196.201996
0.191565 196.131500
0.197370 360.537811
0.203175 189.857941
0.208980 189.497177
0.214785 0.000000
0.220590 944.721741
0.226395 939.066528
0.232200 926.525818
0.238005 115.807198
0.243810 115.804161
0.249615 115.991318
0.255419 86.908035
0.261224 352.849091
0.267029 351.740417
0.272834 350.355316
0.278639 349.323883
0.284444 348.944458
0.290249 349.280792
0.296054 349.925598
0.301859 103.515388
0.307664 103.562569
0.313469 103.438400
0.319274 103.215622
0.325079 103.241547
0.330884 103.408417
0.336689 103.473900
0.342494 103.539619
0.348299 103.698074
0.354104 103.744614
0.359909 309.726074
0.365714 308.266693
0.371519 307.429810
0.377324 101.395554
0.383129 101.308449
0.388934 355.234039
0.394739 350.975861
0.400544 348.737488
0.406349 348.766724
0.412154 349.748199
0.417959 351.486237
0.423764 260.691284
0.429569 260.650421
0.435374 352.943146
0.441179 115.382141
0.446984 115.347534
0.452789 115.143143
0.458594 114.795906
0.464399 130.315750
0.470204 130.544220
0.476009 130.518661
0.481814 130.384277
0.487619 130.320816
0.493424 130.323837
0.499229 130.306702
0.505034 130.210480
0.510839 130.127396
0.516644 152.779999
0.522449 153.498917
0.528254 153.972946
0.534059 154.509201
0.539864 155.513229
0.545669 156.216187
0.551474 156.713593
0.557279 157.275208
0.563084 157.534225
0.568889 260.818665
0.574694 259.872559
0.580499 259.442963
0.586304 259.427399
0.592109 259.321350
0.597914 258.452209
0.603719 256.560822
0.609524 254.917145
0.615329 255.096848
0.621134 256.743958
0.626939 258.756378
0.632744 260.030182
0.638549 260.136932
0.644354 259.404083
0.650159 259.122650
0.655964 259.632751
0.661769 259.801361
0.667574 259.793304
0.673379 259.690857
0.679184 258.871735
0.684989 257.670593
0.690794 257.266144
0.696599 256.701141
0.702404 255.979202
0.708209 255.804184
0.714014 255.530365
0.719819 254.659241
0.725624 254.559738
0.731429 239.673798
0.737234 237.179413
0.743039 234.139038
0.748844 234.455948
0.754649 123.429588
0.760454 130.543503
0.766258 131.249237
0.772063 87.483925
0.777869 83.757355
0.783673 113.990837
0.789478 175.161545
0.795283 174.921646
0.801088 150.495697
0.806893 139.991516
0.812698 139.414993
0.818503 83.371719
0.824308 210.083603
0.830113 209.228333
0.835918 208.802704
0.841723 208.811768
0.847528 208.983078
0.853333 209.103271
0.859138 209.063400
0.864943 209.055374
0.870748 209.184280
0.876553 421.996765
0.882358 422.208160
0.888163 421.398193
0.893968 420.339844
0.899773 419.748871
0.905578 420.391815
0.911383 209.910583
0.917188 210.422470
0.922993 210.381760
0.928798 139.563354
0.934603 139.537079
0.940408 139.406509
0.946213 116.944565
0.952018 116.608376
0.957823 116.591949
0.963628 116.914040
0.969433 234.702881
0.975238 116.841820
0.981043 116.819435
0.986848 116.950317
0.992653 116.849686
0.998458 232.680145
1.004263 232.326187
1.010068 232.602676
1.015873 232.874985
1.021678 233.230591
1.027483 116.509827
1.033288 116.396912
1.039093 116.465981
1.044898 117.105232
1.050703 117.360092
1.056508 420.239044
1.062313 427.894897
1.068118 430.854767
1.073923 429.099121
1.079728 423.944763
1.085533 420.864746
1.091338 419.289825
1.097143 418.207581
1.102948 417.497192
1.108753 417.026093
1.114558 416.895447
1.120363 417.353119
1.126168 418.468262
1.131973 419.508972
1.137778 419.001068
1.143583 2864.124023
1.149388 2860.798340
1.155193 2900.115479
1.160998 92.439857
1.166803 93.069130
1.172608 93.293091
1.178413 236.354156
1.184218 244.927704
1.190023 234.567688
1.195828 237.563904
1.201633 239.353683
1.207438 3121.976807
1.213243 3158.563232
1.219048 3174.863525
1.224853 231.279358
1.230658 232.188690
1.236463 233.283310
1.242268 234.730499
1.248073 473.552460
1.253878 475.903595
1.259683 476.531616
1.265488 476.213074
1.271293 475.130920
1.277097 472.575623
1.282902 154.205597
1.288707 430.107544
1.294513 427.582092
1.300317 300.887634
1.306122 297.524170
1.311927 88.845947
1.317732 440.521515
1.323537 355.069153
1.329342 126.576378
1.335147 126.573051
1.340952 279.663239
1.346757 279.684601
1.352562 252.882431
1.358367 504.351776
1.364172 506.485229
1.369977 508.591858
1.375782 255.383194
1.381587 256.297333
1.387392 513.952026
1.393197 514.905579
1.399002 515.581848
1.404807 257.765961
1.410612 514.978699
1.416417 513.798645
1.422222 512.585815
1.428027 255.844284
1.433832 255.912842
1.439637 256.070221
1.445442 256.223633
1.451247 256.397797
1.457052 256.400635
1.462857 256.100525
1.468662 255.354218
1.474467 253.804398
1.480272 250.165253
1.486077 490.983551
1.491882 486.366119
1.497687 482.315399
1.503492 477.970642
1.509297 237.074036
1.515102 236.282272
1.520907 471.776489
1.526712 470.999725
1.532517 234.959534
1.538322 234.554352
1.544127 234.365829
1.549932 234.541626
1.555737 234.811493
1.561542 234.981598
1.567347 235.002426
1.573152 234.727768
1.578957 234.125839
1.584762 233.505539
1.590567 233.231339
1.596372 234.408173
1.602177 233.786514
1.607982 231.883408
1.613787 231.205795
1.619592 233.131851
1.625397 234.037338
1.631202 234.417084
1.637007 234.196182
1.642812 234.334747
1.648617 234.993103
1.654422 208.102020
1.660227 208.639252
1.666032 208.267456
1.671837 207.311646
1.677642 412.681000
1.683447 412.196747
1.689252 412.408875
1.695057 412.667480
1.700862 137.290039
1.706667 137.437469
1.712472 136.900818
1.718277 142.783157
1.724082 141.900681
1.729887 141.044022
1.735692 140.883774
1.741497 141.189362
1.747302 141.183975
1.753107 134.377243
1.758912 134.110657
1.764717 140.749863
1.770522 350.232513
1.776327 348.678772
1.782132 301.934601
1.787936 107.023720
1.793741 139.078064
1.799546 77.787178
1.805351 79.252838
1.811157 105.225571
1.816961 104.234627
1.822766 103.169792
1.828571 102.595963
1.834376 131.654373
1.840181 131.397827
1.845986 131.571274
1.851791 131.503601
1.857596 264.369659
1.863401 247.656876
1.869206 245.638901
1.875011 245.089386
1.880816 118.766411
1.886621 84.292480
1.892426 86.089333
1.898231 131.407288
1.904036 137.593109
1.909841 66.446159
1.915646 135.293228
1.921451 135.603439
1.927256 138.228775
1.933061 139.585663
1.938866 926.499878
1.944671 920.305847
1.950476 213.027222
1.956281 212.897339
1.962086 212.648148
1.967891 212.162186
1.973696 422.015076
1.979501 420.010101
1.985306 419.141327
1.991111 209.662994
1.996916 210.531601
2.002721 424.257233
2.008526 427.455322
2.014331 430.105682
2.020136 432.611847
2.025941 436.050262
2.031746 440.669617
2.037551 444.626312
2.043356 448.424194
2.049161 453.224091
2.054966 457.506866
2.060771 460.547150
2.066576 463.109375
2.072381 464.821655
2.078186 465.680206
2.083991 466.328461
2.089796 466.931122
2.095601 466.881287
2.101406 465.557495
2.107211 463.890442
2.113016 463.072205
2.118821 462.591705
2.124626 461.540253
2.130431 459.786163
2.136236 458.210358
2.142041 457.200714
2.147846 456.391693
2.153651 455.429077
2.159456 113.164543
2.165261 113.040436
2.171066 271.854156
2.176871 271.896912
2.182676 272.409210
2.188481 91.212502
2.194286 228.689682
2.200091 229.927917
2.205896 462.335175
2.211701 464.050323
2.217506 465.506287
2.223311 467.467896
2.229116 469.794586
2.234921 471.532257
2.240726 472.753143
2.246531 236.879578
2.252336 237.374817
2.258141 475.030884
2.263946 474.428772
2.269751 473.280212
2.275556 471.860962
2.281361 470.311676
2.287166 468.670441
2.292970 466.810974
2.298775 464.687408
2.304580 462.411804
2.310385 460.066010
2.316190 275.254028
2.321995 274.689301
2.327801 274.341003
2.333606 274.261292
2.339411 274.731476
2.345215 228.509140
2.351020 458.215088
2.356825 459.874634
2.362630 230.634659
2.368435 232.057877
2.374240 233.750336
2.380045 235.386871
2.385850 236.275650
2.391655 236.957214
2.397460 237.493408
2.403265 237.832596
2.409070 118.850334
2.414875 118.827156
2.420680 118.635277
2.426485 118.395493
2.432290 118.142151
2.438095 117.769478
2.443900 355.167328
2.449705 354.367432
2.455510 354.445038
2.461315 356.088745
2.467120 279.422943
2.472925 277.493744
2.478730 276.280579
2.484535 227.729843
2.490340 227.116562
2.496145 459.697693
2.501950 461.024628
2.507755 464.122253
2.513560 467.625671
2.519365 469.900238
2.525170 235.623322
2.530975 236.122238
2.536780 236.482559
2.542585 236.555878
2.548390 236.218582
2.554195 235.489029
2.560000 234.502411
2.565805 233.349197
2.571610 463.760406
2.577415 460.413971
2.583220 457.362854
2.589025 455.356232
2.594830 454.138092
2.600635 454.431213
2.606440 456.263977
2.612245 458.214874
2.618050 460.203857
2.623855 461.983368
2.629660 462.367462
2.635465 461.537750
2.641270 459.767151
2.647075 456.890717
2.652880 452.407288
2.658685 445.142181
2.664490 437.405792
2.670295 432.618774
2.676100 429.007935
2.681905 425.741119
2.687710 423.523529
2.693515 422.234100
2.699320 421.637909
2.705125 421.876007
2.710930 422.878387
2.716735 423.928741
2.722540 422.964020
2.728345 419.362427
2.734150 416.265869
2.739955 413.563232
2.745760 411.058411
2.751565 409.589600
2.757370 412.046661
2.763175 139.291046
2.768980 139.211960
2.774785 138.896179
2.780590 138.417450
2.786395 104.848930
2.792200 104.675278
2.798005 104.476189
2.803810 137.960373
2.809614 209.505814
2.815419 137.708435
2.821224 137.815704
2.827029 138.128235
2.832834 138.341232
2.838639 138.345383
2.844445 138.203186
2.850250 138.089981
2.856054 138.138245
2.861859 208.899002
2.867664 104.003639
2.873469 103.942085
2.879274 103.895020
2.885079 103.815231
2.890884 276.136414
2.896689 275.808655
2.902494 275.325226
2.908299 274.831024
2.914104 274.787476
2.919909 275.508118
2.925714 276.047913
2.931519 210.433884
2.937324 211.252060
2.943129 232.381790
2.948934 233.035019
2.954739 234.219421
2.960544 234.882324
2.966349 234.687515
2.972154 234.002960
2.977959 233.913361
2.983764 234.992310
2.989569 235.845444
2.995374 237.058411
3.001179 247.781204
3.006984 129.283646
3.012789 127.122169
3.018594 116.866051
3.024399 116.811165
3.030204 116.795830
3.036009 116.863686
3.041814 209.902756
3.047619 208.801926
3.053424 87.611626
3.059229 87.676949
3.065034 62.943214
3.070839 63.271023
3.076644 63.306698
3.082449 204.727753
3.088254 204.592316
3.094059 103.420967
3.099864 103.462723
3.105669 62.660988
3.111474 103.320038
3.117279 105.422356
3.123084 70.091469
3.128889 105.929619
3.134694 126.012161
3.140499 160.281128
3.146304 161.276077
3.152109 82.876297
3.157914 154.285400
3.163719 117.130058
3.169524 117.144150
3.175329 69.714302
3.181134 69.788551
3.186939 69.814957
3.192744 119.671242
3.198549 119.554893
3.204354 119.480186
3.210159 124.456993
3.215964 119.820946
3.221769 92.250160
3.227574 88.271637
3.233379 88.128860
3.239184 88.068916
3.244989 86.210335
3.250794 88.768150
3.256599 88.557350
3.262404 88.103233
3.268209 87.901764
3.274014 87.778809
3.279819 87.636719
3.285624 87.488213
3.291429 87.360756
3.297234 87.379265
3.303039 87.646935
3.308844 87.726402
3.314649 283.482910
3.320453 304.645782
3.326258 303.838226
3.332063 303.559021
3.337868 303.754639
3.343673 274.070190
3.349478 273.952301
3.355283 109.389397
3.361089 217.104050
3.366894 217.240829
3.372698 299.120789
3.378503 299.288330
3.384308 300.170013
3.390113 301.883423
3.395918 303.962036
3.401723 305.546997
3.407528 117.742355
3.413333 142.996964
3.419138 154.933136
3.424943 155.271835
3.430748 166.023972
3.436553 231.233170
3.442358 231.656174
3.448163 113.135597
3.453968 170.403015
3.459773 170.907059
3.465578 114.190224
3.471383 114.355949
3.477188 114.486923
3.482993 114.653587
3.488798 245.406021
3.494603 234.236465
3.500408 233.215973
3.506213 233.036377
3.512018 231.554077
3.517823 187.113602
3.523628 178.464172
3.529433 177.627823
3.535238 176.854614
3.541043 233.243958
3.546848 87.301453
3.552653 87.262611
3.558458 0.000000
3.564263 313.424896
3.570068 319.371552
3.575873 320.990112
3.581678 221.639618
3.587483 221.653854
3.593288 221.166519
3.599093 103.129250
3.604898 210.285583
3.610703 208.999069
3.616508 208.746429
3.622313 208.283142
3.628118 207.348923
3.633923 206.484344
3.639728 205.550262
3.645533 203.900528
3.651338 202.094101
3.657143 402.404480
3.662948 201.627289
3.668753 202.554611
3.674558 203.116043
3.680363 203.266785
3.686168 407.123566
3.691973 203.627701
3.697778 167.565033
3.703583 168.611588
3.709388 169.956802
3.715193 172.515625
3.720998 175.378998
3.726803 184.750092
3.732608 181.375137
3.738413 180.845840
3.744218 179.986847
3.750023 89.352425
3.755828 244.286942
3.761633 243.649323
3.767438 243.121414
3.773243 243.355453
3.779048 243.924820
3.784853 122.353249
3.790658 121.598213
3.796463 240.713791
3.802268 239.163223
3.808073 237.931900
3.813878 235.881226
3.819683 233.715378
3.825488 104.262245
3.831293 79.912186
3.837097 79.896103
3.842902 157.687225
3.848707 157.236511
3.854512 156.922302
3.860317 157.958893
3.866122 102.616753
3.871927 103.279945
3.877733 103.602562
3.883538 164.064423
3.889342 164.329315
3.895147 159.076141
3.900952 158.293182
3.906757 158.305862
3.912562 105.065659
3.918367 105.082565
3.924172 104.486565
3.929977 69.034996
3.935782 67.730034
3.941587 201.882874
3.947392 112.196617
3.953197 117.198738
3.959002 116.972038
3.964807 117.137512
3.970612 117.292488
3.976417 117.215210
3.982222 117.109520
3.988027 117.070335
3.993832 116.916367
3.999637 116.598961
4.005442 113.378822
4.011247 113.506470
4.017052 113.600372
4.022857 116.552826
4.028662 122.477188
4.034467 122.243675
4.040272 121.849922
4.046077 120.104370
4.051882 239.006241
4.057687 239.295700
4.063492 239.820129
4.069297 240.545074
4.075102 235.837234
4.080907 249.305313
4.086712 236.169968
4.092517 236.442902
4.098322 236.325256
4.104127 237.237839
4.109932 120.523117
4.115737 242.927338
4.121542 244.662643
4.127347 246.181747
4.133152 246.281693
4.138957 123.654182
4.144762 123.093887
4.150567 116.678864
4.156372 84.009193
4.162177 86.535294
4.167982 0.000000
4.173787 199.366547
4.179592 400.573547
4.185397 403.409943
4.191202 254.859665
4.197007 256.402252
4.202812 136.960098
4.208617 205.493561
4.214422 205.113373
4.220227 409.421265
4.226032 408.291260
4.231837 407.444061
4.237642 407.415039
4.243447 408.332306
4.249252 410.022156
4.255057 412.488037
4.260862 416.101562
4.266667 420.898132
4.272471 426.221802
4.278276 431.302734
4.284081 435.233582
4.289886 438.579803
4.295691 442.039429
4.301497 445.040802
4.307302 447.355713
4.313107 449.836609
4.318912 452.061462
4.324717 453.123993
4.330522 453.601288
4.336327 454.008606
4.342132 454.322418
4.347937 454.356476
4.353742 454.134399
4.359547 453.873566
4.365352 453.631500
4.371157 453.347443
4.376961 453.187408
4.382766 453.062073
4.388571 452.781799
4.394376 452.404785
4.400181 452.132568
4.405986 452.088470
4.411791 226.173386
4.417596 452.884247
4.423401 453.745667
4.429206 454.749329
4.435011 455.829590
4.440816 457.245056
4.446621 459.195007
4.452426 461.586182
4.458231 464.314667
4.464036 466.722107
4.469841 468.326233
4.475646 469.340240
4.481451 470.203217
4.487256 470.853577
4.493061 471.226379
4.498866 471.081207
4.504671 470.213806
4.510476 469.284088
4.516281 468.457733
4.522086 467.585968
4.527891 155.562149
4.533696 465.214844
4.539501 463.454254
4.545306 461.587341
4.551111 153.582520
4.556916 458.727997
4.562721 457.451935
4.568526 456.462982
4.574331 455.906067
4.580136 455.860260
4.585941 456.765472
4.591746 458.236511
4.597551 459.707794
4.603356 461.502197
4.609161 464.411865
4.614966 468.358795
4.620771 470.668243
4.626576 471.707489
4.632381 472.657227
4.638186 473.837158
4.643991 475.344147
4.649796 476.233124
4.655601 476.129120
4.661406 475.260681
4.667211 473.271088
4.673016 470.673981
4.678821 468.673279
4.684626 466.549194
4.690431 463.559753
4.696236 459.052948
4.702041 451.653870
4.707846 446.574615
4.713651 223.228088
4.719456 222.962616
4.725261 223.303497
4.731066 183.322388
4.736871 182.240662
4.742676 129.214584
4.748481 463.490906
4.754286 465.590179
4.760091 468.756836
4.765896 470.881989
4.771701 471.964233
4.777506 472.474701
4.783311 472.769531
4.789115 472.613373
4.794920 471.084167
4.800725 469.017456
4.806530 466.890594
4.812335 463.866730
4.818141 460.244507
4.823946 457.862427
4.829751 456.797668
4.835556 456.589539
4.841361 456.881439
4.847166 457.366760
4.852971 457.686157
4.858776 457.825073
4.864581 457.848267
4.870386 457.607788
4.876191 456.785706
4.881996 454.819305
4.887800 450.750580
4.893605 444.591980
4.899410 437.509613
4.905215 431.751984
4.911020 427.101318
4.916825 422.946045
4.922630 419.601685
4.928435 417.585693
4.934240 416.814728
4.940045 416.644440
4.945850 416.571167
4.951655 208.322906
4.957460 207.736465
4.963265 206.866394
4.969070 206.299988
4.974875 260.310822
4.980680 261.233673
4.986485 130.622849
4.992290 262.575317
4.998095 262.710022
5.003900 262.639618
5.009705 262.234528
5.015510 261.458801
5.021315 207.779419
5.027120 206.961502
5.032925 129.882339
5.038730 342.986237
5.044535 207.358994
5.050340 207.841751
5.056145 207.776215
5.061950 418.946899
5.067755 416.656891
5.073560 69.330643
5.079365 69.322327
5.085170 69.309326
5.090975 69.348503
5.096780 69.440659
5.102585 69.426361
5.108390 69.377922
5.114195 69.466797
5.120000 207.420944
5.125805 207.651352
5.131610 207.951447
5.137415 208.481384
5.143220 209.009705
5.149025 209.202332
5.154830 209.290253
5.160635 209.564453
5.166440 209.895187
5.172245 210.118652
5.178050 209.933350
5.183855 209.276459
5.189660 208.571579
5.195465 208.140411
5.201270 207.941833
5.207075 207.697052
5.212880 207.580551
5.218685 207.566635
5.224490 207.486847
5.230295 207.410889
5.236100 207.353622
5.241905 207.062759
5.247710 206.571823
5.253515 206.465561
5.259320 239.293365
5.265125 255.644501
5.270930 124.623253
5.276735 124.881058
5.282540 104.034058
5.288345 97.360771
5.294150 103.456062
5.299954 103.760902
5.305759 69.401390
5.311564 207.966858
5.317369 208.259842
5.323174 83.428734
5.328979 83.400017
5.334785 83.354446
5.340590 138.577484
5.346395 138.832428
5.352200 138.762970
5.358005 116.142838
5.363810 59.601673
5.369615 459.215210
5.375420 462.056366
5.381225 464.015228
5.387030 463.813568
5.392835 431.754852
5.398640 441.293823
5.404444 445.808960
5.410249 453.115753
5.416054 467.746155
5.421859 467.866211
5.427664 77.978729
5.433469 78.128967
5.439274 468.563263
5.445079 467.813446
5.450884 154.198517
5.456689 460.044647
5.462494 456.709778
5.468299 454.476410
5.474104 93.062309
5.479909 459.712128
5.485714 461.225464
5.491519 233.861450
5.497324 234.396896
5.503129 92.780693
5.508934 92.822723
5.514739 284.581024
5.520544 288.539795
5.526349 291.469421
5.532154 296.300629
5.537959 306.005249
5.543764 311.915253
5.549569 319.985168
5.555374 331.962280
5.561179 345.830414
5.566984 380.253723
5.572789 400.519928
5.578594 405.760681
5.584399 409.626434
5.590204 412.762451
5.596009 414.595245
5.601814 414.512207
5.607619 412.863403
5.613424 410.368835
5.619229 407.064850
5.625034 403.569855
5.630839 402.305084
5.636644 403.063599
5.642449 405.266724
5.648254 409.269958
5.654059 414.756775
5.659864 421.485352
5.665669 430.450867
5.671474 437.457703
5.677279 441.965485
5.683084 445.965332
5.688889 449.742554
5.694694 452.149323
5.700499 453.679657
5.706304 455.572510
5.712109 458.054565
5.717914 460.532776
5.723719 462.957428
5.729524 465.263062
5.735329 233.919937
5.741134 235.275665
5.746939 236.144485
5.752744 236.501221
5.758549 236.556442
5.764354 158.019943
5.770159 79.451370
5.775964 79.289932
5.781769 155.984894
5.787574 155.598511
5.793379 155.411697
5.799184 92.595428
5.804989 463.509308
5.810794 463.998840
5.816598 412.420959
5.822403 310.114014
5.828208 190.796768
5.834013 192.021194
5.839818 195.081512
5.845623 196.089081
5.851429 362.307404
5.857234 362.690002
5.863039 188.369476
5.868844 189.080902
5.874649 334.506592
5.880454 289.180603
5.886259 272.125183
5.892064 273.152008
5.897869 273.651367
5.903674 273.523651
5.909479 273.252930
5.915284 273.194641
5.921088 273.317352
5.926893 273.429504
5.932698 182.286438
5.938503 182.250000
5.944308 273.257446
5.950113 273.110748
5.955918 545.780884
5.961723 544.714966
5.967528 542.633484
5.973333 539.481995
5.979138 535.890137
5.984943 532.425415
5.990748 529.677124
5.996553 527.031555
6.002358 523.784851
6.008163 259.954712
6.013968 259.460815
6.019773 259.464203
6.025578 259.652557
6.031383 259.913635
6.037188 260.186279
6.042993 260.343170
6.048798 260.124298
6.054603 519.726685
6.060408 516.731201
6.066213 513.415649
6.072018 254.137665
6.077823 82.945213
6.083628 79.217003
6.089433 166.331314
6.095238 166.226349
6.101043 166.058121
6.106848 155.829971
6.112653 156.132965
6.118458 156.220947
6.124263 156.144363
6.130068 155.760773
6.135873 226.588425
6.141678 228.532135
6.147483 231.371689
6.153288 245.306976
6.159093 246.065506
6.164898 247.072968
6.170703 248.296417
6.176508 249.223343
6.182313 249.840408
6.188118 206.220276
6.193923 205.290741
6.199728 204.577118
6.205533 204.146194
6.211338 203.976837
6.217143 203.901184
6.222948 407.591095
6.228753 407.842407
6.234558 408.730164
6.240363 410.208710
6.246168 412.295532
6.251973 415.048737
6.257778 418.317352
6.263583 314.435944
6.269388 253.709946
6.275193 127.050278
6.280998 224.791031
6.286803 226.384415
6.292608 227.713669
6.298413 229.089905
6.304218 229.909058
6.310023 229.989395
6.315828 229.655685
6.321633 228.757736
6.327438 227.468689
6.333242 226.487686
6.339047 226.116776
6.344852 226.416138
6.350657 227.162445
6.356462 227.855087
6.362267 228.511108
6.368073 229.255875
6.373878 230.246170
6.379683 232.874435
6.385488 90.770607
6.391293 254.288116
6.397098 128.737991
6.402903 127.644066
6.408708 127.425461
6.414513 86.057472
6.420318 85.909760
6.426123 140.490479
6.431927 158.341599
6.437732 420.007080
6.443537 422.166962
6.449342 142.142593
6.455147 427.173096
6.460952 425.585968
6.466757 422.786896
6.472562 140.791580
6.478367 140.394424
6.484172 140.490311
6.489977 420.679749
6.495782 421.578888
6.501587 422.210999
6.507392 423.220032
6.513197 425.554108
6.519002 430.281982
6.524807 434.518799
6.530612 436.772339
6.536417 439.505920
6.542222 445.413696
6.548027 451.954498
6.553832 455.623779
6.559637 458.309235
6.565442 460.208344
6.571247 461.668945
6.577052 462.975342
6.582857 463.900452
6.588662 463.840668
6.594467 462.692871
6.600272 461.281799
6.606077 460.231323
6.611882 459.275970
6.617687 458.346802
6.623492 457.802216
6.629297 457.431610
6.635102 228.243530
6.640907 227.304398
6.646712 226.639099
6.652517 226.394806
6.658322 89.928871
6.664127 226.659927
6.669932 227.103149
6.675737 455.843597
6.681542 457.748993
6.687347 459.611694
6.693152 461.425842
6.698957 463.405823
6.704762 465.722198
6.710567 467.987762
6.716372 469.145691
6.722177 235.275284
6.727982 235.501236
6.733787 235.517105
6.739592 470.204956
6.745397 470.068787
6.751202 469.423859
6.757007 92.336487
6.762812 466.346710
6.768617 464.391754
6.774422 462.130371
6.780227 460.071777
6.786032 458.577484
6.791837 457.330841
6.797642 455.990723
6.803447 454.362000
6.809252 452.476654
6.815057 451.543610
6.820862 452.015930
6.826667 453.102356
6.832472 454.463074
6.838277 456.713318
6.844081 149.600006
6.849886 462.477448
6.855691 465.626770
6.861496 469.503784
6.867301 157.308868
6.873106 157.749146
6.878911 158.269104
6.884717 158.801880
6.890522 159.206375
6.896327 159.430115
6.902132 159.466110
6.907937 159.318832
6.913742 159.117249
6.919547 158.925781
6.925352 158.577332
6.931157 157.848618
6.936962 157.356781
6.942767 464.531158
6.948571 462.645020
6.954376 192.904709
6.960181 305.841858
6.965986 300.199707
6.971791 220.241714
6.977596 220.933884
6.983401 221.620407
6.989206 222.180908
6.995011 190.369232
7.000816 465.052734
7.006621 470.953003
7.012426 472.868713
7.018231 157.128326
7.024036 157.452621
7.029841 158.067795
7.035646 158.594742
7.041451 158.791748
7.047256 158.623764
7.053061 157.835480
7.058866 471.472656
7.064671 468.055237
7.070476 464.966309
7.076281 231.502472
7.082086 231.686737
7.087891 232.119003
7.093696 232.550705
7.099501 232.614365
7.105306 232.222275
7.111111 231.378204
7.116916 229.704971
7.122721 455.362701
7.128526 452.947723
7.134331 449.420013
7.140136 443.177582
7.145941 435.840515
7.151746 430.953674
7.157551 427.861237
7.163356 425.269043
7.169161 422.484833
7.174966 137.929977
7.180771 137.604492
7.186576 137.623901
7.192381 137.842911
7.198186 138.069534
7.203991 138.066360
7.209796 137.769455
7.215601 137.313690
7.221406 136.971756
7.227211 191.184387
7.233016 191.984879
7.238821 190.749817
7.244626 188.532242
7.250431 186.369675
7.256236 184.384537
7.262041 182.367874
7.267846 180.319839
7.273651 178.617355
7.279456 177.387604
7.285261 176.656082
7.291066 176.327820
7.296871 348.826843
7.302676 349.854156
7.308481 350.730164
7.314286 351.897919
7.320091 354.011566
7.325896 356.310577
7.331701 357.982056
7.337506 358.919830
7.343311 359.092102
7.349116 138.053741
7.354921 137.905502
7.360725 69.918732
7.366530 69.878471
7.372335 69.658867
7.378140 69.436134
7.383945 174.836304
7.389750 173.858200
7.395555 169.499695
7.401361 166.052094
7.407166 164.631592
7.412971 163.345505
7.418776 107.147263
7.424581 315.021423
7.430386 315.493103
7.436191 105.737518
7.441996 105.334435
7.447801 138.745193
7.453606 139.074173
7.459411 83.305077
7.465215 83.719925
7.471020 168.981323
7.476825 169.418564
7.482630 169.859818
7.488435 172.097504
7.494240 172.790787
7.500045 172.214111
7.505850 171.519379
7.511655 170.951187
7.517460 170.010056
7.523265 169.177856
7.529070 168.787125
7.534875 168.435455
7.540680 167.941818
7.546485 113.614731
7.552290 84.919022
7.558095 85.418175
7.563900 85.680954
7.569705 172.086823
7.575510 171.968338
7.581315 171.287720
7.587120 169.415512
7.592925 165.490707
7.598730 328.707306
7.604535 161.865692
7.610340 158.024673
7.616145 157.782013
7.621950 157.873734
7.627755 157.950912
7.633560 316.522797
7.639365 316.797699
7.645170 317.203033
7.650975 158.087494
7.656780 315.759064
7.662585 313.769409
7.668390 311.766113
7.674195 310.663361
7.680000 309.273254
7.685805 305.792877
7.691610 299.964386
7.697415 290.928528
7.703220 283.687836
7.709025 278.739197
7.714830 274.802521
7.720635 270.694397
7.726440 177.022476
7.732245 176.639847
7.738050 176.868179
7.743855 274.172913
7.749660 276.637512
7.755465 279.543915
7.761270 281.921234
7.767075 281.934784
7.772880 281.418671
7.778685 281.267670
7.784490 280.746643
7.790295 279.468414
7.796100 78.101158
7.801905 352.562622
7.807710 78.187248
7.813515 175.580978
7.819320 175.583710
7.825125 271.379364
7.830930 272.008911
7.836735 260.704254
7.842540 257.174774
7.848345 264.350769
7.854150 272.280304
7.859955 139.597260
7.865760 102.195030
7.871564 87.866753
7.877369 305.637482
7.883174 305.887390
7.888979 305.160828
7.894784 100.172806
7.900589 100.363426
7.906394 100.950890
7.912199 102.244743
7.918005 103.596214
7.923810 104.026115
7.929615 104.136024
7.935420 104.543465
7.941225 105.310600
7.947030 105.877472
7.952835 105.568176
7.958640 316.820587
7.964445 319.573792
7.970250 322.939697
7.976054 325.020447
7.981859 325.141022
7.987664 323.726929
7.993469 321.915009
7.999274 238.280563
8.005079 236.724609
8.010884 234.241348
8.016689 231.531006
8.022494 229.666870
8.028299 228.789169
8.034104 228.676758
8.039909 341.656342
8.045714 171.738449
8.051519 172.190002
8.057324 172.532227
8.063129 346.114868
8.068934 345.815277
8.074739 345.668335
8.080544 172.122070
8.086349 172.464386
8.092155 172.419357
8.097960 172.389633
8.103765 355.359894
8.109570 353.029510
8.115375 126.447838
8.121180 126.361244
8.126985 126.633163
8.132789 339.432526
8.138594 332.342377
8.144399 332.146393
8.150204 336.679230
8.156009 254.990234
8.161814 172.938492
8.167619 173.420425
8.173424 347.672150
8.179229 348.402924
8.185034 349.778473
8.190839 351.153015
8.196644 351.948700
8.202449 352.162750
8.208254 351.718109
8.214059 350.372681
8.219864 348.124695
8.225669 344.814453
8.231474 241.965179
8.237279 250.208130
8.243084 257.638092
8.248889 258.833405
8.254694 257.676331
8.260499 338.798798
8.266304 339.113800
8.272109 340.146973
8.277914 340.758331
8.283719 340.751862
8.289524 341.595032
8.295329 343.626617
8.301134 345.595245
8.306939 346.766022
8.312744 116.461258
8.318549 116.955147
8.324354 351.277802
8.330159 352.759064
8.335963 176.765106
8.341768 176.878891
8.347573 176.990921
8.353378 176.623337
8.359183 175.853516
8.364988 175.086212
8.370793 174.117950
8.376598 172.727905
8.382403 171.552063
8.388208 170.815201
8.394013 170.317856
8.399818 339.457855
8.405623 337.980469
8.411428 337.039734
8.417233 337.100159
8.423038 338.746643
8.428843 341.070221
8.434649 172.046219
8.440454 341.524872
8.446259 342.403778
8.452064 345.145813
8.457869 175.087219
8.463674 69.919083
8.469479 116.587585
8.475284 175.723236
8.481089 175.554596
8.486894 174.966827
8.492699 346.515259
8.498504 346.104645
8.504309 345.012543
8.510114 344.200897
8.515919 343.850739
8.521724 343.561798
8.527529 343.090881
8.533334 342.427765
8.539139 342.148865
8.544943 342.533569
8.550748 342.699188
8.556553 342.147736
8.562358 341.861908
8.568163 342.757629
8.573968 344.193970
8.579773 345.063446
8.585578 345.333191
8.591383 345.333466
8.597188 116.352226
8.602993 262.482117
8.608798 262.563568
8.614603 106.341019
8.620408 109.136253
8.626213 109.166420
8.632018 255.252243
8.637823 253.419968
8.643628 252.816833
8.649433 253.104355
8.655238 129.271057
8.661043 134.153534
8.666848 134.120331
8.672653 87.524925
8.678458 87.598602
8.684263 0.000000
8.690068 116.875313
8.695873 127.086418
8.701678 135.917480
8.707483 140.481766
8.713288 140.148727
8.719093 133.273956
8.724898 129.038818
8.730703 128.972931
8.736508 128.878632
8.742313 128.720016
8.748117 64.305717
8.753922 882.461853
8.759727 64.102715
8.765532 259.564728
8.771338 259.139313
8.777143 258.896240
8.782948 258.684235
8.788753 258.469360
8.794558 258.316803
8.800363 258.442993
8.806168 258.850372
8.811973 259.219360
8.817778 259.423767
8.823583 259.486237
8.829388 153.004181
8.835193 153.065384
8.840998 153.138580
8.846803 103.939697
8.852608 86.336502
8.858413 259.213837
8.864218 259.492859
8.870023 260.077087
8.875828 260.602356
8.881633 260.813934
8.887438 260.903778
8.893243 260.853058
8.899048 260.546997
8.904853 260.176880
8.910658 260.026581
8.916463 260.357971
8.922268 261.010803
8.928073 260.869476
8.933878 260.072205
8.939683 129.914597
8.945488 129.752914
8.951293 129.514465
8.957097 86.473869
8.962902 86.266609
8.968707 86.086838
8.974512 60.512539
8.980317 86.091217
8.986122 86.040298
8.991927 129.959564
8.997732 129.981400
9.003537 82.409607
9.009342 78.524384
9.015147 130.450043
9.020952 130.239670
9.026757 130.230362
9.032562 82.435997
9.038367 62.722729
9.044172 67.331314
9.049977 258.225403
9.055782 0.000000
9.061587 130.498718
9.067392 130.375458
9.073197 130.474274
9.079002 260.492065
9.084807 130.912262
9.090612 130.938675
9.096417 131.093018
9.102222 262.019073
9.108027 262.075745
9.113832 262.312531
9.119637 103.132919
9.125443 265.794373
9.131248 263.906738
9.137053 262.619843
9.142858 262.048859
9.148663 261.854736
9.154468 155.081390
9.160272 155.847855
9.166077 156.406860
9.171882 155.940018
9.177687 261.189880
9.183492 260.215607
9.189297 259.310364
9.195102 258.807220
9.200907 258.439758
9.206712 257.383087
9.212517 256.880646
9.218322 297.510040
9.224127 296.274292
9.229932 195.095154
9.235737 359.159637
9.241542 359.561249
9.247347 361.693665
9.253152 362.029327
9.258957 359.925415
9.264762 344.742126
9.270567 338.479187
9.276372 335.298462
9.282177 332.162720
9.287982 324.729706
9.293787 310.500824
9.299592 303.691895
9.305397 301.422119
9.311202 300.330658
9.317007 299.871185
9.322812 299.813751
9.328617 300.255859
9.334422 301.924896
9.340227 305.090454
9.346032 308.941071
9.351837 313.012421
9.357642 317.085510
9.363446 644.721680
9.369251 652.393738
9.375056 331.611328
9.380861 337.507874
9.386666 342.751007
9.392471 345.685669
9.398276 346.764435
9.404081 347.255463
9.409886 347.454590
9.415691 347.326874
9.421496 346.919403
9.427301 346.383850
9.433106 345.684692
9.438911 344.954834
9.444716 344.391876
9.450521 344.010315
9.456326 343.673065
9.462132 343.246826
9.467937 342.853882
9.473742 342.820038
9.479547 343.290253
9.485352 343.995026
9.491157 344.446899
9.496962 344.438446
9.502767 344.118561
9.508572 343.852936
9.514377 344.468292
9.520182 346.054230
9.525987 347.433014
9.531792 348.508759
9.537597 349.498657
9.543402 350.328613
9.549207 351.055511
9.555012 351.768677
9.560817 352.268982
9.566622 117.957710
9.572426 117.830521
9.578231 117.540688
9.584036 176.093842
9.589841 176.023407
9.595646 176.056580
9.601451 209.946289
9.607256 211.455551
9.613061 212.538406
9.618866 211.408569
9.624671 372.445435
9.630476 379.790741
9.636281 257.430359
9.642086 390.219177
9.647891 395.266083
9.653696 399.798279
9.659501 403.548798
9.665306 406.904541
9.671111 204.759705
9.676916 205.392212
9.682721 205.632385
9.688526 205.596405
9.694331 205.268173
9.700136 204.746933
9.705941 204.245087
9.711746 203.969315
9.717551 204.018219
9.723356 204.399872
9.729161 205.072342
9.734966 205.772339
9.740771 413.019562
9.746576 206.914337
9.752381 207.454514
9.758186 207.871216
9.763991 207.972870
9.769796 207.722321
9.775600 207.046005
9.781405 205.742584
9.787210 203.814850
9.793015 202.037842
9.798820 200.440414
9.804626 113.014725
9.810431 110.815979
9.816236 99.038216
9.822041 105.003479
9.827846 117.135117
9.833651 175.972137
9.839456 175.599823
9.845261 87.491722
9.851066 87.414246
9.856871 139.611740
9.862676 139.345734
9.868481 116.661018
9.874286 116.553802
9.880091 116.471596
9.885896 139.657761
9.891701 139.314621
9.897506 138.990585
9.903311 138.912735
9.909116 138.733551
9.914921 138.543610
9.920726 138.839554
9.926531 230.221741
9.932336 231.095520
9.938141 231.705231
9.943946 231.284958
9.949751 229.908234
9.955556 230.083267
9.961361 230.815414
9.967166 115.445152
9.972971 115.881714
9.978776 174.246307
9.984580 349.266724
9.990385 116.607300
9.996190 116.707619
10.001995 116.731201
10.007800 116.629425
10.013605 116.447693
10.019410 347.695465
10.025215 347.065521
10.031020 231.899017
10.036825 230.987213
10.042630 343.991791
10.048435 343.100220
10.054240 114.089531
10.060045 114.261940
10.065850 114.837830
10.071655 349.333588
10.077460 355.271790
10.083265 361.002869
10.089070 365.214447
10.094875 369.128571
10.100680 376.439880
10.106485 388.863312
10.112290 395.914612
10.118095 399.851776
10.123900 403.140564
10.129705 203.237930
10.135510 233.398392
10.141315 233.704132
10.147120 233.693802
10.152925 233.639008
10.158731 233.540222
10.164536 233.018341
10.170341 231.576584
10.176146 202.974380
10.181951 204.385681
10.187755 206.877167
10.193560 209.274017
10.199365 210.934402
10.205170 212.299210
10.210975 428.075378
10.216780 433.185791
10.222585 437.362610
10.228390 439.177704
10.234195 440.767517
10.240000 222.240356
10.245805 224.782288
10.251610 226.219559
10.257415 227.041931
10.263220 227.622192
10.269025 228.080338
10.274830 228.542496
10.280635 229.029922
10.286440 229.153214
10.292245 228.960419
10.298050 228.898209
10.303855 228.845291
10.309660 228.723557
10.315465 228.597733
10.321270 228.493774
10.327075 228.371613
10.332880 228.219879
10.338685 228.049225
10.344490 304.367035
10.350295 305.020233
10.356100 304.279938
10.361905 225.844681
10.367710 225.255524
10.373515 224.774567
10.379320 297.688995
10.385125 91.198608
10.390930 456.277802
10.396734 228.650803
10.402539 929.146973
10.408344 229.221497
10.414149 229.318039
10.419954 229.584198
10.425759 230.032547
10.431564 230.149994
10.437369 229.953491
10.443174 229.753830
10.448979 229.671127
10.454784 229.751312
10.460589 229.944122
10.466394 230.064896
10.472199 229.984375
10.478004 229.871475
10.483809 229.895065
10.489614 229.871811
10.495420 229.708221
10.501225 229.570709
10.507030 229.543579
10.512835 229.487717
10.518640 229.347153
10.524445 229.255569
10.530250 229.278641
10.536055 229.361053
10.541860 229.360031
10.547665 262.679565
10.553470 262.665802
10.559275 229.594696
10.565080 229.663101
10.570885 229.617615
10.576690 229.559860
10.582495 229.504929
10.588300 229.421158
10.594105 229.258240
10.599909 228.978989
10.605714 228.696106
10.611519 228.479614
10.617324 228.350006
10.623129 228.307068
10.628934 228.351440
10.634739 228.523727
10.640544 228.871414
10.646349 229.282074
10.652154 229.465652
10.657959 229.394241
10.663764 229.276062
10.669569 229.228195
10.675374 229.178864
10.681179 229.102081
10.686984 229.156723
10.692789 229.415649
10.698594 229.807251
10.704399 230.334564
10.710204 230.794556
10.716009 230.634048
10.721814 229.877731
10.727619 229.167694
10.733424 229.051117
10.739229 229.284698
10.745034 229.448364
10.750839 229.515930
10.756644 229.512115
10.762449 152.579636
10.768254 152.579651
10.774059 907.857788
10.779864 911.582397
10.785669 456.234253
10.791474 456.532227
10.797279 457.328156
10.803084 229.651520
10.808888 230.210861
10.814693 230.109650
10.820498 229.619522
10.826303 304.143524
10.832108 304.292999
10.837914 304.258453
10.843719 228.466248
10.849524 228.289413
10.855329 456.179718
10.861134 456.010925
10.866939 455.871521
10.872744 455.849915
10.878549 455.966766
10.884354 456.071136
10.890159 456.219788
10.895964 228.268661
10.901769 228.445206
10.907574 228.528595
10.913379 228.504059
10.919184 228.424545
10.924989 130.487457
10.930794 919.149597
10.936599 916.843201
10.942404 915.374207
10.948209 456.285797
10.954014 456.298462
10.959819 456.685089
10.965624 152.136063
10.971429 152.204941
10.977234 152.217453
10.983039 152.164642
10.988844 152.091980
10.994649 152.046432
