0.000000 371.388977
0.005805 371.020721
0.011610 313.398743
0.017415 289.375366
0.023220 275.031616
0.029025 158.797546
0.034830 169.602997
0.040635 160.208298
0.046440 170.283936
0.052245 170.278458
0.058050 170.054871
0.063855 145.705643
0.069660 146.655121
0.075465 147.248596
0.081270 295.135284
0.087075 96.821793
0.092880 96.790749
0.098685 96.692993
0.104490 293.977966
0.110295 295.024719
0.116100 288.245239
0.121905 293.036865
0.127710 3340.098389
0.133515 6935.724609
0.139320 6914.849609
0.145125 6839.856934
0.150930 6632.710449
0.156735 6363.237305
0.162540 6283.239258
0.168345 6334.138672
0.174150 6340.882324
0.179955 6214.486328
0.185760 5990.637207
0.191565 2081.906494
0.197370 2094.799072
0.203175 145.674927
0.208980 296.333496
0.214785 296.837006
0.220590 152.274170
0.226395 152.229309
0.232200 301.883118
0.238005 300.564636
0.243810 299.851349
0.249615 299.377411
0.255419 298.736664
0.261224 297.857391
0.267029 296.476593
0.272834 293.988495
0.278639 290.741364
0.284444 288.330780
0.290249 286.600616
0.296054 285.752197
0.301859 285.672607
0.307664 286.174805
0.313469 287.328491
0.319274 144.577988
0.325079 145.437546
0.330884 291.952118
0.336689 292.265778
0.342494 291.509979
0.348299 289.475128
0.354104 285.955780
0.359909 281.770142
0.365714 275.582672
0.371519 263.042847
0.377324 262.444092
0.383129 0.000000
0.388934 0.000000
0.394739 268.693787
0.400544 269.367950
0.406349 247.064758
0.412154 246.422379
0.417959 245.961960
0.423764 246.158813
0.429569 247.380493
0.435374 248.183167
0.441179 247.898041
0.446984 247.617294
0.452789 248.202255
0.458594 248.909424
0.464399 248.996658
0.470204 248.646439
0.476009 248.210083
0.481814 247.965225
0.487619 247.732056
0.493424 247.365875
0.499229 246.967346
0.505034 246.705643
0.510839 246.730072
0.516644 246.876755
0.522449 247.057098
0.528254 247.376663
0.534059 247.881226
0.539864 248.369736
0.545669 248.658157
0.551474 248.829147
0.557279 248.948380
0.563084 124.346252
0.568889 124.321915
0.574694 124.450600
0.580499 89.729996
0.586304 83.727051
0.592109 83.777016
0.597914 83.705986
0.603719 250.528244
0.609524 249.239990
0.615329 247.770248
0.621134 246.372574
0.626939 245.107056
0.632744 244.052963
0.638549 243.366394
0.644354 243.088531
0.650159 243.272659
0.655964 243.921478
0.661769 245.056091
0.667574 246.574142
0.673379 248.366684
0.679184 250.842987
0.684989 253.603775
0.690794 255.428177
0.696599 256.562439
0.702404 257.594238
0.708209 258.769501
0.714014 260.096527
0.719819 261.334381
0.725624 132.306320
0.731429 66.271675
0.737234 0.000000
0.743039 119.465858
0.748844 119.377388
0.754649 119.000977
0.760454 102.767708
0.766258 94.333771
0.772063 88.238388
0.777869 90.800179
0.783673 100.294037
0.789478 57.186600
0.795283 66.298546
0.801088 87.825836
0.806893 87.860641
0.812698 132.008896
0.818503 131.740448
0.824308 131.472183
0.830113 87.772606
0.835918 65.891830
0.841723 65.924232
0.847528 65.920082
0.853333 65.898170
0.859138 65.905022
0.864943 65.939087
0.870748 131.975189
0.876553 132.058823
0.882358 131.445801
0.888163 131.182449
0.893968 131.403275
0.899773 131.753967
0.905578 131.732101
0.911383 131.819458
0.917188 132.403061
0.922993 132.332657
0.928798 5243.623535
0.934603 5297.059570
0.940408 5344.578613
0.946213 227.448029
0.952018 227.321732
0.957823 232.900238
0.963628 234.392487
0.969433 230.474731
0.975238 225.052902
0.981043 223.483475
0.986848 221.899216
0.992653 220.192108
0.998458 219.574844
1.004263 219.528946
1.010068 219.881622
1.015873 220.511841
1.021678 220.996292
1.027483 221.684967
1.033288 223.865448
1.039093 225.375748
1.044898 225.048904
1.050703 224.382477
1.056508 216.534790
1.062313 216.503662
1.068118 0.000000
1.073923 4423.977051
1.079728 4370.233887
1.085533 4135.883301
1.091338 2098.365967
1.097143 2084.626953
1.102948 3986.351562
1.108753 4055.761719
1.114558 4064.952881
1.120363 4084.486084
1.126168 4136.826660
1.131973 4197.018066
1.137778 4330.510742
1.143583 4693.885742
1.149388 5025.126953
1.155193 5074.178711
1.160998 4966.021484
1.166803 167.227646
1.172608 4577.666504
1.178413 4703.062988
1.184218 4748.124023
1.190023 4775.212402
1.195828 4823.270020
1.201633 163.428116
1.207438 163.471344
1.213243 163.692856
1.219048 164.184494
1.224853 164.802246
1.230658 164.635895
1.236463 164.731781
1.242268 165.113815
1.248073 165.116241
1.253878 164.709656
1.259683 148.634781
1.265488 164.211136
1.271293 164.804611
1.277097 187.005722
1.282902 214.827103
1.288707 223.333694
1.294513 223.288498
1.300317 222.985489
1.306122 216.678650
1.311927 221.786819
1.317732 153.167679
1.323537 152.919022
1.329342 114.103569
1.335147 113.520943
1.340952 112.084053
1.346757 222.568054
1.352562 221.038757
1.358367 219.586960
1.364172 217.873734
1.369977 215.631744
1.375782 214.423019
1.381587 214.058441
1.387392 214.155121
1.393197 214.514954
1.399002 215.050186
1.404807 215.680862
1.410612 216.602448
1.416417 217.936615
1.422222 219.710449
1.428027 222.328995
1.433832 223.647980
1.439637 223.402466
1.445442 257.185181
1.451247 257.969788
1.457052 273.303131
1.462857 273.315552
1.468662 165.593750
1.474467 165.817261
1.480272 177.931625
1.486077 177.490524
1.491882 177.205566
1.497687 170.238556
1.503492 170.190933
1.509297 83.781647
1.515102 83.788666
1.520907 3540.773193
1.526712 3567.374756
1.532517 3673.183105
1.538322 150.579147
1.544127 130.421021
1.549932 133.488434
1.555737 3240.205566
1.561542 262.609039
1.567347 262.839813
1.573152 262.553894
1.578957 262.163269
1.584762 3338.615234
1.590567 3297.975830
1.596372 3263.623535
1.602177 3276.991699
1.607982 3287.163818
1.613787 3284.916748
1.619592 3322.794434
1.625397 3390.489014
1.631202 3430.887207
1.637007 3401.667725
1.642812 3348.773682
1.648617 3373.046387
1.654422 3479.896484
1.660227 249.864014
1.666032 3420.932129
1.671837 123.186066
1.677642 241.605011
1.683447 241.322784
1.689252 195.617874
1.695057 195.256897
1.700862 197.610565
1.706667 197.486298
1.712472 197.074677
1.718277 196.957794
1.724082 196.720673
1.729887 196.025528
1.735692 195.391724
1.741497 194.898376
1.747302 194.410538
1.753107 193.731735
1.758912 192.580704
1.764717 191.654022
1.770522 191.276627
1.776327 191.194397
1.782132 191.230057
1.787936 191.506851
1.793741 192.346268
1.799546 194.664444
1.805351 197.856705
1.811157 197.964355
1.816961 198.020111
1.822766 194.856079
1.828571 204.866638
1.834376 202.641769
1.840181 202.372940
1.845986 201.312561
1.851791 200.740906
1.857596 197.276611
1.863401 205.978470
1.869206 205.885605
1.875011 197.987991
1.880816 197.976334
1.886621 194.801193
1.892426 194.595322
1.898231 194.332779
1.904036 194.054260
1.909841 193.672485
1.915646 193.143021
1.921451 191.472672
1.927256 191.747101
1.933061 193.464020
1.938866 193.863297
1.944671 194.111313
1.950476 194.217697
1.956281 194.476807
1.962086 195.208984
1.967891 196.339371
1.973696 196.315018
1.979501 195.762039
1.985306 195.274780
1.991111 195.043869
1.996916 194.848083
2.002721 193.807678
2.008526 192.742264
2.014331 94.960464
2.020136 96.691605
2.025941 96.733360
2.031746 96.699387
2.037551 96.325073
2.043356 97.847954
2.049161 195.912598
2.054966 197.385574
2.060771 197.501877
2.066576 65.563126
2.072381 196.973541
2.078186 196.609604
2.083991 196.312531
2.089796 196.016220
2.095601 195.707672
2.101406 195.381592
2.107211 195.233231
2.113016 195.345764
2.118821 195.523376
2.124626 195.663910
2.130431 195.786301
2.136236 195.834152
2.142041 195.880737
2.147846 196.096924
2.153651 196.586502
2.159456 197.236816
2.165261 197.834991
2.171066 198.318726
2.176871 199.089096
2.182676 199.862366
2.188481 190.972214
2.194286 121.620758
2.200091 121.510864
2.205896 99.581528
2.211701 97.649460
2.217506 97.604218
2.223311 85.172867
2.229116 85.166145
2.234921 196.727051
2.240726 196.121292
2.246531 195.736343
2.252336 195.515259
2.258141 195.131592
2.263946 194.595978
2.269751 194.209396
2.275556 194.136093
2.281361 194.353806
2.287166 194.764450
2.292970 195.235748
2.298775 195.533234
2.304580 195.830856
2.310385 196.553604
2.316190 197.677658
2.321995 198.277512
2.327801 198.343552
2.333606 198.144012
2.339411 197.801849
2.345215 197.420334
2.351020 196.999664
2.356825 196.474075
2.362630 195.661484
2.368435 194.888901
2.374240 194.654922
2.380045 194.611694
2.385850 194.495010
2.391655 194.153641
2.397460 193.650009
2.403265 193.318878
2.409070 193.410736
2.414875 193.920914
2.420680 194.281723
2.426485 194.720703
2.432290 195.567093
2.438095 196.484406
2.443900 197.179382
2.449705 197.753311
2.455510 198.132034
2.461315 198.286987
2.467120 198.217865
2.472925 197.984970
2.478730 197.658218
2.484535 197.259277
2.490340 196.601746
2.496145 195.522903
2.501950 194.466705
2.507755 193.682007
2.513560 193.076599
2.519365 192.784164
2.525170 192.957474
2.530975 193.484787
2.536780 193.846954
2.542585 193.010849
2.548390 192.041611
2.554195 210.010727
2.560000 200.330261
2.565805 199.956558
2.571610 198.593475
2.577415 198.434616
2.583220 198.376907
2.589025 198.217926
2.594830 197.987946
2.600635 195.029663
2.606440 195.145340
2.612245 195.299088
2.618050 195.211105
2.623855 194.996841
2.629660 194.818253
2.635465 194.744568
2.641270 194.829956
2.647075 195.062622
2.652880 195.323914
2.658685 195.840973
2.664490 196.684021
2.670295 197.161301
2.676100 197.398483
2.681905 197.719437
2.687710 198.157440
2.693515 198.513092
2.699320 198.670273
2.705125 198.634903
2.710930 198.402100
2.716735 83.245682
2.722540 125.113518
2.728345 3416.074219
2.734150 3386.477539
2.739955 3414.105713
2.745760 212.192490
2.751565 212.042389
2.757370 216.078674
2.763175 216.576004
2.768980 218.464142
2.774785 218.976364
2.780590 219.196594
2.786395 218.936523
2.792200 218.239120
2.798005 217.009583
2.803810 215.888123
2.809614 215.926987
2.815419 216.293213
2.821224 217.035324
2.827029 218.117950
2.832834 218.705551
2.838639 218.849792
2.844445 219.308960
2.850250 220.323135
2.856054 220.821899
2.861859 220.837662
2.867664 220.683655
2.873469 220.069870
2.879274 218.963333
2.885079 217.499237
2.890884 211.817551
2.896689 210.066116
2.902494 210.481583
2.908299 277.357422
2.914104 277.473511
2.919909 198.871475
2.925714 168.281097
2.931519 173.549225
2.937324 171.121964
2.943129 179.066040
2.948934 178.460693
2.954739 188.160141
2.960544 188.019943
2.966349 2756.245361
2.972154 2765.785889
2.977959 2810.364258
2.983764 101.052811
2.989569 3589.550293
2.995374 3712.505127
3.001179 96.529121
3.006984 210.039810
3.012789 96.641769
3.018594 190.145676
3.024399 190.210510
3.030204 191.056961
3.036009 193.592285
3.041814 193.704010
3.047619 193.525986
3.053424 193.820404
3.059229 194.565262
3.065034 96.675407
3.070839 96.734612
3.076644 97.516655
3.082449 97.872055
3.088254 97.645584
3.094059 201.480637
3.099864 201.464142
3.105669 201.447617
3.111474 201.410187
3.117279 195.088242
3.123084 195.156967
3.128889 195.246567
3.134694 195.044449
3.140499 194.940811
3.146304 197.472733
3.152109 193.989838
3.157914 93.525368
3.163719 92.983650
3.169524 93.329056
3.175329 192.800018
3.181134 191.875748
3.186939 95.609688
3.192744 93.841934
3.198549 92.831444
3.204354 93.771103
3.210159 95.025955
3.215964 95.176208
3.221769 94.357880
3.227574 93.546448
3.233379 93.623688
3.239184 95.038643
3.244989 95.099556
3.250794 93.469017
3.256599 91.676743
3.262404 3482.937500
3.268209 3469.943359
3.274014 3459.784912
3.279819 3462.150146
3.285624 3487.789795
3.291429 3527.467041
3.297234 3592.028564
3.303039 170.438782
3.308844 4705.497070
3.314649 3722.534180
3.320453 3788.500977
3.326258 97.686386
3.332063 97.789818
3.337868 94.802940
3.343673 94.816055
3.349478 94.842438
3.355283 94.862091
3.361089 94.815857
3.366894 94.869919
3.372698 93.402138
3.378503 93.394966
3.384308 93.236099
3.390113 93.119194
3.395918 95.654617
3.401723 95.867561
3.407528 94.309067
3.413333 93.526382
3.419138 93.020767
3.424943 93.417137
3.430748 95.967461
3.436553 97.464310
3.442358 212.081528
3.448163 208.976303
3.453968 208.785568
3.459773 109.081375
3.465578 110.343849
3.471383 108.431038
3.477188 105.597084
3.482993 105.136772
3.488798 75.220551
3.494603 74.137619
3.500408 73.805878
3.506213 222.496063
3.512018 223.046753
3.517823 223.384079
3.523628 222.250748
3.529433 220.352020
3.535238 219.141174
3.541043 219.409668
3.546848 221.271347
3.552653 223.738312
3.558458 215.007492
3.564263 214.319138
3.570068 223.525543
3.575873 223.078506
3.581678 222.905457
3.587483 222.819962
3.593288 113.296127
3.599093 113.400772
3.604898 113.415176
3.610703 222.563278
3.616508 208.711823
3.622313 209.201248
3.628118 0.000000
3.633923 176.004944
3.639728 143.239777
3.645533 123.817169
3.651338 104.518188
3.657143 96.122673
3.662948 92.898552
3.668753 92.998184
3.674558 96.046120
3.680363 98.163673
3.686168 63.861389
3.691973 98.266716
3.697778 98.298615
3.703583 212.670898
3.709388 208.194077
3.715193 208.343002
3.720998 99.178741
3.726803 97.589317
3.732608 97.738747
3.738413 101.050407
3.744218 100.907677
3.750023 98.104973
3.755828 98.076691
3.761633 98.187477
3.767438 101.165611
3.773243 95.163559
3.779048 3242.570801
3.784853 3236.509277
3.790658 169.409454
3.796463 169.948105
3.802268 90.085869
3.808073 190.123840
3.813878 194.480499
3.819683 195.086166
3.825488 202.105545
3.831293 201.927917
3.837097 210.886154
3.842902 210.338089
3.848707 218.190598
3.854512 218.453384
3.860317 218.733292
3.866122 219.148956
3.871927 219.526352
3.877733 219.911194
3.883538 220.728256
3.889342 221.035156
3.895147 221.085617
3.900952 221.370987
3.906757 222.338943
3.912562 223.860489
3.918367 225.371201
3.924172 226.995407
3.929977 229.703583
3.935782 234.406509
3.941587 240.766129
3.947392 243.811432
3.953197 245.634659
3.959002 247.368439
3.964807 248.818954
3.970612 249.170258
3.976417 248.537003
3.982222 247.117996
3.988027 245.760666
3.993832 244.820694
3.999637 244.580902
4.005442 245.488190
4.011247 246.023407
4.017052 241.950592
4.022857 242.396088
4.028662 243.677567
4.034467 248.492065
4.040272 249.138046
4.046077 249.751083
4.051882 250.547592
4.057687 251.981186
4.063492 252.834641
4.069297 252.429398
4.075102 251.617859
4.080907 250.811325
4.086712 250.019150
4.092517 248.884674
4.098322 247.338379
4.104127 245.497803
4.109932 243.638107
4.115737 241.585663
4.121542 239.681885
4.127347 238.299820
4.133152 237.111755
4.138957 235.245621
4.144762 231.283569
4.150567 229.327972
4.156372 228.731949
4.162177 228.714066
4.167982 229.095505
4.173787 230.031998
4.179592 239.645737
4.185397 240.205475
4.191202 241.578064
4.197007 247.432266
4.202812 247.253723
4.208617 247.139511
4.214422 246.440140
4.220227 245.532639
4.226032 244.484695
4.231837 242.682999
4.237642 240.153717
4.243447 238.615204
4.249252 237.633713
4.255057 236.118103
4.260862 232.620453
4.266667 229.911743
4.272471 228.116730
4.278276 226.898331
4.284081 226.205429
4.289886 225.659302
4.295691 225.053116
4.301497 224.462631
4.307302 223.935440
4.313107 223.307770
4.318912 222.604446
4.324717 221.887421
4.330522 220.978363
4.336327 219.671204
4.342132 218.789169
4.347937 210.679779
4.353742 274.205017
4.359547 0.000000
4.365352 165.042740
4.371157 175.323593
4.376961 175.560120
4.382766 195.278870
4.388571 195.977356
4.394376 197.150696
4.400181 197.858063
4.405986 198.607239
4.411791 197.852264
4.417596 203.815002
4.423401 118.615128
4.429206 118.195007
4.435011 117.942543
4.440816 117.817757
4.446621 264.099670
4.452426 132.562500
4.458231 131.575333
4.464036 127.980606
4.469841 114.922615
4.475646 112.902649
4.481451 166.635773
4.487256 166.420212
4.493061 166.170319
4.498866 166.170380
4.504671 166.705582
4.510476 166.940598
4.516281 55.336594
4.522086 83.218155
4.527891 83.460106
4.533696 166.483963
4.539501 165.153641
4.545306 168.331085
4.551111 155.981232
4.556916 156.028580
4.562721 152.357910
4.568526 135.771591
4.574331 135.732239
4.580136 135.734940
4.585941 131.936493
4.591746 131.978836
4.597551 125.848854
4.603356 125.559631
4.609161 125.207214
4.614966 128.549484
4.620771 125.282791
4.626576 127.888168
4.632381 131.080566
4.638186 131.168167
4.643991 131.188889
4.649796 130.895874
4.655601 130.141602
4.661406 129.252045
4.667211 128.049469
4.673016 127.316254
4.678821 127.353745
4.684626 126.982018
4.690431 126.139725
4.696236 125.983162
4.702041 128.506393
4.707846 150.317627
4.713651 150.161606
4.719456 150.000229
4.725261 4424.301758
4.731066 4451.407715
4.736871 4580.501465
4.742676 4713.052734
4.748481 4774.293945
4.754286 4783.264648
4.760091 4787.848633
4.765896 4824.935547
4.771701 4871.591797
4.777506 4893.094238
4.783311 4889.963867
4.789115 125.735413
4.794920 125.644928
4.800725 125.584053
4.806530 127.036804
4.812335 123.900429
4.818141 123.862137
4.823946 123.868759
4.829751 132.110367
4.835556 132.082092
4.841361 132.079514
4.847166 124.038528
4.852971 124.112160
4.858776 124.169685
4.864581 124.166573
4.870386 124.260498
4.876191 124.380714
4.881996 124.157631
4.887800 122.963562
4.893605 3305.248779
4.899410 3262.193359
4.905215 3242.862061
4.911020 3234.530518
4.916825 3255.823975
4.922630 98.904625
4.928435 3615.331055
4.934240 3652.926758
4.940045 3603.334473
4.945850 3470.814209
4.951655 192.377686
4.957460 192.118393
4.963265 192.035660
4.969070 193.027939
4.974875 194.188309
4.980680 194.921951
4.986485 195.316025
4.992290 195.464172
4.998095 196.896408
5.003900 197.212646
5.009705 197.129547
5.015510 197.078918
5.021315 197.113861
5.027120 197.040436
5.032925 196.904144
5.038730 197.014755
5.044535 197.243774
5.050340 197.390610
5.056145 197.470444
5.061950 198.910538
5.067755 190.509750
5.073560 190.385727
5.079365 176.936752
5.085170 176.843323
5.090975 126.603226
5.096780 100.429741
5.102585 97.353256
5.108390 96.232964
5.114195 83.739418
5.120000 98.053780
5.125805 98.116974
5.131610 129.578201
5.137415 129.481247
5.143220 98.192894
5.149025 65.458656
5.154830 198.081940
5.160635 198.580856
5.166440 65.532532
5.172245 65.559921
5.178050 65.511322
5.183855 65.348541
5.189660 65.280731
5.195465 65.328682
5.201270 197.290146
5.207075 130.808289
5.212880 130.718796
5.218685 130.726013
5.224490 130.816177
5.230295 130.858810
5.236100 130.709610
5.241905 130.351700
5.247710 129.511917
5.253515 90.618904
5.259320 91.594269
5.265125 127.042755
5.270930 127.075539
5.276735 127.115395
5.282540 127.179375
5.288345 127.301590
5.294150 127.532753
5.299954 127.780571
5.305759 125.119682
5.311564 125.314751
5.317369 125.474998
5.323174 125.690201
5.328979 125.823586
5.334785 125.617027
5.340590 124.705322
5.346395 124.335220
5.352200 125.453156
5.358005 126.361893
5.363810 126.817947
5.369615 126.813606
5.375420 126.503815
5.381225 125.584770
5.387030 125.183296
5.392835 125.513405
5.398640 126.102776
5.404444 126.433212
5.410249 126.310898
5.416054 125.651970
5.421859 124.276405
5.427664 125.372833
5.433469 4772.525879
5.439274 4713.858398
5.445079 4658.578125
5.450884 4647.739746
5.456689 4689.694824
5.462494 4752.120605
5.468299 4819.767090
5.474104 140.803421
5.479909 125.621254
5.485714 128.893387
5.491519 323.277222
5.497324 323.558411
5.503129 325.560211
5.508934 326.866730
5.514739 132.260345
5.520544 132.192413
5.526349 65.972679
5.532154 66.003120
5.537959 65.990784
5.543764 65.935524
5.549569 65.938057
5.555374 65.978165
5.561179 65.962234
5.566984 65.904884
5.572789 65.891129
5.578594 65.929138
5.584399 65.986458
5.590204 65.992165
5.596009 68.036697
5.601814 172.688843
5.607619 172.885986
5.613424 701.751404
5.619229 208.755508
5.625034 209.932236
5.630839 211.523041
5.636644 213.102753
5.642449 215.418350
5.648254 221.595627
5.654059 222.376434
5.659864 222.635239
5.665669 222.727921
5.671474 222.504929
5.677279 222.200180
5.683084 221.980621
5.688889 222.133087
5.694694 222.778763
5.700499 223.593826
5.706304 224.558487
5.712109 226.053192
5.717914 227.966476
5.723719 230.335434
5.729524 233.959259
5.735329 238.170410
5.741134 241.482254
5.746939 244.306580
5.752744 246.589264
5.758549 248.405579
5.764354 249.581894
5.770159 250.131470
5.775964 250.094803
5.781769 249.590149
5.787574 248.907166
5.793379 248.683533
5.799184 250.097275
5.804989 251.871704
5.810794 163.944092
5.816598 164.258286
5.822403 161.354752
5.828208 161.025970
5.834013 165.210434
5.839818 184.662277
5.845623 82.891319
5.851429 250.066681
5.857234 251.210480
5.863039 128.621475
5.868844 128.721313
5.874649 260.068207
5.880454 262.405060
5.886259 264.000427
5.892064 186.596268
5.897869 186.539566
5.903674 375.866699
5.909479 186.302505
5.915284 200.316025
5.921088 196.598740
5.926893 196.770264
5.932698 197.292694
5.938503 197.698563
5.944308 130.275803
5.950113 130.264694
5.955918 130.424454
5.961723 130.440659
5.967528 129.903641
5.973333 3772.501953
5.979138 3592.576660
5.984943 3365.195068
5.990748 2095.455322
5.996553 135.565887
6.002358 250.155502
6.008163 260.084503
6.013968 260.794281
6.019773 261.673584
6.025578 261.965637
6.031383 261.823914
6.037188 261.306702
6.042993 260.429077
6.048798 259.316986
6.054603 258.250458
6.060408 257.255890
6.066213 255.969818
6.072018 253.959610
6.077823 251.569611
6.083628 249.628342
6.089433 248.326187
6.095238 247.643845
6.101043 247.474136
6.106848 247.589661
6.112653 247.720657
6.118458 247.712418
6.124263 247.543533
6.130068 247.149460
6.135873 246.377090
6.141678 245.250793
6.147483 243.894699
6.153288 240.748978
6.159093 240.291611
6.164898 250.211853
6.170703 246.436447
6.176508 244.369446
6.182313 240.967773
6.188118 240.125687
6.193923 219.228378
6.199728 219.196014
6.205533 220.308456
6.211338 221.297348
6.217143 221.871140
6.222948 223.362061
6.228753 224.113068
6.234558 224.350006
6.240363 224.784576
6.246168 225.900269
6.251973 226.672897
6.257778 226.339035
6.263583 225.240753
6.269388 224.224640
6.275193 223.345184
6.280998 222.229568
6.286803 220.698685
6.292608 219.213242
6.298413 218.745239
6.304218 133.136749
6.310023 132.412888
6.315828 87.360046
6.321633 88.362915
6.327438 88.232498
6.333242 87.990372
6.339047 65.416153
6.344852 104.442345
6.350657 110.094658
6.356462 112.249527
6.362267 113.125305
6.368073 113.626808
6.373878 93.035149
6.379683 504.845032
6.385488 230.851364
6.391293 234.161316
6.397098 236.011322
6.402903 236.957397
6.408708 236.851715
6.414513 235.888107
6.420318 234.046097
6.426123 230.791092
6.431927 225.930084
6.437732 222.435410
6.443537 220.455170
6.449342 218.967041
6.455147 218.315567
6.460952 218.185379
6.466757 218.438980
6.472562 219.300446
6.478367 220.496857
6.484172 221.330322
6.489977 221.698990
6.495782 221.553574
6.501587 220.574768
6.507392 218.834579
6.513197 216.686417
6.519002 215.554108
6.524807 155.906494
6.530612 151.460983
6.536417 120.817444
6.542222 117.318619
6.548027 97.982414
6.553832 84.652061
6.559637 98.192421
6.565442 98.907425
6.571247 98.761902
6.577052 197.564255
6.582857 197.363754
6.588662 197.036926
6.594467 196.649261
6.600272 196.260345
6.606077 196.043289
6.611882 195.856659
6.617687 195.618454
6.623492 195.448868
6.629297 195.438354
6.635102 195.505615
6.640907 195.565323
6.646712 195.619583
6.652517 195.640305
6.658322 195.661194
6.664127 195.730362
6.669932 195.891861
6.675737 196.084015
6.681542 196.166870
6.687347 196.147659
6.693152 196.053513
6.698957 195.610275
6.704762 194.888153
6.710567 194.536316
6.716372 194.402191
6.722177 194.281021
6.727982 194.257034
6.733787 194.525787
6.739592 195.624512
6.745397 195.447342
6.751202 195.244003
6.757007 195.006378
6.762812 194.540085
6.768617 194.264969
6.774422 194.198792
6.780227 194.122681
6.786032 193.994446
6.791837 194.010880
6.797642 194.089783
6.803447 194.121216
6.809252 194.276810
6.815057 194.550674
6.820862 194.824356
6.826667 195.158951
6.832472 195.560638
6.838277 195.955688
6.844081 196.279144
6.849886 196.537903
6.855691 196.734802
6.861496 196.970047
6.867301 197.217422
6.873106 197.152603
6.878911 196.696426
6.884717 196.270050
6.890522 199.300781
6.896327 199.629852
6.902132 199.794922
6.907937 199.686188
6.913742 198.711166
6.919547 197.551834
6.925352 196.922577
6.931157 196.280106
6.936962 195.958740
6.942767 195.999161
6.948571 196.205276
6.954376 196.356140
6.960181 196.309875
6.965986 195.982956
6.971791 195.597107
6.977596 195.337524
6.983401 195.066071
6.989206 194.926758
6.995011 194.875595
7.000816 194.827621
7.006621 194.865311
7.012426 195.036377
7.018231 195.360596
7.024036 195.763428
7.029841 196.180511
7.035646 196.586258
7.041451 196.914856
7.047256 197.199356
7.053061 197.484787
7.058866 197.736832
7.064671 197.935486
7.070476 198.055557
7.076281 197.984909
7.082086 197.617874
7.087891 197.161118
7.093696 197.025558
7.099501 197.265884
7.105306 150.573944
7.111111 150.633286
7.116916 197.882599
7.122721 197.659714
7.128526 197.215057
7.134331 196.751694
7.140136 196.343094
7.145941 195.849228
7.151746 195.160263
7.157551 194.516235
7.163356 194.207779
7.169161 194.218552
7.174966 194.309189
7.180771 194.350510
7.186576 194.404663
7.192381 194.567688
7.198186 194.804626
7.203991 195.015900
7.209796 195.125443
7.215601 195.123383
7.221406 195.196564
7.227211 195.506439
7.233016 195.602478
7.238821 273.148285
7.244626 272.546906
7.250431 271.823456
7.256236 195.300385
7.262041 194.864166
7.267846 194.440201
7.273651 159.990356
7.279456 194.747849
7.285261 194.738388
7.291066 86.574883
7.296871 272.187073
7.302676 194.939819
7.308481 197.517288
7.314286 197.749039
7.320091 201.351181
7.325896 201.076172
7.331701 646.275391
7.337506 265.921478
7.343311 265.569061
7.349116 264.971405
7.354921 259.713989
7.360725 258.987762
7.366530 259.081940
7.372335 253.904770
7.378140 253.693756
7.383945 253.577698
7.389750 253.606598
7.395555 125.595795
7.401361 125.517296
7.407166 125.470322
7.412971 125.428261
7.418776 125.306473
7.424581 125.011963
7.430386 249.202408
7.436191 249.395615
7.441996 250.002686
7.447801 250.414673
7.453606 250.471680
7.459411 261.993317
7.465215 262.409943
7.471020 268.163544
7.476825 267.375946
7.482630 266.390411
7.488435 264.556793
7.494240 260.729340
7.500045 257.891785
7.505850 254.777054
7.511655 252.941101
7.517460 251.585526
7.523265 250.417267
7.529070 249.657120
7.534875 249.127670
7.540680 248.722137
7.546485 248.647079
7.552290 248.986282
7.558095 249.561920
7.563900 250.494232
7.569705 251.919739
7.575510 253.273056
7.581315 254.142090
7.587120 254.690765
7.592925 255.107361
7.598730 255.656464
7.604535 255.840668
7.610340 252.447632
7.616145 251.768555
7.621950 251.607529
7.627755 251.758759
7.633560 252.946564
7.639365 248.291672
7.645170 248.102005
7.650975 247.817154
7.656780 247.559784
7.662585 248.019791
7.668390 248.571991
7.674195 248.576187
7.680000 248.378769
7.685805 248.337296
7.691610 248.452194
7.697415 248.643097
7.703220 248.868118
7.709025 249.021133
7.714830 249.042496
7.720635 248.888626
7.726440 248.547897
7.732245 248.198807
7.738050 247.945251
7.743855 247.652863
7.749660 247.193558
7.755465 245.977036
7.761270 244.853836
7.767075 244.297272
7.772880 244.253723
7.778685 244.325974
7.784490 244.840851
7.790295 245.518234
7.796100 122.945435
7.801905 123.768906
7.807710 112.656532
7.813515 103.293839
7.819320 90.187721
7.825125 85.785820
7.830930 259.833038
7.836735 260.653381
7.842540 261.903442
7.848345 262.337646
7.854150 262.005249
7.859955 261.254517
7.865760 260.489288
7.871564 259.505737
7.877369 258.262604
7.883174 256.944183
7.888979 255.586517
7.894784 254.156494
7.900589 252.581238
7.906394 251.069595
7.912199 249.725555
7.918005 248.643112
7.923810 248.050934
7.929615 248.115616
7.935420 248.489044
7.941225 248.778641
7.947030 249.009460
7.952835 249.344818
7.958640 248.996597
7.964445 247.007812
7.970250 246.084091
7.976054 123.342903
7.981859 121.253479
7.987664 119.973488
7.993469 100.493401
7.999274 84.514748
8.005079 83.218323
8.010884 82.020523
8.016689 110.186157
8.022494 221.092682
8.028299 221.601486
8.034104 221.924774
8.039909 221.965744
8.045714 221.612610
8.051519 220.473816
8.057324 218.919983
8.063129 217.236694
8.068934 215.079025
8.074739 212.282135
8.080544 208.995728
8.086349 206.601044
8.092155 204.255875
8.097960 201.944077
8.103765 200.456818
8.109570 199.370346
8.115375 198.061188
8.121180 197.003815
8.126985 196.634506
8.132789 196.548752
8.138594 196.283173
8.144399 195.945831
8.150204 195.911133
8.156009 196.031342
8.161814 195.941025
8.167619 195.548416
8.173424 195.071869
8.179229 194.886246
8.185034 194.993790
8.190839 195.359741
8.196644 196.025009
8.202449 196.774918
8.208254 197.121979
8.214059 197.099777
8.219864 196.890228
8.225669 196.647995
8.231474 196.398941
8.237279 196.028336
8.243084 195.460861
8.248889 194.965042
8.254694 194.712997
8.260499 194.677155
8.266304 194.749130
8.272109 194.906830
8.277914 195.249893
8.283719 196.013672
8.289524 197.392792
8.295329 199.082443
8.301134 200.985825
8.306939 203.157471
8.312744 206.141052
8.318549 209.832062
8.324354 212.254562
8.330159 219.794830
8.335963 220.605576
8.341768 223.764725
8.347573 224.238785
8.353378 228.807327
8.359183 228.870087
8.364988 228.863235
8.370793 228.783997
8.376598 224.440674
8.382403 224.351807
8.388208 224.225647
8.394013 224.146393
8.399818 224.304657
8.405623 224.821487
8.411428 229.161667
8.417233 233.610718
8.423038 238.230835
8.428843 242.294098
8.434649 243.611069
8.440454 247.390320
8.446259 248.159546
8.452064 248.710449
8.457869 248.932144
8.463674 248.886215
8.469479 248.798386
8.475284 248.729904
8.481089 248.597626
8.486894 248.443680
8.492699 248.426163
8.498504 248.476913
8.504309 248.431427
8.510114 248.526245
8.515919 248.875641
8.521724 249.202057
8.527529 249.454498
8.533334 249.615128
8.539139 249.481705
8.544943 248.981552
8.550748 246.951416
8.556553 245.927124
8.562358 242.899399
8.568163 242.522186
8.573968 241.758911
8.579773 239.590027
8.585578 237.498383
8.591383 235.754761
8.597188 233.619217
8.602993 231.238892
8.608798 228.459564
8.614603 226.232529
8.620408 224.780472
8.626213 224.068375
8.632018 223.803329
8.637823 223.889221
8.643628 224.304092
8.649433 224.834152
8.655238 225.378403
8.661043 226.334869
8.666848 228.438736
8.672653 230.850739
8.678458 232.639526
8.684263 233.495621
8.690068 233.196335
8.695873 231.587585
8.701678 169.688995
8.707483 185.754486
8.713288 181.926926
8.719093 194.988068
8.724898 195.410324
8.730703 187.712418
8.736508 187.542877
8.742313 186.565033
8.748117 186.133606
8.753922 182.383621
8.759727 190.842407
8.765532 191.036499
8.771338 191.921982
8.777143 185.955261
8.782948 250.937164
8.788753 251.720535
8.794558 251.248230
8.800363 250.438736
8.806168 250.074814
8.811973 249.447372
8.817778 248.701599
8.823583 248.181992
8.829388 247.896576
8.835193 247.662155
8.840998 247.394867
8.846803 247.254120
8.852608 247.324722
8.858413 247.398346
8.864218 247.337891
8.870023 247.360062
8.875828 248.018082
8.881633 248.980957
8.887438 249.295181
8.893243 249.208420
8.899048 248.773224
8.904853 248.140076
8.910658 248.004547
8.916463 248.048355
8.922268 248.055008
8.928073 248.165390
8.933878 248.269501
8.939683 248.160721
8.945488 247.941895
8.951293 247.792557
8.957097 247.783783
8.962902 248.001053
8.968707 248.430267
8.974512 248.822891
8.980317 248.990891
8.986122 248.930801
8.991927 248.695282
8.997732 248.366119
9.003537 247.908264
9.009342 247.272003
9.015147 246.569229
9.020952 245.916397
9.026757 245.372665
9.032562 245.061707
9.038367 244.911926
9.044172 244.890808
9.049977 244.973541
9.055782 245.076935
9.061587 245.114029
9.067392 250.722885
9.073197 250.205338
9.079002 250.795074
9.084807 251.660034
9.090612 251.524429
9.096417 250.912674
9.102222 250.001953
9.108027 249.157898
9.113832 248.901016
9.119637 248.841232
9.125443 248.511597
9.131248 247.840408
9.137053 247.301361
9.142858 246.930267
9.148663 246.265396
9.154468 245.485809
9.160272 245.084595
9.166077 244.984024
9.171882 244.963394
9.177687 245.009735
9.183492 245.233047
9.189297 245.685776
9.195102 246.361832
9.200907 247.153900
9.206712 247.906708
9.212517 248.472168
9.218322 248.797516
9.224127 248.893661
9.229932 248.794525
9.235737 248.697205
9.241542 248.939438
9.247347 107.333076
9.253152 107.586090
9.258957 107.791016
9.264762 83.949043
9.270567 83.868080
9.276372 251.266785
9.282177 250.823975
9.287982 250.316589
9.293787 249.552750
9.299592 248.894745
9.305397 248.558868
9.311202 248.268250
9.317007 247.788300
9.322812 246.946350
9.328617 245.890625
9.334422 245.084869
9.340227 244.692337
9.346032 244.470505
9.351837 244.343475
9.357642 244.572617
9.363446 245.228134
9.369251 245.975815
9.375056 246.655518
9.380861 247.349457
9.386666 247.982010
9.392471 248.468369
9.398276 248.932434
9.404081 249.395554
9.409886 99.771996
9.415691 200.416489
9.421496 200.358444
9.427301 119.702972
9.433106 100.384323
9.438911 99.811737
9.444716 83.812500
9.450521 98.161064
9.456326 99.741470
9.462132 99.823563
9.467937 247.463196
9.473742 247.421677
9.479547 247.629715
9.485352 247.770203
9.491157 247.717392
9.496962 247.851196
9.502767 248.772644
9.508572 250.532623
9.514377 252.192276
9.520182 253.350189
9.525987 254.246872
9.531792 255.095108
9.537597 255.903717
9.543402 256.633087
9.549207 257.272064
9.555012 257.682465
9.560817 257.806824
9.566622 257.678192
9.572426 257.319000
9.578231 256.382721
9.584036 254.705902
9.589841 251.525146
9.595646 250.225021
9.601451 260.432068
9.607256 249.279160
9.613061 249.140518
9.618866 0.000000
9.624671 0.000000
9.630476 9355.028320
9.636281 9264.646484
9.642086 5350.300293
9.647891 5438.342773
9.653696 5543.439941
9.659501 108.289406
9.665306 110.615280
9.671111 110.793350
9.676916 110.841858
9.682721 110.920364
9.688526 111.025665
9.694331 111.108078
9.700136 107.780998
9.705941 326.158813
9.711746 326.483154
9.717551 326.905762
9.723356 112.422729
9.729161 164.170731
9.734966 164.321762
9.740771 104.408127
9.746576 104.177467
9.752381 104.003975
9.758186 101.569481
9.763991 99.687515
9.769796 219.784515
9.775600 300.447449
9.781405 300.552948
9.787210 192.161667
9.793015 191.900925
9.798820 191.452835
9.804626 200.705185
9.810431 200.463486
9.816236 98.071388
9.822041 196.192245
9.827846 204.228348
9.833651 204.193726
9.839456 406.222229
9.845261 406.571472
9.851066 406.934723
9.856871 195.950882
9.862676 195.808853
9.868481 195.997711
9.874286 195.831696
9.880091 393.734406
9.885896 194.833344
9.891701 194.647812
9.897506 194.592178
9.903311 376.125458
9.909116 402.620667
9.914921 402.155334
9.920726 433.449646
9.926531 199.688568
9.932336 200.079620
9.938141 200.170135
9.943946 1430.691650
9.949751 0.000000
9.955556 243.530411
9.961361 243.485565
9.967166 243.616241
9.972971 243.915390
9.978776 217.380447
9.984580 6069.488770
9.990385 6103.542969
9.996190 6175.691406
10.001995 6281.843750
10.007800 6324.780273
10.013605 6343.760254
10.019410 6366.723633
10.025215 6400.342285
10.031020 6450.978516
10.036825 82.775841
10.042630 82.871170
10.048435 83.139435
10.054240 82.955925
10.060045 82.861580
10.065850 82.930710
10.071655 82.903328
10.077460 82.845711
10.083265 82.785965
10.089070 82.637878
10.094875 82.363129
10.100680 82.172348
10.106485 82.178864
10.112290 82.633682
10.118095 139.236694
10.123900 140.841614
10.129705 141.025711
10.135510 243.630402
10.141315 244.113541
10.147120 198.219315
10.152925 190.468948
10.158731 190.846741
10.164536 169.281830
10.170341 169.549194
10.176146 175.726990
10.181951 202.598068
10.187755 202.699982
10.193560 205.225311
10.199365 205.649765
10.205170 205.609756
10.210975 113.756363
10.216780 113.903267
10.222585 114.124039
10.228390 114.631325
10.234195 115.010841
10.240000 147.002182
10.245805 147.255005
10.251610 147.641190
10.257415 148.188965
10.263220 148.666397
10.269025 149.086136
10.274830 149.395721
10.280635 149.449722
10.286440 149.525528
10.292245 149.733704
10.298050 149.868683
10.303855 149.843887
10.309660 150.301712
10.315465 152.070969
10.321270 155.916656
10.327075 155.666824
10.332880 155.278229
10.338685 157.328918
10.344490 159.789215
10.350295 159.998459
10.356100 162.031250
10.361905 165.308624
10.367710 165.585342
10.373515 167.662003
10.379320 167.826569
10.385125 168.369019
10.390930 168.878555
10.396734 169.015930
10.402539 168.701447
10.408344 168.024673
10.414149 167.083603
10.419954 166.058731
10.425759 164.957458
10.431564 164.094147
10.437369 163.691696
10.443174 163.723053
10.448979 164.127563
10.454784 164.824402
10.460589 165.682129
10.466394 166.704758
10.472199 168.750412
10.478004 169.724213
10.483809 173.894669
10.489614 176.363083
10.495420 187.891724
10.501225 188.234070
10.507030 192.314957
10.512835 207.514847
10.518640 207.918564
10.524445 208.148315
10.530250 201.204834
10.536055 201.315094
10.541860 201.343613
10.547665 196.857071
10.553470 195.893585
10.559275 194.329102
10.565080 193.938828
10.570885 191.257248
10.576690 194.105850
10.582495 194.407211
10.588300 194.964478
10.594105 196.849106
10.599909 197.789581
10.605714 198.557281
10.611519 200.000717
10.617324 200.367966
10.623129 198.067017
10.628934 122.726196
10.634739 123.796959
10.640544 124.085114
10.646349 124.214149
10.652154 124.317055
10.657959 124.706871
10.663764 121.324661
10.669569 128.636917
10.675374 194.768005
10.681179 194.990646
10.686984 105.573013
10.692789 105.503479
10.698594 102.594788
10.704399 96.580597
10.710204 96.500496
10.716009 99.586830
10.721814 99.614586
10.727619 66.852898
10.733424 66.386276
10.739229 197.651215
10.745034 187.464981
10.750839 187.889099
10.756644 178.578247
10.762449 183.751343
10.768254 185.959152
10.774059 191.704330
10.779864 193.867355
10.785669 195.593079
10.791474 196.671890
10.797279 197.207260
10.803084 197.377914
10.808888 197.247452
10.814693 196.819229
10.820498 196.169174
10.826303 195.454239
10.832108 194.803772
10.837914 194.354980
10.843719 194.403595
10.849524 194.930115
10.855329 195.513702
10.861134 197.146011
10.866939 198.680542
10.872744 131.025284
10.878549 117.464622
10.884354 101.520073
10.890159 90.659279
10.895964 92.420303
10.901769 106.660278
10.907574 215.442474
10.913379 218.572708
10.919184 220.598602
10.924989 221.404144
10.930794 221.804047
10.936599 221.866074
10.942404 221.845184
10.948209 221.989410
10.954014 222.230042
10.959819 222.359161
10.965624 222.345871
10.971429 222.233536
10.977234 222.027893
10.983039 221.825394
10.988844 221.755356
10.994649 221.850906
11.000454 221.964325
11.006259 221.884171
11.012063 221.547821
11.017868 221.143005
11.023673 220.828186
11.029478 220.605209
11.035283 220.581696
11.041088 220.921402
11.046893 221.496338
11.052698 221.924500
11.058503 221.886185
11.064308 221.205368
11.070113 219.743591
11.075918 218.858109
11.081723 217.412003
11.087528 214.934113
11.093333 212.803192
11.099138 211.308884
11.104943 209.128281
11.110748 205.714127
11.116553 201.963730
11.122358 199.776108
11.128163 198.470123
11.133968 197.923752
11.139773 198.031082
11.145578 198.636429
11.151383 199.596878
11.157188 200.637222
11.162993 201.705795
11.168798 203.209778
11.174603 205.907440
11.180408 208.442139
11.186213 211.548019
11.192019 213.995773
11.197824 215.682358
11.203629 216.911346
11.209434 217.647522
11.215239 219.433487
11.221043 219.919098
11.226848 220.024826
11.232653 220.211334
11.238458 223.882126
11.244263 223.903442
11.250068 224.012039
11.255873 224.094894
11.261678 220.598434
11.267483 224.105438
11.273288 224.117905
11.279093 220.534241
11.284898 220.464798
11.290703 220.402069
11.296508 220.342545
11.302313 220.284973
11.308118 220.211426
11.313923 220.115570
11.319728 220.049515
11.325533 220.055008
11.331338 220.106247
11.337143 220.177170
11.342948 220.248322
11.348753 220.306381
11.354558 220.347168
11.360363 220.348495
11.366168 220.267227
11.371973 220.067307
11.377778 219.537125
11.383583 217.343170
11.389388 216.331619
11.395193 215.122833
11.400998 212.169235
11.406803 210.424072
11.412608 210.194778
11.418413 199.133545
11.424217 198.793015
11.430022 198.557999
11.435827 192.523865
11.441632 192.578064
11.447437 195.845474
11.453242 195.471848
11.459047 195.533508
11.464852 195.873093
11.470657 196.347519
11.476462 196.467606
11.482267 196.272461
11.488072 195.999222
11.493877 195.688202
11.499682 195.314117
11.505487 194.958160
11.511292 194.740128
11.517097 194.731125
11.522902 195.008331
11.528708 195.525604
11.534513 196.201233
11.540318 197.034180
11.546123 198.095718
11.551928 199.164459
11.557733 200.137436
11.563538 200.852615
11.569343 201.272598
11.575148 201.200195
11.580953 101.036293
11.586758 101.214272
11.592563 200.895905
11.598368 201.102737
11.604173 173.957611
11.609978 195.013214
11.615783 195.086716
11.621588 195.210861
11.627392 195.225128
11.633197 193.982452
11.639002 191.987808
11.644807 191.920715
11.650612 192.431580
11.656417 193.452698
11.662222 194.969406
11.668027 195.958618
11.673832 195.966248
11.679637 195.171280
11.685442 195.110718
11.691247 196.314835
11.697052 197.120880
11.702857 196.931137
11.708662 195.339523
11.714467 192.760864
11.720272 189.339249
11.726077 185.153030
11.731882 182.134140
11.737687 178.559418
11.743492 173.787674
11.749297 169.695694
11.755102 168.511200
11.760907 168.141434
11.766712 168.324722
11.772517 168.431137
11.778322 168.519577
11.784127 168.607422
11.789932 168.654999
11.795737 168.630341
11.801542 168.639359
11.807347 168.762100
11.813152 168.577835
11.818957 166.826248
11.824762 163.727005
11.830567 166.198059
11.836371 65.323112
11.842176 192.504257
11.847981 135.699081
11.853786 135.849670
11.859591 135.757111
11.865396 188.932770
11.871202 188.688568
11.877007 180.127258
11.882812 180.293243
11.888617 188.840912
11.894422 195.989655
11.900227 190.353745
11.906032 188.475754
11.911837 187.337448
11.917642 188.870804
11.923447 189.011139
11.929252 3383.451660
11.935057 3305.881836
11.940862 3285.510742
11.946667 3296.833496
11.952472 3325.202637
11.958277 88.736542
11.964082 88.653160
11.969887 0.000000
11.975692 300.178864
11.981497 300.375732
11.987302 131.748611
11.993107 131.596237
11.998912 139.938705
12.004717 135.655014
12.010522 129.206879
12.016327 129.370148
12.022132 132.763748
12.027937 132.537430
12.033742 132.632401
12.039546 132.483353
12.045351 131.931534
12.051156 132.204773
12.056961 132.274475
12.062766 132.304291
12.068571 132.189957
12.074376 132.425690
12.080181 133.173218
12.085986 85.615860
12.091791 86.666168
12.097596 260.591980
12.103401 263.541107
12.109206 132.108414
12.115011 131.808121
12.120816 131.233444
12.126621 131.070480
12.132426 131.181137
12.138231 126.230377
12.144036 121.111954
12.149841 97.848839
12.155646 94.269066
12.161451 90.475189
12.167256 85.113556
12.173061 85.108139
12.178866 65.994301
12.184671 65.990898
12.190476 82.687920
12.196281 258.822937
12.202086 259.065521
12.207891 258.188232
12.213696 253.784668
12.219501 125.323257
12.225307 125.267265
12.231112 125.232712
12.236917 165.464951
12.242722 82.695007
12.248526 82.608681
12.254331 82.556206
12.260136 82.612915
12.265941 125.235603
12.271746 125.192581
12.277551 125.231834
12.283356 82.633835
12.289161 131.977798
12.294966 259.210480
12.300771 227.143051
12.306576 216.272507
12.312381 190.828354
12.318186 126.362015
12.323991 122.960320
12.329796 97.668274
12.335601 90.910835
12.341406 90.707115
12.347211 90.649101
12.353016 100.047340
12.358821 55.066124
12.364626 66.296455
12.370431 81.995964
12.376236 82.081047
12.382041 109.483826
12.387846 106.012718
12.393651 82.587349
12.399456 82.614418
12.405261 82.590744
12.411066 66.028206
12.416871 65.982674
12.422676 84.955223
12.428481 82.695488
12.434286 82.620743
12.440091 82.583542
12.445896 82.613564
12.451700 82.677200
12.457505 165.365341
12.463310 165.312759
12.469115 165.265274
12.474920 82.629463
12.480725 82.624001
12.486530 82.465080
12.492335 82.413887
12.498140 5566.245605
12.503945 5497.266113
12.509750 5446.873535
12.515555 5420.071289
12.521360 5389.375000
12.527165 5343.519531
12.532970 5321.310059
12.538775 5369.394531
12.544580 5438.121094
12.550385 163.358871
12.556190 82.643379
12.561996 82.877480
12.567801 82.727386
12.573606 82.667892
12.579411 82.666039
12.585216 82.694580
12.591021 82.702370
12.596826 124.982674
12.602631 165.046951
12.608436 165.126663
12.614241 165.241699
12.620046 165.188461
12.625851 82.634621
12.631656 125.783318
12.637461 125.923195
12.643266 126.050339
12.649071 126.331329
12.654876 126.491814
12.660680 126.549973
12.666485 126.561874
12.672290 4644.229004
12.678095 4396.233398
12.683900 4288.352539
12.689705 4329.303711
12.695510 4492.536133
12.701315 4712.154785
12.707120 125.830872
12.712925 125.867401
12.718730 4642.965820
12.724535 4648.583008
12.730340 4659.698242
12.736145 125.685951
12.741950 125.712456
12.747755 163.575623
12.753560 164.067459
12.759365 165.004089
12.765170 125.681313
12.770975 125.594429
12.776780 125.787796
12.782585 125.780327
12.788390 125.450592
12.794195 125.112366
12.800000 124.994987
12.805805 125.268593
12.811610 164.881104
12.817415 165.064926
12.823220 165.330399
12.829025 165.334473
12.834830 165.084763
12.840635 164.755173
12.846440 163.928940
12.852245 127.143188
12.858050 168.518906
12.863854 168.522034
12.869659 168.540161
12.875464 164.352310
12.881269 124.979073
12.887074 124.963058
12.892879 164.821167
12.898685 164.994217
12.904490 165.053436
12.910295 165.352814
12.916100 165.544769
12.921905 165.357010
12.927710 165.078293
12.933515 165.077255
12.939320 165.298691
12.945125 165.350311
12.950930 165.027313
12.956735 164.765213
12.962540 164.935120
12.968345 165.389526
12.974150 165.687241
12.979955 165.434402
12.985760 165.280701
12.991565 165.501755
12.997370 165.898880
13.003175 166.181335
13.008980 166.649734
13.014785 166.421310
13.020590 160.663834
13.026395 246.362167
13.032200 246.140549
13.038005 212.508774
13.043810 178.658112
13.049615 178.512039
13.055420 178.519821
13.061225 178.592880
13.067030 178.525970
13.072834 164.941757
13.078639 164.754318
13.084444 177.181732
13.090249 193.036179
13.096054 170.715424
13.101859 170.675278
13.107664 130.708359
13.113469 263.950317
13.119274 264.238892
13.125079 132.563660
13.130884 132.365952
13.136689 131.907379
13.142494 131.629944
13.148299 131.431641
13.154104 131.311813
13.159909 131.580704
13.165714 131.874786
13.171519 131.677353
13.177324 131.183624
13.183129 130.950592
13.188934 131.192780
13.194739 131.794449
13.200544 132.070786
13.206349 132.089035
13.212154 87.145317
13.217959 86.544884
13.223764 183.509537
13.229569 183.683853
13.235374 188.624374
13.241179 189.790390
13.246984 191.036499
13.252789 192.856018
13.258595 193.491501
13.264400 194.086227
13.270205 194.684341
13.276009 195.004959
13.281814 194.968658
13.287619 194.719086
13.293424 194.541901
13.299229 194.551178
13.305034 194.817856
13.310839 195.400345
13.316644 196.114731
13.322449 196.625931
13.328254 196.975266
13.334059 197.366486
13.339864 197.828506
13.345669 198.507187
13.351474 201.624649
13.357279 224.281128
13.363084 225.036880
13.368889 211.827988
13.374694 212.816681
13.380499 215.864166
13.386304 219.627014
13.392109 220.311203
13.397914 220.760132
13.403719 221.664185
13.409524 222.183640
13.415329 222.706818
13.421134 223.579056
13.426939 223.972809
13.432744 220.750595
13.438549 220.374557
13.444354 219.986023
13.450159 219.455582
13.455964 216.299423
13.461769 216.088486
13.467574 216.325546
13.473379 217.203110
13.479183 219.168579
13.484988 219.866440
13.490793 220.704758
13.496598 222.514420
13.502403 223.978729
13.508208 224.738754
13.514013 225.168564
13.519818 225.169113
13.525623 224.676285
13.531428 223.667526
13.537233 221.213226
13.543038 218.797195
13.548843 215.613663
13.554648 209.573318
13.560453 208.320969
13.566258 207.864670
13.572063 207.347290
13.577868 206.428253
13.583673 102.865456
13.589478 102.509201
13.595284 102.400642
13.601089 102.652344
13.606894 86.421158
13.612699 86.539925
13.618504 108.807404
13.624309 219.472214
13.630114 220.805206
13.635919 221.956192
13.641724 222.947418
13.647529 223.516495
13.653334 223.759171
13.659139 223.879318
13.664944 223.841766
13.670749 223.548950
13.676554 223.175201
13.682359 222.852509
13.688163 222.530518
13.693968 222.373032
13.699773 222.676392
13.705578 223.500519
13.711383 224.813354
13.717188 226.712082
13.722993 229.082169
13.728798 232.854553
13.734603 237.217560
13.740408 240.388458
13.746213 241.420059
13.752018 242.204376
13.757823 221.045242
13.763628 123.718628
13.769433 123.696152
13.775238 101.179634
13.781043 82.829414
13.786848 82.565384
13.792653 82.445030
13.798458 123.612816
13.804263 247.588104
13.810068 247.216812
13.815873 246.780823
13.821678 246.550369
13.827483 246.497818
13.833288 246.644211
13.839093 246.975433
13.844898 247.325699
13.850703 247.582886
13.856508 247.850540
13.862313 248.184662
13.868118 248.467346
13.873923 248.560776
13.879728 248.477127
13.885533 248.334610
13.891337 248.213882
13.897142 248.112259
13.902947 248.017380
13.908752 247.899277
13.914557 247.768158
13.920362 247.641693
13.926167 247.517929
13.931973 247.469391
13.937778 247.636047
13.943583 247.936462
13.949388 247.809525
13.955193 247.342407
13.960998 247.054092
13.966803 247.029770
13.972608 247.099442
13.978413 247.223663
13.984218 247.470047
13.990023 247.766068
13.995828 247.951736
14.001633 248.003586
14.007438 248.062958
14.013243 248.157608
14.019048 248.192261
14.024853 248.184631
14.030658 248.178284
14.036463 248.080368
14.042268 247.777832
14.048073 247.314301
14.053878 246.917404
14.059683 246.773941
14.065488 246.690628
14.071293 246.366379
14.077098 245.855286
14.082903 245.833725
14.088708 247.455048
14.094513 250.091690
14.100317 251.313400
14.106122 253.053467
14.111927 253.703537
14.117732 254.031464
14.123537 259.012268
14.129342 132.718933
14.135147 265.633270
14.140952 265.761353
14.146757 265.853455
14.152562 270.612976
14.158367 270.639740
14.164172 265.949371
14.169977 265.717377
14.175782 265.324402
14.181587 264.885864
14.187392 259.976898
14.193197 259.744019
14.199002 259.453217
14.204807 259.160065
14.210612 259.020447
14.216417 259.075684
14.222222 259.212006
14.228027 259.355042
14.233832 259.448303
14.239637 259.351562
14.245442 258.975037
14.251247 258.110443
14.257052 253.995010
14.262857 253.681625
14.268662 253.683487
14.274467 243.353546
14.280272 238.392670
14.286077 228.868698
14.291883 228.716263
14.297688 3322.728027
14.303492 3334.148682
14.309297 3371.009277
14.315102 215.355789
14.320907 218.251114
14.326712 222.210785
14.332517 223.420319
14.338322 223.932205
14.344127 224.645874
14.349932 225.527023
14.355737 225.756760
14.361542 225.793045
14.367347 225.740021
14.373152 225.488770
14.378957 225.025009
14.384762 224.500702
14.390567 223.922562
14.396372 223.281235
14.402177 222.677582
14.407982 222.449493
14.413787 222.945374
14.419592 224.367706
14.425397 226.990402
14.431202 230.799347
14.437007 235.877075
14.442812 240.785324
14.448617 243.750122
14.454422 246.523483
14.460227 248.319702
14.466032 249.197571
14.471837 248.813568
14.477642 247.372360
14.483447 246.460297
14.489252 190.937393
14.495057 190.717621
14.500862 189.391571
14.506667 188.386032
14.512471 187.698700
14.518276 186.866028
14.524081 184.864746
14.529886 245.733627
14.535691 245.794342
14.541496 246.601395
14.547301 247.411743
14.553106 247.663422
14.558911 247.953156
14.564716 248.957687
14.570521 250.914703
14.576326 252.270020
14.582131 253.253860
14.587936 254.197357
14.593741 254.650864
14.599546 254.156189
14.605351 252.618668
14.611156 250.396179
14.616961 248.502045
14.622766 248.023529
14.628572 249.023056
14.634377 249.315140
14.640182 96.691849
14.645987 96.331520
14.651792 95.854782
14.657597 223.343262
14.663402 201.397675
14.669207 201.348312
14.675012 201.323578
14.680817 215.202087
14.686622 215.217728
14.692427 93.278900
14.698232 5673.042480
14.704037 5805.524414
14.709842 5867.958496
14.715646 5852.040039
14.721451 5829.040039
14.727256 87.672813
14.733061 241.550430
14.738866 225.248917
14.744671 225.267059
14.750476 91.777313
14.756281 91.832977
14.762086 93.511421
14.767891 95.709244
14.773696 95.708290
14.779501 95.234749
14.785306 91.991356
14.791111 91.950821
14.796916 92.353180
14.802721 95.145447
14.808526 95.030853
14.814331 87.171654
14.820136 87.144035
14.825941 3222.496338
14.831746 3186.907715
14.837551 3207.882324
14.843356 3350.805908
14.849161 3477.999268
14.854966 3522.071289
14.860771 3534.316406
14.866576 3554.512695
14.872381 299.258942
14.878186 176.726135
14.883991 170.173187
14.889796 169.411926
14.895601 168.595062
14.901406 168.032394
14.907211 167.839371
14.913016 82.331772
14.918821 82.228142
14.924625 82.381721
14.930430 82.442497
14.936235 82.348579
14.942040 82.232193
14.947845 159.945297
14.953650 80.390205
14.959455 81.580872
14.965261 82.098328
14.971066 82.379921
14.976871 82.725410
14.982676 83.107315
14.988481 83.415833
14.994286 83.584808
15.000091 83.614983
15.005896 83.539803
15.011701 83.522377
15.017506 83.611511
15.023311 166.777328
15.029116 157.317566
15.034921 116.180122
15.040726 109.016060
15.046531 108.501564
15.052336 88.194054
15.058141 85.470306
15.063946 85.333374
15.069751 170.639786
15.075556 170.381287
15.081361 169.864227
15.087166 169.070999
15.092971 168.010101
15.098776 166.774826
15.104581 165.525452
15.110386 164.453552
15.116191 163.680908
15.121996 163.279282
15.127800 163.209854
15.133605 163.477570
15.139410 164.042282
15.145215 164.566147
15.151020 211.345703
15.156825 211.832230
15.162630 212.493088
15.168435 81.977768
15.174240 81.562531
15.180045 162.134384
15.185850 161.272949
15.191655 218.035080
15.197460 201.907471
15.203265 182.453369
15.209070 136.616730
15.214875 123.188934
15.220680 101.969337
15.226485 94.579857
15.232290 95.892784
15.238095 97.884499
15.243900 97.972481
15.249705 62.867466
15.255510 98.283325
15.261315 65.436584
15.267120 204.252136
15.272925 203.770920
15.278730 203.677994
15.284535 214.090134
15.290340 215.111572
15.296145 91.314240
15.301950 64.012566
15.307755 63.804527
15.313560 147.911591
15.319366 147.545700
15.325171 146.984573
15.330976 147.058960
15.336780 147.426529
15.342585 147.239914
15.348390 146.615570
15.354195 146.264786
15.360000 146.192184
15.365805 146.322495
15.371610 146.332993
15.377415 147.919128
15.383220 145.138199
15.389025 145.024796
15.394830 149.859131
15.400635 150.234573
15.406440 150.274643
15.412245 150.246979
15.418050 148.370163
15.423855 145.480316
15.429660 145.529358
15.435465 145.586609
15.441270 145.716034
15.447075 146.033646
15.452880 145.790482
15.458685 102.629158
15.464490 102.858627
15.470295 103.735718
15.476100 106.679962
15.481905 106.737389
15.487710 147.900055
15.493515 149.194412
15.499320 149.889755
15.505125 150.206985
15.510930 150.703781
15.516735 151.207642
15.522540 151.374451
15.528345 151.369385
15.534150 151.655273
15.539954 152.311798
15.545759 149.865082
15.551564 149.883163
15.557369 144.431213
15.563174 144.391113
15.568979 144.492386
15.574784 4595.132812
15.580589 4642.992188
15.586394 4785.448242
15.592199 140.753998
15.598004 140.497818
15.603809 143.779221
15.609614 147.398743
15.615419 147.731506
15.621224 148.478470
15.627029 153.598282
15.632834 153.826385
15.638639 153.948105
15.644444 154.245697
15.650249 154.994080
15.656054 154.141510
15.661860 151.909409
15.667665 150.242813
15.673470 148.340775
15.679275 147.427124
15.685080 145.763107
15.690885 144.940125
15.696690 145.170441
15.702495 145.837372
15.708300 146.919266
15.714105 148.308212
15.719910 149.138596
15.725715 149.659012
15.731520 116.325691
15.737325 111.708214
15.743129 223.128677
15.748934 223.168137
15.754739 223.110474
15.760544 201.719086
15.766349 188.912521
15.772154 164.161041
15.777959 145.058029
15.783764 132.793289
15.789569 125.314514
15.795374 124.164574
15.801179 123.751091
15.806984 124.401466
15.812789 83.655083
15.818594 83.499405
15.824399 83.543762
15.830204 83.855316
15.836009 83.745064
15.841814 83.374664
15.847619 82.662041
15.853424 62.413227
15.859229 83.236488
15.865034 83.203453
15.870839 83.193810
15.876644 61.583874
15.882449 245.374268
15.888254 73.327965
15.894059 74.527466
15.899864 0.000000
15.905669 0.000000
15.911474 372.951721
15.917279 372.679199
15.923084 249.954315
15.928889 208.698883
15.934694 179.212997
15.940499 169.656799
15.946304 181.213074
15.952108 181.248276
15.957913 195.019928
15.963718 195.349487
15.969523 200.547882
15.975328 201.945877
15.981133 204.678726
15.986938 205.304031
15.992743 113.601051
15.998549 113.601418
16.004354 113.755371
16.010159 114.170647
16.015965 114.396996
16.021769 114.471298
16.027575 114.489662
16.033379 119.649689
16.039185 111.310913
16.044989 111.298882
16.050795 113.403564
16.056599 113.331573
16.062403 111.525688
16.068209 111.955307
16.074013 112.152214
16.079819 112.253403
16.085623 114.791626
16.091429 112.421570
16.097233 110.729858
16.103039 109.479660
16.108843 113.363770
16.114649 119.547234
16.120453 125.142143
16.126259 117.573311
16.132063 117.469551
16.137869 118.885002
16.143673 121.662804
16.149479 121.691910
16.155283 123.358635
16.161089 253.904083
16.166893 257.848267
16.172699 258.924622
16.178503 259.170441
16.184309 258.936768
16.190113 258.547211
16.195919 129.036194
16.201723 128.923965
16.207529 128.692825
16.213333 127.918770
16.219139 125.597771
16.224943 123.063477
16.230749 120.133011
16.236553 120.121078
16.242359 128.763474
16.248163 137.216461
16.253969 137.318527
16.259773 6084.299316
16.265577 5783.106445
16.271383 5657.833008
16.277187 5561.630859
16.282993 5450.499512
16.288797 0.000000
16.294603 0.000000
16.300407 239.265900
16.306213 294.007660
16.312017 293.365387
16.317823 142.677185
16.323627 149.419495
16.329433 144.920288
16.335238 140.723663
16.341043 140.776642
16.346848 140.912201
16.352654 5356.764160
16.358458 124.876076
16.364264 125.196671
16.370068 4216.069824
16.375874 4508.063477
16.381678 5081.836914
16.387484 5077.768066
16.393288 5250.258789
16.399094 5294.253418
16.404898 5292.941406
16.410704 3589.747314
16.416508 3558.936279
16.422314 126.652969
16.428118 126.822594
16.433924 126.908470
16.439728 127.057190
16.445534 127.166771
16.451338 128.619476
16.457144 117.061829
16.462948 117.079849
16.468752 116.067703
16.474558 115.996437
16.480362 107.997498
16.486168 102.303421
16.491972 93.417435
16.497778 89.177544
16.503582 89.237740
16.509388 277.169525
16.515192 289.876038
16.520998 290.861267
16.526802 294.326935
16.532608 296.535980
16.538412 297.520691
16.544218 297.920166
16.550022 297.879944
16.555828 297.604156
16.561632 297.114532
16.567438 296.482300
16.573242 296.029114
16.579048 296.165344
16.584852 297.019165
16.590658 298.459900
16.596462 300.493317
16.602268 303.153137
16.608072 306.656128
16.613878 312.817230
16.619682 318.330811
16.625488 321.471008
16.631292 325.505707
16.637098 329.079193
16.642902 223.722046
16.648708 169.587341
16.654512 134.648499
16.660318 131.278671
16.666122 111.079559
16.671926 94.288727
16.677732 83.143349
16.683537 82.962471
16.689342 110.479378
16.695147 330.083801
16.700953 109.756645
16.706757 109.725258
16.712563 109.830147
16.718367 110.083443
16.724173 110.396400
16.729977 166.186829
16.735783 332.894104
16.741587 333.789337
16.747393 334.507599
16.753197 335.016174
16.759003 334.955597
16.764807 330.095093
16.770613 324.506531
16.776417 324.440826
16.782223 325.918915
16.788027 4892.202637
16.793833 4959.615723
16.799637 5020.622559
16.805443 5173.237305
16.811247 5377.117188
16.817053 5464.960449
16.822857 5443.081543
16.828663 5277.944336
16.834467 5052.352051
16.840273 5009.998047
16.846077 5135.968750
16.851883 5226.709961
16.857687 324.151886
16.863493 323.905518
16.869297 322.887909
16.875101 296.669495
16.880907 306.369781
16.886711 307.879791
16.892517 310.097961
16.898321 313.297760
16.904127 315.446777
16.909931 316.298004
16.915737 316.303741
16.921541 315.529999
16.927347 313.558533
16.933151 310.132416
16.938957 306.955322
16.944761 304.301239
16.950567 302.520660
16.956371 301.748627
16.962177 302.030365
16.967981 303.316833
16.973787 305.523834
16.979591 308.697266
16.985397 312.890289
16.991201 315.340118
16.997007 316.966522
17.002811 318.175873
17.008617 303.678925
17.014421 302.773651
17.020227 301.517700
17.026031 286.833832
17.031837 286.415131
17.037642 133.721786
17.043447 133.686783
17.049252 133.503113
17.055058 132.534378
17.060862 132.226715
17.066668 132.160919
17.072472 132.209564
17.078278 132.228073
17.084082 132.192795
17.089886 132.155029
17.095692 132.083038
17.101496 131.897537
17.107302 131.476089
17.113106 130.812958
17.118912 130.406143
17.124716 130.242050
17.130522 130.492722
17.136326 131.300095
17.142132 131.629395
17.147936 193.985626
17.153742 193.601974
17.159546 193.067245
17.165352 192.941483
17.171156 195.929504
17.176962 197.905945
17.182766 201.280991
17.188572 341.890839
17.194376 3435.224854
17.200182 3418.457520
17.205986 133.261978
17.211792 128.535706
17.217596 261.955658
17.223402 262.502930
17.229206 263.119904
17.235012 263.984711
17.240816 265.449554
17.246622 267.154602
17.252426 268.501678
17.258232 268.928772
17.264036 268.352142
17.269842 266.787201
17.275646 264.561523
17.281452 262.397644
17.287256 260.616760
17.293060 259.356201
17.298866 258.688538
17.304670 258.612274
17.310476 259.082794
17.316280 260.061798
17.322086 130.757690
17.327890 131.204010
17.333696 131.378937
17.339500 262.570160
17.345306 261.561310
17.351110 259.290375
17.356916 257.055847
17.362720 255.716965
17.368526 253.651245
17.374331 251.871262
17.380136 191.558624
17.385941 184.166763
17.391747 165.775726
17.397551 165.637833
17.403357 83.194672
17.409161 82.612473
17.414967 82.681747
17.420771 82.748062
17.426577 248.367599
17.432381 248.459244
17.438187 248.262711
17.443991 248.074814
17.449797 248.146317
17.455601 248.205536
17.461407 248.105759
17.467211 247.974655
17.473017 247.724106
17.478821 247.175201
17.484627 246.607056
17.490431 246.240356
17.496235 246.041290
17.502041 246.012436
17.507845 246.043976
17.513651 246.011475
17.519455 245.870575
17.525261 245.639816
17.531065 245.560226
17.536871 246.452209
17.542675 248.491348
17.548481 249.739777
17.554285 250.463318
17.560091 251.400711
17.565895 257.995697
17.571701 258.698608
17.577505 258.933411
17.583311 258.896973
17.589115 258.646851
17.594921 258.157166
17.600725 257.650665
17.606531 257.127655
17.612335 256.273071
17.618141 254.871689
17.623945 253.325089
17.629751 252.200943
17.635555 251.604218
17.641361 251.423859
17.647165 251.668167
17.652971 252.549698
17.658775 254.022400
17.664581 255.246078
17.670385 255.837067
17.676191 255.989517
17.681995 255.726822
17.687801 254.762085
17.693605 252.686356
17.699409 249.223892
17.705215 243.984024
17.711020 237.849091
17.716825 228.195206
17.722630 223.575806
17.728436 222.491364
17.734240 673.602722
17.740046 221.166046
17.745850 221.091766
17.751656 221.063629
17.757460 220.986008
17.763266 220.998383
17.769070 221.183029
17.774876 221.295654
17.780680 221.322495
17.786486 221.215134
17.792290 221.167557
17.798096 220.696213
17.803900 214.419556
17.809706 213.385635
17.815510 210.972198
17.821316 201.607422
17.827120 201.438629
17.832926 201.476685
17.838730 330.259003
17.844536 130.857559
17.850340 197.556458
17.856146 198.331711
17.861950 198.794525
17.867756 198.822891
17.873560 198.505966
17.879366 197.802551
17.885170 197.344696
17.890976 197.051117
17.896780 196.863510
17.902586 196.263748
17.908390 194.209045
17.914194 134.128021
17.920000 132.081268
17.925804 122.833710
17.931610 101.636353
17.937414 98.278252
17.943220 88.164421
17.949024 110.532387
17.954830 221.041321
17.960634 220.676880
17.966440 220.577271
17.972244 220.495438
17.978050 220.385880
17.983854 220.350952
17.989660 220.490051
17.995464 220.704681
18.001270 220.832306
18.007074 220.897385
18.012880 220.985855
18.018684 221.020966
18.024490 220.957596
18.030294 220.923386
18.036100 220.971375
18.041904 221.081299
18.047710 221.291275
18.053514 221.526428
18.059320 221.666779
18.065125 221.702866
18.070930 221.588470
18.076735 221.188309
18.082541 220.356766
18.088345 219.203140
18.094151 169.746552
18.099955 136.084946
18.105761 126.730507
18.111565 107.028061
18.117369 90.636276
18.123175 88.819702
18.128979 99.981216
18.134785 98.003220
18.140589 96.144211
18.146395 95.995705
18.152199 190.686249
18.158005 189.994843
18.163809 190.363235
18.169615 191.351654
18.175419 192.912079
18.181225 193.940689
18.187029 194.236786
18.192835 194.060898
18.198639 193.256409
18.204445 191.450256
18.210249 188.751404
18.216055 185.588867
18.221859 182.738586
18.227665 177.304276
18.233469 167.373505
18.239275 165.248657
18.245079 164.970062
18.250885 165.116440
18.256689 165.512619
18.262495 165.551025
18.268299 165.122757
18.274105 165.028641
18.279909 164.961563
18.285715 164.508514
18.291519 164.286346
18.297325 164.191727
18.303129 164.071991
18.308935 164.925079
18.314739 165.048126
18.320543 165.037155
18.326349 164.959625
18.332153 164.846710
18.337959 164.798019
18.343763 165.110321
18.349569 165.663849
18.355373 166.332504
18.361179 167.144897
18.366983 167.610687
18.372789 167.525742
18.378593 167.170731
18.384399 166.761139
18.390203 165.982361
18.396009 164.791489
18.401814 163.638794
18.407619 161.632599
18.413424 159.732742
18.419230 154.545670
18.425034 151.909988
18.430840 147.168625
18.436644 144.241531
18.442450 143.734116
18.448254 143.686081
18.454060 143.792755
18.459864 194.983047
18.465670 149.062622
18.471474 148.829498
18.477280 148.327011
18.483084 149.835709
18.488890 150.046600
18.494694 149.762299
18.500500 149.033691
18.506304 148.322861
18.512110 147.684097
18.517914 147.581955
18.523718 146.970245
18.529524 144.037811
18.535328 143.754333
18.541134 143.938705
18.546938 144.380569
18.552744 145.495148
18.558548 146.223221
18.564354 147.111267
18.570158 149.399506
18.575964 150.360764
18.581768 151.348801
18.587574 152.013290
18.593378 151.975693
18.599184 151.325531
18.604988 149.993637
18.610794 148.571396
18.616598 147.821869
18.622404 146.320862
18.628208 143.628632
18.634014 142.071960
18.639818 142.100708
18.645624 142.156296
18.651428 142.189041
18.657234 142.214966
18.663038 144.889679
18.668844 145.118652
18.674648 148.870300
18.680454 151.843582
18.686258 152.314377
18.692064 152.563980
18.697868 152.526886
18.703674 152.404205
18.709478 151.927689
18.715284 150.169098
18.721088 148.083115
18.726892 146.808105
18.732698 145.135254
18.738503 144.608475
18.744308 145.198105
18.750113 146.186874
18.755919 142.838562
18.761723 137.671417
18.767529 134.431717
18.773333 130.536163
18.779139 134.398331
18.784943 195.005249
18.790749 199.361404
18.796553 191.894592
18.802359 0.000000
18.808163 288.259125
18.813969 288.592865
18.819773 288.631683
18.825579 176.958664
18.831383 176.432114
18.837189 182.315903
18.842993 182.255249
18.848799 192.226959
18.854603 192.156677
18.860409 184.797424
18.866213 184.538040
18.872019 203.706558
18.877823 204.867752
18.883629 205.661728
18.889433 0.000000
18.895239 3666.393799
18.901043 293.675720
18.906849 293.738220
18.912653 368.770660
18.918459 365.219849
18.924263 362.122223
18.930069 189.454010
18.935873 188.738953
18.941677 185.311066
18.947483 185.073746
18.953287 183.847351
18.959093 187.185471
18.964897 187.614716
18.970703 188.370346
18.976507 193.347061
18.982313 190.790421
18.988117 190.357452
18.993923 194.620956
18.999727 195.134308
19.005533 195.428223
19.011337 195.537140
19.017143 391.531586
19.022947 130.216232
19.028753 130.249954
19.034557 130.080856
19.040363 126.691528
19.046167 124.847679
19.051973 124.155945
19.057777 123.738647
19.063583 123.575859
19.069387 123.613831
19.075193 123.594818
19.080997 123.528549
19.086803 123.578087
19.092607 123.634972
19.098413 246.601868
19.104218 246.867920
19.110023 247.333405
19.115828 247.878967
19.121634 248.414139
19.127438 248.924728
19.133244 249.162506
19.139048 248.837753
19.144852 247.678101
19.150658 246.679749
19.156462 247.009399
19.162268 248.151886
19.168072 249.132202
19.173878 249.710236
19.179682 249.960052
19.185488 250.068314
19.191292 250.222855
19.197098 245.721695
19.202902 122.853737
19.208708 122.903587
19.214512 247.969635
19.220318 247.277237
19.226122 247.063828
19.231928 247.095337
19.237732 247.537338
19.243538 248.058044
19.249342 248.300644
19.255148 248.204269
19.260952 247.940491
19.266758 247.660858
19.272562 247.381638
19.278368 247.277710
19.284172 247.444473
19.289978 247.719345
19.295782 247.937256
19.301588 248.073410
19.307392 248.128418
19.313198 248.081436
19.319002 247.948929
19.324808 247.710358
19.330612 247.295120
19.336418 246.798386
19.342222 123.131821
19.348026 123.064537
19.353832 123.043671
19.359636 123.056473
19.365442 123.050858
19.371246 123.039177
19.377052 123.174583
19.382856 123.309425
19.388662 82.203552
19.394466 82.139381
19.400272 122.987747
19.406076 122.931892
19.411882 245.791245
19.417686 246.067017
19.423492 246.303085
19.429296 246.477783
19.435102 246.642883
19.440907 246.799301
19.446712 246.946350
19.452517 247.078064
19.458323 247.194839
19.464127 247.297577
19.469933 247.342636
19.475737 247.257996
19.481543 247.070023
19.487347 246.915146
19.493153 246.839691
19.498957 246.807343
19.504763 246.846375
19.510567 246.963928
19.516373 247.091400
19.522177 247.242249
19.527983 247.458328
19.533787 247.671539
19.539593 153.449280
19.545397 144.330734
19.551201 123.434448
19.557007 107.381699
19.562811 94.599869
19.568617 94.667221
19.574421 82.406090
19.580227 123.629082
19.586031 247.215973
19.591837 247.224823
19.597641 247.243805
19.603447 247.196365
19.609251 247.102005
19.615057 247.103561
19.620861 247.211807
19.626667 247.186951
19.632471 247.025986
19.638277 246.894135
19.644081 246.792252
19.649887 246.659134
19.655691 246.489700
19.661497 246.374847
19.667301 246.323380
19.673107 246.256851
19.678911 246.208160
19.684717 246.238525
19.690521 246.285645
19.696327 246.279907
19.702131 246.213654
19.707937 246.079178
19.713741 246.151031
19.719547 246.704422
19.725351 247.743362
19.731157 248.863297
19.736961 249.485870
19.742767 249.912460
19.748571 250.358826
19.754377 251.198273
19.760181 252.799362
19.765985 254.519318
19.771791 255.943619
19.777596 257.273376
19.783401 258.292480
19.789206 259.067719
19.795012 259.765167
19.800816 260.475769
19.806622 261.184021
19.812426 261.823853
19.818232 262.187683
19.824036 262.319031
19.829842 262.503235
19.835646 262.741943
19.841452 262.673340
19.847256 262.322388
19.853062 261.979767
19.858866 261.323029
19.864672 260.145203
19.870476 259.006287
19.876282 258.100647
19.882086 257.423584
19.887892 257.333435
19.893696 253.845276
19.899502 252.731674
19.905306 249.541504
19.911112 248.832932
19.916916 248.214554
19.922722 248.138077
19.928526 248.263214
19.934332 248.293625
19.940136 248.207275
19.945942 248.073685
19.951746 247.967819
19.957552 247.883179
19.963356 247.749329
19.969160 247.626099
19.974966 247.525879
19.980770 247.340240
19.986576 246.868790
19.992380 245.293854
19.998186 244.617935
20.003990 244.267532
20.009796 244.218521
20.015600 244.255569
20.021406 244.473785
20.027210 244.948975
20.033016 245.417068
20.038820 245.859497
20.044626 246.607208
20.050430 247.492676
20.056236 248.152328
20.062040 248.656769
20.067846 249.117126
20.073650 249.480545
20.079456 125.327904
20.085260 3247.320557
20.091066 3261.386719
20.096870 3275.321533
20.102676 249.381378
20.108480 249.000443
20.114286 248.333115
20.120090 247.877396
20.125896 247.124435
20.131701 123.402924
20.137506 123.023537
20.143311 122.357742
20.149117 122.244080
20.154921 122.207802
20.160727 122.215599
20.166531 122.300156
20.172335 122.533913
20.178141 122.882515
20.183945 123.323578
20.189751 123.939377
20.195555 124.559044
20.201361 124.999321
20.207165 125.238708
20.212971 125.376190
20.218775 125.381737
20.224581 125.215431
20.230385 124.926033
20.236191 124.576157
20.241995 124.145378
20.247801 123.772964
20.253605 123.397102
20.259411 248.594757
20.265215 247.875229
20.271021 211.207031
20.276825 181.204361
20.282631 181.073105
20.288435 180.964508
20.294241 177.829163
20.300045 177.489807
20.305851 187.877808
20.311655 187.144913
20.317461 187.202164
20.323265 123.781021
20.329071 123.746391
20.334875 123.757576
20.340681 246.581833
20.346485 246.722977
20.352291 123.818077
20.358095 123.789207
20.363901 123.601982
20.369705 123.249588
20.375509 122.724464
20.381315 122.406570
20.387119 122.223900
20.392925 122.063232
20.398729 121.933868
20.404535 121.746086
20.410339 121.376381
20.416145 120.784546
20.421949 120.211540
20.427755 119.702103
20.433559 237.788315
20.439365 235.626617
20.445169 230.770126
20.450975 229.594009
20.456779 223.714844
20.462585 223.207001
20.468390 222.189255
20.474195 220.658630
20.480000 219.581284
20.485806 219.104263
20.491610 219.090485
20.497416 219.324020
20.503220 219.661423
20.509026 220.075836
20.514830 220.402985
20.520636 220.589218
20.526440 220.840515
20.532246 221.114532
20.538050 221.228958
20.543856 221.207947
20.549660 221.058441
20.555466 220.821594
20.561270 220.424423
20.567076 219.439499
20.572880 217.392487
20.578686 215.471176
20.584490 212.405640
20.590294 206.235886
20.596100 201.064560
20.601904 197.174271
20.607710 195.755524
20.613514 196.828430
20.619320 196.943924
20.625124 196.655746
20.630930 196.139557
20.636734 190.373596
20.642540 393.423218
20.648344 190.149796
20.654150 190.907837
20.659954 188.468307
20.665760 188.279434
20.671564 188.191162
20.677370 188.149399
20.683174 188.581360
20.688980 189.548584
20.694784 190.481155
20.700590 192.385361
20.706394 193.076416
20.712200 193.272583
20.718004 192.951843
20.723810 192.529266
20.729614 191.922668
20.735420 191.650833
20.741224 192.356201
20.747030 193.575943
20.752834 193.084763
20.758640 191.759338
20.764444 192.001266
20.770250 193.323120
20.776054 192.089645
20.781860 190.258728
20.787664 211.827652
20.793468 204.529205
20.799274 203.024078
20.805079 203.349487
20.810884 138.395645
20.816689 105.208954
20.822495 105.300758
20.828299 104.974754
20.834105 104.913925
20.839909 74.639160
20.845715 395.547821
20.851519 395.631378
20.857325 394.635040
20.863129 393.301849
20.868935 222.223907
20.874739 222.093384
20.880545 221.556000
20.886349 220.404449
20.892155 220.488739
20.897959 221.621124
20.903765 222.076782
20.909569 222.310440
20.915375 222.536194
20.921179 222.267578
20.926985 221.744781
20.932789 221.026993
20.938595 399.258514
20.944399 216.755249
20.950205 216.085815
20.956009 216.154449
20.961815 205.482071
20.967619 200.222916
20.973425 198.698746
20.979229 192.493698
20.985035 130.697174
20.990839 131.218979
20.996643 131.013885
21.002449 116.918640
21.008253 93.811737
21.014059 90.118820
21.019863 90.265541
21.025669 90.448853
21.031473 60.553493
21.037279 91.342941
21.043083 91.587677
21.048889 183.793411
21.054693 183.937454
21.060499 184.237015
21.066303 184.700378
21.072109 185.119095
21.077913 185.366776
21.083719 185.598404
21.089523 185.908310
21.095329 186.205536
21.101133 186.441833
21.106939 186.567902
21.112743 186.594803
21.118549 186.549957
21.124353 186.455154
21.130159 186.419968
21.135963 186.448059
21.141769 186.467590
21.147573 186.504745
21.153379 186.622452
21.159184 186.793762
21.164989 186.888168
21.170794 187.100021
21.176600 187.368256
21.182404 186.919449
21.188210 186.076065
21.194014 185.556564
21.199818 185.181915
21.205624 184.886429
21.211428 184.842865
21.217234 185.031128
21.223038 185.365906
21.228844 185.665344
21.234648 185.787735
21.240454 185.786774
21.246258 185.784882
21.252064 185.801178
21.257868 185.800537
21.263674 185.764374
21.269478 185.579285
21.275284 185.197571
21.281088 184.691910
21.286894 184.170181
21.292698 183.739075
21.298504 183.456314
21.304308 183.374542
21.310114 183.616989
21.315918 184.154999
21.321724 184.924774
21.327528 185.863968
21.333334 187.852676
21.339138 188.436508
21.344944 188.438568
21.350748 192.988297
21.356554 192.174225
21.362358 191.294128
21.368164 198.496887
21.373968 199.264114
21.379774 199.801193
21.385578 195.628204
21.391384 195.870178
21.397188 195.995377
21.402992 195.958160
21.408798 195.867386
21.414602 195.914185
21.420408 196.342072
21.426212 196.741318
21.432018 196.835907
21.437822 196.788422
21.443628 196.673859
21.449432 196.497925
21.455238 196.388351
21.461042 196.546127
21.466848 196.904633
21.472652 197.216766
21.478458 197.257843
21.484262 197.028503
21.490068 196.671768
21.495872 196.144119
21.501678 195.497955
21.507483 194.754776
21.513288 193.866119
21.519093 192.767242
21.524899 191.318298
21.530703 190.502548
21.536509 188.420029
21.542313 187.893524
21.548119 186.883835
21.553923 185.894791
21.559729 185.512863
21.565533 185.362946
21.571339 185.219284
21.577143 185.176819
21.582949 185.250595
21.588753 185.345230
21.594559 185.335464
21.600363 185.246902
21.606169 185.203217
21.611973 185.182190
21.617777 185.179657
21.623583 185.153183
21.629387 185.070282
21.635193 185.008499
21.640997 185.018463
21.646803 184.998856
21.652607 184.863602
21.658413 184.852554
21.664217 185.112305
21.670023 185.508575
21.675827 185.984802
21.681633 186.508301
21.687437 187.558975
21.693243 188.408630
21.699047 188.531799
21.704853 272.328033
21.710657 247.523972
21.716463 185.882904
21.722267 186.105087
21.728073 194.171204
21.733877 194.341339
21.739683 194.430923
21.745487 194.598373
21.751293 201.214813
21.757097 201.053238
21.762903 201.171051
21.768707 201.417984
21.774513 198.049423
21.780317 198.013687
21.786123 197.947174
21.791927 197.705658
21.797733 197.475189
21.803537 197.387924
21.809343 197.428741
21.815147 197.553741
21.820951 197.775223
21.826757 198.190979
21.832561 201.281662
21.838367 204.312241
21.844172 208.027267
21.849977 211.703552
21.855782 212.860748
21.861588 216.215820
21.867392 217.570526
21.873198 219.508057
21.879002 220.084824
21.884808 220.502502
21.890612 221.523285
21.896418 222.402908
21.902222 222.669342
21.908028 219.778870
21.913832 217.744843
21.919638 218.408249
21.925442 219.885254
21.931248 219.917084
21.937052 219.860947
21.942858 219.843613
21.948662 220.247482
21.954468 220.851974
21.960272 221.033493
21.966078 221.224808
21.971882 221.488724
21.977688 221.596191
21.983492 221.605972
21.989298 221.651657
21.995102 221.670959
22.000908 221.597244
22.006712 221.501770
22.012518 221.361450
22.018322 221.057663
22.024126 220.551712
22.029932 219.842667
22.035736 218.932861
22.041542 217.923279
22.047346 216.811874
22.053152 215.017441
22.058956 211.922775
22.064762 210.408615
22.070566 209.983017
22.076372 209.267975
22.082176 208.943436
22.087982 208.769424
22.093786 200.538773
22.099592 200.166748
22.105396 198.126205
22.111202 198.036514
22.117006 197.983521
22.122812 197.937134
22.128616 197.904755
22.134422 197.915756
22.140226 197.908966
22.146032 197.764618
22.151836 197.544632
22.157642 197.379898
22.163446 197.253738
22.169252 197.003204
22.175056 196.677979
22.180862 195.750427
22.186666 195.466614
22.192472 195.354538
22.198277 195.164581
22.204082 194.871857
22.209887 194.567520
22.215693 194.285507
22.221497 193.877975
22.227301 192.267395
22.233107 191.576019
22.238911 190.993866
22.244717 189.969238
22.250521 188.301834
22.256327 187.670059
22.262131 112.932480
22.267937 112.396767
22.273741 92.526680
22.279547 92.514328
22.285351 92.510185
22.291157 92.515045
22.296961 184.962753
22.302767 184.961044
22.308571 184.978470
22.314377 184.737228
22.320181 184.538757
22.325987 184.568985
22.331791 184.541794
22.337597 184.363052
22.343401 184.206757
22.349207 184.181534
22.355011 184.187180
22.360817 184.304901
22.366621 184.455566
22.372427 184.401779
22.378231 184.389771
22.384037 184.701645
22.389841 184.970032
22.395647 184.976624
22.401451 184.953705
22.407257 288.971008
22.413061 307.757263
22.418867 340.181946
22.424671 341.201416
22.430477 176.985565
22.436281 176.934189
22.442085 112.127144
22.447891 106.707603
22.453695 102.327072
22.459501 94.164413
22.465305 80.904129
22.471111 80.233208
22.476915 92.679504
22.482721 187.946182
22.488525 188.788345
22.494331 189.875961
22.500135 191.193192
22.505941 192.661896
22.511745 193.969208
22.517551 195.352371
22.523355 195.839722
22.529161 195.521133
22.534966 195.420151
22.540771 195.561722
22.546576 195.464264
22.552382 194.733734
22.558186 193.317673
22.563992 192.113953
22.569796 192.113525
22.575602 192.650070
22.581406 192.818588
22.587212 192.606384
22.593016 192.320389
22.598822 192.096985
22.604626 191.798889
22.610432 190.735550
22.616236 189.969086
22.622042 189.849838
22.627846 190.216049
22.633652 190.998199
22.639456 191.662476
22.645260 192.211945
22.651066 193.021469
22.656870 190.363037
22.662676 189.476273
22.668480 189.436630
22.674286 191.586304
22.680090 195.672119
22.685896 195.853775
22.691700 194.134201
22.697506 192.885406
22.703310 192.684219
22.709116 192.990341
22.714920 193.260101
22.720726 192.630661
22.726530 190.774063
22.732336 189.750305
22.738140 189.103592
22.743946 188.569016
22.749750 189.326080
22.755556 191.136536
22.761360 192.390625
22.767166 192.305466
22.772970 190.906967
22.778776 190.474930
22.784580 190.743759
22.790386 195.280396
22.796190 97.936768
22.801996 97.985985
22.807800 98.117943
22.813606 194.248032
22.819410 194.488434
22.825216 194.863251
22.831020 195.064468
22.836826 194.662109
22.842630 194.439835
22.848434 194.345581
22.854240 96.274956
22.860044 96.265556
22.865850 96.305466
22.871655 96.312714
22.877460 229.576767
22.883265 96.318016
22.889071 96.383240
22.894875 96.663971
22.900681 228.243713
22.906485 227.912354
22.912291 227.318390
22.918095 164.620514
22.923901 164.882278
22.929705 165.219269
22.935511 166.023376
22.941315 168.414948
22.947121 169.999161
22.952925 170.253799
22.958731 169.115936
22.964535 169.249680
22.970341 170.252197
22.976145 243.572800
22.981951 3408.750488
22.987755 123.455109
22.993561 123.583260
22.999365 123.665306
23.005171 123.698448
23.010975 123.719040
23.016781 245.406540
23.022585 228.068832
23.028391 219.027023
23.034195 219.535385
23.040001 220.753845
23.045805 222.198044
23.051609 222.642990
23.057415 221.631805
23.063219 220.894608
23.069025 220.732010
23.074829 220.777054
23.080635 220.762787
23.086439 165.068878
23.092245 164.824783
23.098049 164.767120
23.103855 164.952820
23.109659 165.125168
23.115465 165.059631
23.121269 219.543564
23.127075 219.699570
23.132879 164.872513
23.138685 166.337570
23.144489 169.101044
23.150295 242.695496
23.156099 243.587433
23.161905 199.913712
23.167709 191.340912
23.173515 168.460693
23.179319 170.184418
23.185125 194.950958
23.190929 194.980606
23.196735 175.611633
23.202539 175.032700
23.208345 165.162476
23.214149 170.152237
23.219955 81.513985
23.225760 81.465530
23.231565 81.356262
23.237370 165.942413
23.243176 131.861237
23.248980 131.879807
23.254784 129.816559
23.260590 129.246552
23.266394 125.081917
23.272200 81.932411
23.278004 81.855705
23.283810 81.791878
23.289614 81.850021
23.295420 128.265427
23.301224 165.626755
23.307030 164.814255
23.312834 163.354324
23.318640 162.321960
23.324444 161.579376
23.330250 160.318451
23.336054 159.840744
23.341860 155.942764
23.347664 152.423401
23.353470 148.866852
23.359274 148.736023
23.365080 148.252441
23.370884 147.606445
23.376690 147.339798
23.382494 147.092422
23.388300 146.874649
23.394104 146.857727
23.399910 147.050705
23.405714 147.394073
23.411520 147.616028
23.417324 147.501526
23.423130 147.285645
23.428934 147.230591
23.434740 147.099304
23.440544 146.712143
23.446350 146.350769
23.452154 146.115707
23.457960 145.786819
23.463764 145.505814
23.469568 145.421066
23.475374 145.254684
23.481178 144.782135
23.486984 144.240997
23.492788 143.977890
23.498594 142.845627
23.504398 139.310211
23.510204 3458.990723
23.516008 3441.670898
23.521814 3453.628906
23.527618 176.466385
23.533424 0.000000
23.539228 120.261627
23.545034 123.554825
23.550838 123.530159
23.556644 123.563446
23.562449 124.784683
23.568254 124.894608
23.574059 124.938080
23.579865 128.071640
23.585669 123.238052
23.591475 124.876732
23.597279 125.032387
23.603085 124.907280
23.608889 124.787262
23.614695 124.971306
23.620499 128.536316
23.626305 128.185638
23.632109 128.049606
23.637915 128.135406
23.643719 128.265259
23.649525 128.477341
23.655329 131.336548
23.661135 131.314056
23.666939 128.239502
23.672743 128.369629
23.678549 82.519455
23.684353 82.279259
23.690159 82.467918
23.695963 229.537781
23.701769 135.587723
23.707573 130.341232
23.713379 101.178024
23.719183 98.984711
23.724989 98.430313
23.730793 82.684654
23.736599 82.700172
23.742403 98.915916
23.748209 82.752563
23.754013 82.472443
23.759819 82.409721
23.765623 82.454468
23.771429 82.486755
23.777233 82.424049
23.783039 82.366714
23.788843 82.383362
23.794649 82.535187
23.800453 196.568710
23.806259 196.047745
23.812063 204.908615
23.817869 205.084900
23.823673 165.388290
23.829479 199.228622
23.835283 2101.396729
23.841089 2098.261475
23.846893 2091.415771
23.852699 3559.436523
23.858503 3576.989014
23.864309 3589.620117
23.870113 3587.163818
23.875917 171.944061
23.881723 0.000000
23.887527 117.363716
23.893333 99.526886
23.899137 99.324348
23.904943 96.778053
23.910748 83.241081
23.916553 83.139198
23.922358 123.603096
23.928164 165.482193
23.933968 165.831329
23.939774 165.828873
23.945578 165.820526
23.951384 165.830093
23.957188 165.670990
23.962994 503.565796
23.968798 498.936554
23.974604 123.459274
23.980408 123.397690
23.986214 92.336853
23.992018 92.060272
23.997824 91.972527
24.003628 92.134026
24.009434 92.273079
24.015238 369.948395
24.021044 369.566925
24.026848 369.067383
24.032654 92.250191
24.038458 77.447014
24.044264 77.565361
24.050068 392.604797
24.055874 195.094986
24.061678 201.237335
24.067484 201.217804
24.073288 197.537613
24.079092 77.511032
24.084898 77.500702
24.090702 77.478195
24.096508 405.149323
24.102312 205.565659
24.108118 64.110435
24.113922 202.304810
24.119728 202.089188
24.125532 198.765808
24.131338 194.797455
24.137142 195.094086
24.142948 195.415970
24.148752 195.456802
24.154558 195.018341
24.160362 194.460480
24.166168 194.378937
24.171972 201.097153
24.177778 190.800476
24.183582 190.535507
24.189388 183.764130
24.195192 183.872131
24.200998 197.522949
24.206802 197.209900
24.212608 196.724060
24.218412 192.821487
24.224218 202.049103
24.230022 201.284958
24.235828 201.120987
24.241632 174.872543
24.247438 174.707626
24.253242 169.495163
24.259048 173.377472
24.264853 173.292007
24.270658 175.880798
24.276463 175.863388
24.282269 175.451782
24.288073 175.025543
24.293877 174.731079
24.299683 174.288879
24.305487 171.167526
24.311293 170.503723
24.317097 169.905151
24.322903 169.168655
24.328707 168.663101
24.334513 168.311279
24.340317 167.865128
24.346123 167.449234
24.351927 167.118347
24.357733 166.864639
24.363537 167.056213
24.369343 248.344406
24.375147 247.844101
24.380953 245.997803
24.386757 128.647781
24.392563 169.332474
24.398367 168.876617
24.404173 167.263367
24.409977 164.139511
24.415783 160.014313
24.421587 156.270859
24.427393 207.005630
24.433197 201.676346
24.439003 152.402969
24.444807 163.204636
24.450613 92.313156
24.456417 74.029221
24.462223 74.101471
24.468027 213.136017
24.473833 213.825409
24.479637 452.890564
24.485443 74.124084
24.491247 92.219788
24.497051 92.334030
24.502857 372.557800
24.508661 371.238800
24.514467 369.803162
24.520271 123.202141
24.526077 123.462029
24.531881 123.643349
24.537687 123.674606
24.543491 123.535919
24.549297 123.404572
24.555101 123.598404
24.560907 184.918167
24.566711 184.934464
24.572517 2980.588623
24.578321 2980.364258
24.584127 119.736343
24.589931 308.727264
24.595737 310.364044
24.601542 245.455231
24.607347 199.571274
24.613152 181.577469
24.618958 172.275879
24.624762 171.745865
24.630568 171.146057
24.636372 170.955765
24.642178 170.666916
24.647982 170.666245
24.653788 170.744492
24.659592 170.410217
24.665398 169.850845
24.671202 169.169434
24.677008 168.381210
24.682812 168.042923
24.688618 168.382202
24.694422 168.394913
24.700226 164.104385
24.706032 165.251740
24.711836 165.035919
24.717642 164.645096
24.723446 164.467407
24.729252 164.474701
24.735056 164.771393
24.740862 165.125977
24.746666 165.153168
24.752472 164.504990
24.758276 162.849701
24.764082 158.773224
24.769886 157.859009
24.775692 157.572601
24.781496 155.962677
24.787302 155.795609
24.793106 148.955475
24.798912 148.890457
24.804716 148.602524
24.810522 147.611847
24.816326 146.588593
24.822132 146.846832
24.827936 146.848495
24.833742 198.915344
24.839546 292.423431
24.845352 147.785980
24.851156 147.481720
24.856962 147.364426
24.862766 147.100449
24.868572 146.551773
24.874376 146.216705
24.880182 146.409805
24.885986 146.702682
24.891792 146.184967
24.897596 145.333481
24.903400 285.618958
24.909206 283.396759
24.915010 282.428833
24.920816 282.873657
24.926620 284.982727
24.932426 285.727936
24.938231 265.794434
24.944036 265.064758
24.949841 259.840210
24.955647 276.497681
24.961451 275.663788
24.967257 254.489151
24.973061 253.773438
24.978867 253.186081
24.984671 252.752472
24.990477 264.731506
24.996281 264.527008
25.002087 263.400848
25.007891 169.612793
25.013697 169.625015
25.019501 168.970810
25.025307 168.162338
25.031111 167.321350
25.036917 167.763947
25.042721 167.481796
25.048527 250.993759
25.054331 250.566711
25.060137 251.123291
25.065941 252.965897
25.071747 256.046509
25.077551 259.406586
25.083357 264.844971
25.089161 163.970932
25.094967 165.439682
25.100771 165.677292
25.106575 165.061676
25.112381 280.733429
25.118185 278.719635
25.123991 269.768311
25.129795 266.076294
25.135601 263.789520
25.141405 261.350189
25.147211 150.674881
25.153015 151.167633
25.158821 110.419373
25.164625 108.055809
25.170431 106.641296
25.176235 85.191406
25.182041 83.248405
25.187845 83.043785
25.193651 82.921349
25.199455 127.076080
25.205261 127.182411
25.211065 124.162727
25.216871 126.351517
25.222675 249.697815
25.228481 3239.926270
25.234285 3320.670654
25.240091 3312.218018
25.245895 3262.911377
25.251701 3265.642822
25.257505 3281.142334
25.263311 3222.949951
25.269115 3140.815674
25.274921 3160.758057
25.280725 3228.007812
25.286531 848.651672
25.292336 127.954018
25.298141 255.784134
25.303946 256.785004
25.309752 370.492676
25.315556 212.041763
25.321360 211.884628
25.327166 187.726822
25.332970 124.072571
25.338776 92.270401
25.344580 92.417091
25.350386 89.234764
25.356190 86.660973
25.361996 86.583847
25.367800 86.572075
25.373606 131.475372
25.379410 69.907204
25.385216 207.316895
25.391020 86.618202
25.396826 86.559601
25.402630 131.320557
25.408436 66.338829
25.414240 201.614517
25.420046 200.947937
25.425850 65.249153
25.431656 64.858910
25.437460 65.113167
25.443266 65.407532
25.449070 201.994690
25.454876 201.817551
25.460680 201.899277
25.466486 65.706192
25.472290 65.634102
25.478096 65.713661
25.483900 66.444855
25.489706 210.432693
25.495510 213.171387
25.501316 213.320984
25.507120 213.583176
25.512926 214.575073
25.518730 215.070724
25.524534 215.052750
25.530340 215.234222
25.536144 216.536514
25.541950 219.425476
25.547754 220.387634
25.553560 220.709106
25.559364 220.714005
25.565170 220.256485
25.570974 219.040253
25.576780 218.090530
25.582584 217.540268
25.588390 216.795761
25.594194 215.940598
25.600000 106.745132
25.605804 240.327591
25.611610 107.223007
25.617414 107.509552
25.623220 232.208298
25.629025 240.511993
25.634830 241.160660
25.640635 242.484161
25.646441 242.438477
25.652245 241.288666
25.658051 240.238373
25.663855 232.062149
25.669661 231.808548
25.675465 232.274399
25.681271 232.317841
25.687075 232.322556
25.692881 232.530716
25.698685 233.078156
25.704491 246.030823
25.710295 276.789032
25.716101 277.845032
25.721905 135.630692
25.727709 144.898117
25.733515 223.112671
25.739319 223.263535
25.745125 223.463028
25.750929 223.599991
25.756735 223.298233
25.762539 212.307541
25.768345 4915.426270
25.774149 4753.219238
25.779955 4570.172363
25.785759 4465.424805
25.791565 4419.795410
25.797369 4436.724121
25.803175 4503.454102
25.808979 4613.707031
25.814785 4743.375000
25.820589 4883.737305
25.826395 5025.686523
25.832199 262.581268
25.838005 262.844574
25.843809 132.802628
25.849615 152.541107
25.855419 0.000000
25.861225 3116.383301
25.867029 3255.196045
25.872835 3303.164551
25.878639 472.250610
25.884445 252.023361
25.890249 252.081238
25.896055 252.571945
25.901859 226.378265
25.907665 226.708435
25.913469 218.153900
25.919275 218.430740
25.925079 217.935120
25.930883 216.574814
25.936689 216.427658
25.942493 219.580978
25.948299 224.207153
25.954103 224.877396
25.959909 225.498856
25.965714 226.160355
25.971519 226.854904
25.977324 228.166199
25.983130 230.184921
25.988934 232.191742
25.994740 234.566284
26.000544 237.461197
26.006350 241.747528
26.012154 241.815384
26.017960 241.540848
26.023764 241.707764
26.029570 242.902267
26.035374 243.529388
26.041180 244.047760
26.046984 244.578903
26.052790 244.770615
26.058594 156.467148
26.064400 165.805008
26.070204 165.618393
26.076010 223.016418
26.081814 222.894287
26.087620 222.795303
26.093424 223.026215
26.099230 227.372131
26.105034 226.213394
26.110840 225.856186
26.116644 225.795319
26.122450 210.537247
26.128254 211.391235
26.134060 213.327438
26.139864 214.725403
26.145668 217.282135
26.151474 217.414246
26.157278 218.055695
26.163084 217.986328
26.168888 217.025833
26.174694 216.402191
26.180498 216.516052
26.186304 217.196289
26.192108 217.980652
26.197914 218.599930
26.203718 219.251099
26.209524 220.099304
26.215328 221.187393
26.221134 222.051147
26.226938 222.851120
26.232744 223.272430
26.238548 223.496597
26.244354 223.610855
26.250158 223.640121
26.255964 223.418945
26.261768 221.676559
26.267574 220.105896
26.273378 219.335037
26.279184 218.713104
26.284988 218.098755
26.290794 217.656586
26.296598 217.450562
26.302404 217.494308
26.308208 217.800705
26.314014 218.501282
26.319818 219.648468
26.325624 222.412048
26.331429 223.984421
26.337234 224.395798
26.343039 224.578522
26.348843 224.818344
26.354649 225.056686
26.360453 224.555466
26.366259 223.516190
26.372063 222.275085
26.377869 215.460724
26.383673 212.245499
26.389479 228.859787
26.395283 3259.731445
26.401089 3185.811035
26.406893 3276.911865
26.412699 227.206116
26.418503 243.186981
26.424309 233.172287
26.430113 254.038788
26.435919 253.623383
26.441723 252.737946
26.447529 240.812729
26.453333 240.859375
26.459139 257.401978
26.464943 256.408203
26.470749 255.724518
26.476553 255.092163
26.482359 254.637894
26.488163 254.035324
26.493969 253.031906
26.499773 251.891083
26.505579 250.141602
26.511383 247.241119
26.517189 247.011490
26.522993 247.334610
26.528799 247.691452
26.534603 247.515182
26.540409 247.079208
26.546213 247.039536
26.552017 248.545380
26.557823 249.202255
26.563627 249.239319
26.569433 248.952499
26.575237 125.626343
26.581043 128.591049
26.586847 130.225174
26.592653 129.784134
26.598457 125.524231
26.604263 103.314545
26.610067 98.520012
26.615873 94.265121
26.621677 90.494736
26.627483 82.091789
26.633287 81.167511
26.639093 242.424545
26.644897 243.212982
26.650703 243.861679
26.656507 244.458221
26.662313 245.617645
26.668118 123.797691
26.673923 124.138649
26.679728 123.749741
26.685534 123.134193
26.691338 123.229813
26.697144 123.959885
26.702948 124.385811
26.708754 124.303200
26.714558 123.744843
26.720364 123.333626
26.726168 123.364983
26.731974 247.564529
26.737778 247.928482
26.743584 248.467819
26.749388 249.297272
26.755192 250.542984
26.760998 251.676514
26.766802 251.902725
26.772608 123.548897
26.778412 123.158775
26.784218 98.482719
26.790022 98.337387
26.795828 98.170494
26.801632 98.159195
26.807438 98.174828
26.813242 98.109718
26.819048 59.749493
26.824852 146.410324
26.830658 146.415497
26.836462 146.477798
26.842268 123.122635
26.848072 123.201889
26.853878 123.486565
26.859682 123.716461
26.865488 123.820274
26.871292 123.887894
26.877098 123.888680
26.882902 123.737114
26.888708 123.515198
26.894512 123.379349
26.900318 123.296219
26.906122 123.242310
26.911928 123.210922
26.917732 122.292686
26.923538 121.754066
26.929342 119.816399
26.935148 121.751785
26.940952 124.013275
26.946758 124.381378
26.952562 124.362129
26.958366 126.947266
26.964172 131.634445
26.969976 143.997192
26.975782 146.248932
26.981586 150.558502
26.987392 148.623413
26.993196 148.939468
26.999002 145.692322
27.004807 292.434570
27.010612 292.716034
27.016417 293.059906
27.022223 293.676819
27.028027 294.689423
27.033833 295.396027
27.039637 295.727631
27.045443 296.091644
27.051247 296.415131
27.057053 296.631500
27.062857 296.734741
27.068663 296.711304
27.074467 296.428528
27.080273 295.523376
27.086077 294.073608
27.091883 293.050751
27.097687 292.202637
27.103493 290.940002
27.109297 289.415894
27.115103 287.379944
27.120907 284.470825
27.126713 283.006287
27.132517 279.899872
27.138323 276.917725
27.144127 275.687775
27.149933 267.497498
27.155737 266.934052
27.161543 266.194458
27.167347 258.068176
27.173151 257.029480
27.178957 254.762817
27.184761 249.711624
27.190567 248.938110
27.196371 249.012619
27.202177 248.772430
27.207981 248.044922
27.213787 247.458252
27.219591 247.226669
27.225397 247.284561
27.231201 247.589111
27.237007 248.688995
27.242811 250.650955
27.248617 251.843216
27.254421 252.295593
27.260227 125.824791
27.266031 125.759003
27.271837 125.791542
27.277641 125.898636
27.283447 125.619720
27.289251 125.114487
27.295057 125.415100
27.300861 125.524673
27.306667 125.517708
27.312471 129.927124
27.318277 294.712494
27.324081 294.564423
27.329887 294.362732
27.335691 147.519363
27.341497 147.593674
27.347301 73.535812
27.353107 73.540710
27.358912 112.707970
27.364717 112.704109
27.370522 112.254654
27.376326 223.746368
27.382132 223.169418
27.387936 223.266052
27.393742 223.503616
27.399546 223.780212
27.405352 224.245117
27.411156 224.767288
27.416962 224.603363
27.422766 224.137070
27.428572 74.023415
27.434376 74.240837
27.440182 233.713318
27.445986 235.047546
27.451792 235.742630
27.457596 236.185165
27.463402 74.532120
27.469206 74.481201
27.475012 74.372742
27.480816 74.375374
27.486622 252.322556
27.492426 98.434616
27.498232 169.561844
27.504036 170.956589
27.509842 180.224686
27.515646 185.715073
27.521452 246.114243
27.527256 246.060486
27.533062 246.263977
27.538866 247.108841
27.544672 248.241638
27.550476 248.819962
27.556282 248.858780
27.562086 248.569733
27.567892 247.957199
27.573696 247.390717
27.579500 247.299255
27.585306 247.774765
27.591110 248.216583
27.596916 248.258957
27.602720 248.557098
27.608526 249.365005
27.614330 249.756134
27.620136 273.329559
27.625940 271.927582
27.631746 262.959412
27.637550 259.657318
27.643356 260.643494
27.649160 262.414185
27.654966 265.447845
27.660770 268.060760
27.666576 271.282867
27.672380 283.078094
27.678186 283.746765
27.683990 283.468201
27.689796 284.082458
27.695601 292.081909
27.701406 292.702454
27.707211 292.700623
27.713017 301.345642
27.718821 302.514648
27.724627 303.018860
27.730431 302.430908
27.736237 301.791321
27.742041 300.745819
27.747847 298.616425
27.753651 296.193451
27.759457 294.540558
27.765261 292.327728
27.771067 285.736938
27.776871 280.842957
27.782675 279.347076
27.788481 279.543976
27.794285 279.497375
27.800091 279.163239
27.805895 278.018707
27.811701 277.600769
27.817505 278.284760
27.823311 279.049286
27.829115 279.710541
27.834921 279.926514
27.840725 284.286163
27.846531 262.977081
27.852335 263.170197
27.858141 265.003479
27.863945 265.405579
27.869751 260.368347
27.875555 262.193390
27.881361 261.671722
27.887165 257.205505
27.892971 255.623459
27.898775 254.807053
27.904581 254.084869
27.910385 251.599136
27.916191 250.288544
27.921995 249.768570
27.927801 249.752487
27.933605 249.739395
27.939411 249.720383
27.945215 249.799057
27.951021 249.938263
27.956825 250.039139
27.962631 250.015686
27.968435 249.845703
27.974241 249.453873
27.980045 248.601120
27.985851 247.154114
27.991655 244.739563
27.997459 240.779312
