0.000000 0.000000
0.005805 384.431854
0.011610 383.707764
0.017415 383.596893
0.023220 383.981201
0.029025 356.521301
0.034830 361.176178
0.040635 366.036957
0.046440 366.820557
0.052245 366.104462
0.058050 365.144104
0.063855 364.658173
0.069660 364.650360
0.075465 364.930206
0.081270 365.119080
0.087075 364.946106
0.092880 364.817688
0.098685 365.076904
0.104490 365.631042
0.110295 366.300629
0.116100 122.044029
0.121905 366.970856
0.127710 366.492340
0.133515 121.776764
0.139320 121.693993
0.145125 121.723763
0.150930 121.804985
0.156735 365.430725
0.162540 365.208313
0.168345 365.220978
0.174150 365.144409
0.179955 364.591858
0.185760 364.466156
0.191565 365.248993
0.197370 365.662262
0.203175 365.633240
0.208980 365.387085
0.214785 365.119934
0.220590 364.868530
0.226395 364.043793
0.232200 362.623810
0.238005 364.354340
0.243810 366.456787
0.249615 367.184875
0.255419 367.618805
0.261224 368.197266
0.267029 368.730743
0.272834 368.423584
0.278639 367.534058
0.284444 367.035431
0.290249 366.420502
0.296054 364.775543
0.301859 363.081573
0.307664 362.291046
0.313469 362.091370
0.319274 362.062561
0.325079 361.827118
0.330884 361.422272
0.336689 361.268677
0.342494 361.430634
0.348299 361.569794
0.354104 361.580658
0.359909 367.415192
0.365714 363.539276
0.371519 363.266388
0.377324 363.236206
0.383129 363.151215
0.388934 362.996826
0.394739 362.733215
0.400544 353.480438
0.406349 353.033081
0.412154 317.886444
0.417959 324.470612
0.423764 325.371094
0.429569 362.241455
0.435374 361.860260
0.441179 332.056824
0.446984 341.464508
0.452789 341.629486
0.458594 344.101593
0.464399 346.977722
0.470204 357.069550
0.476009 356.210449
0.481814 334.796295
0.487619 327.218506
0.493424 327.109894
0.499229 327.232758
0.505034 327.437256
0.510839 327.397736
0.516644 325.411041
0.522449 323.567352
0.528254 322.664246
0.534059 321.244965
0.539864 316.516937
0.545669 314.291473
0.551474 314.499115
0.557279 315.875732
0.563084 318.268738
0.568889 319.461273
0.574694 319.612152
0.580499 321.759308
0.586304 331.602295
0.592109 333.971802
0.597914 336.689606
0.603719 340.117310
0.609524 339.443817
0.615329 337.206940
0.621134 335.334595
0.626939 333.269043
0.632744 330.347839
0.638549 329.127014
0.644354 328.284790
0.650159 327.678406
0.655964 327.520905
0.661769 327.870819
0.667574 328.173950
0.673379 327.651276
0.679184 326.704590
0.684989 324.180725
0.690794 322.119598
0.696599 321.440063
0.702404 320.841766
0.708209 320.103058
0.714014 319.970673
0.719819 320.130432
0.725624 128.446487
0.731429 122.709320
0.737234 122.350945
0.743039 107.339455
0.748844 84.162201
0.754649 54.577557
0.760454 80.892670
0.766258 80.843742
0.772063 323.545837
0.777869 323.868683
0.783673 324.209747
0.789478 324.419342
0.795283 324.379395
0.801088 323.723358
0.806893 322.398834
0.812698 321.620941
0.818503 321.705658
0.824308 161.172302
0.830113 161.034149
0.835918 160.718201
0.841723 320.894958
0.847528 321.043793
0.853333 321.345856
0.859138 321.579590
0.864943 321.628937
0.870748 321.626007
0.876553 321.781372
0.882358 322.315552
0.888163 322.990448
0.893968 323.321045
0.899773 161.818329
0.905578 161.620605
0.911383 321.746521
0.917188 320.939178
0.922993 320.202179
0.928798 319.370056
0.934603 316.458649
0.940408 313.033325
0.946213 312.377747
0.952018 284.564362
0.957823 285.706696
0.963628 287.796509
0.969433 286.945770
0.975238 284.529327
0.981043 280.203766
0.986848 276.645966
0.992653 273.519348
0.998458 273.138763
1.004263 273.199921
1.010068 273.442993
1.015873 274.358765
1.021678 276.616028
1.027483 277.768890
1.033288 278.605865
1.039093 279.716095
1.044898 280.938110
1.050703 281.585602
1.056508 281.720398
1.062313 281.229309
1.068118 279.507690
1.073923 278.640900
1.079728 281.659180
1.085533 282.193756
1.091338 281.819427
1.097143 140.273026
1.102948 93.282722
1.108753 92.883446
1.114558 69.617615
1.120363 71.497574
1.126168 72.987732
1.131973 75.417488
1.137778 61.083241
1.143583 61.094059
1.149388 288.960022
1.155193 289.966919
1.160998 291.398560
1.166803 293.040558
1.172608 299.388245
1.178413 302.535339
1.184218 305.112030
1.190023 307.331787
1.195828 152.782272
1.201633 161.941956
1.207438 161.802536
1.213243 151.223801
1.219048 278.684753
1.224853 278.627747
1.230658 278.619995
1.236463 279.009735
1.242268 281.352844
1.248073 283.092438
1.253878 282.179688
1.259683 279.140869
1.265488 278.439972
1.271293 278.165314
1.277097 277.994202
1.282902 278.053680
1.288707 278.296783
1.294513 322.855896
1.300317 323.525208
1.306122 323.847443
1.311927 323.910522
1.317732 323.927826
1.323537 324.032318
1.329342 324.047302
1.335147 324.001038
1.340952 324.152679
1.346757 324.067352
1.352562 323.384827
1.358367 322.751801
1.364172 322.726440
1.369977 322.649048
1.375782 322.334198
1.381587 322.993652
1.387392 324.015747
1.393197 324.884979
1.399002 289.654358
1.404807 289.358337
1.410612 289.069244
1.416417 289.947998
1.422222 3221.757812
1.428027 994.732605
1.433832 999.137329
1.439637 0.000000
1.445442 144.613647
1.451247 280.544769
1.457052 382.071167
1.462857 141.028000
1.468662 326.655670
1.474467 327.107758
1.480272 327.371002
1.486077 327.506439
1.491882 327.502411
1.497687 327.347321
1.503492 327.016724
1.509297 326.553864
1.515102 326.086823
1.520907 325.748322
1.526712 325.461975
1.532517 325.210602
1.538322 286.381470
1.544127 286.231476
1.549932 325.520447
1.555737 379.802826
1.561542 285.726624
1.567347 286.155487
1.573152 286.805359
1.578957 287.302032
1.584762 287.511536
1.590567 287.335449
1.596372 286.872650
1.602177 285.664642
1.607982 283.977875
1.613787 323.570068
1.619592 322.034180
1.625397 320.890320
1.631202 320.316559
1.637007 320.488525
1.642812 321.187805
1.648617 325.600586
1.654422 326.322937
1.660227 290.567596
1.666032 291.057495
1.671837 313.349213
1.677642 314.900085
1.683447 315.850647
1.689252 319.280609
1.695057 321.448273
1.700862 322.873749
1.706667 323.256134
1.712472 322.817932
1.718277 322.224579
1.724082 321.960419
1.729887 322.253357
1.735692 322.805145
1.741497 322.857178
1.747302 322.440826
1.753107 287.025421
1.758912 287.823517
1.764717 288.813263
1.770522 289.515625
1.776327 319.813812
1.782132 6141.524902
1.787936 6186.866211
1.793741 162.752609
1.799546 162.978485
1.805351 163.363113
1.811157 163.601868
1.816961 324.229858
1.822766 108.643570
1.828571 108.637688
1.834376 108.662033
1.840181 108.677414
1.845986 108.651245
1.851791 108.621407
1.857596 108.684418
1.863401 284.755463
1.869206 285.142273
1.875011 285.781586
1.880816 286.591034
1.886621 290.406158
1.892426 163.746872
1.898231 163.755173
1.904036 161.650970
1.909841 161.462814
1.915646 244.801712
1.921451 244.928604
1.927256 245.212967
1.933061 123.887558
1.938866 123.876518
1.944671 149.043503
1.950476 121.431625
1.956281 121.224815
1.962086 108.777527
1.967891 97.515007
1.973696 97.363533
1.979501 97.323883
1.985306 109.013031
1.991111 122.635231
1.996916 121.788834
2.002721 120.368813
2.008526 494.638611
2.014331 245.037354
2.020136 244.792175
2.025941 216.162216
2.031746 215.466492
2.037551 216.391602
2.043356 217.229065
2.049161 217.748672
2.054966 218.997543
2.060771 218.492264
2.066576 217.789474
2.072381 217.842407
2.078186 218.109451
2.083991 427.391937
2.089796 0.000000
2.095601 220.279388
2.101406 220.016571
2.107211 387.644104
2.113016 387.732727
2.118821 223.402985
2.124626 0.000000
2.130431 0.000000
2.136236 0.000000
2.142041 0.000000
2.147846 125.869003
2.153651 133.645294
2.159456 133.769485
2.165261 133.741364
2.171066 87.628517
2.176871 88.435341
2.182676 73.508545
2.188481 445.748230
2.194286 443.118683
2.200091 441.181549
2.205896 439.947662
2.211701 439.314331
2.217506 438.512604
2.223311 436.907379
2.229116 434.996552
2.234921 433.322937
2.240726 431.594238
2.246531 429.332489
2.252336 427.215942
2.258141 425.796967
2.263946 425.837006
2.269751 427.160553
2.275556 428.236969
2.281361 427.872437
2.287166 427.036133
2.292970 427.355957
2.298775 428.634613
2.304580 429.522003
2.310385 429.561981
2.316190 429.492157
2.321995 430.583618
2.327801 433.595581
2.333606 437.227570
2.339411 439.440094
2.345215 440.500244
2.351020 441.415283
2.356825 441.982788
2.362630 441.727173
2.368435 441.266327
2.374240 441.422363
2.380045 441.723602
2.385850 440.624329
2.391655 438.185242
2.397460 435.122925
2.403265 431.335907
2.409070 426.200684
2.414875 422.780945
2.420680 422.634216
2.426485 423.870789
2.432290 424.992462
2.438095 425.093933
2.443900 424.261078
2.449705 424.567261
2.455510 426.397980
2.461315 427.814117
2.467120 427.917084
2.472925 428.248962
2.478730 430.083008
2.484535 433.420959
2.490340 440.167816
2.496145 427.774536
2.501950 452.708832
2.507755 447.288879
2.513560 443.639465
2.519365 441.042206
2.525170 441.122162
2.530975 440.968231
2.536780 439.822968
2.542585 437.924957
2.548390 434.576660
2.554195 144.424713
2.560000 144.223099
2.565805 421.143524
2.571610 422.366058
2.577415 423.890564
2.583220 423.849152
2.589025 422.125824
2.594830 419.788818
2.600635 417.397125
2.606440 416.632477
2.612245 418.420074
2.618050 424.336884
2.623855 428.705017
2.629660 429.190460
2.635465 428.403534
2.641270 428.547241
2.647075 431.498871
2.652880 435.509460
2.658685 436.512909
2.664490 436.279694
2.670295 436.808289
2.676100 439.124939
2.681905 442.331970
2.687710 444.462036
2.693515 444.950439
2.699320 444.356171
2.705125 442.299622
2.710930 439.448151
2.716735 436.810883
2.722540 434.561859
2.728345 431.895508
2.734150 426.891052
2.739955 425.185425
2.745760 427.388245
2.751565 104.372101
2.757370 104.206528
2.763175 104.194458
2.768980 104.247742
2.774785 104.257034
2.780590 104.231644
2.786395 109.385239
2.792200 437.805023
2.798005 438.180145
2.803810 438.400909
2.809614 438.434326
2.815419 438.572540
2.821224 438.907379
2.827029 439.266357
2.832834 439.380310
2.838639 439.220337
2.844445 366.382324
2.850250 1030.475464
2.856054 1025.415405
2.861859 1026.909546
2.867664 1034.694824
2.873469 1049.413208
2.879274 1068.921021
2.885079 1086.369995
2.890884 91.096344
2.896689 367.059174
2.902494 366.542511
2.908299 365.955292
2.914104 91.335548
2.919909 91.312286
2.925714 91.359390
2.931519 91.451233
2.937324 91.476334
2.943129 91.456154
2.948934 146.021103
2.954739 146.089462
2.960544 146.112274
2.966349 146.090454
2.972154 146.114105
2.977959 121.909676
2.983764 104.425957
2.989569 104.390388
2.995374 104.328308
3.001179 104.324966
3.006984 104.400261
3.012789 104.461792
3.018594 732.487366
3.024399 732.221680
3.030204 732.202942
3.036009 732.395630
3.041814 732.491699
3.047619 732.666077
3.053424 364.920135
3.059229 364.617157
3.065034 364.523315
3.070839 364.495636
3.076644 730.970093
3.082449 731.169250
3.088254 732.173462
3.094059 104.393478
3.099864 104.351654
3.105669 104.360687
3.111474 104.377892
3.117279 104.363136
3.123084 104.350090
3.128889 104.423714
3.134694 104.545021
3.140499 104.588783
3.146304 104.494141
3.152109 104.328743
3.157914 104.261299
3.163719 104.346817
3.169524 104.462334
3.175329 104.443375
3.181134 104.339134
3.186939 104.280098
3.192744 104.287888
3.198549 104.313164
3.204354 121.796814
3.210159 713.673767
3.215964 713.570129
3.221769 714.328064
3.227574 104.195801
3.233379 104.173286
3.239184 104.129066
3.244989 104.122543
3.250794 104.139717
3.256599 104.151924
3.262404 104.090813
3.268209 103.925667
3.274014 103.768456
3.279819 91.047607
3.285624 103.619576
3.291429 104.045509
3.297234 104.189224
3.303039 104.240746
3.308844 104.230217
3.314649 104.139328
3.320453 103.976593
3.326258 103.926086
3.332063 104.049240
3.337868 104.012985
3.343673 103.985573
3.349478 104.025719
3.355283 104.054321
3.361089 104.027519
3.366894 103.982155
3.372698 103.918640
3.378503 103.808746
3.384308 103.749214
3.390113 103.776024
3.395918 103.793533
3.401723 103.798149
3.407528 103.833710
3.413333 103.856117
3.419138 103.790634
3.424943 103.632935
3.430748 103.679214
3.436553 103.962822
3.442358 97.912216
3.448163 121.283546
3.453968 121.134003
3.459773 121.148689
3.465578 108.181564
3.471383 108.159492
3.477188 97.763565
3.482993 97.763191
3.488798 108.127197
3.494603 108.220055
3.500408 108.351593
3.506213 108.523956
3.512018 108.509621
3.517823 108.431221
3.523628 108.328773
3.529433 11604.992188
3.535238 11297.253906
3.541043 11082.704102
3.546848 10876.015625
3.552653 10612.653320
3.558458 108.253922
3.564263 5873.109375
3.570068 5990.581055
3.575873 6054.773926
3.581678 122.036545
3.587483 122.558022
3.593288 122.475891
3.599093 108.890739
3.604898 88.035248
3.610703 88.003418
3.616508 54.706242
3.622313 437.255432
3.628118 435.798767
3.633923 434.043060
3.639728 432.001984
3.645533 429.680695
3.651338 427.959015
3.657143 426.499176
3.662948 424.914459
3.668753 423.010468
3.674558 421.099030
3.680363 419.807159
3.686168 418.833160
3.691973 418.402039
3.697778 418.770355
3.703583 419.458130
3.709388 420.187805
3.715193 420.986420
3.720998 421.855927
3.726803 422.995209
3.732608 424.641541
3.738413 426.458588
3.744218 427.843597
3.750023 428.615509
3.755828 429.167755
3.761633 429.932159
3.767438 430.932983
3.773243 431.849976
3.779048 432.691254
3.784853 433.648773
3.790658 434.914856
3.796463 435.718750
3.802268 435.535034
3.808073 434.788849
3.813878 433.526581
3.819683 431.757660
3.825488 429.521149
3.831293 426.951782
3.837097 424.268524
3.842902 422.486389
3.848707 421.377899
3.854512 420.110291
3.860317 418.559326
3.866122 417.676117
3.871927 417.521545
3.877733 418.165955
3.883538 420.238800
3.889342 422.962280
3.895147 425.361237
3.900952 427.779694
3.906757 430.016388
3.912562 431.445221
3.918367 430.449677
3.924172 427.960236
3.929977 449.296417
3.935782 146.908951
3.941587 146.960907
3.947392 146.949097
3.953197 111.050316
3.959002 88.778610
3.964807 88.486931
3.970612 55.157787
3.976417 440.669098
3.982222 437.469269
3.988027 434.935547
3.993832 432.879883
3.999637 431.092468
4.005442 429.512817
4.011247 427.985962
4.017052 426.127594
4.022857 424.313599
4.028662 422.985535
4.034467 422.550507
4.040272 423.053162
4.046077 424.828430
4.051882 427.869659
4.057687 429.962799
4.063492 431.044098
4.069297 432.371307
4.075102 435.276917
4.080907 438.185791
4.086712 439.398438
4.092517 440.232269
4.098322 441.376343
4.104127 442.472534
4.109932 443.309387
4.115737 444.339844
4.121542 445.141083
4.127347 445.180634
4.133152 444.644806
4.138957 443.837524
4.144762 442.636322
4.150567 440.349213
4.156372 436.416016
4.162177 433.095856
4.167982 431.705139
4.173787 430.973602
4.179592 429.816986
4.185397 428.309723
4.191202 427.172211
4.197007 426.847076
4.202812 427.607239
4.208617 429.702179
4.214422 432.732147
4.220227 434.349609
4.226032 435.377350
4.231837 437.694214
4.237642 442.823761
4.243447 446.204285
4.249252 448.369080
4.255057 108.612442
4.260862 108.428070
4.266667 108.311874
4.272471 972.542908
4.278276 978.695068
4.284081 982.451111
4.289886 988.648926
4.295691 3352.439697
4.301497 3389.025635
4.307302 1026.382812
4.313107 1028.074585
4.318912 107.109695
4.324717 107.191048
4.330522 107.206253
4.336327 109.436714
4.342132 109.506142
4.347937 1027.512451
4.353742 1040.857178
4.359547 1056.471436
4.365352 1070.046509
4.371157 1083.767700
4.376961 1093.746460
4.382766 1085.630371
4.388571 1074.882324
4.394376 1070.881470
4.400181 1075.871460
4.405986 1085.438721
4.411791 1091.818115
4.417596 1096.380737
4.423401 1099.848999
4.429206 1096.447510
4.435011 1731.489990
4.440816 1712.114014
4.446621 3292.991211
4.452426 3305.906006
4.458231 1678.289307
4.464036 1693.079590
4.469841 1714.814819
4.475646 1092.326904
4.481451 1083.463989
4.487256 1069.238281
4.493061 1801.050293
4.498866 1826.558228
4.504671 1855.062988
4.510476 1884.251587
4.516281 1904.952515
4.522086 97.832130
4.527891 97.906433
4.533696 98.124077
4.539501 98.224831
4.545306 105.526016
4.551111 105.309654
4.556916 105.438248
4.562721 105.607376
4.568526 105.630310
4.574331 105.509674
4.580136 105.203011
4.585941 105.032555
4.591746 105.112785
4.597551 105.133934
4.603356 98.003365
4.609161 104.847343
4.614966 105.135925
4.620771 105.615921
4.626576 105.786217
4.632381 6033.782227
4.638186 6091.992676
4.643991 6142.143555
4.649796 424.918213
4.655601 439.513397
4.661406 439.964874
4.667211 441.819885
4.673016 443.502716
4.678821 445.071625
4.684626 446.347778
4.690431 446.695190
4.696236 445.483002
4.702041 442.570374
4.707846 439.407074
4.713651 437.083740
4.719456 435.200317
4.725261 433.800293
4.731066 433.731232
4.736871 435.045380
4.742676 436.627686
4.748481 438.695343
4.754286 440.964417
4.760091 442.447388
4.765896 443.109497
4.771701 442.968018
4.777506 442.043579
4.783311 441.532837
4.789115 10606.419922
4.794920 10565.044922
4.800725 10625.705078
4.806530 10910.314453
4.812335 11171.268555
4.818141 11254.060547
4.823946 11285.767578
4.829751 11327.273438
4.835556 11384.749023
4.841361 11443.446289
4.847166 11501.114258
4.852971 11551.065430
4.858776 11579.477539
4.864581 11590.792969
4.870386 11612.560547
4.876191 11659.870117
4.881996 11724.100586
4.887800 11789.380859
4.893605 11892.772461
4.899410 12043.812500
4.905215 12031.632812
4.911020 11836.237305
4.916825 11661.363281
4.922630 11534.511719
4.928435 11465.012695
4.934240 11472.209961
4.940045 11490.727539
4.945850 11484.839844
4.951655 11476.072266
4.957460 11494.952148
4.963265 11562.727539
4.969070 11637.868164
4.974875 11652.139648
4.980680 11582.128906
4.986485 11393.214844
4.992290 5903.917480
4.998095 5963.127441
5.003900 6004.200195
5.009705 128.882690
5.015510 128.742340
5.021315 126.057571
5.027120 122.540573
5.032925 99.287788
5.038730 54.461967
5.044535 60.714436
5.050340 444.324799
5.056145 441.980469
5.061950 439.962799
5.067755 438.562927
5.073560 437.764557
5.079365 435.818298
5.085170 434.102875
5.090975 433.389130
5.096780 432.932007
5.102585 432.186981
5.108390 431.551666
5.114195 431.301208
5.120000 431.327148
5.125805 431.784210
5.131610 432.892365
5.137415 434.101685
5.143220 434.835632
5.149025 435.372009
5.154830 234.187057
5.160635 234.750748
5.166440 160.666611
5.172245 160.797089
5.178050 160.936371
5.183855 161.106354
5.189660 161.311249
5.195465 161.478409
5.201270 161.527664
5.207075 495.619781
5.212880 500.855042
5.218685 503.930481
5.224490 505.249878
5.230295 505.967468
5.236100 238.343353
5.241905 238.782867
5.247710 238.738098
5.253515 238.493683
5.259320 238.101761
5.265125 237.237732
5.270930 236.648804
5.276735 236.906967
5.282540 237.766495
5.288345 238.928864
5.294150 239.768524
5.299954 240.133804
5.305759 240.485992
5.311564 241.005295
5.317369 241.470840
5.323174 241.667252
5.328979 241.633667
5.334785 241.616455
5.340590 241.821091
5.346395 242.088791
5.352200 242.127365
5.358005 487.170380
5.363810 483.983887
5.369615 240.890976
5.375420 239.990829
5.381225 473.241058
5.387030 467.796600
5.392835 462.787476
5.398640 458.791229
5.404444 455.418701
5.410249 452.561737
5.416054 224.020447
5.421859 223.234451
5.427664 222.800552
5.433469 146.521042
5.439274 146.532089
5.445079 146.466553
5.450884 439.585480
5.456689 439.420654
5.462494 146.319458
5.468299 146.270096
5.474104 146.143158
5.479909 438.162109
5.485714 439.060028
5.491519 440.462708
5.497324 441.374664
5.503129 441.402496
5.508934 440.654938
5.514739 439.870911
5.520544 439.290070
5.526349 438.577789
5.532154 437.701996
5.537959 436.885803
5.543764 436.161957
5.549569 435.476746
5.555374 434.859375
5.561179 434.413574
5.566984 434.389832
5.572789 435.638580
5.578594 437.933105
5.584399 438.710632
5.590204 437.188171
5.596009 436.124634
5.601814 436.598175
5.607619 145.526382
5.613424 109.312675
5.619229 109.389847
5.625034 109.251198
5.630839 109.246002
5.636644 88.038460
5.642449 442.263489
5.648254 442.350037
5.654059 442.731140
5.659864 442.098206
5.665669 440.323639
5.671474 438.249573
5.677279 435.826813
5.683084 431.721588
5.688889 421.848145
5.694694 375.140106
5.700499 369.809052
5.706304 368.727448
5.712109 484.991577
5.717914 3465.115967
5.723719 3535.638184
5.729524 3644.320312
5.735329 379.307281
5.741134 377.307953
5.746939 332.278046
5.752744 345.546967
5.758549 348.624939
5.764354 350.306610
5.770159 352.110016
5.775964 355.702209
5.781769 357.849152
5.787574 358.156464
5.793379 358.073456
5.799184 358.003448
5.804989 358.223694
5.810794 358.695801
5.816598 358.903717
5.822403 358.975739
5.828208 359.553314
5.834013 360.912933
5.839818 362.561371
5.845623 363.943909
5.851429 364.605347
5.857234 365.375793
5.863039 366.307037
5.868844 366.040192
5.874649 731.944824
5.880454 732.861633
5.886259 734.937378
5.892064 91.400581
5.897869 91.342598
5.903674 91.314301
5.909479 91.332108
5.915284 91.686127
5.921088 91.619987
5.926893 91.532852
5.932698 91.444664
5.938503 91.448837
5.944308 91.469986
5.950113 91.470596
5.955918 91.475197
5.961723 91.506065
5.967528 91.570030
5.973333 91.555595
5.979138 91.440269
5.984943 91.355278
5.990748 91.344254
5.996553 91.391617
6.002358 91.410324
6.008163 91.376968
6.013968 91.247292
6.019773 91.190384
6.025578 91.430351
6.031383 91.413040
6.037188 91.308441
6.042993 91.211792
6.048798 91.211594
6.054603 91.417564
6.060408 1051.424805
6.066213 6124.174316
6.072018 6139.881348
6.077823 6146.776855
6.083628 714.041443
6.089433 371.439880
6.095238 374.883209
6.101043 377.067535
6.106848 375.090149
6.112653 373.698029
6.118458 372.604645
6.124263 371.370911
6.130068 370.061554
6.135873 368.445312
6.141678 366.563049
6.147483 364.365234
6.153288 362.002502
6.159093 359.734985
6.164898 358.165741
6.170703 357.525238
6.176508 357.644348
6.182313 358.222839
6.188118 359.195648
6.193923 360.479858
6.199728 361.884003
6.205533 363.720459
6.211338 366.078949
6.217143 368.533142
6.222948 370.742310
6.228753 373.221313
6.234558 375.497223
6.240363 377.301758
6.246168 378.986145
6.251973 380.427338
6.257778 381.479187
6.263583 382.199188
6.269388 382.666473
6.275193 383.058075
6.280998 383.272339
6.286803 383.037079
6.292608 382.224854
6.298413 381.068390
6.304218 380.168823
6.310023 379.531128
6.315828 378.832428
6.321633 378.073944
6.327438 377.527740
6.333242 377.341980
6.339047 377.459290
6.344852 377.606232
6.350657 377.620850
6.356462 377.800964
6.362267 378.419373
6.368073 379.227478
6.373878 379.839264
6.379683 380.363312
6.385488 381.050201
6.391293 381.828278
6.397098 382.454254
6.402903 382.884338
6.408708 383.173706
6.414513 383.117340
6.420318 381.787750
6.426123 380.716125
6.431927 380.392059
6.437732 380.474762
6.443537 126.413132
6.449342 125.282654
6.455147 124.126938
6.460952 93.017632
6.466757 91.406380
6.472562 775.900757
6.478367 775.582703
6.484172 360.701935
6.489977 359.907227
6.495782 359.299896
6.501587 358.967072
6.507392 359.035278
6.513197 359.482117
6.519002 360.233124
6.524807 360.902924
6.530612 361.154572
6.536417 361.122314
6.542222 360.971710
6.548027 360.606201
6.553832 359.835999
6.559637 359.061188
6.565442 358.641479
6.571247 358.264862
6.577052 357.650848
6.582857 356.856293
6.588662 356.200531
6.594467 355.905701
6.600272 177.289139
6.606077 177.367172
6.611882 356.896545
6.617687 357.777863
6.623492 358.920837
6.629297 360.250336
6.635102 362.307404
6.640907 366.109100
6.646712 370.058594
6.652517 372.876221
6.658322 374.717773
6.664127 375.485779
6.669932 375.483398
6.675737 375.112427
6.681542 374.509125
6.687347 373.446167
6.693152 371.421204
6.698957 368.659698
6.704762 366.194214
6.710567 363.958130
6.716372 361.188904
6.722177 357.639893
6.727982 355.053284
6.733787 353.058868
6.739592 351.148743
6.745397 350.251160
6.751202 351.378113
6.757007 352.989380
6.762812 353.620911
6.768617 354.361115
6.774422 355.608765
6.780227 356.582336
6.786032 334.472717
6.791837 122.251648
6.797642 121.638000
6.803447 115.981308
6.809252 115.752945
6.815057 108.995300
6.820862 78.805695
6.826667 63.679684
6.832472 63.723827
6.838277 63.860756
6.844081 383.854614
6.849886 383.233612
6.855691 382.703308
6.861496 381.171387
6.867301 378.580902
6.873106 376.080414
6.878911 373.139801
6.884717 368.255219
6.890522 362.963043
6.896327 361.360260
6.902132 362.129303
6.907937 322.630249
6.913742 321.949890
6.919547 321.469635
6.925352 384.578461
6.931157 175.571152
6.936962 324.370605
6.942767 324.786530
6.948571 325.469940
6.954376 326.401764
6.960181 93.216499
6.965986 93.051865
6.971791 92.753220
6.977596 383.839081
6.983401 384.600952
6.989206 385.463531
6.995011 386.044434
7.000816 386.023041
7.006621 125.558952
7.012426 97.324829
7.018231 108.916397
7.024036 109.381744
7.029841 109.254654
7.035646 109.229057
7.041451 109.190750
7.047256 108.980606
7.053061 108.920326
7.058866 108.895828
7.064671 108.892853
7.070476 108.939476
7.076281 109.002235
7.082086 108.963226
7.087891 108.818542
7.093696 108.704567
7.099501 108.718285
7.105306 108.805489
7.111111 108.777420
7.116916 108.710869
7.122721 108.585861
7.128526 960.428833
7.134331 971.221558
7.140136 979.275635
7.145941 488.222260
7.151746 1012.975159
7.157551 1036.605469
7.163356 1052.245117
7.169161 1070.735718
7.174966 3453.871094
7.180771 3463.333740
7.186576 3514.260010
7.192381 1128.095093
7.198186 1134.050781
7.203991 3491.403809
7.209796 3496.097168
7.215601 3459.467529
7.221406 1792.710815
7.227211 1807.190796
7.233016 1838.046509
7.238821 1859.593506
7.244626 1838.134155
7.250431 659.507446
7.256236 3408.500488
7.262041 838.754822
7.267846 836.911621
7.273651 110.080597
7.279456 1880.357300
7.285261 1825.493530
7.291066 1805.766846
7.296871 1812.722412
7.302676 100.592834
7.308481 100.558846
7.314286 655.276001
7.320091 656.307556
7.325896 857.310059
7.331701 862.587097
7.337506 857.134583
7.343311 850.304993
7.349116 849.299316
7.354921 108.896111
7.360725 108.954315
7.366530 104.566841
7.372335 104.595337
7.378140 104.538826
7.383945 104.438118
7.389750 371.086761
7.395555 371.236053
7.401361 371.728607
7.407166 372.011078
7.412971 2593.410645
7.418776 108.683334
7.424581 108.756561
7.430386 108.804222
7.436191 108.782326
7.441996 108.783386
7.447801 327.133484
7.453606 328.115967
7.459411 328.663086
7.465215 2356.004150
7.471020 2449.325684
7.476825 375.779572
7.482630 373.641998
7.488435 371.186066
7.494240 371.274628
7.500045 371.457306
7.505850 393.435822
7.511655 394.251953
7.517460 415.884918
7.523265 423.155640
7.529070 434.017273
7.534875 437.854553
7.540680 438.047058
7.546485 437.441833
7.552290 437.080536
7.558095 437.271271
7.563900 437.892670
7.569705 438.436859
7.575510 438.456512
7.581315 438.135651
7.587120 437.747009
7.592925 437.214142
7.598730 436.274445
7.604535 434.930237
7.610340 433.654968
7.616145 432.642731
7.621950 431.771698
7.627755 430.899872
7.633560 430.330414
7.639365 430.565552
7.645170 431.313995
7.650975 431.626160
7.656780 431.272034
7.662585 430.960236
7.668390 430.696777
7.674195 429.770416
7.680000 428.606079
7.685805 425.855072
7.691610 108.265495
7.697415 108.354492
7.703220 108.345604
7.709025 108.141418
7.714830 107.849457
7.720635 107.867348
7.726440 108.183876
7.732245 108.389763
7.738050 1299.809326
7.743855 1297.496948
7.749660 1292.803345
7.755465 1287.140625
7.761270 1285.721313
7.767075 1288.991333
7.772880 1292.819336
7.778685 1293.138916
7.784490 1291.716797
7.790295 1295.477051
7.796100 1320.355957
7.801905 1351.068726
7.807710 1355.489624
7.813515 1337.617310
7.819320 1309.639282
7.825125 1297.777344
7.830930 1309.657471
7.836735 1325.418823
7.842540 1311.993408
7.848345 1278.149048
7.854150 1271.003784
7.859955 113.852905
7.865760 113.626167
7.871564 109.202141
7.877369 109.332550
7.883174 109.465347
7.888979 87.639893
7.894784 87.993683
7.900589 62.892784
7.906394 435.807800
7.912199 434.843079
7.918005 433.459076
7.923810 431.833221
7.929615 431.174133
7.935420 431.179230
7.941225 430.507233
7.947030 429.630432
7.952835 429.468964
7.958640 430.055725
7.964445 430.815643
7.970250 431.596375
7.976054 433.238770
7.981859 435.835022
7.987664 437.957397
7.993469 439.838226
7.999274 441.207672
8.005079 233.259567
8.010884 160.207916
8.016689 160.521042
8.022494 160.845978
8.028299 161.059479
8.034104 161.216110
8.039909 161.406021
8.045714 488.194580
8.051519 489.801605
8.057324 493.185303
8.063129 496.626373
8.068934 499.021545
8.074739 499.947205
8.080544 238.975494
8.086349 240.062439
8.092155 240.903091
8.097960 241.383423
8.103765 241.719543
8.109570 121.691879
8.115375 509.747742
8.121180 528.233215
8.126985 366.701080
8.132789 366.343475
8.138594 366.033539
8.144399 365.569519
8.150204 364.958954
8.156009 364.398499
8.161814 364.031738
8.167619 363.751984
8.173424 363.608582
8.179229 363.747101
8.185034 364.070740
8.190839 363.914368
8.196644 362.833252
8.202449 0.000000
8.208254 0.000000
8.214059 6252.426758
8.219864 2363.721191
8.225669 2427.241211
8.231474 2455.736572
8.237279 2468.532959
8.243084 364.129700
8.248889 363.670563
8.254694 363.756531
8.260499 364.307831
8.266304 451.127258
8.272109 450.953369
8.277914 451.438751
8.283719 451.902252
8.289524 451.713165
8.295329 451.103424
8.301134 450.671051
8.306939 450.669342
8.312744 451.232239
8.318549 214.277878
8.324354 214.001205
8.330159 406.947174
8.335963 405.748322
8.341768 404.248138
8.347573 403.098846
8.353378 364.757965
8.359183 364.743622
8.364988 364.513336
8.370793 364.248962
8.376598 363.985657
8.382403 363.806580
8.388208 363.831268
8.394013 364.066071
8.399818 364.286346
8.405623 364.345123
8.411428 364.460663
8.417233 364.762054
8.423038 365.059631
8.428843 364.555786
8.434649 362.708801
8.440454 363.812469
8.446259 730.602905
8.452064 729.715088
8.457869 728.826111
8.463674 728.398621
8.469479 121.367767
8.475284 121.459000
8.481089 104.234528
8.486894 104.197189
8.492699 104.176445
8.498504 104.242737
8.504309 730.587891
8.510114 730.822998
8.515919 730.493164
8.521724 730.074707
8.527529 730.161560
8.533334 730.640198
8.539139 730.830994
8.544943 730.311584
8.550748 730.123230
8.556553 366.104065
8.562358 367.328125
8.568163 3365.691406
8.573968 3365.975098
8.579773 3414.313232
8.585578 3526.611084
8.591383 3639.830811
8.597188 3642.843750
8.602993 365.544342
8.608798 365.275177
8.614603 364.808685
8.620408 363.749115
8.626213 363.075531
8.632018 363.495636
8.637823 364.295166
8.643628 364.996063
8.649433 365.238495
8.655238 364.670563
8.661043 363.494537
8.666848 362.276581
8.672653 361.363953
8.678458 360.680634
8.684263 360.414795
8.690068 360.373871
8.695873 359.933624
8.701678 359.752686
8.707483 360.656769
8.713288 362.021637
8.719093 363.203247
8.724898 364.029419
8.730703 364.717407
8.736508 365.436768
8.742313 366.183014
8.748117 367.033691
8.753922 368.010223
8.759727 368.970764
8.765532 369.650940
8.771338 369.721436
8.777143 369.368622
8.782948 368.645538
8.788753 367.826813
8.794558 367.244995
8.800363 366.823547
8.806168 366.234955
8.811973 365.560822
8.817778 365.220428
8.823583 365.279419
8.829388 365.440552
8.835193 365.309052
8.840998 364.918915
8.846803 364.769745
8.852608 365.026001
8.858413 365.291168
8.864218 365.281067
8.870023 365.082001
8.875828 364.914673
8.881633 364.938629
8.887438 365.191010
8.893243 365.593445
8.899048 366.100708
8.904853 121.858963
8.910658 121.899963
8.916463 121.893227
8.922268 370.777985
8.928073 370.968384
8.933878 371.030945
8.939683 370.896362
8.945488 368.546631
8.951293 366.551971
8.957097 367.866150
8.962902 369.031494
8.968707 370.072479
8.974512 370.933838
8.980317 371.284882
8.986122 370.400452
8.991927 368.946167
8.997732 367.798065
9.003537 366.589813
9.009342 365.173828
9.015147 363.825653
9.020952 362.465363
9.026757 361.164215
9.032562 359.989227
9.038367 359.117218
9.044172 358.498840
9.049977 357.990326
9.055782 357.676483
9.061587 357.976379
9.067392 358.887695
9.073197 359.940491
9.079002 361.099731
9.084807 362.512054
9.090612 364.498810
9.096417 367.090393
9.102222 369.904449
9.108027 372.746918
9.113832 375.583954
9.119637 378.338531
9.125443 380.876648
9.131248 382.704163
9.137053 383.546631
9.142858 383.894165
9.148663 383.964661
9.154468 383.583313
9.160272 382.668579
9.166077 381.838654
9.171882 381.575745
9.177687 381.533325
9.183492 381.311584
9.189297 380.772247
9.195102 380.296814
9.200907 380.270325
9.206712 380.547668
9.212517 380.710175
9.218322 380.636200
9.224127 380.601593
9.229932 380.717651
9.235737 380.805511
9.241542 380.672943
9.247347 380.420807
9.253152 380.292206
9.258957 380.334351
9.264762 380.435181
9.270567 380.603699
9.276372 380.508331
9.282177 380.046204
9.287982 378.898895
9.293787 373.100128
9.299592 246.940659
9.305397 122.461342
9.311202 122.185593
9.317007 82.209999
9.322812 93.345604
9.328617 742.531067
9.334422 739.229797
9.340227 366.229980
9.346032 364.705078
9.351837 363.292542
9.357642 362.028900
9.363446 361.142212
9.369251 360.737335
9.375056 360.655334
9.380861 360.658600
9.386666 360.672394
9.392471 360.655273
9.398276 360.599854
9.404081 360.632568
9.409886 360.829437
9.415691 361.098450
9.421496 361.214600
9.427301 361.106323
9.433106 360.980133
9.438911 360.919250
9.444716 360.866516
9.450521 360.861938
9.456326 360.867889
9.462132 360.729614
9.467937 360.743530
9.473742 361.421967
9.479547 362.469330
9.485352 363.627502
9.491157 365.392792
9.496962 367.964508
9.502767 370.251221
9.508572 186.866501
9.514377 188.240082
9.520182 189.027756
9.525987 189.464096
9.531792 189.679688
9.537597 379.652130
9.543402 378.488586
9.549207 376.496033
9.555012 373.934418
9.560817 371.170868
9.566622 368.318695
9.572426 365.272400
9.578231 361.727173
9.584036 360.195282
9.589841 359.840576
9.595646 359.494507
9.601451 359.214447
9.607256 359.582916
9.613061 360.810333
9.618866 362.388397
9.624671 364.910828
9.630476 368.850830
9.636281 370.241730
9.642086 370.438049
9.647891 128.686050
9.653696 128.534256
9.659501 128.083893
9.665306 127.752045
9.671111 121.634361
9.676916 81.271973
9.682721 60.925068
9.688526 60.970676
9.694331 73.132652
9.700136 73.161118
9.705941 60.964558
9.711746 60.949120
9.717551 60.909008
9.723356 60.860451
9.729161 60.846001
9.734966 60.860256
9.740771 60.900333
9.746576 60.936203
9.752381 366.645721
9.758186 365.893860
9.763991 365.619019
9.769796 365.553925
9.775600 365.495331
9.781405 365.402954
9.787210 365.381500
9.793015 365.614441
9.798820 365.874023
9.804626 365.882050
9.810431 365.788239
9.816236 365.611145
9.822041 365.264069
9.827846 364.735931
9.833651 364.190552
9.839456 363.894592
9.845261 363.964233
9.851066 364.241486
9.856871 364.628723
9.862676 365.228607
9.868481 365.811981
9.874286 365.978912
9.880091 365.708466
9.885896 365.710571
9.891701 365.808563
9.897506 365.522522
9.903311 365.149597
9.909116 365.014954
9.914921 365.155914
9.920726 365.281281
9.926531 365.205383
9.932336 365.467346
9.938141 366.479919
9.943946 367.683868
9.949751 368.503479
9.955556 2318.450195
9.961361 2376.947021
9.967166 367.333649
9.972971 2548.484619
9.978776 2599.097656
9.984580 369.441711
9.990385 3291.276123
9.996190 3325.030762
10.001995 3358.282471
10.007800 3411.616943
10.013605 3488.000488
10.019410 3548.053467
10.025215 278.669434
10.031020 278.045349
10.036825 281.789673
10.042630 286.747345
10.048435 289.033905
10.054240 291.005035
10.060045 291.856598
10.065850 291.232300
10.071655 289.686523
10.077460 288.099182
10.083265 286.654114
10.089070 284.863068
10.094875 283.226227
10.100680 282.704651
10.106485 282.511810
10.112290 282.229950
10.118095 281.978271
10.123900 282.030579
10.129705 282.531677
10.135510 283.659302
10.141315 285.435211
10.147120 287.637085
10.152925 289.455994
10.158731 290.490997
10.164536 291.421021
10.170341 292.810150
10.176146 294.369080
10.181951 295.228943
10.187755 295.114532
10.193560 294.000275
10.199365 291.757111
10.205170 289.452820
10.210975 287.452332
10.216780 284.628601
10.222585 282.361481
10.228390 281.303986
10.234195 280.747803
10.240000 281.574402
10.245805 286.068481
10.251610 268.296051
10.257415 267.836304
10.263220 268.019592
10.269025 286.529327
10.274830 284.900787
10.280635 361.310883
10.286440 360.055023
10.292245 312.040192
10.298050 310.085022
10.303855 307.515259
10.309660 292.604706
10.315465 289.692017
10.321270 287.886353
10.327075 286.382568
10.332880 284.954681
10.338685 282.520630
10.344490 280.695099
10.350295 280.142700
10.356100 5695.916016
10.361905 5757.527344
10.367710 288.983063
10.373515 289.260315
10.379320 292.737183
10.385125 302.754639
10.390930 304.394257
10.396734 308.434387
10.402539 314.992035
10.408344 318.488770
10.414149 321.685516
10.419954 323.823639
10.425759 324.855774
10.431564 325.109711
10.437369 324.873413
10.443174 324.314362
10.448979 323.297668
10.454784 321.713531
10.460589 319.967560
10.466394 318.714539
10.472199 317.969116
10.478004 317.614075
10.483809 317.668579
10.489614 318.486084
10.495420 319.648193
10.501225 320.647339
10.507030 321.726898
10.512835 322.662415
10.518640 320.393188
10.524445 317.225098
10.530250 363.535553
10.536055 534.455261
10.541860 95.660393
10.547665 122.550873
10.553470 362.271088
10.559275 363.219818
10.565080 363.762909
10.570885 121.492874
10.576690 121.605286
10.582495 121.633156
10.588300 121.631989
10.594105 121.643639
10.599909 94.841408
10.605714 94.885300
10.611519 121.749481
10.617324 121.763710
10.623129 95.284760
10.628934 95.177559
10.634739 121.776810
10.640544 121.790321
10.646349 365.807800
10.652154 365.951782
10.657959 365.862213
10.663764 365.602478
10.669569 121.739693
10.675374 121.763763
10.681179 121.785492
10.686984 121.775337
10.692789 121.711197
10.698594 0.000000
10.704399 5871.838867
10.710204 5899.974609
10.716009 5924.388184
10.721814 129.286331
10.727619 128.889465
10.733424 123.674683
10.739229 122.969666
10.745034 109.022964
10.750839 108.784309
10.756644 81.333519
10.762449 417.632751
10.768254 419.987854
10.774059 422.120514
10.779864 424.503265
10.785669 427.969788
10.791474 430.674652
10.797279 431.276093
10.803084 431.308868
10.808888 430.976044
10.814693 430.182251
10.820498 107.587738
10.826303 428.416718
10.832108 427.283417
10.837914 425.926636
10.843719 424.781860
10.849524 423.917267
10.855329 423.205383
10.861134 422.880157
10.866939 423.125549
10.872744 423.476990
10.878549 423.673340
10.884354 423.897247
10.890159 424.293182
10.895964 425.102478
10.901769 426.147858
10.907574 426.281525
10.913379 425.619232
10.919184 425.321289
10.924989 425.645844
10.930794 426.455627
10.936599 428.647980
10.942404 433.033173
10.948209 437.291382
10.954014 438.001129
10.959819 216.094376
10.965624 215.886673
10.971429 215.656586
10.977234 215.289993
10.983039 214.577164
10.988844 425.886414
10.994649 424.328705
11.000454 422.802979
11.006259 421.670258
11.012063 420.426636
11.017868 418.691620
11.023673 417.313660
11.029478 416.896790
11.035283 416.950165
11.041088 417.383362
11.046893 418.658813
11.052698 420.742889
11.058503 422.258545
11.064308 422.868835
11.070113 425.279388
11.075918 430.942017
11.081723 433.695801
11.087528 438.725006
11.093333 439.486908
11.099138 146.093155
11.104943 145.849808
11.110748 145.658112
11.116553 145.553055
11.122358 145.444199
11.128163 145.271805
11.133968 145.087692
11.139773 144.893707
11.145578 214.545258
11.151383 214.042252
11.157188 213.514999
11.162993 213.170120
11.168798 213.120499
11.174603 213.367661
11.180408 213.616547
11.186213 213.676071
11.192019 213.728867
11.197824 213.915009
11.203629 214.286560
11.209434 214.947281
11.215239 441.164490
11.221043 442.997009
11.226848 444.677490
11.232653 445.654999
11.238458 445.924866
11.244263 445.806000
11.250068 145.899673
11.255873 145.814636
11.261678 145.616501
11.267483 145.316986
11.273288 437.122101
11.279093 214.797714
11.284898 214.191498
11.290703 140.958786
11.296508 140.553833
11.302313 145.964432
11.308118 146.103714
11.313923 145.822372
11.319728 145.437927
11.325533 121.073212
11.331338 121.083443
11.337143 121.029755
11.342948 104.019463
11.348753 103.912064
11.354558 90.945435
11.360363 90.924576
11.366168 725.280396
11.371973 723.787476
11.377778 724.498657
11.383583 726.793091
11.389388 728.842834
11.395193 729.156433
11.400998 728.921997
11.406803 729.505005
11.412608 728.390320
11.418413 3098.532959
11.424217 3115.917969
11.430022 491.406250
11.435827 490.767822
11.441632 3420.925781
11.447437 130.849396
11.453242 0.000000
11.459047 141.419128
11.464852 357.037872
11.470657 355.863403
11.476462 356.852905
11.482267 359.931061
11.488072 365.473785
11.493877 370.325653
11.499682 374.727570
11.505487 379.019653
11.511292 382.091248
11.517097 383.767212
11.522902 384.195190
11.528708 383.653076
11.534513 382.838684
11.540318 382.347412
11.546123 382.124847
11.551928 381.856567
11.557733 381.190613
11.563538 380.283234
11.569343 379.432465
11.575148 378.754395
11.580953 378.168060
11.586758 377.509735
11.592563 376.808624
11.598368 376.241577
11.604173 376.010681
11.609978 376.226990
11.615783 376.980103
11.621588 378.408997
11.627392 380.674316
11.633197 383.330170
11.639002 385.508698
11.644807 387.013031
11.650612 387.795868
11.656417 387.806091
11.662222 387.423828
11.668027 386.883118
11.673832 386.095490
11.679637 384.963959
11.685442 383.562225
11.691247 381.750824
11.697052 379.694244
11.702857 377.736755
11.708662 375.984222
11.714467 374.253296
11.720272 372.775024
11.726077 371.826599
11.731882 371.597687
11.737687 371.847076
11.743492 372.337616
11.749297 373.030182
11.755102 373.910950
11.760907 375.320679
11.766712 377.960968
11.772517 381.615845
11.778322 384.516693
11.784127 392.667999
11.789932 394.895844
11.795737 397.376587
11.801542 398.990540
11.807347 399.935211
11.813152 399.810303
11.818957 398.466583
11.824762 396.259583
11.830567 393.561249
11.836371 390.351959
11.842176 386.745636
11.847981 383.602051
11.853786 380.991974
11.859591 378.083435
11.865396 374.828339
11.871202 372.951660
11.877007 372.603149
11.882812 373.620178
11.888617 375.600281
11.894422 377.767212
11.900227 380.020691
11.906032 383.117554
11.911837 387.336334
11.917642 392.368134
11.923447 397.213745
11.929252 401.169769
11.935057 404.656158
11.940862 407.630341
11.946667 410.233551
11.952472 413.832642
11.958277 418.634888
11.964082 421.481842
11.969887 421.675629
11.975692 419.965118
11.981497 137.951965
11.987302 146.489319
11.993107 122.830864
11.998912 120.288292
12.004717 120.509148
12.010522 120.720047
12.016327 121.136276
12.022132 121.412186
12.027937 121.422150
12.033742 121.311310
12.039546 121.241302
12.045351 121.311920
12.051156 121.418465
12.056961 121.349869
12.062766 121.269775
12.068571 121.330826
12.074376 121.362587
12.080181 121.325722
12.085986 121.273682
12.091791 121.214203
12.097596 121.159767
12.103401 121.345863
12.109206 122.162796
12.115011 122.941170
12.120816 123.298431
12.126621 115.675705
12.132426 6066.958496
12.138231 6092.642090
12.144036 6118.748535
12.149841 6161.832520
12.155646 115.895035
12.161451 120.078033
12.167256 120.103554
12.173061 91.294777
12.178866 88.154091
12.184671 57.700935
12.190476 331.215179
12.196281 329.032532
12.202086 327.776093
12.207891 326.779297
12.213696 325.830627
12.219501 324.906219
12.225307 324.194092
12.231112 323.697144
12.236917 323.776367
12.242722 325.090302
12.248526 327.611023
12.254331 330.288300
12.260136 333.793182
12.265941 338.006805
12.271746 343.176208
12.277551 347.826385
12.283356 351.243042
12.289161 354.412872
12.294966 357.552643
12.300771 360.137146
12.306576 361.518250
12.312381 362.154602
12.318186 362.396484
12.323991 362.280121
12.329796 361.925842
12.335601 361.443054
12.341406 360.878906
12.347211 360.271576
12.353016 359.763000
12.358821 359.389069
12.364626 359.004608
12.370431 358.657288
12.376236 358.367371
12.382041 357.969513
12.387846 357.388947
12.393651 356.984009
12.399456 357.010162
12.405261 357.277802
12.411066 357.525330
12.416871 357.646423
12.422676 357.668396
12.428481 357.717072
12.434286 357.850342
12.440091 358.009857
12.445896 358.117584
12.451700 358.134216
12.457505 358.064972
12.463310 358.002686
12.469115 358.071533
12.474920 358.170258
12.480725 358.110779
12.486530 357.787109
12.492335 357.785889
12.498140 358.292694
12.503945 358.845734
12.509750 179.737289
12.515555 179.709793
12.521360 175.531601
12.527165 115.896011
12.532970 86.448372
12.538775 85.357071
12.544580 66.954620
12.550385 67.000504
12.556190 83.370468
12.561996 342.100800
12.567801 342.104645
12.573606 326.109497
12.579411 326.294037
12.585216 326.206665
12.591021 325.811707
12.596826 325.405212
12.602631 325.209473
12.608436 325.118713
12.614241 325.071106
12.620046 325.076996
12.625851 325.067780
12.631656 324.913879
12.637461 324.741302
12.643266 324.754303
12.649071 324.925323
12.654876 324.992920
12.660680 324.846436
12.666485 324.783447
12.672290 324.856140
12.678095 324.768494
12.683900 324.294586
12.689705 323.510651
12.695510 282.188812
12.701315 281.571289
12.707120 323.017517
12.712925 383.337463
12.718730 385.291870
12.724535 386.814423
12.730340 162.202988
12.736145 324.765289
12.741950 324.718719
12.747755 162.482849
12.753560 162.653076
12.759365 162.729599
12.765170 162.750153
12.770975 162.751343
12.776780 162.754227
12.782585 162.767761
12.788390 162.773575
12.794195 162.764404
12.800000 162.760895
12.805805 162.784698
12.811610 162.813812
12.817415 162.814636
12.823220 162.774338
12.829025 162.723755
12.834830 162.694611
12.840635 162.897232
12.846440 3334.598145
12.852245 3352.979736
12.858050 3373.241211
12.863854 3417.063232
12.869659 3517.373291
12.875464 145.552902
12.881269 146.259781
12.887074 293.607361
12.892879 147.385117
12.898685 326.969299
12.904490 326.524872
12.910295 326.332672
12.916100 326.168030
12.921905 325.883789
12.927710 325.307983
12.933515 324.573792
12.939320 287.939850
12.945125 287.337463
12.950930 286.517822
12.956735 285.616638
12.962540 284.953613
12.968345 284.925385
12.974150 286.076477
12.979955 287.666718
12.985760 288.925751
12.991565 290.331696
12.997370 292.185211
13.003175 294.494598
13.008980 297.008026
13.014785 298.935120
13.020590 300.545502
13.026395 302.727905
13.032200 304.676086
13.038005 305.422607
13.043810 152.385849
13.049615 303.883881
13.055420 301.941040
13.061225 149.844009
13.067030 328.955719
13.072834 327.226471
13.078639 326.279144
13.084444 325.712555
13.090249 289.176605
13.096054 288.129181
13.101859 286.782745
13.107664 285.402008
13.113469 284.394379
13.119274 284.136749
13.125079 284.738068
13.130884 285.884460
13.136689 286.946198
13.142494 288.168030
13.148299 290.826996
13.154104 293.646637
13.159909 296.643372
13.165714 300.869354
13.171519 304.554535
13.177324 306.017914
13.183129 306.246613
13.188934 305.504944
13.194739 304.024048
13.200544 302.349365
13.206349 299.727692
13.212154 299.626526
13.217959 292.401459
13.223764 291.540649
13.229569 286.931519
13.235374 283.512970
13.241179 281.651825
13.246984 280.946960
13.252789 281.150391
13.258595 282.503204
13.264400 283.513611
13.270205 282.956207
13.276009 281.681946
13.281814 325.873901
13.287619 326.227081
13.293424 326.603455
13.299229 327.058777
13.305034 327.591858
13.310839 328.210571
13.316644 328.701508
13.322449 328.803528
13.328254 328.360016
13.334059 327.803619
13.339864 1128.177856
13.345669 1111.845947
13.351474 1088.422241
13.357279 3099.654785
13.363084 3124.985840
13.368889 3156.285156
13.374694 139.206635
13.380499 123.279961
13.386304 112.135696
13.392109 105.318527
13.397914 102.009720
13.403719 99.771614
13.409524 103.169441
13.415329 108.355507
13.421134 108.409447
13.426939 108.470093
13.432744 108.517525
13.438549 108.524857
13.444354 108.509735
13.450159 108.499542
13.455964 108.488892
13.461769 108.508255
13.467574 108.562752
13.473379 108.595543
13.479183 108.579865
13.484988 108.546776
13.490793 1053.974976
13.496598 162.819504
13.502403 162.774139
13.508208 162.731674
13.514013 1222.949463
13.519818 1224.173218
13.525623 1226.701904
13.531428 108.551506
13.537233 108.533211
13.543038 108.472557
13.548843 0.000000
13.554648 0.000000
13.560453 6117.041504
13.566258 6152.086426
13.572063 6207.719727
13.577868 6296.140137
13.583673 131.940948
13.589478 133.326996
13.595284 130.533981
13.601089 89.319313
13.606894 88.692612
13.612699 63.019100
13.618504 62.782757
13.624309 436.318787
13.630114 433.307343
13.635919 432.183075
13.641724 432.230957
13.647529 432.378815
13.653334 431.621338
13.659139 430.718781
13.664944 430.242676
13.670749 429.901093
13.676554 428.597382
13.682359 426.390930
13.688163 424.814362
13.693968 424.988312
13.699773 426.027588
13.705578 426.907104
13.711383 427.266968
13.717188 427.627838
13.722993 429.117737
13.728798 432.055786
13.734603 435.065735
13.740408 437.134125
13.746213 437.905304
13.752018 439.012726
13.757823 441.324799
13.763628 442.734375
13.769433 442.726776
13.775238 441.986267
13.781043 441.159180
13.786848 440.506287
13.792653 439.068787
13.798458 436.598633
13.804263 434.589905
13.810068 433.794769
13.815873 433.490875
13.821678 433.533752
13.827483 434.247101
13.833288 434.907806
13.839093 434.001099
13.844898 430.321930
13.850703 428.716095
13.856508 428.805267
13.862313 429.314575
13.868118 430.715302
13.873923 431.954224
13.879728 431.736786
13.885533 429.802795
13.891337 427.822968
13.897142 428.078003
13.902947 428.764862
13.908752 430.087097
13.914557 432.208496
13.920362 433.867920
13.926167 434.247253
13.931973 434.395172
13.937778 435.559540
13.943583 436.944031
13.949388 437.387817
13.955193 436.335632
13.960998 434.884003
13.966803 433.437347
13.972608 430.616913
13.978413 425.940918
13.984218 422.607819
13.990023 421.415649
13.995828 421.825134
14.001633 422.800232
14.007438 423.436798
14.013243 423.714294
14.019048 423.403625
14.024853 422.746826
14.030658 423.259979
14.036463 425.363464
14.042268 428.325653
14.048073 431.207886
14.053878 433.748871
14.059683 436.146729
14.065488 439.475433
14.071293 444.977570
14.077098 449.085602
14.082903 448.791840
14.088708 446.770233
14.094513 445.304352
14.100317 444.801788
14.106122 444.974792
14.111927 445.420410
14.117732 445.531708
14.123537 444.264252
14.129342 440.938568
14.135147 436.723541
14.140952 433.142944
14.146757 430.077271
14.152562 427.392731
14.158367 424.813080
14.164172 423.169464
14.169977 424.509705
14.175782 104.640594
14.181587 104.539650
14.187392 104.446289
14.193197 104.353050
14.199002 108.758087
14.204807 109.202759
14.210612 109.480042
14.216417 439.353638
14.222222 439.636841
14.228027 439.686798
14.233832 439.124420
14.239637 437.985199
14.245442 436.497498
14.251247 434.864197
14.257052 433.752960
14.262857 145.666672
14.268662 735.579651
14.274467 367.851562
14.280272 987.828125
14.286077 987.965942
14.291883 997.075012
14.297688 1012.547241
14.303492 1029.438354
14.309297 1049.377930
14.315102 104.044891
14.320907 104.059303
14.326712 729.690796
14.332517 730.908630
14.338322 731.529175
14.344127 731.878296
14.349932 733.838196
14.355737 104.566429
14.361542 146.450134
14.367347 146.236328
14.373152 146.103394
14.378957 734.577820
14.384762 104.434639
14.390567 734.119080
14.396372 733.751404
14.402177 733.239136
14.407982 104.387665
14.413787 104.412354
14.419592 104.418388
14.425397 104.414261
14.431202 104.445511
14.437007 104.501320
14.442812 733.078186
14.448617 732.393921
14.454422 732.067627
14.460227 732.306274
14.466032 732.756775
14.471837 732.938904
14.477642 733.226990
14.483447 734.194153
14.489252 735.130432
14.495057 104.461502
14.500862 104.412041
14.506667 104.354736
14.512471 104.362030
14.518276 104.387688
14.524081 733.088989
14.529886 104.343727
14.535691 104.348068
14.541496 104.393143
14.547301 104.421890
14.553106 104.399971
14.558911 104.394371
14.564716 104.454636
14.570521 104.521683
14.576326 104.476471
14.582131 104.341217
14.587936 104.292938
14.593741 104.395454
14.599546 104.484200
14.605351 104.418808
14.611156 104.283516
14.616961 104.247391
14.622766 121.772820
14.628572 121.912842
14.634377 711.188049
14.640182 711.034363
14.645987 711.636414
14.651792 712.859680
14.657597 109.317345
14.663402 109.143372
14.669207 109.131767
14.675012 2002.317993
14.680817 2051.374756
14.686622 3891.446289
14.692427 3860.367432
14.698232 3804.773926
14.704037 3785.456543
14.709842 3784.926758
14.715646 104.391617
14.721451 104.392647
14.727256 104.299240
14.733061 3760.404297
14.738866 3800.635986
14.744671 3807.104004
14.750476 3803.518799
14.756281 3808.773926
14.762086 3808.766113
14.767891 3794.101074
14.773696 3786.005127
14.779501 3793.495850
14.785306 3797.766846
14.791111 3789.524658
14.796916 3758.107910
14.802721 3702.770264
14.808526 3701.132812
14.814331 3722.635742
14.820136 91.299881
14.825941 96.865349
14.831746 97.001938
14.837551 108.274284
14.843356 725.662231
14.849161 103.768990
14.854966 103.625763
14.860771 103.708366
14.866576 103.958145
14.872381 121.416130
14.878186 108.996658
14.883991 108.726280
14.889796 108.349602
14.895601 108.164970
14.901406 108.001801
14.907211 107.707176
14.913016 107.811310
14.918821 108.035187
14.924625 108.153015
14.930430 108.324669
14.936235 108.578430
14.942040 108.703568
14.947845 108.732002
14.953650 108.737755
14.959455 108.752480
14.965261 120.907158
14.971066 120.910515
14.976871 107.921204
14.982676 107.707214
14.988481 5764.472656
14.994286 5862.029785
15.000091 5933.265137
15.005896 5981.794922
15.011701 130.943069
15.017506 125.431656
15.023311 119.308861
15.029116 96.679016
15.034921 87.569878
15.040726 57.568954
15.046531 428.110382
15.052336 425.929657
15.058141 427.278717
15.063946 430.357025
15.069751 436.021790
15.075556 442.077362
15.081361 444.061707
15.087166 443.631134
15.092971 442.241180
15.098776 440.192688
15.104581 437.593750
15.110386 434.862854
15.116191 431.996246
15.121996 429.493347
15.127800 427.807037
15.133605 426.418274
15.139410 425.716217
15.145215 425.960236
15.151020 427.043518
15.156825 428.655396
15.162630 431.286865
15.168435 434.804138
15.174240 438.168335
15.180045 440.255249
15.185850 441.219208
15.191655 441.830566
15.197460 442.700684
15.203265 444.178406
15.209070 446.024445
15.214875 447.451294
15.220680 448.257690
15.226485 448.662445
15.232290 448.401520
15.238095 447.217712
15.243900 445.191681
15.249705 442.077179
15.255510 438.903687
15.261315 436.202698
15.267120 433.115051
15.272925 430.578217
15.278730 429.077606
15.284535 428.111053
15.290340 427.221802
15.296145 426.354401
15.301950 426.088745
15.307755 426.765991
15.313560 428.165558
15.319366 429.897736
15.325171 431.627686
15.330976 433.505005
15.336780 436.052094
15.342585 439.082458
15.348390 441.558624
15.354195 444.869781
15.360000 455.335205
15.365805 149.416168
15.371610 146.867279
15.377415 112.426857
15.383220 112.178558
15.389025 90.427711
15.394830 89.993439
15.400635 56.279545
15.406440 449.633057
15.412245 446.003082
15.418050 442.844971
15.423855 440.110229
15.429660 437.664459
15.435465 435.491302
15.441270 433.561798
15.447075 432.401825
15.452880 431.816895
15.458685 431.488403
15.464490 431.029785
15.470295 430.551910
15.476100 430.513702
15.481905 430.841309
15.487710 431.234528
15.493515 431.872528
15.499320 432.872467
15.505125 434.082886
15.510930 435.606964
15.516735 437.317902
15.522540 438.779419
15.528345 439.834473
15.534150 440.819305
15.539954 441.932678
15.545759 442.914642
15.551564 443.316254
15.557369 443.120056
15.563174 442.582489
15.568979 441.753235
15.574784 440.497681
15.580589 438.815979
15.586394 437.153656
15.592199 436.353882
15.598004 436.488007
15.603809 437.088074
15.609614 438.614410
15.615419 442.793793
15.621224 449.802216
15.627029 458.127411
15.632834 466.623535
15.638639 480.009552
15.644444 494.395264
15.650249 97.473686
15.656054 97.757172
15.661860 97.723236
15.667665 97.571060
15.673470 97.374306
15.679275 97.163025
15.685080 97.087875
15.690885 108.723442
15.696690 3340.371094
15.702495 3323.745850
15.708300 3331.196045
15.714105 3355.072510
15.719910 3400.732910
15.725715 3484.135742
15.731520 3563.471924
15.737325 3507.347412
15.743129 3394.419922
15.748934 106.963745
15.754739 107.039886
15.760544 100.165154
15.766349 1753.434814
15.772154 846.175110
15.777959 841.851135
15.783764 836.590698
15.789569 1749.477295
15.795374 1756.110718
15.801179 1779.590942
15.806984 1823.730713
15.812789 1917.251587
15.818594 2014.591797
15.824399 1044.973877
15.830204 1046.296875
15.836009 839.881470
15.841814 841.961121
15.847619 840.154724
15.853424 838.811707
15.859229 840.154785
15.865034 1812.681396
15.870839 1777.409668
15.876644 1761.378540
15.882449 1771.519897
15.888254 845.774353
15.894059 839.953918
15.899864 1698.607544
15.905669 1670.074341
15.911474 1657.826538
15.917279 1651.363159
15.923084 1648.589722
15.928889 1649.606079
15.934694 829.510254
15.940499 111.349571
15.946304 111.293633
15.952108 111.386086
15.957913 111.716003
15.963718 112.017433
15.969523 112.204643
15.975328 112.402229
15.981133 104.686111
15.986938 104.680901
15.992743 104.716835
15.998549 104.808578
16.004354 104.891502
16.010159 104.930565
16.015965 104.996071
16.021769 97.892830
16.027575 97.899765
16.033379 97.645905
16.039185 97.437889
16.044989 97.483017
16.050795 105.837776
16.056599 6064.092285
16.062403 6135.774902
16.068209 6177.462891
16.074013 6212.104980
16.079819 6262.079102
16.085623 424.324310
16.091429 427.945160
16.097233 430.307983
16.103039 433.850586
16.108843 438.527069
16.114649 443.275726
16.120453 446.702545
16.126259 448.300476
16.132063 447.809052
16.137869 445.322479
16.143673 441.904510
16.149479 438.491577
16.155283 435.250549
16.161089 432.222046
16.166893 429.811218
16.172699 428.665955
16.178503 428.520477
16.184309 429.150970
16.190113 430.969330
16.195919 434.380127
16.201723 439.265289
16.207529 443.783691
16.213333 447.013611
16.219139 448.893524
16.224943 448.762787
16.230749 446.554474
16.236553 443.747284
16.242359 441.598877
16.248163 440.240570
16.253969 439.805695
16.259773 441.872559
16.265577 448.994141
16.271383 108.062180
16.277187 108.171684
16.282993 108.306068
16.288797 489.459351
16.294603 488.708069
16.300407 486.860291
16.306213 484.873169
16.312017 108.039772
16.317823 108.284630
16.323627 108.328499
16.329433 108.258057
16.335238 108.163292
16.341043 108.074005
16.346848 107.992416
16.352654 107.945961
16.358458 107.889137
16.364264 107.858147
16.370068 107.912292
16.375874 108.009323
16.381678 108.048363
16.387484 107.929260
16.393288 107.851761
16.399094 97.090950
16.404898 97.140732
16.410704 6059.783691
16.416508 6114.450684
16.422314 6136.123535
16.428118 6149.687500
16.433924 6165.564941
16.439728 124.266487
16.445534 124.216721
16.451338 122.748848
16.457144 113.598763
16.462948 96.795746
16.468752 56.552837
16.474558 55.636387
16.480362 447.644958
16.486168 443.509277
16.491972 439.701691
16.497778 439.696350
16.503582 442.311157
16.509388 443.043823
16.515192 442.834351
16.520998 441.950745
16.526802 440.064148
16.532608 437.988617
16.538412 436.888763
16.544218 436.489838
16.550022 436.653015
16.555828 437.559601
16.561632 438.842041
16.567438 439.409119
16.573242 438.996674
16.579048 438.444000
16.584852 152.103210
16.590658 152.746246
16.596462 234.165176
16.602268 235.994904
16.608072 237.195541
16.613878 160.121613
16.619682 160.616089
16.625488 161.104691
16.631292 491.780365
16.637098 500.922028
16.642902 505.770172
16.648708 508.076416
16.654512 509.118225
16.660318 510.841370
16.666122 515.793396
16.671926 523.816223
16.677732 530.846985
16.683537 533.440247
16.689342 530.647278
16.695147 523.596741
16.700953 366.382538
16.706757 366.007324
16.712563 365.819031
16.718367 365.771210
16.724173 365.571869
16.729977 365.274292
16.735783 365.039551
16.741587 364.772400
16.747393 364.390106
16.753197 2219.168701
16.759003 364.568146
16.764807 364.824341
16.770613 2334.920166
16.776417 2720.095215
16.782223 0.000000
16.788027 0.000000
16.793833 0.000000
16.799637 1990.546631
16.805443 2464.736084
16.811247 2472.184570
16.817053 2456.703125
16.822857 0.000000
16.828663 0.000000
16.834467 0.000000
16.840273 483.238983
16.846077 482.611603
16.851883 225.148422
16.857687 225.317871
16.863493 225.749634
16.869297 225.931747
16.875101 225.635925
16.880907 224.658005
16.886711 447.216553
16.892517 442.691406
16.898321 437.643951
16.904127 432.379944
16.909931 425.258728
16.915737 418.429657
16.921541 411.326965
16.927347 401.993195
16.933151 392.825592
16.938957 375.496124
16.944761 371.270264
16.950567 368.028351
16.956371 365.552582
16.962177 363.368286
16.967981 361.653137
16.973787 360.665405
16.979591 359.920166
16.985397 359.019135
16.991201 357.877899
16.997007 357.624878
17.002811 358.907684
17.008617 359.999695
17.014421 360.667389
17.020227 361.336517
17.026031 362.226562
17.031837 120.123375
17.037642 119.984863
17.043447 120.311600
17.049252 117.030411
17.055058 104.489624
17.060862 91.270744
17.066668 91.161697
17.072472 91.191551
17.078278 364.584717
17.084082 363.664795
17.089886 362.708618
17.095692 361.928406
17.101496 361.119171
17.107302 360.066437
17.113106 359.015594
17.118912 358.197662
17.124716 358.309326
17.130522 364.143280
17.136326 365.702515
17.142132 484.253632
17.147936 485.584595
17.153742 0.000000
17.159546 180.522232
17.165352 180.883087
17.171156 375.945312
17.176962 368.716278
17.182766 369.000214
17.188572 372.476959
17.194376 374.024048
17.200182 372.546783
17.205986 370.793030
17.211792 369.364960
17.217596 368.049133
17.223402 366.651550
17.229206 365.063080
17.235012 363.761475
17.240816 362.864716
17.246622 362.158875
17.252426 361.194733
17.258232 359.820129
17.264036 358.482208
17.269842 357.496765
17.275646 357.157227
17.281452 357.288727
17.287256 357.583618
17.293060 358.071503
17.298866 359.111908
17.304670 360.691376
17.310476 361.607849
17.316280 361.972015
17.322086 362.526123
17.327890 363.309143
17.333696 363.791077
17.339500 363.999298
17.345306 364.246979
17.351110 364.523376
17.356916 364.578644
17.362720 364.342499
17.368526 364.148712
17.374331 364.213013
17.380136 364.437408
17.385941 364.692169
17.391747 364.917847
17.397551 365.017151
17.403357 364.981537
17.409161 364.978912
17.414967 365.099884
17.420771 365.206055
17.426577 365.249329
17.432381 365.393555
17.438187 365.796906
17.443991 366.385498
17.449797 366.843658
17.455601 367.238251
17.461407 367.774567
17.467211 368.324097
17.473017 368.528046
17.478821 368.523041
17.484627 368.602173
17.490431 369.316620
17.496235 369.941010
17.502041 370.125519
17.507845 369.970490
17.513651 369.508087
17.519455 369.354767
17.525261 369.598022
17.531065 369.465698
17.536871 369.207947
17.542675 369.226501
17.548481 369.743347
17.554285 370.253204
17.560091 370.238434
17.565895 369.438873
17.571701 368.039612
17.577505 366.926697
17.583311 366.069031
17.589115 364.930786
17.594921 363.536377
17.600725 362.134521
17.606531 360.626007
17.612335 358.783691
17.618141 356.996887
17.623945 355.668854
17.629751 354.727631
17.635555 354.050812
17.641361 353.800232
17.647165 354.143860
17.652971 355.021912
17.658775 356.450653
17.664581 358.919922
17.670385 362.702850
17.676191 367.249268
17.681995 371.535675
17.687801 375.126740
17.693605 378.381165
17.699409 381.146484
17.705215 383.178497
17.711020 384.639923
17.716825 385.557709
17.722630 385.712555
17.728436 385.212250
17.734240 384.511139
17.740046 383.962067
17.745850 383.602448
17.751656 383.280273
17.757460 382.909088
17.763266 382.595764
17.769070 382.356689
17.774876 381.999695
17.780680 381.504211
17.786486 381.176666
17.792290 381.052979
17.798096 380.809692
17.803900 380.732117
17.809706 381.382751
17.815510 382.212128
17.821316 382.347107
17.827120 382.031403
17.832926 381.973816
17.838730 382.497101
17.844536 383.074554
17.850340 382.863220
17.856146 381.871765
17.861950 127.001488
17.867756 126.853394
17.873560 126.892868
17.879366 127.035164
17.885170 95.129936
17.890976 94.597778
17.896780 94.138397
17.902586 376.011169
17.908390 372.428894
17.914194 370.416077
17.920000 369.004303
17.925804 367.905151
17.931610 367.128174
17.937414 366.186798
17.943220 364.244385
17.949024 362.437256
17.954830 362.210266
17.960634 362.550323
17.966440 362.635437
17.972244 362.184357
17.978050 361.586121
17.983854 361.226044
17.989660 361.020660
17.995464 360.676788
18.001270 360.300842
18.007074 360.244324
18.012880 360.532654
18.018684 360.960968
18.024490 361.246460
18.030294 361.309814
18.036100 361.527191
18.041904 362.363098
18.047710 363.984100
18.053514 365.921661
18.059320 368.123474
18.065125 370.085022
18.070930 371.891815
18.076735 373.911499
18.082541 375.736938
18.088345 376.926849
18.094151 377.703644
18.099955 378.017181
18.105761 377.372559
18.111565 375.776062
18.117369 374.095459
18.123175 372.584564
18.128979 370.566925
18.134785 367.899963
18.140589 365.429504
18.146395 363.204224
18.152199 360.854279
18.158005 358.685455
18.163809 357.417358
18.169615 178.062820
18.175419 178.154114
18.181225 178.275055
18.187029 178.492676
18.192835 178.945923
18.198639 179.738174
18.204445 180.845398
18.210249 181.368896
18.216055 380.756256
18.221859 246.914856
18.227665 124.055870
18.233469 124.670044
18.239275 124.903542
18.245079 94.157616
18.250885 83.775505
18.256689 756.038269
18.262495 758.886963
18.268299 767.713684
18.274105 373.227570
18.279909 372.811798
18.285715 373.655212
18.291519 374.635498
18.297325 373.883850
18.303129 369.099976
18.308935 361.079773
18.314739 356.951752
18.320543 354.751068
18.326349 354.149109
18.332153 354.478027
18.337959 117.902550
18.343763 118.434837
18.349569 360.765961
18.355373 361.403259
18.361179 362.834656
18.366983 369.995361
18.372789 372.166748
18.378593 373.041290
18.384399 373.588776
18.390203 374.077393
18.396009 374.661743
18.401814 375.328918
18.407619 375.874359
18.413424 375.698273
18.419230 374.710876
18.425034 373.805176
18.430840 373.163971
18.436644 372.251648
18.442450 370.252533
18.448254 366.404510
18.454060 363.985077
18.459864 362.774323
18.465670 361.559082
18.471474 359.261993
18.477280 356.424347
18.483084 354.626434
18.488890 354.699127
18.494694 356.655487
18.500500 362.247009
18.506304 380.692078
18.512110 381.683929
18.517914 382.652222
18.523718 383.581146
18.529524 92.974907
18.535328 108.499245
18.541134 108.522842
18.546938 108.538231
18.552744 108.649422
18.558548 939.124817
18.564354 949.559937
18.570158 516.175293
18.575964 515.710022
18.581768 514.160461
18.587574 218.531219
18.593378 1027.783447
18.599184 1046.970947
18.604988 0.000000
18.610794 103.193321
18.616598 0.000000
18.622404 108.637993
18.628208 109.634552
18.634014 109.579422
18.639818 109.554695
18.645624 109.739586
18.651428 109.764656
18.657234 109.194489
18.663038 108.990616
18.668844 108.863388
18.674648 108.947693
18.680454 109.302032
18.686258 109.228004
18.692064 109.251076
18.697868 109.207504
18.703674 108.947052
18.709478 108.795326
18.715284 108.745872
18.721088 108.761230
18.726892 108.776848
18.732698 108.798096
18.738503 108.825264
18.744308 108.846031
18.750113 108.835075
18.755919 108.791008
18.761723 108.773117
18.767529 108.805321
18.773333 108.863007
18.779139 108.898926
18.784943 108.902802
18.790749 104.504799
18.796553 104.581825
18.802359 104.649307
18.808163 104.616470
18.813969 104.535088
18.819773 104.521919
18.825579 104.598320
18.831383 104.638779
18.837189 108.930214
18.842993 661.281006
18.848799 661.956238
18.854603 661.618774
18.860409 660.990112
18.866213 661.196777
18.872019 660.920349
18.877823 659.251221
18.883629 658.277222
18.889433 859.772034
18.895239 854.327881
18.901043 853.808105
18.906849 855.803589
18.912653 863.312683
18.918459 3472.264404
18.924263 630.625549
18.930069 6207.654297
18.935873 3379.768066
18.941677 3506.354492
18.947483 3741.929443
18.953287 3704.999512
18.959093 644.203003
18.964897 642.278442
18.970703 880.038940
18.976507 882.007812
18.982313 887.468811
18.988117 891.680115
18.993923 3599.867676
18.999727 3590.335449
