0.000000 0.000000
0.005333 0.000000
0.010667 0.000000
0.016000 0.000000
0.021333 0.000000
0.026667 0.000000
0.032000 0.000000
0.037333 0.000000
0.042667 0.000000
0.048000 0.000000
0.053333 0.000000
0.058667 0.000000
0.064000 0.000000
0.069333 0.000000
0.074667 0.000000
0.080000 0.000000
0.085333 0.000000
0.090667 0.000000
0.096000 0.000000
0.101333 0.000000
0.106667 0.000000
0.112000 0.000000
0.117333 0.000000
0.122667 0.000000
0.128000 0.000000
0.133333 0.000000
0.138667 0.000000
0.144000 0.000000
0.149333 0.000000
0.154667 0.000000
0.160000 0.000000
0.165333 0.000000
0.170667 0.000000
0.176000 0.000000
0.181333 0.000000
0.186667 0.000000
0.192000 0.000000
0.197333 0.000000
0.202667 0.000000
0.208000 0.000000
0.213333 0.000000
0.218667 0.000000
0.224000 0.000000
0.229333 0.000000
0.234667 0.000000
0.240000 0.000000
0.245333 0.000000
0.250667 0.000000
0.256000 0.000000
0.261333 0.000000
0.266667 0.000000
0.272000 0.000000
0.277333 0.000000
0.282667 0.000000
0.288000 0.000000
0.293333 0.000000
0.298667 0.000000
0.304000 0.000000
0.309333 0.000000
0.314667 0.000000
0.320000 0.000000
0.325333 0.000000
0.330667 0.000000
0.336000 0.000000
0.341333 0.000000
0.346667 0.000000
0.352000 0.000000
0.357333 0.000000
0.362667 0.000000
0.368000 0.000000
0.373333 0.000000
0.378667 0.000000
0.384000 0.000000
0.389333 0.000000
0.394667 0.000000
0.400000 0.000000
0.405333 0.000000
0.410667 0.000000
0.416000 0.000000
0.421333 0.000000
0.426667 0.000000
0.432000 0.000000
0.437333 0.000000
0.442667 0.000000
0.448000 0.000000
0.453333 0.000000
0.458667 0.000000
0.464000 0.000000
0.469333 0.000000
0.474667 0.000000
0.480000 0.000000
0.485333 0.000000
0.490667 0.000000
0.496000 0.000000
0.501333 0.000000
0.506667 0.000000
0.512000 0.000000
0.517333 0.000000
0.522667 0.000000
0.528000 0.000000
0.533333 0.000000
0.538667 0.000000
0.544000 0.000000
0.549333 0.000000
0.554667 0.000000
0.560000 0.000000
0.565333 0.000000
0.570667 0.000000
0.576000 0.000000
0.581333 0.000000
0.586667 0.000000
0.592000 0.000000
0.597333 0.000000
0.602667 0.000000
0.608000 0.000000
0.613333 0.000000
0.618667 0.000000
0.624000 0.000000
0.629333 0.000000
0.634667 0.000000
0.640000 0.000000
0.645333 0.000000
0.650667 0.000000
0.656000 0.000000
0.661333 0.000000
0.666667 0.000000
0.672000 0.000000
0.677333 0.000000
0.682667 0.000000
0.688000 0.000000
0.693333 0.000000
0.698667 0.000000
0.704000 0.000000
0.709333 0.000000
0.714667 0.000000
0.720000 0.000000
0.725333 0.000000
0.730667 0.000000
0.736000 0.000000
0.741333 0.000000
0.746667 0.000000
0.752000 0.000000
0.757333 0.000000
0.762667 0.000000
0.768000 0.000000
0.773333 0.000000
0.778667 0.000000
0.784000 0.000000
0.789333 0.000000
0.794667 0.000000
0.800000 0.000000
0.805333 0.000000
0.810667 0.000000
0.816000 0.000000
0.821333 0.000000
0.826667 0.000000
0.832000 0.000000
0.837333 0.000000
0.842667 0.000000
0.848000 0.000000
0.853333 0.000000
0.858667 0.000000
0.864000 0.000000
0.869333 0.000000
0.874667 0.000000
0.880000 0.000000
0.885333 0.000000
0.890667 0.000000
0.896000 0.000000
0.901333 0.000000
0.906667 0.000000
0.912000 0.000000
0.917333 0.000000
0.922667 0.000000
0.928000 0.000000
0.933333 0.000000
0.938667 0.000000
0.944000 0.000000
0.949333 0.000000
0.954667 0.000000
0.960000 0.000000
0.965333 0.000000
0.970667 0.000000
0.976000 0.000000
0.981333 0.000000
0.986667 0.000000
0.992000 0.000000
0.997333 0.000000
1.002667 0.000000
1.008000 0.000000
1.013333 0.000000
1.018667 0.000000
1.024000 0.000000
1.029333 0.000000
1.034667 0.000000
1.040000 0.000000
1.045333 0.000000
1.050667 0.000000
1.056000 0.000000
1.061333 0.000000
1.066667 0.000000
1.072000 0.000000
1.077333 0.000000
1.082667 0.000000
1.088000 0.000000
1.093333 0.000000
1.098667 0.000000
1.104000 0.000000
1.109333 0.000000
1.114667 0.000000
1.120000 0.000000
1.125333 0.000000
1.130667 0.000000
1.136000 0.000000
1.141333 0.000000
1.146667 0.000000
1.152000 0.000000
1.157333 0.000000
1.162667 0.000000
1.168000 0.000000
1.173333 0.000000
1.178667 0.000000
1.184000 0.000000
1.189333 0.000000
1.194667 0.000000
1.200000 0.000000
1.205333 0.000000
1.210667 0.000000
1.216000 0.000000
1.221333 0.000000
1.226667 0.000000
1.232000 0.000000
1.237333 0.000000
1.242667 0.000000
1.248000 0.000000
1.253333 0.000000
1.258667 0.000000
1.264000 0.000000
1.269333 0.000000
1.274667 0.000000
1.280000 0.000000
1.285333 0.000000
1.290667 0.000000
1.296000 0.000000
1.301333 0.000000
1.306667 0.000000
1.312000 0.000000
1.317333 0.000000
1.322667 0.000000
1.328000 0.000000
1.333333 0.000000
1.338667 0.000000
1.344000 0.000000
1.349333 0.000000
1.354667 0.000000
1.360000 0.000000
1.365333 0.000000
1.370667 0.000000
1.376000 0.000000
1.381333 0.000000
1.386667 0.000000
1.392000 0.000000
1.397333 0.000000
1.402667 0.000000
1.408000 0.000000
1.413333 0.000000
1.418667 0.000000
1.424000 0.000000
1.429333 0.000000
1.434667 0.000000
1.440000 0.000000
1.445333 0.000000
1.450667 0.000000
1.456000 0.000000
1.461333 0.000000
1.466667 0.000000
1.472000 0.000000
1.477333 0.000000
1.482667 0.000000
1.488000 0.000000
1.493333 0.000000
1.498667 0.000000
1.504000 0.000000
1.509333 0.000000
1.514667 0.000000
1.520000 0.000000
1.525333 0.000000
1.530667 0.000000
1.536000 0.000000
1.541333 0.000000
1.546667 0.000000
1.552000 0.000000
1.557333 0.000000
1.562667 0.000000
1.568000 0.000000
1.573333 0.000000
1.578667 0.000000
1.584000 0.000000
1.589333 0.000000
1.594667 0.000000
1.600000 0.000000
1.605333 0.000000
1.610667 0.000000
1.616000 0.000000
1.621333 0.000000
1.626667 0.000000
1.632000 0.000000
1.637333 0.000000
1.642667 0.000000
1.648000 0.000000
1.653333 0.000000
1.658667 0.000000
1.664000 0.000000
1.669333 0.000000
1.674667 0.000000
1.680000 0.000000
1.685333 0.000000
1.690667 0.000000
1.696000 0.000000
1.701333 0.000000
1.706667 0.000000
1.712000 0.000000
1.717333 0.000000
1.722667 0.000000
1.728000 0.000000
1.733333 0.000000
1.738667 0.000000
1.744000 0.000000
1.749333 0.000000
1.754667 0.000000
1.760000 0.000000
1.765333 0.000000
1.770667 0.000000
1.776000 0.000000
1.781333 0.000000
1.786667 0.000000
1.792000 0.000000
1.797333 0.000000
1.802667 0.000000
1.808000 0.000000
1.813333 0.000000
1.818667 0.000000
1.824000 0.000000
1.829333 0.000000
1.834667 0.000000
1.840000 0.000000
1.845333 0.000000
1.850667 0.000000
1.856000 0.000000
1.861333 0.000000
1.866667 0.000000
1.872000 0.000000
1.877333 0.000000
1.882667 0.000000
1.888000 0.000000
1.893333 0.000000
1.898667 0.000000
1.904000 0.000000
1.909333 0.000000
1.914667 0.000000
1.920000 0.000000
1.925333 0.000000
1.930667 0.000000
1.936000 0.000000
1.941333 0.000000
1.946667 0.000000
1.952000 0.000000
1.957333 0.000000
1.962667 0.000000
1.968000 0.000000
1.973333 0.000000
1.978667 0.000000
1.984000 0.000000
1.989333 0.000000
1.994667 0.000000
2.000000 0.000000
2.005333 0.000000
2.010667 0.000000
2.016000 0.000000
2.021333 0.000000
2.026667 0.000000
2.032000 0.000000
2.037333 0.000000
2.042667 0.000000
2.048000 0.000000
2.053333 0.000000
2.058667 0.000000
2.064000 0.000000
2.069333 0.000000
2.074667 0.000000
2.080000 0.000000
2.085333 0.000000
2.090667 0.000000
2.096000 0.000000
2.101333 0.000000
2.106667 0.000000
2.112000 0.000000
2.117333 0.000000
2.122667 0.000000
2.128000 0.000000
2.133333 0.000000
2.138667 0.000000
2.144000 0.000000
2.149333 0.000000
2.154667 0.000000
2.160000 0.000000
2.165333 0.000000
2.170667 0.000000
2.176000 0.000000
2.181333 0.000000
2.186667 0.000000
2.192000 0.000000
2.197333 0.000000
2.202667 0.000000
2.208000 0.000000
2.213333 0.000000
2.218667 0.000000
2.224000 0.000000
2.229333 0.000000
2.234667 0.000000
2.240000 0.000000
2.245333 0.000000
2.250667 0.000000
2.256000 0.000000
2.261333 0.000000
2.266667 0.000000
2.272000 0.000000
2.277333 0.000000
2.282667 0.000000
2.288000 0.000000
2.293333 0.000000
2.298667 0.000000
2.304000 0.000000
2.309333 0.000000
2.314667 0.000000
2.320000 0.000000
2.325333 0.000000
2.330667 0.000000
2.336000 0.000000
2.341333 0.000000
2.346667 0.000000
2.352000 0.000000
2.357333 0.000000
2.362667 0.000000
2.368000 0.000000
2.373333 0.000000
2.378667 0.000000
2.384000 0.000000
2.389333 0.000000
2.394667 0.000000
2.400000 0.000000
2.405333 0.000000
2.410667 0.000000
2.416000 0.000000
2.421333 0.000000
2.426667 0.000000
2.432000 0.000000
2.437333 0.000000
2.442667 0.000000
2.448000 0.000000
2.453333 0.000000
2.458667 0.000000
2.464000 0.000000
2.469333 0.000000
2.474667 0.000000
2.480000 0.000000
2.485333 0.000000
2.490667 0.000000
2.496000 0.000000
2.501333 0.000000
2.506667 0.000000
2.512000 0.000000
2.517333 0.000000
2.522667 0.000000
2.528000 0.000000
2.533333 0.000000
2.538667 0.000000
2.544000 0.000000
2.549333 0.000000
2.554667 0.000000
2.560000 0.000000
2.565333 0.000000
2.570667 0.000000
2.576000 0.000000
2.581333 0.000000
2.586667 0.000000
2.592000 0.000000
2.597333 0.000000
2.602667 0.000000
2.608000 0.000000
2.613333 0.000000
2.618667 0.000000
2.624000 0.000000
2.629333 0.000000
2.634667 0.000000
2.640000 0.000000
2.645333 0.000000
2.650667 0.000000
2.656000 0.000000
2.661333 0.000000
2.666667 0.000000
2.672000 0.000000
2.677333 0.000000
2.682667 0.000000
2.688000 0.000000
2.693333 0.000000
2.698667 0.000000
2.704000 0.000000
2.709333 0.000000
2.714667 0.000000
2.720000 0.000000
2.725333 0.000000
2.730667 0.000000
2.736000 0.000000
2.741333 0.000000
2.746667 0.000000
2.752000 0.000000
2.757333 0.000000
2.762667 0.000000
2.768000 0.000000
2.773333 0.000000
2.778667 0.000000
2.784000 0.000000
2.789333 0.000000
2.794667 0.000000
2.800000 0.000000
2.805333 0.000000
2.810667 0.000000
2.816000 0.000000
2.821333 0.000000
2.826667 0.000000
2.832000 0.000000
2.837333 0.000000
2.842667 0.000000
2.848000 0.000000
2.853333 0.000000
2.858667 0.000000
2.864000 0.000000
2.869333 0.000000
2.874667 0.000000
2.880000 0.000000
2.885333 0.000000
2.890667 0.000000
2.896000 0.000000
2.901333 0.000000
2.906667 0.000000
2.912000 0.000000
2.917333 0.000000
2.922667 0.000000
2.928000 0.000000
2.933333 0.000000
2.938667 0.000000
2.944000 0.000000
2.949333 0.000000
2.954667 0.000000
2.960000 0.000000
2.965333 0.000000
2.970667 0.000000
2.976000 0.000000
2.981333 0.000000
2.986667 0.000000
2.992000 0.000000
2.997333 0.000000
3.002667 0.000000
3.008000 0.000000
3.013333 0.000000
3.018667 0.000000
3.024000 0.000000
3.029333 0.000000
3.034667 0.000000
3.040000 0.000000
3.045333 0.000000
3.050667 0.000000
3.056000 0.000000
3.061333 0.000000
3.066667 0.000000
3.072000 0.000000
3.077333 0.000000
3.082667 0.000000
3.088000 0.000000
3.093333 0.000000
3.098667 0.000000
3.104000 0.000000
3.109333 0.000000
3.114667 0.000000
3.120000 0.000000
3.125333 0.000000
3.130667 0.000000
3.136000 0.000000
3.141333 0.000000
3.146667 0.000000
3.152000 0.000000
3.157333 0.000000
3.162667 0.000000
3.168000 0.000000
3.173333 0.000000
3.178667 0.000000
3.184000 0.000000
3.189333 0.000000
3.194667 0.000000
3.200000 0.000000
3.205333 0.000000
3.210667 0.000000
3.216000 0.000000
3.221333 0.000000
3.226667 0.000000
3.232000 0.000000
3.237333 0.000000
3.242667 0.000000
3.248000 0.000000
3.253333 0.000000
3.258667 0.000000
3.264000 0.000000
3.269333 0.000000
3.274667 0.000000
3.280000 0.000000
3.285333 0.000000
3.290667 0.000000
3.296000 0.000000
3.301333 0.000000
3.306667 0.000000
3.312000 0.000000
3.317333 0.000000
3.322667 0.000000
3.328000 0.000000
3.333333 0.000000
3.338667 0.000000
3.344000 0.000000
3.349333 0.000000
3.354667 0.000000
3.360000 0.000000
3.365333 0.000000
3.370667 0.000000
3.376000 0.000000
3.381333 0.000000
3.386667 0.000000
3.392000 0.000000
3.397333 0.000000
3.402667 0.000000
3.408000 0.000000
3.413333 0.000000
3.418667 0.000000
3.424000 0.000000
3.429333 0.000000
3.434667 0.000000
3.440000 0.000000
3.445333 0.000000
3.450667 0.000000
3.456000 0.000000
3.461333 0.000000
3.466667 0.000000
3.472000 0.000000
3.477333 0.000000
3.482667 0.000000
3.488000 0.000000
3.493333 0.000000
3.498667 0.000000
3.504000 0.000000
3.509333 0.000000
3.514667 0.000000
3.520000 0.000000
3.525333 0.000000
3.530667 0.000000
3.536000 0.000000
3.541333 0.000000
3.546667 0.000000
3.552000 0.000000
3.557333 0.000000
3.562667 0.000000
3.568000 0.000000
3.573333 0.000000
3.578667 0.000000
3.584000 0.000000
3.589333 0.000000
3.594667 0.000000
3.600000 0.000000
3.605333 0.000000
3.610667 0.000000
3.616000 0.000000
3.621333 0.000000
3.626667 0.000000
3.632000 0.000000
3.637333 0.000000
3.642667 0.000000
3.648000 0.000000
3.653333 0.000000
3.658667 0.000000
3.664000 0.000000
3.669333 0.000000
3.674667 0.000000
3.680000 0.000000
3.685333 0.000000
3.690667 0.000000
3.696000 0.000000
3.701333 0.000000
3.706667 0.000000
3.712000 0.000000
3.717333 0.000000
3.722667 0.000000
3.728000 0.000000
3.733333 0.000000
3.738667 0.000000
3.744000 0.000000
3.749333 0.000000
3.754667 0.000000
3.760000 0.000000
3.765333 0.000000
3.770667 632.635437
3.776000 0.000000
3.781333 0.000000
3.786667 171.424591
3.792000 170.445465
3.797333 111.567688
3.802667 111.254051
3.808000 110.886345
3.813333 86.676697
3.818667 86.846809
3.824000 87.138573
3.829333 86.872673
3.834667 0.000000
3.840000 73.461678
3.845333 73.750969
3.850667 223.291138
3.856000 224.028488
3.861333 225.054016
3.866667 69.189621
3.872000 223.928162
3.877333 223.083588
3.882667 223.001938
3.888000 223.531876
3.893333 224.067596
3.898667 224.229462
3.904000 223.928497
3.909333 222.818909
3.914667 221.281158
3.920000 220.555099
3.925333 220.738724
3.930667 221.600677
3.936000 223.056366
3.941333 0.000000
3.946667 6638.480469
3.952000 6478.445801
3.957333 6268.249023
3.962667 0.000000
3.968000 109.115852
3.973333 4958.373047
3.978667 4934.826172
3.984000 4918.037109
3.989333 4914.931152
3.994667 4907.765625
4.000000 4882.336426
4.005333 4853.564453
4.010667 4874.650879
4.016000 4900.920898
4.021333 4947.842773
4.026667 5023.179199
4.032000 5116.526855
4.037333 0.000000
4.042666 0.000000
4.048000 47.034145
4.053333 47.021915
4.058667 47.438446
4.064000 53.415043
4.069334 51.601662
4.074667 51.576813
4.080000 46.965363
4.085333 46.936096
4.090667 46.996540
4.096000 47.081776
4.101333 47.097816
4.106667 47.008114
4.112000 56.204029
4.117333 46.917095
4.122667 47.005627
4.128000 63.731487
4.133333 63.442505
4.138667 78.116631
4.144000 46.875000
4.149333 46.875000
4.154667 86.854408
4.160000 86.604538
4.165333 46.875000
4.170667 46.875000
4.176000 46.957573
4.181334 79.236366
4.186666 0.000000
4.192000 48.374390
4.197333 47.492096
4.202667 47.717808
4.208000 62.090244
4.213333 140.212723
4.218667 139.801651
4.224000 139.616562
4.229333 139.999069
4.234667 140.749435
4.240000 140.756027
4.245333 140.026932
4.250667 139.213867
4.256000 138.838074
4.261333 222.168274
4.266667 0.000000
4.272000 0.000000
4.277333 159.229462
4.282667 158.985733
4.288000 144.304520
4.293334 143.860550
4.298666 210.235428
4.304000 205.260773
4.309333 204.723007
4.314667 204.341064
4.320000 213.392548
4.325333 213.500534
4.330667 213.360992
4.336000 212.797562
4.341333 211.251465
4.346667 105.074966
4.352000 140.215836
4.357333 140.042358
4.362667 216.870529
4.368000 215.036438
4.373333 209.898514
4.378667 208.513809
4.384000 208.800659
4.389333 210.260437
4.394667 211.417252
4.400000 211.444336
4.405334 210.362122
4.410666 209.411285
4.416000 209.240295
4.421333 209.128647
4.426667 208.693985
4.432000 138.352921
4.437333 138.231445
4.442667 206.690353
4.448000 207.914948
4.453333 209.563019
4.458667 209.869965
4.464000 209.904663
4.469333 210.077469
4.474667 210.233292
4.480000 211.093460
4.485333 212.469177
4.490667 212.710480
4.496000 211.965286
4.501333 211.501236
4.506667 211.674942
4.512000 211.308685
4.517334 69.883415
4.522666 69.572990
4.528000 69.504692
4.533333 69.724739
4.538667 69.846870
4.544000 69.889191
4.549333 0.000000
4.554667 1373.197754
4.560000 1402.078613
4.565333 1417.421265
4.570667 146.877884
4.576000 148.085037
4.581333 484.036743
4.586667 484.343658
4.592000 482.905273
4.597333 1466.930298
4.602667 182.474976
4.608000 183.240707
4.613333 156.451935
4.618667 202.537994
4.624000 294.714783
4.629333 294.578278
4.634666 0.000000
4.640000 0.000000
4.645333 0.000000
4.650667 243.572128
4.656000 384.946716
4.661334 1572.386719
4.666667 1570.777222
4.672000 1576.837280
4.677333 1568.519531
4.682667 1546.231689
4.688000 1541.762573
4.693333 172.097458
4.698667 171.765778
4.704000 290.118805
4.709333 291.743011
4.714667 214.330963
4.720000 101.218628
4.725333 101.267403
4.730667 142.653641
4.736000 142.312332
4.741333 70.233856
4.746666 70.302864
4.752000 210.574829
4.757333 210.563782
4.762667 210.262817
4.768000 210.464325
4.773334 210.599442
4.778666 210.087067
4.784000 209.897324
4.789333 210.292450
4.794667 211.094421
4.800000 211.512817
4.805333 215.798615
4.810667 216.249207
4.816000 215.575577
4.821333 214.625443
4.826667 214.097992
4.832000 213.751938
4.837333 212.858841
4.842667 211.276367
4.848000 210.799240
4.853333 69.431030
4.858667 69.482597
4.864000 69.903999
4.869333 69.798363
4.874667 69.714455
4.880000 69.605225
4.885334 69.591019
4.890666 69.734596
4.896000 69.859596
4.901333 69.881104
4.906667 69.836266
4.912000 69.828888
4.917333 69.841179
4.922667 139.919449
4.928000 139.735809
4.933333 209.025162
4.938667 206.438766
4.944000 206.937836
4.949333 208.416107
4.954667 4762.865234
4.960000 4641.262207
4.965333 4685.846680
4.970667 4828.379395
4.976000 4951.398438
4.981333 5011.149414
4.986667 4981.833496
4.992000 4926.826172
4.997334 4885.757324
5.002666 4856.511230
5.008000 194.989868
5.013333 194.764709
5.018667 194.699127
5.024000 194.828796
5.029333 419.685822
5.034667 420.738556
5.040000 204.239243
5.045333 206.268204
5.050667 210.343567
5.056000 213.226395
5.061333 214.237045
5.066667 214.026367
5.072000 212.855499
5.077333 211.194870
5.082667 210.025360
5.088000 209.525925
5.093333 209.513702
5.098667 209.531860
5.104000 209.066147
5.109334 207.981903
5.114666 206.481018
5.120000 199.862381
5.125333 134.849945
5.130667 125.033287
5.136000 123.039886
5.141333 95.507896
5.146667 92.963646
5.152000 83.093216
5.157333 69.927475
5.162667 71.287102
5.168000 71.376312
5.173333 71.310997
5.178667 71.367424
5.184000 72.774315
5.189333 46.875000
5.194667 51.877441
5.200000 57.558334
5.205333 57.202606
5.210667 52.571510
5.216000 52.525486
5.221334 47.107029
5.226666 46.902802
5.232000 46.875000
5.237333 52.194817
5.242667 52.107220
5.248000 52.022419
5.253334 52.057220
5.258667 207.458847
5.264000 206.385910
5.269333 6337.998535
5.274667 6319.390137
5.280000 6325.448730
5.285333 6307.204102
5.290667 6063.013184
5.296000 4364.643066
5.301333 4527.455566
5.306667 4706.631836
5.312000 4764.309570
5.317333 4762.318359
5.322667 4762.514648
5.328000 4778.059570
5.333333 4787.059570
5.338666 4806.994141
5.344000 4870.196289
5.349333 4877.639648
5.354667 4846.067383
5.360000 4832.844727
5.365334 4861.883301
5.370667 4856.329102
5.376000 4766.563477
5.381333 4690.774902
5.386667 4683.413086
5.392000 4622.927246
5.397333 4576.470703
5.402667 4563.779297
5.408000 4599.235840
5.413333 4723.799316
5.418667 206.644669
5.424000 206.932770
5.429333 207.048615
5.434667 206.839737
5.440000 206.630981
5.445333 207.111649
5.450667 209.722626
5.456000 210.478745
5.461333 4853.963867
5.466667 4996.479980
5.472000 5091.745605
5.477334 5082.506836
5.482666 4986.738281
5.488000 4895.926758
5.493333 4843.800293
5.498667 4821.304199
5.504000 4850.269531
5.509333 4956.757324
5.514667 4988.686035
5.520000 0.000000
5.525333 0.000000
5.530667 4794.875977
5.536000 0.000000
5.541333 4711.484375
5.546667 0.000000
5.552000 0.000000
5.557333 70.363373
5.562667 0.000000
5.568000 0.000000
5.573333 207.112274
5.578667 0.000000
5.584000 0.000000
5.589334 207.528366
5.594666 203.439987
5.600000 0.000000
5.605333 0.000000
5.610667 175.507751
5.616000 159.498810
5.621333 159.253586
5.626667 154.043655
5.632000 147.960129
5.637333 81.664314
5.642667 90.068535
5.648000 92.319427
5.653333 81.260803
5.658667 432.281403
5.664000 436.591553
5.669333 442.739868
5.674667 447.389221
5.680000 449.666840
5.685333 198.300980
5.690667 197.973801
5.696000 414.972565
5.701334 409.511902
5.706666 404.132233
5.712000 401.623047
5.717333 401.376831
5.722667 212.170609
5.728000 215.623108
5.733333 218.221390
5.738667 220.109634
5.744000 1080.717407
5.749333 1080.851685
5.754667 232.260574
5.760000 232.211731
5.765333 231.219437
5.770667 230.196991
5.776000 229.387634
5.781333 228.548828
5.786667 227.152557
5.792000 446.366821
5.797333 436.652100
5.802667 431.521027
5.808000 430.599976
5.813334 428.873077
5.818666 423.276794
5.824000 411.432953
5.829333 408.880035
5.834667 410.369080
5.840000 50.131519
5.845333 49.954620
5.850667 48.497089
5.856000 47.115093
5.861333 47.098335
5.866667 48.496090
5.872000 968.896729
5.877333 439.821747
5.882667 439.959412
5.888000 440.066223
5.893333 1479.758057
5.898667 1445.615356
5.904000 1442.769531
5.909333 490.646454
5.914667 1577.272705
5.920000 1567.438477
5.925333 1583.408691
5.930666 284.344727
5.936000 97.891403
5.941333 186.129929
5.946667 185.578049
5.952000 201.136353
5.957334 329.321869
5.962667 167.691772
5.968000 168.174362
5.973333 1643.650269
5.978667 1658.653320
5.984000 1652.888916
5.989333 526.578735
5.994667 522.523682
6.000000 493.683990
6.005333 1513.704102
6.010667 1535.343506
6.016000 1608.184082
6.021333 1652.126709
6.026667 1670.240845
6.032000 1689.030884
6.037333 890.377380
6.042666 100.461868
6.048000 1467.889038
6.053333 1524.610229
6.058667 1573.269775
6.064000 1559.115967
6.069334 1526.462280
6.074667 1509.841797
6.080000 1521.016968
6.085333 0.000000
6.090667 0.000000
6.096000 0.000000
6.101333 0.000000
6.106667 0.000000
6.112000 1624.329590
6.117333 1667.838745
6.122667 1677.523315
6.128000 164.228561
6.133333 4915.036621
6.138667 5049.067383
6.144000 5035.160645
6.149333 4965.361328
6.154667 4894.567383
6.160000 4850.765625
6.165333 4821.004395
6.170667 4772.254883
6.176000 4722.535645
6.181334 0.000000
6.186666 4663.478027
6.192000 0.000000
6.197333 0.000000
6.202667 0.000000
6.208000 0.000000
6.213333 0.000000
6.218667 0.000000
6.224000 0.000000
6.229333 0.000000
6.234667 0.000000
6.240000 0.000000
6.245333 0.000000
6.250667 0.000000
6.256000 0.000000
6.261333 166.333801
6.266667 1556.008301
6.272000 1547.113281
6.277333 1557.333740
6.282667 1509.010010
6.288000 1491.170776
6.293334 1478.237061
6.298666 1451.466064
6.304000 4971.005859
6.309333 4973.918457
6.314667 4948.274902
6.320000 4885.282715
6.325333 205.067703
6.330667 409.783417
6.336000 407.902710
6.341333 406.353180
6.346667 405.121979
6.352000 448.641388
6.357333 448.298340
6.362667 408.543884
6.368000 407.716919
6.373333 403.046295
6.378667 395.536835
6.384000 393.999054
6.389333 394.806580
6.394667 200.735901
6.400000 230.864975
6.405334 230.598022
6.410666 228.704803
6.416000 228.113281
6.421333 228.629333
6.426667 228.989334
6.432000 229.042862
6.437333 229.028854
6.442667 229.010559
6.448000 228.753372
6.453333 227.670227
6.458667 145.230392
6.464000 129.706818
6.469333 134.394531
6.474667 111.495537
6.480000 84.407745
6.485333 82.650764
6.490667 70.043404
6.496000 70.097145
6.501333 70.137398
6.506667 104.791801
6.512000 104.949501
6.517334 105.183311
6.522666 210.734131
6.528000 211.172562
6.533333 212.700760
6.538667 213.629471
6.544000 212.209274
6.549333 209.611938
6.554667 207.740097
6.560000 206.868118
6.565333 207.782425
6.570667 210.098129
6.576000 211.296494
6.581333 211.010284
6.586667 209.778305
6.592000 208.686966
6.597333 208.244019
6.602667 207.966797
6.608000 206.397446
6.613333 211.524170
6.618667 6447.711426
6.624000 6489.688965
6.629333 0.000000
6.634666 4530.707520
6.640000 4912.337402
6.645333 4956.396484
6.650667 4920.915039
6.656000 4863.587402
6.661334 4805.357910
6.666667 4749.028809
6.672000 4766.122559
6.677333 4927.997559
6.682667 5063.418945
6.688000 5150.324707
6.693333 69.516121
6.698667 52.790359
6.704000 52.726742
6.709333 52.751320
6.714667 207.990677
6.720000 208.158157
6.725333 52.608143
6.730667 210.814621
6.736000 209.319061
6.741333 207.498016
6.746666 207.160522
6.752000 208.432480
6.757333 209.220444
6.762667 209.459167
6.768000 210.507980
6.773334 52.648144
6.778666 210.642563
6.784000 210.067566
6.789333 210.277328
6.794667 52.560852
6.800000 52.569763
6.805333 52.256233
6.810667 212.168396
6.816000 70.480049
6.821333 53.063267
6.826667 213.008667
6.832000 212.420959
6.837333 212.025406
6.842667 55.026188
6.848000 52.664330
6.853333 52.257595
6.858667 69.924606
6.864000 70.099884
6.869333 209.736359
6.874667 207.515656
6.880000 203.283783
6.885334 164.654633
6.890666 161.552109
6.896000 208.550827
6.901333 210.968811
6.906667 211.332947
6.912000 211.678131
6.917333 218.087494
6.922667 220.739532
6.928000 221.589066
6.933333 70.691483
6.938667 0.000000
6.944000 179.501801
6.949333 155.280899
6.954667 145.343628
6.960000 144.474075
6.965333 144.893600
6.970667 86.480042
6.976000 227.975739
6.981333 477.102997
6.986667 475.599792
6.992000 78.032097
6.997334 226.541321
7.002666 226.541702
7.008000 226.839371
7.013333 84.572891
7.018667 194.076218
7.024000 379.261261
7.029333 399.384064
7.034667 400.650391
7.040000 402.014862
7.045333 404.568268
7.050667 202.887161
7.056000 239.890091
7.061333 238.466232
7.066667 149.871338
7.072000 562.950500
7.077333 558.647705
7.082667 217.239975
7.088000 217.948502
7.093333 218.698624
7.098667 219.482635
7.104000 219.915924
7.109334 219.548340
7.114666 218.663803
7.120000 217.429428
7.125333 215.911377
7.130667 214.423584
7.136000 213.074966
7.141333 210.917435
7.146667 138.087845
7.152000 138.957321
7.157333 139.599426
7.162667 140.082687
7.168000 78.755318
7.173333 0.000000
7.178667 137.617462
7.184000 137.798782
7.189333 138.309311
7.194667 138.862259
7.200000 139.960526
7.205333 46.875000
7.210667 244.813141
7.216000 0.000000
7.221334 1275.557129
7.226666 1318.083740
7.232000 1373.698975
7.237333 1396.320923
7.242667 1402.625854
7.248000 1576.337402
7.253334 1571.015259
7.258667 1558.057129
7.264000 1578.026367
7.269333 0.000000
7.274667 192.537125
7.280000 193.261993
7.285333 186.258682
7.290667 0.000000
7.296000 0.000000
7.301333 0.000000
7.306667 226.357605
7.312000 0.000000
7.317333 153.354095
7.322667 210.603241
7.328000 1491.844727
7.333333 1472.604370
7.338666 1481.075806
7.344000 365.660797
7.349333 369.276917
7.354667 373.771301
7.360000 1700.242310
7.365334 138.055283
7.370667 138.421646
7.376000 138.252579
7.381333 138.337280
7.386667 172.930099
7.392000 142.477097
7.397333 1471.479492
7.402667 1460.440186
7.408000 142.837051
7.413333 70.340294
7.418667 70.688232
7.424000 70.927605
7.429333 70.150238
7.434667 274.320404
7.440000 275.109070
7.445333 276.822144
7.450667 279.443756
7.456000 221.124054
7.461333 139.754730
7.466667 139.681458
7.472000 139.907028
7.477334 140.259186
7.482666 5109.562012
7.488000 4969.470215
7.493333 4901.627441
7.498667 4910.636230
7.504000 139.103409
7.509333 138.920731
7.514667 138.804871
7.520000 138.437317
7.525333 138.114517
7.530667 139.488068
7.536000 140.041122
7.541333 139.822571
7.546667 139.656830
7.552000 139.569275
7.557333 139.536926
7.562667 139.793915
7.568000 140.396698
7.573333 140.904129
7.578667 141.002228
7.584000 140.686188
7.589334 139.986420
7.594666 139.796585
7.600000 140.264313
7.605333 139.401489
7.610667 1789.588135
7.616000 1828.823120
7.621333 1904.792358
7.626667 654.962158
7.632000 4640.895996
7.637333 4801.927734
7.642667 4863.647949
7.648000 4858.684082
7.653333 4813.535156
7.658667 4736.883789
7.664000 479.226532
7.669333 410.620575
7.674667 411.064209
7.680000 410.666382
7.685333 409.263855
7.690667 403.124512
7.696000 402.020691
7.701334 193.993484
7.706666 193.730072
7.712000 383.950287
7.717333 388.244965
7.722667 388.308105
7.728000 387.572327
7.733333 564.497009
7.738667 561.425049
7.744000 561.686890
7.749333 562.287781
7.754667 219.847076
7.760000 220.231476
7.765333 220.998383
7.770667 221.221832
7.776000 221.184280
7.781333 221.232651
7.786667 217.702240
7.792000 172.875656
7.797333 172.644379
7.802667 105.319077
7.808000 105.024849
7.813334 104.624702
7.818666 70.862251
7.824000 70.758453
7.829333 0.000000
7.834667 72.755852
7.840000 72.708038
7.845333 61.560162
7.850667 93.215088
7.856000 93.905083
7.861333 188.472290
7.866667 187.124619
7.872000 185.202148
7.877333 184.451889
7.882667 184.755081
7.888000 185.257980
7.893333 185.421646
7.898667 185.424377
7.904000 185.645020
7.909333 185.982895
7.914667 186.041275
7.920000 185.923706
7.925333 185.966644
7.930666 92.883453
7.936000 185.139420
7.941333 185.001343
7.946667 185.392609
7.952000 185.446304
7.957334 185.501144
7.962667 185.537735
7.968000 185.387070
7.973333 4911.849609
7.978667 5022.519043
7.984000 5007.094727
7.989333 4918.330078
7.994667 4833.966309
8.000000 4791.795410
8.005333 4852.885254
8.010667 4999.974121
8.016000 5027.034180
8.021334 5008.089844
8.026667 184.483246
8.032000 184.573425
8.037333 93.238899
8.042666 185.889755
8.048000 185.947418
8.053333 46.949718
8.058666 46.875000
8.064000 92.704140
8.069333 92.517708
8.074667 47.082973
8.080000 46.998768
8.085333 92.172218
8.090667 92.011955
8.096000 47.340874
8.101334 47.314026
8.106667 91.906494
8.112000 183.237350
8.117333 46.986122
8.122666 47.063030
8.128000 93.019043
8.133333 91.544907
8.138667 46.919670
8.144000 46.903698
8.149333 0.000000
8.154667 47.053593
8.160000 46.931393
8.165334 46.875000
8.170667 93.190628
8.176000 92.084549
8.181334 47.047562
8.186666 46.962139
8.192000 187.233612
8.197333 187.028336
8.202666 186.806091
8.208000 185.759552
8.213333 184.038208
8.218667 183.530106
8.224000 185.454605
8.229333 186.850342
8.234667 186.429657
8.240000 185.577835
8.245334 185.425232
8.250667 185.874573
8.256000 185.839508
8.261333 182.665924
8.266666 180.892868
8.272000 0.000000
8.277333 180.234375
8.282666 159.390305
8.288000 139.294022
8.293333 138.973572
8.298667 81.414268
8.304000 87.038353
8.309334 87.198196
8.314667 87.481705
8.320000 81.281075
8.325334 0.000000
8.330667 0.000000
8.336000 209.662476
8.341333 209.336807
8.346666 416.670044
8.352000 416.398804
8.357333 413.778717
8.362667 408.139374
8.368000 406.687775
8.373333 411.255157
8.378667 417.111328
8.384000 207.797668
8.389334 208.381241
8.394667 210.247787
8.400000 213.322937
8.405334 215.630768
8.410666 216.761398
8.416000 217.070007
8.421333 216.767014
8.426666 216.801788
8.432000 217.572662
8.437333 218.310791
8.442667 218.519058
8.448000 217.600723
8.453333 216.240097
8.458667 215.064774
8.464000 213.361816
8.469334 211.485794
8.474667 211.296371
8.480000 212.345901
8.485333 221.660172
8.490666 222.203873
8.496000 52.088951
8.501333 52.030907
8.506667 69.739723
8.512000 69.821083
8.517333 104.993927
8.522667 104.983459
8.528000 70.039703
8.533334 106.109528
8.538667 107.428429
8.544000 984.327454
8.549334 981.999390
8.554667 1282.613037
8.560000 1342.452881
8.565333 1360.924316
8.570666 1432.227295
8.576000 1548.417114
8.581333 1547.513428
8.586667 1538.458252
8.592000 1539.528076
8.597333 146.830276
8.602667 0.000000
8.608000 155.835098
8.613334 156.169724
8.618667 149.637238
8.624000 326.197327
8.629333 328.436432
8.634666 257.258545
8.640000 256.862762
8.645333 184.888489
8.650666 184.734924
8.656000 183.913315
8.661333 213.227951
8.666667 213.184082
8.672000 258.303894
8.677333 361.023773
8.682667 99.230133
8.688000 1650.068481
8.693334 857.507751
8.698667 872.952637
8.704000 870.998535
8.709333 150.967239
8.714666 151.465286
8.720000 151.285477
8.725333 124.180992
8.730667 1407.148071
8.736000 1442.851074
8.741333 1459.601807
8.746667 1482.957275
8.752000 211.176376
8.757334 210.272232
8.762667 208.775848
8.768000 209.620056
8.773334 210.882065
8.778666 211.116028
8.784000 210.791412
8.789333 210.073349
8.794666 210.312912
8.800000 211.456253
8.805333 217.043381
8.810667 216.924744
8.816000 215.711441
8.821333 213.445343
8.826667 4909.639648
8.832000 213.398941
8.837334 213.742828
8.842667 69.556229
8.848000 69.557518
8.853333 69.489388
8.858666 69.425491
8.864000 69.464195
8.869333 69.657837
8.874666 96.090340
8.880000 263.088165
8.885333 261.926788
8.890667 69.441177
8.896000 69.514099
8.901334 69.620880
8.906667 69.744720
8.912000 69.751068
8.917334 69.616371
8.922667 138.413879
8.928000 139.749466
8.933333 215.360016
8.938666 215.733871
8.944000 216.235458
8.949333 217.183090
8.954667 386.126068
8.960000 4468.807617
8.965333 4741.561035
8.970667 4958.157715
8.976000 5057.705566
8.981334 4994.738281
8.986667 1664.689575
8.992000 1662.094971
8.997334 3737.299805
9.002666 170.043274
9.008000 169.503540
9.013333 171.836914
9.018666 171.872833
9.024000 171.704498
9.029333 577.170288
9.034667 575.592957
9.040000 191.389221
9.045333 192.357285
9.050667 195.221832
9.056000 196.581482
9.061334 197.549881
9.066667 198.442551
9.072000 199.314621
9.077333 200.154404
9.082666 201.077515
9.088000 202.531006
9.093333 203.987228
9.098666 204.964508
9.104000 206.259476
9.109333 449.132080
9.114667 216.292999
9.120000 146.481506
9.125334 146.322754
9.130667 146.192078
9.136000 110.085571
9.141334 109.692047
9.146667 86.723610
9.152000 86.732346
9.157333 73.357071
9.162666 73.058075
9.168000 70.414589
9.173333 74.133369
9.178667 223.294830
9.184000 222.900742
9.189333 222.243362
9.194667 221.514984
9.200000 221.752594
9.205334 222.704086
9.210667 223.973206
9.216000 225.520844
9.221334 226.365936
9.226666 226.905167
9.232000 4086.552734
9.237333 3966.344971
9.242666 3848.109375
9.248000 3770.477295
9.253333 3794.459717
9.258667 3993.501221
9.264000 4133.812012
9.269333 3974.514893
9.274667 3759.761719
9.280000 3637.092041
9.285334 3587.748047
9.290667 3620.408936
9.296000 3734.196045
9.301333 3999.823486
9.306666 4610.256348
9.312000 4894.598145
9.317333 4869.095703
9.322667 4726.976074
9.328000 4429.474609
9.333333 246.427124
9.338667 245.996429
9.344000 245.145081
9.349334 243.408371
9.354667 241.211044
9.360000 452.282623
9.365334 453.331146
9.370667 221.220016
9.376000 219.250992
9.381333 215.307587
9.386666 211.896866
9.392000 209.575394
9.397333 207.561676
9.402667 205.581406
9.408000 204.060196
9.413333 203.220169
9.418667 202.854797
9.424000 202.656158
9.429334 202.256180
9.434667 201.573273
9.440000 200.802750
9.445333 199.986465
9.450666 199.054840
9.456000 198.053375
9.461333 196.934464
9.466666 195.604691
9.472000 194.193512
9.477333 192.892761
9.482667 191.879547
9.488000 190.909546
9.493333 189.625580
9.498667 188.292038
9.504000 187.294998
9.509334 186.584564
9.514667 185.946671
9.520000 185.199570
9.525333 184.444901
9.530666 183.988937
9.536000 183.887054
9.541333 183.992340
9.546667 184.184174
9.552000 184.393005
9.557333 184.591400
9.562667 184.855408
9.568000 185.286728
9.573334 185.984650
9.578667 187.015045
9.584000 187.933289
9.589334 187.988922
9.594666 186.844681
9.600000 185.183609
9.605333 184.146866
9.610666 183.450211
9.616000 159.011856
9.621333 158.736313
9.626667 205.328156
9.632000 208.166779
9.637333 208.885254
9.642667 208.357193
9.648000 205.646362
9.653334 205.117203
9.658667 136.697006
9.664000 206.345032
9.669333 207.996765
9.674666 210.179016
9.680000 211.066025
9.685333 142.242554
9.690666 104.092522
9.696000 210.912781
9.701333 209.451172
9.706667 208.179764
9.712000 207.952057
9.717334 208.978897
9.722667 210.209015
9.728000 210.766510
9.733334 210.544724
9.738667 209.975189
9.744000 209.753799
9.749333 209.541412
9.754666 208.913818
9.760000 208.036789
9.765333 207.343430
9.770667 206.828827
9.776000 69.706360
9.781333 69.961151
9.786667 208.723785
9.792000 208.755341
9.797334 209.026855
9.802667 105.425079
9.808000 105.131371
9.813334 208.708023
9.818666 210.286942
9.824000 210.732986
9.829333 105.424759
9.834666 104.483116
9.840000 207.450089
9.845333 208.382782
9.850667 208.740417
9.856000 69.979256
9.861333 69.861115
9.866667 69.763130
9.872000 69.816666
9.877334 70.302826
9.882667 0.000000
9.888000 0.000000
9.893333 0.000000
9.898666 0.000000
9.904000 190.058365
9.909333 51.640755
9.914667 1594.124634
9.920000 488.781036
9.925333 1575.974243
9.930667 1558.719360
9.936000 183.232254
9.941334 156.661774
9.946667 157.300568
9.952000 185.066757
9.957334 331.944183
9.962667 331.707275
9.968000 0.000000
9.973333 184.419525
9.978666 184.295670
9.984000 239.537811
9.989333 183.317596
9.994667 1559.252563
10.000000 1544.926758
10.005333 1574.746460
10.010667 1664.057739
10.016000 1705.512939
10.021334 1705.950806
10.026667 1686.654175
10.032000 1599.198486
10.037333 1491.144653
10.042666 1473.610107
10.048000 221.876282
10.053333 68.167862
10.058666 1512.348267
10.064000 1483.135376
10.069333 1481.273682
10.074667 206.406006
10.080000 208.426880
10.085333 208.331940
10.090667 208.687469
10.096000 209.519455
10.101334 210.467575
10.106667 210.260696
10.112000 209.947113
10.117333 210.160767
10.122666 210.191666
10.128000 210.181015
10.133333 210.432388
10.138667 210.735947
10.144000 213.871597
10.149333 213.923660
10.154667 213.899399
10.160000 214.026199
10.165334 214.752747
10.170667 389.643707
10.176000 176.717575
10.181334 176.812302
10.186666 177.171265
10.192000 390.458466
10.197333 390.080536
10.202666 188.474899
10.208000 190.023163
10.213333 395.305145
10.218667 393.915894
10.224000 392.111481
10.229333 389.300781
10.234667 387.680817
10.240000 195.464478
10.245334 195.719635
10.250667 196.227875
10.256000 394.036102
10.261333 393.594391
10.266666 184.106735
10.272000 206.587814
10.277333 451.657959
10.282666 212.813629
10.288000 212.479736
10.293333 4828.332520
10.298667 4919.941406
10.304000 4995.608887
10.309334 4995.464844
10.314667 4950.506348
10.320000 4917.011719
10.325334 4918.594238
10.330667 4928.929688
10.336000 4918.978516
10.341333 4921.958008
10.346666 4935.091797
10.352000 4908.072266
10.357333 4865.963867
10.362667 4869.510254
10.368000 4884.386230
10.373333 4885.705566
10.378667 4917.953613
10.384000 4945.339844
10.389334 4948.160645
10.394667 4939.423340
10.400000 4942.063477
10.405334 4935.333008
10.410666 4906.883789
10.416000 4895.047852
10.421333 4901.537598
10.426666 4918.620605
10.432000 4930.250977
10.437333 4925.189941
10.442667 4871.745117
10.448000 4777.645996
10.453333 4792.306152
10.458667 123.021049
10.464000 116.931969
10.469334 113.928551
10.474667 108.272293
10.480000 85.462166
10.485333 4769.563477
10.490666 68.016624
10.496000 69.340790
10.501333 69.248222
10.506667 70.594940
10.512000 70.521782
10.517333 447.585236
10.522667 449.291809
10.528000 451.872864
10.533334 450.887360
10.538667 205.025589
10.544000 204.010727
10.549334 202.975174
10.554667 201.736008
10.560000 200.703415
10.565333 200.254684
10.570666 199.858582
10.576000 199.359528
10.581333 198.691208
10.586667 630.545105
10.592000 626.940613
10.597333 210.670914
10.602667 210.673965
10.608000 211.283630
10.613334 211.219971
10.618667 6302.890137
10.624000 6211.659180
10.629333 407.767334
10.634666 4331.366211
10.640000 4590.285645
10.645333 4730.738770
10.650666 4815.477539
10.656000 4878.032227
10.661333 606.359192
10.666667 607.184937
10.672000 148.914474
10.677333 147.399277
10.682667 146.989380
10.688000 605.121704
10.693334 613.819153
10.698667 620.229370
10.704000 624.478638
10.709333 634.781189
10.714666 657.695984
10.720000 673.772888
10.725333 676.446838
10.730667 678.676941
10.736000 687.631348
10.741333 697.818176
10.746667 704.158691
10.752000 708.289490
10.757334 497.231903
10.762667 494.059235
10.768000 286.813934
10.773334 285.059204
10.778666 282.382812
10.784000 279.802124
10.789333 663.065979
10.794666 669.054138
10.800000 110.321358
10.805333 109.932899
10.810667 109.954544
10.816000 110.473259
10.821333 110.662445
10.826667 109.837837
10.832000 105.784920
10.837334 110.256042
10.842667 156.058258
10.848000 91.399147
10.853333 0.000000
10.858666 0.000000
10.864000 0.000000
10.869333 295.744080
10.874666 295.906891
10.880000 1705.855591
10.885333 3355.971191
10.890667 1696.862061
10.896000 175.853683
10.901334 175.679855
10.906667 109.380692
10.912000 0.000000
10.917334 0.000000
10.922667 0.000000
10.928000 455.622406
10.933333 0.000000
10.938666 183.967712
10.944000 181.657181
10.949333 157.931061
10.954667 157.750809
10.960000 139.489624
10.965333 76.772850
10.970667 80.057999
10.976000 89.677795
10.981334 81.546387
10.986667 81.502449
10.992000 1845.929077
10.997334 105.280083
11.002666 470.778351
11.008000 473.287445
11.013333 577.249939
11.018666 579.982666
11.024000 583.335144
11.029333 586.840942
11.034667 586.195007
11.040000 582.509827
11.045333 579.390259
11.050667 576.798218
11.056000 574.515503
11.061334 573.286316
11.066667 572.173279
11.072000 570.724182
11.077333 463.348175
11.082666 467.320984
11.088000 2086.116699
11.093333 481.698364
11.098666 486.505798
11.104000 489.437286
11.109333 493.580322
11.114667 497.147400
11.120000 499.714417
11.125334 501.934082
11.130667 403.775330
11.136000 401.515442
11.141334 398.383240
11.146667 49.361359
11.152000 49.213593
11.157333 48.911255
11.162666 47.635395
11.168000 51.015694
11.173333 51.508133
11.178667 47.136574
11.184000 47.131218
11.189333 47.131390
11.194667 47.190147
11.200000 47.120975
11.205334 966.651123
11.210667 436.148407
11.216000 436.649933
11.221334 436.858093
11.226666 1487.804321
11.232000 1456.500732
11.237333 51.654839
11.242666 739.706177
11.248000 1532.465210
11.253333 1523.661255
11.258667 1539.398682
11.264000 98.557549
11.269333 156.084625
11.274667 155.927383
11.280000 183.911331
11.285334 149.435638
11.290667 169.596634
11.296000 0.000000
11.301333 134.320801
11.306666 1591.976929
11.312000 1593.012451
11.317333 183.559296
11.322667 183.076202
11.328000 182.560577
11.333333 484.948090
11.338667 364.068115
11.344000 363.839813
11.349334 159.487488
11.354667 99.188362
11.360000 1660.122681
11.365334 847.249084
11.370667 847.985046
11.376000 138.980530
11.381333 138.771027
11.386666 152.069275
11.392000 173.039856
11.397333 463.548309
11.402667 1496.676636
11.408000 1477.545044
11.413333 1499.585449
11.418667 0.000000
11.424000 0.000000
11.429334 0.000000
11.434667 0.000000
11.440000 0.000000
11.445333 1691.960205
11.450666 1665.808594
11.456000 1658.199341
11.461333 0.000000
11.466666 5158.789551
11.472000 5164.708496
11.477333 215.040268
11.482667 177.704468
11.488000 176.992798
11.493333 177.185516
11.498667 177.631897
11.504000 178.223312
11.509334 179.131866
11.514667 180.389740
11.520000 182.311737
11.525333 184.451859
11.530666 195.516083
11.536000 196.745087
11.541333 418.890289
11.546667 211.895309
11.552000 213.861282
11.557333 215.571732
11.562667 217.268677
11.568000 219.009201
11.573334 220.784805
11.578667 221.994431
11.584000 222.448410
11.589334 222.351227
11.594666 3590.700439
11.600000 3624.713379
11.605333 3649.606934
11.610666 3662.984131
11.616000 3689.689941
11.621333 3812.072510
11.626667 194.589035
11.632000 4516.328613
11.637333 4778.060547
11.642667 4823.749023
11.648000 4787.428711
11.653334 4744.075195
11.658667 214.915436
11.664000 215.535721
11.669333 217.058243
11.674666 217.957626
11.680000 217.052032
11.685333 215.997726
11.690666 215.308792
11.696000 215.003632
11.701333 215.622986
11.706667 216.391724
11.712000 216.375885
11.717334 215.957581
11.722667 215.351578
11.728000 214.566422
11.733334 213.698212
11.738667 212.938202
11.744000 212.416992
11.749333 211.906281
11.754666 211.123886
11.760000 210.325531
11.765333 209.848251
11.770667 209.531143
11.776000 209.009308
11.781333 208.421753
11.786667 207.829788
11.792000 206.586639
11.797334 117.072784
11.802667 116.487595
11.808000 117.476257
11.813334 103.416481
11.818666 82.344055
11.824000 69.074669
11.829333 69.245850
11.834666 69.437904
11.840000 104.635651
11.845333 104.748909
11.850667 209.803146
11.856000 210.315323
11.861333 211.260651
11.866667 212.147507
11.872000 211.873077
11.877334 210.463959
11.882667 208.619766
11.888000 207.315994
11.893333 207.309494
11.898666 208.572815
11.904000 210.422150
11.909333 211.670944
11.914667 211.342850
11.920000 210.625076
11.925333 210.273422
11.930667 209.329315
11.936000 207.890060
11.941334 205.842285
11.946667 6597.986328
11.952000 6426.023926
11.957334 0.000000
11.962667 0.000000
11.968000 4517.146973
11.973333 4841.069824
11.978666 4911.077637
11.984000 4943.994629
11.989333 223.987762
11.994667 223.823853
12.000000 224.043243
12.005333 224.556503
12.010667 226.081970
12.016000 228.644485
12.021334 229.830948
12.026667 229.290558
12.032000 227.824295
12.037333 225.519928
12.042666 222.444702
12.048000 219.998734
12.053333 218.130875
12.058666 216.553543
12.064000 215.387283
12.069333 214.601791
12.074667 213.961426
12.080000 213.230804
12.085333 212.373764
12.090667 211.427353
12.096000 210.146469
12.101334 208.151001
12.106667 206.067795
12.112000 204.574890
12.117333 203.464615
12.122666 202.495850
12.128000 201.685135
12.133333 201.138779
12.138667 200.732910
12.144000 200.203430
12.149333 199.464340
12.154667 198.616974
12.160000 197.712875
12.165334 196.687180
12.170667 195.584961
12.176000 194.570404
12.181334 193.619232
12.186666 192.776489
12.192000 192.110992
12.197333 191.584732
12.202666 191.159256
12.208000 190.731674
12.213333 190.262680
12.218667 189.761780
12.224000 189.283615
12.229333 188.928268
12.234667 188.787064
12.240000 188.812408
12.245334 188.840714
12.250667 188.774658
12.256000 188.603348
12.261333 188.375717
12.266666 188.101807
12.272000 187.823563
12.277333 187.596161
12.282666 144.674850
12.288000 142.129349
12.293333 142.283844
12.298667 143.166687
12.304000 86.361465
12.309334 88.400635
12.314667 87.324196
12.320000 0.000000
12.325334 0.000000
12.330667 0.000000
12.336000 224.115005
12.341333 139.098068
12.346666 138.886292
12.352000 140.568253
12.357333 191.977737
12.362667 226.688019
12.368000 226.357697
12.373333 225.847580
12.378667 191.041000
12.384000 190.535080
12.389334 189.986511
12.394667 189.613235
12.400000 225.131149
12.405334 226.234924
12.410666 226.971420
12.416000 227.372681
12.421333 227.624496
12.426666 140.207306
12.432000 74.023911
12.437333 226.799515
12.442667 225.444946
12.448000 225.497528
12.453333 225.545395
12.458667 224.117172
12.464000 222.309570
12.469334 222.559174
12.474667 74.147888
12.480000 194.097260
12.485333 194.949295
12.490666 195.400711
12.496000 195.476807
12.501333 195.484863
12.506667 195.444748
12.512000 195.246628
12.517333 195.402069
12.522667 197.187836
12.528000 201.596039
12.533334 202.962662
12.538667 203.105591
12.544000 202.856750
12.549334 202.250137
12.554667 201.014389
12.560000 731.524231
12.565333 736.387634
12.570666 193.115143
12.576000 191.458557
12.581333 190.647217
12.586667 491.408813
12.592000 491.398499
12.597333 146.854233
12.602667 285.405701
12.608000 0.000000
12.613334 193.306427
12.618667 166.887115
12.624000 167.782364
12.629333 168.409027
12.634666 193.209702
12.640000 183.731995
12.645333 183.537018
12.650666 372.089142
12.656000 211.638977
12.661333 212.274765
12.666667 1239.621948
12.672000 1220.540894
12.677333 1675.218628
12.682667 1689.203003
12.688000 1694.989014
12.693334 1710.683350
12.698667 74.994110
12.704000 1450.986206
12.709333 138.101517
12.714666 149.846130
12.720000 172.694901
12.725333 143.200958
12.730667 1516.923584
12.736000 1509.655884
12.741333 155.186996
12.746667 73.701126
12.752000 225.151031
12.757334 71.589104
12.762667 71.555580
12.768000 137.282547
12.773334 226.559921
12.778666 225.929733
12.784000 220.186996
12.789333 219.061203
12.794666 219.053650
12.800000 219.071014
12.805333 216.098434
12.810667 139.527542
12.816000 137.897751
12.821333 138.174561
12.826667 206.519135
12.832000 206.822342
12.837334 403.960815
12.842667 2421.630615
12.848000 400.372772
12.853333 398.838135
12.858666 397.943634
12.864000 400.873627
12.869333 405.549072
12.874666 407.856842
12.880000 408.691467
12.885333 407.374329
12.890667 404.734894
12.896000 402.255402
12.901334 401.221771
12.906667 405.479340
12.912000 409.097565
12.917334 409.291199
12.922667 408.968903
12.928000 191.199539
12.933333 188.984818
12.938666 4829.968750
12.944000 4868.990723
12.949333 4795.246094
12.954667 4719.469238
12.960000 4680.930176
12.965333 4655.518066
12.970667 4595.763672
12.976000 4509.157715
12.981334 4465.987793
12.986667 4483.478027
12.992000 4529.187012
12.997334 4582.770020
13.002666 4686.729004
13.008000 4817.198242
13.013333 4839.074219
13.018666 4716.118164
13.024000 4442.864258
13.029333 4370.574707
13.034667 4436.923828
13.040000 4441.591797
13.045333 4365.546875
13.050667 4244.909180
13.056000 4215.042969
13.061334 4299.254395
13.066667 4302.408691
13.072000 4249.310547
13.077333 4250.988770
13.082666 4315.223633
13.088000 4360.389160
13.093333 4338.181641
13.098666 4254.560059
13.104000 4199.421387
13.109333 4153.584473
13.114667 4037.661133
13.120000 3957.679932
13.125334 114.434578
13.130667 119.430618
13.136000 119.355957
13.141334 101.786148
13.146667 104.720306
13.152000 66.518677
13.157333 66.234795
13.162666 79.309486
13.168000 69.843987
13.173333 140.058472
13.178667 140.059097
13.184000 205.436386
13.189333 205.010864
13.194667 434.536743
13.200000 183.916412
13.205334 183.753021
13.210667 426.881195
13.216000 423.706268
13.221334 421.953491
13.226666 196.349625
13.232000 187.024063
13.237333 190.202530
13.242666 190.011612
13.248000 189.375229
13.253333 188.724655
13.258667 188.380859
13.264000 187.571228
13.269333 186.092194
13.274667 185.125854
13.280000 185.848907
13.285334 185.794128
13.290667 185.438446
13.296000 185.140121
13.301333 4700.820312
13.306666 4782.197754
13.312000 4791.776367
13.317333 4800.245605
13.322667 168.970840
13.328000 168.920258
13.333333 168.654831
13.338667 601.545837
13.344000 601.735657
13.349334 605.958191
13.354667 611.660767
13.360000 614.436890
13.365334 620.333374
13.370667 632.320312
13.376000 632.610779
13.381333 623.773743
13.386666 620.802368
13.392000 313.713440
13.397333 314.839020
13.402667 649.371826
13.408000 652.748840
13.413333 650.950439
13.418667 647.902771
13.424000 456.613434
13.429334 462.119415
13.434667 465.893341
13.440000 468.893646
13.445333 469.073120
13.450666 464.021210
13.456000 83.537865
13.461333 0.000000
13.466666 0.000000
13.472000 46.875000
13.477333 46.904877
13.482667 0.000000
13.488000 0.000000
13.493333 47.084232
13.498667 46.938046
13.504000 0.000000
13.509334 46.875000
13.514667 46.875000
13.520000 46.914391
13.525333 182.659714
13.530666 183.516037
13.536000 46.899643
13.541333 46.911835
13.546667 183.679596
13.552000 183.361084
13.557333 183.707275
13.562667 184.001526
13.568000 184.002975
13.573334 184.254425
13.578667 184.997559
13.584000 185.598709
13.589334 185.745438
13.594666 185.686432
13.600000 185.371582
13.605333 0.000000
13.610666 157.095917
13.616000 156.194763
13.621333 140.261246
13.626667 136.582458
13.632000 134.424637
13.637333 98.720779
13.642667 99.083908
13.648000 70.334259
13.653334 448.791504
13.658667 448.518677
13.664000 105.996544
13.669333 106.481491
13.674666 145.911163
13.680000 146.046799
13.685333 0.000000
13.690666 1826.368164
13.696000 1797.423462
13.701333 0.000000
13.706667 0.000000
13.712000 222.293243
13.717334 482.763062
13.722667 107.563713
13.728000 172.723495
13.733334 205.510590
13.738667 1965.757080
13.744000 1987.149048
13.749333 1982.679810
13.754666 184.123596
13.760000 185.517899
13.765333 186.712921
13.770667 187.351028
13.776000 405.702026
13.781333 393.725494
13.786667 53.150391
13.792000 210.131790
13.797334 207.534592
13.802667 206.633163
13.808000 206.323532
13.813334 212.955780
13.818666 213.260742
13.824000 212.576904
13.829333 212.456390
13.834666 214.188934
13.840000 215.745010
13.845333 216.120438
13.850667 216.219284
13.856000 230.567459
13.861333 231.273361
13.866667 231.996689
13.872000 232.650116
13.877334 233.139877
13.882667 233.308731
13.888000 232.828934
13.893333 231.675217
13.898666 230.514877
13.904000 229.481628
13.909333 487.545105
13.914667 485.232452
13.920000 1551.494019
13.925333 1563.514038
13.930667 182.354446
13.936000 182.383865
13.941334 183.596878
13.946667 185.275681
13.952000 324.998596
13.957334 326.415924
13.962667 328.052948
13.968000 0.000000
13.973333 0.000000
13.978666 88.670914
13.984000 1626.230225
13.989333 151.868317
13.994667 212.545990
14.000000 475.592346
14.005333 364.400330
14.010667 362.697845
14.016000 363.775665
14.021334 369.671082
14.026667 374.618317
14.032000 213.818817
14.037333 209.061203
14.042666 208.214691
14.048000 207.777924
14.053333 207.147812
14.058666 206.281311
14.064000 205.824295
14.069333 205.858795
14.074667 206.182922
14.080000 206.603683
14.085333 206.915985
14.090667 207.071655
14.096000 206.962830
14.101334 206.372513
14.106667 205.428391
14.112000 204.213242
14.117333 200.839462
14.122666 198.804382
14.128000 198.161331
14.133333 188.379517
14.138667 172.624176
14.144000 204.829651
14.149333 4690.659180
14.154667 4824.675293
14.160000 4908.912109
14.165334 4918.637207
14.170667 4937.199707
14.176000 5087.010254
14.181334 5289.605957
14.186666 5382.304199
14.192000 5421.019043
14.197333 5546.434570
14.202666 5749.644531
14.208000 5834.982422
14.213333 5865.977051
14.218667 5960.986328
14.224000 6062.330078
14.229333 6103.789551
14.234667 6098.234863
14.240000 6080.650879
14.245334 6067.500000
14.250667 6063.949707
14.256000 6053.380371
14.261333 6000.943848
14.266666 5920.411133
14.272000 5840.323730
14.277333 245.185501
14.282666 218.374847
14.288000 218.204178
14.293333 218.637009
14.298667 219.541489
14.304000 219.889450
14.309334 219.473373
14.314667 218.464264
14.320000 215.606567
14.325334 214.260773
14.330667 213.706589
14.336000 213.175323
14.341333 212.209473
14.346666 211.451004
14.352000 211.698868
14.357333 212.542130
14.362667 212.839157
14.368000 211.916016
14.373333 210.684326
14.378667 210.052719
14.384000 209.461044
14.389334 208.899216
14.394667 208.348068
14.400000 138.064087
14.405334 138.492538
14.410666 138.720734
14.416000 138.744308
14.421333 138.813599
14.426666 0.000000
14.432000 0.000000
14.437333 141.106354
14.442667 52.219353
14.448000 0.000000
14.453333 172.215637
14.458667 171.351791
14.464000 119.391945
14.469334 110.974403
14.474667 110.123901
14.480000 86.921295
14.485333 87.264290
14.490666 87.181320
14.496000 0.000000
14.501333 0.000000
14.506667 103.406960
14.512000 103.477287
14.517333 220.809158
14.522667 219.418274
14.528000 218.214081
14.533334 101.407059
14.538667 219.285934
14.544000 220.635803
14.549334 221.985123
14.554667 223.801559
14.560000 224.494904
14.565333 224.116577
14.570666 223.352829
14.576000 221.956177
14.581333 221.165237
14.586667 221.164215
14.592000 221.440384
14.597333 73.599617
14.602667 73.649651
14.608000 46.875000
14.613334 47.178371
14.618667 2088.067139
14.624000 2065.379150
14.629333 911.699707
14.634666 1842.204224
14.640000 4934.320312
14.645333 4955.910156
14.650666 4922.409668
14.656000 4885.099609
14.661333 4831.178223
14.666667 4749.615234
14.672000 4728.288574
14.677333 232.309341
14.682667 223.983170
14.688000 224.266754
14.693334 223.662903
14.698667 222.410706
14.704000 221.214905
14.709333 220.058289
14.714666 218.885468
14.720000 217.754654
14.725333 216.862930
14.730667 216.178329
14.736000 215.339920
14.741333 213.927017
14.746667 212.306580
14.752000 210.867340
14.757334 209.542892
14.762667 208.460480
14.768000 207.235687
14.773334 205.447083
14.778666 204.033417
14.784000 203.075729
14.789333 202.089447
14.794666 201.000397
14.800000 199.907944
14.805333 198.756378
14.810667 197.769531
14.816000 197.009506
14.821333 196.383209
14.826667 195.937531
14.832000 195.727173
14.837334 195.646606
14.842667 195.506668
14.848000 195.233017
14.853333 194.913345
14.858666 194.665283
14.864000 194.454422
14.869333 194.124893
14.874666 193.641800
14.880000 193.134567
14.885333 192.780365
14.890667 192.633896
14.896000 192.610672
14.901334 192.591400
14.906667 192.518402
14.912000 192.447144
14.917334 192.541672
14.922667 193.093857
14.928000 194.471329
14.933333 195.624008
14.938666 195.369995
14.944000 158.463028
14.949333 159.010971
14.954667 144.030716
14.960000 136.350143
14.965333 211.351212
14.970667 211.511963
14.976000 204.751480
14.981334 205.129532
14.986667 105.003235
14.992000 214.338120
14.997334 213.909088
15.002666 213.180817
15.008000 208.984406
15.013333 138.957504
15.018666 139.342697
15.024000 139.616226
15.029333 214.301605
15.034667 207.299728
15.040000 207.384140
15.045333 207.628067
15.050667 208.084930
15.056000 208.991135
15.061334 210.029175
15.066667 210.717651
15.072000 210.330444
15.077333 209.361862
15.082666 208.604752
15.088000 207.655334
15.093333 206.685760
15.098666 205.833252
15.104000 139.413345
15.109333 70.131744
15.114667 71.735046
15.120000 179.596603
15.125334 179.884369
15.130667 180.091583
15.136000 180.739273
15.141334 182.349274
15.146667 185.374756
15.152000 188.143311
15.157333 191.096695
15.162666 195.481415
15.168000 197.303787
15.173333 198.511230
15.178667 199.793091
15.184000 200.714188
15.189333 200.379150
15.194667 199.273865
15.200000 198.141418
15.205334 197.086258
15.210667 195.923508
15.216000 194.597900
15.221334 193.156128
15.226666 191.292221
15.232000 189.737534
15.237333 188.810287
15.242666 187.975266
15.248000 488.831726
15.253333 488.787415
15.258667 489.532013
15.264000 292.704956
15.269333 292.746979
15.274667 153.510605
15.280000 158.499329
15.285334 539.937561
15.290667 110.507767
15.296000 110.394524
15.301333 1558.242554
15.306666 301.321259
15.312000 182.921768
15.317333 182.466202
15.322667 182.086990
15.328000 1458.774658
15.333333 1451.260376
15.338667 1467.231934
15.344000 366.601776
15.349334 371.380096
15.354667 378.539215
15.360000 0.000000
15.365334 75.197586
15.370667 1573.480469
15.376000 219.497894
15.381333 217.733063
15.386666 213.749969
15.392000 68.617226
15.397333 68.691200
15.402667 68.811569
15.408000 70.369896
15.413333 70.142441
15.418667 69.889183
15.424000 208.489624
15.429334 209.162735
15.434667 210.585419
15.440000 211.012009
15.445333 210.834244
15.450666 210.617676
15.456000 210.628815
15.461333 211.239975
15.466666 211.824142
15.472000 211.784943
15.477333 140.254379
15.482667 70.063812
15.488000 68.696304
15.493333 226.504929
15.498667 2926.312012
15.504000 392.428864
15.509334 394.400909
15.514667 3072.586670
15.520000 399.242249
15.525333 398.309631
15.530666 396.193298
15.536000 397.237854
15.541333 399.023499
15.546667 399.822601
15.552000 400.604767
15.557333 402.710541
15.562667 405.376526
15.568000 407.607300
15.573334 408.182556
15.578667 406.578156
15.584000 1205.976074
15.589334 1200.567017
15.594666 3645.902344
15.600000 180.327637
15.605333 4696.899414
15.610666 4772.598633
15.616000 4702.994141
15.621333 4621.380371
15.626667 4606.214355
15.632000 4746.109863
15.637333 4957.414551
15.642667 4938.736328
15.648000 4834.338379
15.653334 4842.052734
15.658667 4894.178223
15.664000 4897.185059
15.669333 4858.963867
15.674666 4916.961914
15.680000 4929.180664
15.685333 4814.362305
15.690666 4674.131348
15.696000 4589.931152
15.701333 4562.840332
15.706667 4605.994141
15.712000 4724.084961
15.717334 4848.240234
15.722667 4917.700684
15.728000 4890.923828
15.733334 4816.898926
15.738667 4814.872070
15.744000 4883.625977
15.749333 4910.034668
15.754666 4933.508789
15.760000 4990.195312
15.765333 4962.778809
15.770667 4871.679688
15.776000 4831.005371
15.781333 4883.562012
15.786667 5049.649414
15.792000 0.000000
15.797334 117.085510
15.802667 109.174629
15.808000 106.784340
15.813334 90.803726
15.818666 82.085060
15.824000 70.145805
15.829333 82.391319
15.834666 81.511398
15.840000 404.370575
15.845333 1839.398560
15.850667 194.579407
15.856000 194.398209
15.861333 194.024368
15.866667 193.295670
15.872000 192.270538
15.877334 204.609680
15.882667 204.151917
15.888000 203.889771
15.893333 203.789505
15.898666 204.055115
15.904000 204.059296
15.909333 203.284882
15.914667 201.981812
15.920000 200.502350
15.925333 198.892273
15.930667 196.647491
15.936000 378.384705
15.941334 6297.078125
15.946667 6303.452148
15.952000 6300.736328
15.957334 6208.395508
15.962667 1063.445679
15.968000 161.695236
15.973333 157.425537
15.978666 157.052719
15.984000 156.891129
15.989333 604.948975
15.994667 606.810974
16.000000 607.771851
16.005333 607.862305
16.010666 607.175354
16.016001 610.932922
16.021334 624.754883
16.026667 643.828308
16.032000 658.604736
16.037333 665.726624
16.042667 669.453857
16.048000 669.074829
16.053333 662.696472
16.058666 659.079224
16.063999 670.277649
16.069334 688.627136
16.074667 697.772339
16.080000 696.285156
16.085333 689.741699
16.090666 464.431824
16.096001 461.465057
16.101334 458.351624
16.106667 454.049591
16.112000 445.269684
16.117332 432.013672
16.122667 424.600128
16.128000 425.093506
16.133333 112.890259
16.138666 112.885353
16.143999 5148.595703
16.149334 5199.480469
16.154667 5131.003906
16.160000 4949.818848
16.165333 4723.414062
16.170666 4566.291504
16.176001 4620.174805
16.181334 4641.200195
16.186666 550.071716
16.191999 1225.716797
16.197332 1219.266968
16.202667 1726.644531
16.208000 1762.169189
16.213333 0.000000
16.218666 242.285416
16.224001 480.807556
16.229334 0.000000
16.234667 0.000000
16.240000 170.487793
16.245333 0.000000
16.250668 68.486969
16.256001 210.654434
16.261333 0.000000
16.266666 0.000000
16.271999 0.000000
16.277334 181.516663
16.282667 157.979355
16.288000 143.274750
16.293333 142.984985
16.298666 78.911095
16.304001 79.056862
16.309334 96.854622
16.314667 96.770615
16.320000 1805.249512
16.325333 1797.150269
16.330667 1817.301514
16.336000 594.586914
16.341333 584.762451
16.346666 578.045105
16.351999 574.923340
16.357334 576.229004
16.362667 580.994446
16.368000 584.723389
16.373333 585.835693
16.378666 579.717285
16.384001 569.461609
16.389334 568.673035
16.394667 571.101074
16.400000 179.400055
16.405333 178.986038
16.410667 178.141006
16.416000 478.409424
16.421333 208.832947
16.426666 407.934052
16.431999 409.958252
16.437334 410.447632
16.442667 411.160034
16.448000 413.103271
16.453333 414.769379
16.458666 414.106720
16.464001 412.939880
16.469334 47.413830
16.474667 48.326126
16.480000 49.610672
16.485332 47.708813
16.490667 47.104206
16.496000 46.875000
16.501333 46.875000
16.506666 48.283482
16.511999 47.651085
16.517334 47.185753
16.522667 47.144779
16.528000 47.571613
16.533333 47.341930
16.538666 953.634033
16.544001 947.467346
16.549334 944.168762
16.554667 331.121155
16.559999 1441.858521
16.565332 1424.330811
16.570667 1470.172485
16.576000 485.696045
16.581333 1563.084351
16.586666 1554.266602
16.591999 1566.219238
16.597334 184.820389
16.602667 189.250641
16.608000 155.285614
16.613333 198.516403
16.618668 198.747910
16.624001 330.434174
16.629333 333.162689
16.634666 337.139465
16.639999 339.284332
16.645334 1598.465210
16.650667 827.125732
16.656000 836.717041
16.661333 874.450439
16.666666 0.000000
16.672001 479.598602
16.677334 364.790558
16.682667 369.295654
16.688000 371.026398
16.693333 371.921906
16.698668 1650.111572
16.704000 1597.178467
16.709333 1495.783447
16.714666 1498.133911
16.719999 1520.956787
16.725334 149.977112
16.730667 1526.782471
16.736000 1525.650635
16.741333 1554.046875
16.746666 1616.496216
16.752001 1636.379150
16.757334 1619.480225
16.762667 812.615051
16.768000 814.626160
16.773333 818.683167
16.778667 822.042603
16.784000 825.336243
16.789333 834.823914
16.794666 847.977417
16.799999 858.035156
16.805334 869.211548
16.810667 885.577393
16.816000 5068.431152
16.821333 5003.218262
16.826666 4920.031250
16.832001 4836.435547
16.837334 0.000000
16.842667 183.697205
16.848000 543.527771
16.853333 166.101120
16.858667 166.443542
16.864000 166.010590
16.869333 165.106277
16.874666 164.784485
16.879999 165.157074
16.885334 170.890594
16.890667 172.346176
16.896000 174.028152
16.901333 175.951889
16.906666 1850.271118
16.912001 181.968964
16.917334 182.789078
16.922667 183.386719
16.927999 184.240570
16.933332 185.448090
16.938667 186.423431
16.944000 186.820114
16.949333 186.325073
16.954666 185.238937
16.959999 185.656631
16.965334 4847.309570
16.970667 4908.878906
16.976000 4921.232422
16.981333 4894.907715
16.986666 4839.300293
16.992001 4754.600586
16.997334 4583.139648
17.002666 1638.488403
17.007999 193.797333
17.013334 194.697754
17.018667 196.808456
17.024000 198.788544
17.029333 200.174408
17.034666 201.338516
17.040001 202.410309
17.045334 203.355469
17.050667 204.244446
17.056000 205.155151
17.061333 206.055908
17.066668 206.962372
17.072001 208.012695
17.077333 208.978195
17.082666 209.492081
17.087999 209.565491
17.093334 209.204330
17.098667 207.851746
17.104000 206.499039
17.109333 206.462631
17.114666 206.724106
17.120001 206.637787
17.125334 134.704193
17.130667 134.753342
17.136000 134.673538
17.141333 103.753632
17.146667 81.955833
17.152000 82.230988
17.157333 72.040245
17.162666 72.169983
17.167999 73.531509
17.173334 107.078682
17.178667 215.394394
17.184000 215.467834
17.189333 215.955612
17.194666 217.196594
17.200001 217.825256
17.205334 216.865479
17.210667 215.108978
17.216000 214.143784
17.221333 213.638519
17.226667 212.414032
17.232000 209.885956
17.237333 207.997406
17.242666 206.474686
17.247999 407.114349
17.253334 404.910278
17.258667 407.754089
17.264000 413.770538
17.269333 416.757111
17.274666 425.475830
17.280001 204.739899
17.285334 6247.307617
17.290667 5984.329102
17.296000 5164.537598
17.301332 4869.040039
17.306667 4977.891113
17.312000 5003.174316
17.317333 4958.205566
17.322666 4911.344238
17.327999 4885.188965
17.333334 4865.373535
17.338667 4850.743652
17.344000 4823.829590
17.349333 50.751194
17.354666 101.705719
17.360001 104.842987
17.365334 320.930420
17.370667 3666.636230
17.375999 3585.931641
17.381332 3547.012695
17.386667 3525.118408
17.392000 3515.030029
17.397333 3516.478027
17.402666 3518.858154
17.408001 3512.812256
17.413334 3501.621582
17.418667 157.139206
17.424000 157.508606
17.429333 157.345657
17.434668 103.852051
17.440001 1817.077881
17.445333 3534.753906
17.450666 1792.737183
17.455999 1789.964478
17.461334 1787.953735
17.466667 186.918854
17.472000 186.754379
17.477333 187.397659
17.482666 190.054550
17.488001 193.359650
17.493334 196.404343
17.498667 198.756760
17.504000 201.006943
17.509333 203.554916
17.514668 206.185669
17.520000 208.407379
17.525333 210.498154
17.530666 211.884933
17.535999 211.974747
17.541334 210.771851
17.546667 209.084167
17.552000 207.891495
17.557333 207.217682
17.562666 206.925613
17.568001 206.821945
17.573334 206.541519
17.578667 204.830414
17.584000 199.633286
17.589333 198.048401
17.594667 197.357971
17.600000 53.427864
17.605333 227.748184
17.610666 185.206497
17.615999 158.227005
17.621334 147.072144
17.626667 147.268112
17.632000 147.431076
17.637333 86.934776
17.642666 109.636070
17.648001 109.818672
17.653334 83.352051
17.658667 85.352921
17.664000 167.127640
17.669333 88.309586
17.674667 88.668434
17.680000 155.010529
17.685333 156.159744
17.690666 158.436829
17.695999 159.233414
17.701334 110.164307
17.706667 110.121742
17.712000 110.173073
17.717333 110.015823
17.722666 110.074966
17.728001 110.333725
17.733334 110.498596
17.738667 88.381126
17.743999 142.969208
17.749332 141.920670
17.754667 140.113358
17.760000 138.990494
17.765333 138.390396
17.770666 54.197071
17.775999 199.531479
17.781334 204.962097
17.786667 213.101166
17.792000 224.397202
17.797333 482.756866
17.802668 139.246399
17.808001 201.027771
17.813334 200.860443
17.818666 200.822174
17.823999 200.713287
17.829334 200.584167
17.834667 200.931152
17.840000 535.892639
17.845333 535.319580
17.850666 536.865662
17.856001 151.614914
17.861334 151.223572
17.866667 197.094879
17.872000 197.250473
17.877333 197.242630
17.882668 0.000000
17.888000 1459.952515
17.893333 1460.729980
17.898666 1455.371460
17.903999 1436.744507
17.909334 147.475952
17.914667 1539.277588
17.920000 1539.671387
17.925333 1540.616333
17.930666 1553.669434
17.936001 98.148346
17.941334 98.009796
17.946667 202.078720
17.952000 201.915588
17.957333 167.683258
17.962667 165.791153
17.968000 165.061386
17.973333 186.450302
17.978666 153.270645
17.983999 152.808136
17.989334 152.638931
17.994667 585.776917
18.000000 156.760452
18.005333 157.204651
18.010666 157.064453
18.016001 157.072342
18.021334 557.043213
18.026667 176.541306
18.032000 177.624695
18.037333 525.405518
18.042667 527.107056
18.048000 171.430405
18.053333 171.783615
18.058666 172.065048
18.063999 172.581085
18.069334 170.880325
18.074667 169.903122
18.080000 170.015991
18.085333 170.618622
18.090666 288.645996
18.096001 289.217529
18.101334 1957.674805
18.106667 1964.659180
18.112000 1979.208496
18.117332 1981.161621
18.122667 388.164673
18.128000 196.672958
18.133333 198.038162
18.138666 199.300613
18.143999 200.311340
18.149334 201.064392
18.154667 201.755386
18.160000 202.588257
18.165333 203.606491
18.170666 204.913513
18.176001 205.860733
18.181334 204.670746
18.186666 193.425491
18.191999 193.956039
18.197332 194.648132
18.202667 194.989609
18.208000 195.086975
18.213333 194.903778
18.218666 194.282974
18.224001 193.359756
18.229334 192.202591
18.234667 190.025360
18.240000 188.283173
18.245333 186.567581
18.250668 184.484100
18.256001 182.312912
18.261333 180.926392
18.266666 179.911697
18.271999 179.173126
18.277334 178.719818
18.282667 178.394730
18.288000 388.063324
18.293333 392.553986
18.298666 395.089478
18.304001 179.866623
18.309334 177.226730
18.314667 177.099701
18.320000 176.897400
18.325333 176.793137
18.330667 176.996185
18.336000 177.696335
18.341333 178.520905
18.346666 179.165421
18.351999 179.540802
18.357334 179.676147
18.362667 179.602676
18.368000 179.336899
18.373333 178.989014
18.378666 178.326279
18.384001 1708.772583
18.389334 1726.691895
18.394667 1733.677612
18.400000 5314.662598
18.405333 5221.863281
18.410667 5109.585449
18.416000 4962.961914
18.421333 4843.695801
18.426666 4830.339355
18.431999 4913.620117
18.437334 225.436157
18.442667 219.755966
18.448000 220.184067
18.453333 219.685806
18.458666 109.571953
18.464001 109.318748
18.469334 108.890480
18.474667 106.066444
18.480000 106.076019
18.485332 88.109612
18.490667 87.879074
18.496000 87.647560
18.501333 401.849396
18.506666 218.055069
18.511999 218.675156
18.517334 220.125366
18.522667 221.852478
18.528000 187.321579
18.533333 187.237045
18.538666 225.871445
18.544001 225.463104
18.549334 224.905899
18.554667 224.634644
18.559999 91.920601
18.565332 92.008736
18.570667 438.560913
18.576000 440.319397
18.581333 438.545898
18.586666 436.314453
18.591999 436.907745
18.597334 439.135742
18.602667 92.426064
18.608000 183.482941
18.613333 183.922150
18.618668 459.105103
18.624001 461.570160
18.629333 464.780182
18.634666 225.151291
18.639999 225.949295
18.645334 226.329041
18.650667 226.515808
18.656000 226.495972
18.661333 227.104294
18.666666 229.336182
18.672001 231.313782
18.677334 233.467087
18.682667 236.244965
18.688000 238.052307
18.693333 239.100922
18.698668 239.892609
18.704000 240.996078
18.709333 243.007782
18.714666 244.552872
18.719999 243.485901
18.725334 242.991760
18.730667 245.021484
18.736000 246.809814
18.741333 247.788773
18.746666 248.492020
18.752001 249.623306
18.757334 250.723938
18.762667 251.033386
18.768000 250.950119
18.773333 250.872147
18.778667 250.544098
18.784000 249.379486
18.789333 247.443176
18.794666 245.309036
18.799999 243.281403
18.805334 241.896790
18.810667 160.017044
18.816000 120.809097
18.821333 242.032028
18.826666 47.038197
18.832001 142.419998
18.837334 142.973557
18.842667 148.206100
18.848000 48.274097
18.853333 185.263046
18.858667 183.769516
18.864000 185.155075
18.869333 187.019302
18.874666 187.093323
18.879999 185.984634
18.885334 185.243774
18.890667 185.404388
18.896000 186.289291
18.901333 186.392548
18.906666 186.053116
18.912001 185.977173
18.917334 186.030060
18.922667 185.911270
18.927999 91.764771
18.933332 188.125046
18.938667 184.011780
18.944000 182.538940
18.949333 182.497818
18.954666 183.498093
18.959999 131.263474
18.965334 139.899689
18.970667 85.084930
18.976000 85.130043
18.981333 0.000000
18.986666 84.915207
18.992001 84.810555
18.997334 479.477081
19.002666 481.189209
19.007999 255.987640
19.013334 255.596390
19.018667 255.702179
19.024000 228.010345
19.029333 231.374863
19.034666 231.434799
19.040001 218.800278
19.045334 229.516006
19.050667 229.103226
19.056000 423.453247
19.061333 422.987274
19.066668 227.972961
19.072001 503.019989
19.077333 503.277985
19.082666 502.246216
19.087999 499.277374
19.093334 492.937073
19.098667 483.911774
19.104000 478.710480
19.109333 139.745895
19.114666 139.494812
19.120001 463.746643
19.125334 459.781372
19.130667 211.411057
19.136000 211.618927
19.141333 211.724274
19.146667 212.144577
19.152000 212.664795
19.157333 426.165497
19.162666 425.145203
19.167999 423.788147
19.173334 423.453827
19.178667 423.828796
19.184000 422.381409
19.189333 416.774536
19.194666 409.384064
19.200001 406.248383
19.205334 203.421844
19.210667 438.352692
19.216000 438.742310
19.221333 438.759399
19.226667 0.000000
19.232000 88.688141
19.237333 51.619816
19.242666 740.840942
19.247999 488.592407
19.253334 1570.856201
19.258667 1570.650146
19.264000 163.873749
19.269333 163.787430
19.274666 154.777817
19.280001 195.247513
19.285334 202.023438
19.290667 0.000000
19.296000 0.000000
19.301332 257.019073
19.306667 213.656418
19.312000 1238.447388
19.317333 182.916534
19.322666 182.541367
19.327999 181.324097
19.333334 210.733490
19.338667 211.910919
19.344000 215.003113
19.349333 215.012909
19.354666 212.495193
19.360001 209.620209
19.365334 208.211655
19.370667 207.212967
19.375999 206.129089
19.381332 205.019684
19.386667 204.309845
19.392000 204.076813
19.397333 204.066986
19.402666 204.146515
19.408001 204.254120
19.413334 204.303207
19.418667 204.203278
19.424000 204.056213
19.429333 204.038406
19.434668 204.154907
19.440001 204.345993
19.445333 204.553009
19.450666 204.746490
19.455999 204.901703
19.461334 205.030243
19.466667 205.151825
19.472000 205.202866
19.477333 204.878403
19.482666 204.191299
19.488001 203.764099
19.493334 203.563919
19.498667 203.396133
19.504000 203.176437
19.509333 202.975159
19.514668 202.891586
19.520000 202.848984
19.525333 202.712463
19.530666 202.529526
19.535999 202.088562
19.541334 199.502930
19.546667 198.938278
19.552000 199.464783
19.557333 200.063889
19.562666 200.378006
19.568001 200.521484
19.573334 200.613495
19.578667 200.727692
19.584000 200.952988
19.589333 201.371643
19.594667 201.762665
19.600000 202.017395
19.605333 202.123398
19.610666 202.102356
19.615999 202.009064
19.621334 201.929855
19.626667 201.987915
19.632000 202.271027
19.637333 202.538895
19.642666 202.561493
19.648001 202.587296
19.653334 202.816223
19.658667 202.970413
19.664000 202.955963
19.669333 202.924606
19.674667 203.006851
19.680000 203.182953
19.685333 203.378983
19.690666 203.518372
19.695999 203.387573
19.701334 203.127228
19.706667 203.007904
19.712000 202.945694
19.717333 202.929947
19.722666 202.941986
19.728001 202.897400
19.733334 202.596283
19.738667 202.114136
19.743999 202.049377
19.749332 202.166199
19.754667 202.323380
19.760000 202.538910
19.765333 202.590714
19.770666 202.525223
19.775999 202.546097
19.781334 202.508377
19.786667 173.507706
19.792000 172.951233
19.797333 122.190567
19.802668 110.213181
19.808001 86.883759
19.813334 86.705482
19.818666 447.847931
19.823999 449.536469
19.829334 450.470734
19.834667 70.009071
19.840000 73.539665
19.845333 220.920166
19.850666 220.868469
19.856001 220.907745
19.861334 221.242599
19.866667 221.727753
19.872000 221.852142
19.877333 221.405441
19.882668 220.782791
19.888000 220.567398
19.893333 221.089630
19.898666 221.962509
19.903999 222.237305
19.909334 443.652466
19.914667 443.055481
19.920000 442.254059
19.925333 441.584625
19.930666 441.492218
19.936001 884.630188
19.941334 887.942688
19.946667 894.313721
19.952000 219.990356
19.957333 219.924133
19.962667 219.854919
19.968000 219.614227
19.973333 444.049286
19.978666 221.993179
19.983999 222.461975
19.989334 222.942322
19.994667 223.190659
20.000000 223.073837
20.005333 222.105972
20.010666 220.736465
20.016001 220.889893
20.021334 221.966095
20.026667 223.722000
20.032000 194.896820
20.037333 196.293411
20.042667 198.305435
20.048000 199.978531
20.053333 200.479630
20.058666 200.684784
20.063999 201.206329
20.069334 416.712067
20.074667 423.814270
20.080000 209.017990
20.085333 208.829819
20.090666 205.805618
20.096001 211.595032
20.101334 212.143341
20.106667 212.492935
20.112000 212.497620
20.117332 212.364197
20.122667 211.347260
20.128000 207.290161
20.133333 206.428925
20.138666 205.055847
20.143999 203.335464
20.149334 202.405746
20.154667 202.107666
20.160000 202.165787
20.165333 202.436661
20.170666 202.640686
20.176001 202.586304
20.181334 202.088257
20.186666 201.299652
20.191999 200.985397
20.197332 201.330902
20.202667 201.664825
20.208000 201.338409
20.213333 200.640152
20.218666 200.562027
20.224001 200.731216
20.229334 401.415344
20.234667 401.322937
20.240000 401.999817
20.245333 403.377167
20.250668 404.661407
20.256001 202.044052
20.261333 202.101242
20.266666 201.577057
20.271999 200.496780
20.277334 197.361694
20.282667 176.618591
20.288000 145.241776
20.293333 209.005096
20.298666 209.131943
20.304001 209.719879
20.309334 211.333847
20.314667 826.905212
20.320000 0.000000
20.325333 138.431671
20.330667 135.692230
20.336000 210.044495
20.341333 209.927719
20.346666 209.610992
20.351999 138.682693
20.357334 209.640076
20.362667 209.962616
20.368000 209.793060
20.373333 209.374664
20.378666 209.048309
20.384001 208.909470
20.389334 208.735001
20.394667 208.614471
20.400000 208.671417
20.405333 208.835007
20.410667 208.961166
20.416000 208.889816
20.421333 208.741623
20.426666 208.787888
20.431999 209.026611
20.437334 209.041946
20.442667 208.505402
20.448000 208.142761
20.453333 208.261169
20.458666 208.996033
20.464001 209.482574
20.469334 209.078857
20.474667 208.762466
20.480000 208.848541
20.485332 208.911240
20.490667 208.571884
20.496000 208.157578
20.501333 208.193741
20.506666 208.468353
20.511999 208.752014
20.517334 208.887833
20.522667 208.702499
20.528000 208.239304
20.533333 207.982117
20.538666 208.120529
20.544001 208.288803
20.549334 0.000000
20.554667 437.949585
20.559999 439.229279
20.565332 439.625763
20.570667 216.225952
20.576000 209.742874
20.581333 1571.732178
20.586666 1558.241943
20.591999 1545.206299
20.597334 1531.680542
20.602667 188.679871
20.608000 189.790939
20.613333 159.727936
20.618668 187.115356
20.624001 0.000000
20.629333 0.000000
20.634666 183.427002
20.639999 183.327225
20.645334 183.597885
20.650667 183.800980
20.656000 183.697342
20.661333 183.319748
20.666666 111.039085
20.672001 602.581848
20.677334 179.741959
20.682667 614.092346
20.688000 614.869080
20.693333 617.194214
20.698668 188.095444
20.704000 189.124603
20.709333 607.570190
20.714666 198.987030
20.719999 199.221024
20.725334 199.283310
20.730667 200.151901
20.736000 201.995621
20.741333 203.564468
20.746666 204.495789
20.752001 205.061707
20.757334 205.430969
20.762667 205.763062
20.768000 206.393860
20.773333 207.597687
20.778667 208.353561
20.784000 205.554352
20.789333 201.166245
20.794666 201.622879
20.799999 202.751358
20.805334 203.198746
20.810667 203.217438
20.816000 202.789993
20.821333 202.059769
20.826666 201.122467
20.832001 199.995880
20.837334 199.003937
20.842667 193.369690
20.848000 170.538361
20.853333 169.714081
20.858667 162.158218
20.864000 161.976944
20.869333 166.054459
20.874666 205.780182
20.879999 104.925545
20.885334 1166.568481
20.890667 285.584686
20.896000 285.678497
20.901333 210.725510
20.906666 210.463348
20.912001 145.125031
20.917334 145.567062
20.922667 104.764015
20.927999 209.350510
20.933332 209.870605
20.938667 140.742645
20.944000 212.272369
20.949333 247.292816
20.954666 0.000000
20.959999 4611.283691
20.965334 4866.939453
20.970667 4978.112793
20.976000 4955.662598
20.981333 4873.394531
20.986666 4797.570801
20.992001 4763.684082
20.997334 4757.976074
21.002666 4802.682129
21.007999 195.804535
21.013334 201.756699
21.018667 201.582489
21.024000 202.288193
21.029333 203.588089
21.034666 204.709351
21.040001 205.755844
21.045334 206.748093
21.050667 414.945618
21.056000 416.174225
21.061333 417.584717
21.066668 418.804901
21.072001 419.120605
21.077333 418.984192
21.082666 209.635574
21.087999 208.486374
21.093334 207.034439
21.098667 206.284058
21.104000 205.801437
21.109333 205.369736
21.114666 205.049805
21.120001 205.140457
21.125334 205.982071
21.130667 143.295700
21.136000 105.909195
21.141333 104.876709
21.146667 210.225174
21.152000 418.712738
21.157333 419.815094
21.162666 424.169312
21.167999 82.735542
21.173334 67.917343
21.178667 78.850296
21.184000 78.781754
21.189333 49.113949
21.194666 57.117493
21.200001 57.249317
21.205334 0.000000
21.210667 169.667465
21.216000 166.672531
21.221333 166.164719
21.226667 164.965958
21.232000 162.761475
21.237333 159.844940
21.242666 158.444366
21.247999 154.450592
21.253334 151.361694
21.258667 150.788803
21.264000 149.778778
21.269333 6272.100586
21.274666 2099.243408
21.280001 2099.213379
21.285334 6156.247559
21.290667 5871.769043
21.296000 5224.817871
21.301332 0.000000
21.306667 192.228561
21.312000 191.629730
21.317333 190.617111
21.322666 195.858078
21.327999 196.355865
21.333334 196.878937
21.338667 198.089493
21.344000 200.582474
21.349333 201.684784
21.354666 203.073105
21.360001 405.685272
21.365334 205.836884
21.370667 206.644714
21.375999 207.137421
21.381332 207.984222
21.386667 209.503510
21.392000 210.390717
21.397333 210.544815
21.402666 210.374176
21.408001 209.939026
21.413334 209.428345
21.418667 208.974121
21.424000 208.376541
21.429333 207.595963
21.434668 207.189804
21.440001 207.150757
21.445333 207.115417
21.450666 206.363663
21.455999 205.667542
21.461334 205.450653
21.466667 205.349396
21.472000 205.032440
21.477333 204.571655
21.482666 204.484467
21.488001 204.709198
21.493334 204.729782
21.498667 204.595764
21.504000 204.548645
21.509333 204.661224
21.514668 205.010422
21.520000 205.462448
21.525333 205.355698
21.530666 204.599701
21.535999 203.705200
21.541334 203.162964
21.546667 203.819473
21.552000 206.160629
21.557333 203.778168
21.562666 196.008575
21.568001 173.241226
21.573334 171.115738
21.578667 170.584229
21.584000 171.492554
21.589333 173.692841
21.594667 175.540283
21.600000 182.527313
21.605333 182.770187
21.610666 182.530518
21.615999 182.610596
21.621334 155.266663
21.626667 143.029236
21.632000 79.063660
21.637333 84.032021
21.642666 4783.867188
21.648001 4790.099121
21.653334 4859.723145
21.658667 406.233032
21.664000 406.743042
21.669333 405.869995
21.674667 203.488739
21.680000 203.629166
21.685333 203.853439
21.690666 412.069366
21.695999 413.486786
21.701334 57.361782
21.706667 49.961014
21.712000 50.235523
21.717333 49.261929
21.722666 46.935955
21.728001 47.433853
21.733334 48.259647
21.738667 47.744812
21.743999 47.609192
21.749332 47.465855
21.754667 47.357647
21.760000 48.704472
21.765333 47.784164
21.770666 48.810013
21.775999 210.179626
21.781334 208.181351
21.786667 207.867249
21.792000 192.427994
21.797333 192.435242
21.802668 192.659592
21.808001 192.990448
21.813334 193.495651
21.818666 194.210007
21.823999 195.077423
21.829334 196.937714
21.834667 198.608139
21.840000 199.529312
21.845333 201.234818
21.850666 202.689224
21.856001 608.657227
21.861334 610.133423
21.866667 610.784851
21.872000 205.967941
21.877333 612.669556
21.882668 617.909973
21.888000 1240.609863
21.893333 1230.525757
21.898666 208.418991
21.903999 207.844055
21.909334 207.744354
21.914667 208.147034
21.920000 208.911423
21.925333 208.449951
21.930666 312.282379
21.936001 311.923004
21.941334 205.472641
21.946667 204.752380
21.952000 204.037048
21.957333 327.751282
21.962667 330.358063
21.968000 0.000000
21.973333 0.000000
21.978666 0.000000
21.983999 183.523193
21.989334 183.407608
21.994667 182.665726
22.000000 0.000000
