0.000000 0.000000
0.005333 0.000000
0.010667 0.000000
0.016000 0.000000
0.021333 0.000000
0.026667 0.000000
0.032000 0.000000
0.037333 0.000000
0.042667 0.000000
0.048000 0.000000
0.053333 0.000000
0.058667 0.000000
0.064000 0.000000
0.069333 0.000000
0.074667 0.000000
0.080000 544.587952
0.085333 0.000000
0.090667 260.159241
0.096000 259.365997
0.101333 258.519867
0.106667 257.826355
0.112000 110.182632
0.117333 110.252121
0.122667 206.191269
0.128000 206.086044
0.133333 206.161804
0.138667 206.260498
0.144000 205.388626
0.149333 204.481644
0.154667 150.480164
0.160000 150.404541
0.165333 150.363708
0.170667 150.369904
0.176000 150.377548
0.181333 150.337082
0.186667 150.275238
0.192000 150.226715
0.197333 150.175858
0.202667 150.126450
0.208000 150.089035
0.213333 150.064713
0.218667 150.044159
0.224000 150.025238
0.229333 150.013580
0.234667 150.006119
0.240000 149.993668
0.245333 149.979172
0.250667 149.972275
0.256000 149.968292
0.261333 149.961105
0.266667 149.948044
0.272000 149.930832
0.277333 149.924210
0.282667 149.927307
0.288000 149.909576
0.293333 149.863174
0.298667 149.822678
0.304000 149.795273
0.309333 149.755844
0.314667 149.704178
0.320000 149.666977
0.325333 149.674667
0.330667 149.774933
0.336000 149.952850
0.341333 150.082581
0.346667 149.999695
0.352000 149.769104
0.357333 149.616547
0.362667 149.536194
0.368000 149.400452
0.373333 127.043526
0.378667 126.663475
0.384000 126.502945
0.389333 126.591301
0.394667 126.785255
0.400000 126.876984
0.405333 126.913170
0.410667 126.930580
0.416000 126.831985
0.421333 126.320244
0.426667 125.483650
0.432000 125.317116
0.437333 125.485931
0.442667 125.727509
0.448000 125.896622
0.453333 125.993034
0.458667 125.997635
0.464000 125.940987
0.469333 125.822357
0.474667 125.612526
0.480000 125.493248
0.485333 125.620369
0.490667 125.754730
0.496000 125.721596
0.501333 125.516273
0.506667 125.105278
0.512000 124.756996
0.517333 124.751366
0.522667 124.813110
0.528000 124.794960
0.533333 124.849937
0.538667 125.073616
0.544000 125.271713
0.549333 125.269997
0.554667 125.139145
0.560000 124.842773
0.565333 122.864639
0.570667 123.006737
0.576000 123.156479
0.581333 123.146439
0.586667 123.050667
0.592000 111.977943
0.597333 112.162468
0.602667 112.158600
0.608000 112.060753
0.613333 111.943779
0.618667 111.823837
0.624000 111.654945
0.629333 111.482231
0.634667 111.400169
0.640000 111.389046
0.645333 111.359009
0.650667 111.297760
0.656000 111.195831
0.661333 111.152863
0.666667 111.266136
0.672000 111.451576
0.677333 111.578209
0.682667 111.506302
0.688000 111.298058
0.693333 111.044754
0.698667 110.860764
0.704000 110.919762
0.709333 111.173698
0.714667 111.380547
0.720000 111.390999
0.725333 111.286011
0.730667 111.174866
0.736000 111.092682
0.741333 111.116699
0.746667 111.289680
0.752000 111.466003
0.757333 111.519157
0.762667 111.437912
0.768000 111.375916
0.773333 111.423370
0.778667 111.511299
0.784000 111.558578
0.789333 111.521164
0.794667 111.506538
0.800000 111.718636
0.805333 112.138748
0.810667 112.518822
0.816000 149.980011
0.821333 74.715088
0.826667 74.815239
0.832000 244.368118
0.837333 237.163712
0.842667 205.033020
0.848000 205.102585
0.853333 205.395813
0.858667 74.118347
0.864000 74.050835
0.869333 73.912781
0.874667 73.944832
0.880000 74.042862
0.885333 74.028397
0.890667 75.210487
0.896000 73.986008
0.901333 74.054657
0.906667 73.529823
0.912000 74.223152
0.917333 74.186600
0.922667 74.137825
0.928000 74.118248
0.933333 74.115463
0.938667 74.123970
0.944000 74.075813
0.949333 74.100418
0.954667 74.279861
0.960000 74.197624
0.965333 74.115990
0.970667 74.161644
0.976000 75.023056
0.981333 73.894852
0.986667 73.992638
0.992000 74.306427
0.997333 74.326630
1.002667 74.285194
1.008000 74.121727
1.013333 74.042923
1.018667 74.081146
1.024000 74.116898
1.029333 74.042664
1.034667 74.980919
1.040000 74.159836
1.045333 74.165825
1.050667 74.080452
1.056000 74.018845
1.061333 74.047981
1.066667 74.119934
1.072000 74.131187
1.077333 73.740677
1.082667 73.733749
1.088000 73.896919
1.093333 74.251945
1.098667 74.127533
1.104000 73.879051
1.109333 73.814697
1.114667 74.036560
1.120000 74.130226
1.125333 74.079018
1.130667 74.000168
1.136000 73.990906
1.141333 74.068413
1.146667 74.137306
1.152000 74.202629
1.157333 74.273216
1.162667 74.275101
1.168000 74.206581
1.173333 74.187233
1.178667 74.196648
1.184000 74.260529
1.189333 74.280991
1.194667 74.227867
1.200000 74.173126
1.205333 74.156219
1.210667 74.145943
1.216000 74.148849
1.221333 74.158524
1.226667 74.197212
1.232000 74.137596
1.237333 73.885750
1.242667 73.849274
1.248000 73.796921
1.253333 107.940926
1.258667 75.834358
1.264000 74.837692
1.269333 110.178452
1.274667 108.143524
1.280000 110.379150
1.285333 244.762039
1.290667 245.814407
1.296000 266.218262
1.301333 265.238495
1.306667 262.614990
1.312000 204.907166
1.317333 205.764084
1.322667 205.822586
1.328000 168.709152
1.333333 168.684738
1.338667 168.938522
1.344000 169.114578
1.349333 168.840286
1.354667 168.461670
1.360000 168.380341
1.365333 168.344543
1.370667 168.203262
1.376000 167.921799
1.381333 177.169189
1.386667 177.358231
1.392000 177.452225
1.397333 177.298843
1.402667 177.033539
1.408000 176.940231
1.413333 177.568542
1.418667 187.272064
1.424000 187.947632
1.429333 188.115280
1.434667 188.027985
1.440000 187.868896
1.445333 187.769394
1.450667 187.709747
1.456000 188.004456
1.461333 189.927277
1.466667 190.606903
1.472000 206.552917
1.477333 167.892365
1.482667 167.988007
1.488000 159.196960
1.493333 175.890182
1.498667 175.869553
1.504000 94.207092
1.509333 94.230568
1.514667 94.217766
1.520000 137.481491
1.525333 130.202148
1.530667 129.714294
1.536000 107.688530
1.541333 99.800835
1.546667 93.357613
1.552000 95.038170
1.557333 190.158295
1.562667 189.280441
1.568000 188.607727
1.573333 188.206482
1.578667 188.003494
1.584000 187.805740
1.589333 187.444031
1.594667 186.845169
1.600000 186.246918
1.605333 185.825638
1.610667 185.581116
1.616000 185.602753
1.621333 91.365807
1.626667 91.289833
1.632000 91.248070
1.637333 97.188072
1.642667 100.911911
1.648000 47.282352
1.653333 47.470135
1.658667 144.732468
1.664000 94.635696
1.669333 94.641769
1.674667 94.336502
1.680000 94.030418
1.685333 93.956291
1.690667 93.969650
1.696000 93.992783
1.701333 94.079720
1.706667 94.204826
1.712000 91.972885
1.717333 91.792961
1.722667 111.842911
1.728000 105.498955
1.733333 105.519058
1.738667 105.309967
1.744000 186.963089
1.749333 62.535072
1.754667 0.000000
1.760000 0.000000
1.765333 3463.412842
1.770667 1526.094360
1.776000 168.246414
1.781333 84.022186
1.786667 168.061722
1.792000 168.067596
1.797333 168.115875
1.802667 168.161758
1.808000 168.182404
1.813333 168.148148
1.818667 168.058807
1.824000 167.964890
1.829333 167.914719
1.834667 167.840256
1.840000 167.699631
1.845333 167.563385
1.850667 167.473373
1.856000 167.407791
1.861333 167.349884
1.866667 167.324966
1.872000 167.291061
1.877333 167.241608
1.882667 167.345215
1.888000 167.651260
1.893333 167.863983
1.898667 167.813492
1.904000 167.615829
1.909333 167.501633
1.914667 167.783752
1.920000 168.828552
1.925333 176.385101
1.930667 176.351135
1.936000 176.301666
1.941333 176.378769
1.946667 176.873001
1.952000 184.658997
1.957333 186.143280
1.962667 186.644760
1.968000 186.677399
1.973333 186.534393
1.978667 186.454773
1.984000 186.461487
1.989333 186.507095
1.994667 186.566849
2.000000 186.641769
2.005333 186.707779
2.010667 186.703873
2.016000 186.651077
2.021333 186.695068
2.026667 186.872635
2.032000 187.081970
2.037333 187.168945
2.042667 187.134720
2.048000 187.057205
2.053333 186.947220
2.058667 186.838913
2.064000 186.850677
2.069333 186.963333
2.074667 187.023560
2.080000 186.910538
2.085333 186.745087
2.090667 186.716553
2.096000 186.835831
2.101333 186.971558
2.106667 187.053299
2.112000 187.094650
2.117333 187.096512
2.122667 187.037552
2.128000 186.927933
2.133333 186.838852
2.138667 186.802368
2.144000 186.733551
2.149333 186.653641
2.154667 186.657745
2.160000 186.704956
2.165333 186.652740
2.170667 186.507126
2.176000 186.497025
2.181333 186.620972
2.186667 186.667557
2.192000 186.543716
2.197333 186.429291
2.202667 186.449310
2.208000 186.526077
2.213333 186.585602
2.218667 186.664581
2.224000 186.849884
2.229333 187.129608
2.234667 187.375992
2.240000 0.000000
2.245333 247.738190
2.250667 248.823410
2.256000 249.744095
2.261333 250.598007
2.266667 252.845688
2.272000 257.720215
2.277333 258.759583
2.282667 235.714706
2.288000 199.538010
2.293333 211.483047
2.298667 210.944763
2.304000 188.892059
2.309333 121.478958
2.314667 177.490417
2.320000 177.261581
2.325333 177.166885
2.330667 177.391571
2.336000 177.652985
2.341333 177.609406
2.346667 177.455353
2.352000 168.306686
2.357333 167.805359
2.362667 167.469650
2.368000 167.347672
2.373333 167.327850
2.378667 167.313629
2.384000 167.301514
2.389333 167.317078
2.394667 167.336349
2.400000 167.332062
2.405333 167.316086
2.410667 167.297974
2.416000 167.228668
2.421333 167.066757
2.426667 166.971390
2.432000 167.064163
2.437333 167.176804
2.442667 167.128036
2.448000 167.008682
2.453333 166.762070
2.458667 166.473511
2.464000 166.392151
2.469333 166.365494
2.474667 166.215103
2.480000 165.979095
2.485333 165.723572
2.490667 165.473984
2.496000 148.454437
2.501333 148.544785
2.506667 148.420486
2.512000 148.183670
2.517333 148.002380
2.522667 147.892899
2.528000 147.820450
2.533333 147.736832
2.538667 147.650864
2.544000 147.594116
2.549333 147.545029
2.554667 147.542953
2.560000 147.632797
2.565333 147.702866
2.570667 147.644730
2.576000 147.573242
2.581333 147.610779
2.586667 147.697800
2.592000 147.706268
2.597333 147.640518
2.602667 147.597931
2.608000 147.616730
2.613333 147.670914
2.618667 147.754684
2.624000 147.827942
2.629333 147.831558
2.634667 147.788391
2.640000 147.790298
2.645333 147.862091
2.650667 147.934387
2.656000 147.966248
2.661333 147.966583
2.666667 147.934128
2.672000 147.901138
2.677333 147.919418
2.682667 147.961578
2.688000 147.990463
2.693333 148.009369
2.698667 148.001770
2.704000 147.979370
2.709333 147.995850
2.714667 147.919495
2.720000 147.668961
2.725333 147.417877
2.730667 147.266739
2.736000 112.310974
2.741333 112.074608
2.746667 88.546227
2.752000 111.617096
2.757333 111.575218
2.762667 111.615395
2.768000 111.492401
2.773333 111.290047
2.778667 148.154388
2.784000 148.337326
2.789333 148.378510
2.794667 111.320427
2.800000 111.608566
2.805333 111.777016
2.810667 111.450287
2.816000 111.302010
2.821333 111.331680
2.826667 111.317085
2.832000 111.267632
2.837333 111.336403
2.842667 111.483635
2.848000 111.584915
2.853333 111.631523
2.858667 111.848770
2.864000 112.078850
2.869333 112.138634
2.874667 112.098801
2.880000 112.096138
2.885333 112.142273
2.890667 112.117561
2.896000 111.987335
2.901333 111.886459
2.906667 111.965591
2.912000 112.087608
2.917333 111.977005
2.922667 111.760437
2.928000 111.720451
2.933333 111.804329
2.938667 111.887428
2.944000 112.045464
2.949333 112.395111
2.954667 113.191666
2.960000 125.098289
2.965333 125.041229
2.970667 125.156471
2.976000 125.762962
2.981333 125.633171
2.986667 125.093224
2.992000 124.824356
2.997333 124.984612
3.002667 125.635674
3.008000 126.021240
3.013333 126.041435
3.018667 125.913338
3.024000 125.779388
3.029333 125.751778
3.034667 125.862732
3.040000 125.929619
3.045333 125.919876
3.050667 125.977882
3.056000 126.053093
3.061333 126.030891
3.066667 126.035454
3.072000 126.178688
3.077333 126.294235
3.082667 126.201759
3.088000 126.082283
3.093333 126.068611
3.098667 126.149582
3.104000 126.211838
3.109333 126.193626
3.114667 126.099136
3.120000 126.071678
3.125333 126.211357
3.130667 126.349953
3.136000 126.508682
3.141333 126.626656
3.146667 126.445732
3.152000 126.039589
3.157333 126.025627
3.162667 126.210693
3.168000 126.192627
3.173333 125.995102
3.178667 125.877823
3.184000 125.900589
3.189333 125.889778
3.194667 125.698997
3.200000 0.000000
3.205333 249.912277
3.210667 250.112183
3.216000 235.654678
3.221333 233.840378
3.226667 112.277260
3.232000 234.592651
3.237333 236.949890
3.242667 238.532898
3.248000 204.925385
3.253333 204.986450
3.258667 215.288437
3.264000 215.382248
3.269333 214.551849
3.274667 211.430893
3.280000 147.598236
3.285333 148.105515
3.290667 148.287613
3.296000 148.182602
3.301333 148.076340
3.306667 148.145676
3.312000 148.294846
3.317333 148.393082
3.322667 148.441208
3.328000 148.472488
3.333333 148.515839
3.338667 148.566467
3.344000 148.575851
3.349333 148.479843
3.354667 148.305801
3.360000 148.234863
3.365333 148.257751
3.370667 148.218140
3.376000 148.112183
3.381333 148.090820
3.386667 148.236420
3.392000 148.425720
3.397333 148.402222
3.402667 148.164124
3.408000 148.034241
3.413333 148.000763
3.418667 147.667664
3.424000 146.831436
3.429333 146.509567
3.434667 99.786987
3.440000 99.852364
3.445333 119.117584
3.450667 119.030273
3.456000 93.269402
3.461333 93.352325
3.466667 93.533035
3.472000 188.342911
3.477333 189.169632
3.482667 189.751831
3.488000 190.539536
3.493333 62.210365
3.498667 98.599945
3.504000 192.639313
3.509333 98.508484
3.514667 482.703613
3.520000 98.605377
3.525333 98.491745
3.530667 191.854935
3.536000 192.582733
3.541333 193.866730
3.546667 194.626617
3.552000 194.036758
3.557333 192.639084
3.562667 191.390091
3.568000 190.701187
3.573333 62.355751
3.578667 191.436218
3.584000 192.032532
3.589333 192.411942
3.594667 192.795380
3.600000 193.374527
3.605333 193.876205
3.610667 194.554840
3.616000 195.349625
3.621333 195.703461
3.626667 195.531128
3.632000 195.202469
3.637333 195.117264
3.642667 195.314911
3.648000 195.445923
3.653333 195.303207
3.658667 195.106216
3.664000 194.991531
3.669333 194.897171
3.674667 194.864761
3.680000 195.286758
3.685333 195.928329
3.690667 98.132034
3.696000 98.255455
3.701333 98.179649
3.706667 98.122047
3.712000 195.246887
3.717333 195.348328
3.722667 195.568726
3.728000 195.527237
3.733333 195.208313
3.738667 194.974976
3.744000 194.986862
3.749333 195.263336
3.754667 195.583908
3.760000 195.651672
3.765333 195.515457
3.770667 195.593536
3.776000 195.754059
3.781333 195.894333
3.786667 196.182388
3.792000 196.451767
3.797333 196.411041
3.802667 196.273361
3.808000 196.336121
3.813333 196.536484
3.818667 196.592682
3.824000 196.484894
3.829333 196.482574
3.834667 196.618576
3.840000 196.622314
3.845333 196.469193
3.850667 196.359055
3.856000 196.381836
3.861333 196.456467
3.866667 196.489731
3.872000 196.462982
3.877333 196.455612
3.882667 196.535080
3.888000 196.646240
3.893333 196.671295
3.898667 196.584656
3.904000 196.511993
3.909333 196.547348
3.914667 196.625824
3.920000 196.624802
3.925333 196.519363
3.930667 196.419434
3.936000 196.359558
3.941333 196.337341
3.946667 196.422928
3.952000 196.472549
3.957333 196.247604
3.962667 196.031265
3.968000 196.096512
3.973333 196.284500
3.978667 196.321701
3.984000 196.355377
3.989333 196.420502
3.994667 196.396194
4.000000 196.278259
4.005333 196.131622
4.010667 196.024323
4.016000 195.916367
4.021333 195.843613
4.026667 195.870224
4.032000 195.915527
4.037333 195.900269
4.042666 195.832718
4.048000 195.743240
4.053333 195.697693
4.058667 195.819382
4.064000 196.088425
4.069334 196.147919
4.074667 195.842117
4.080000 195.577103
4.085333 195.715515
4.090667 195.927429
4.096000 195.777176
4.101333 195.582092
4.106667 195.683273
4.112000 195.875900
4.117333 195.906677
4.122667 195.862015
4.128000 195.867188
4.133333 195.883652
4.138667 195.845337
4.144000 195.888916
4.149333 196.047180
4.154667 195.468338
4.160000 194.602783
4.165333 191.884521
4.170667 269.583618
4.176000 268.313019
4.181334 257.038330
4.186666 257.549561
4.192000 198.363190
4.197333 202.438141
4.202667 195.506012
4.208000 193.344971
4.213333 193.382889
4.218667 98.582527
4.224000 193.403687
4.229333 334.894165
4.234667 335.124695
4.240000 195.540253
4.245333 98.420891
4.250667 83.483673
4.256000 83.594345
4.261333 97.994347
4.266667 98.275375
4.272000 98.611351
4.277333 334.175385
4.282667 334.663910
4.288000 335.431183
4.293334 336.188263
4.298666 336.411987
4.304000 201.680710
4.309333 335.889404
4.314667 336.044800
4.320000 336.059967
4.325333 335.817352
4.330667 335.614441
4.336000 335.599792
4.341333 335.651062
4.346667 335.576263
4.352000 335.494843
4.357333 335.419434
4.362667 335.184265
4.368000 334.742615
4.373333 334.297516
4.378667 334.075043
4.384000 334.148956
4.389333 334.457458
4.394667 334.669739
4.400000 334.501465
4.405334 334.173706
4.410666 334.176208
4.416000 335.174408
4.421333 338.602264
4.426667 185.107941
4.432000 185.638611
4.437333 186.304123
4.442667 186.648132
4.448000 186.681183
4.453333 186.734146
4.458667 186.853882
4.464000 186.782211
4.469333 186.530045
4.474667 186.413467
4.480000 186.491119
4.485333 186.608795
4.490667 186.686234
4.496000 186.702591
4.501333 186.632828
4.506667 186.596420
4.512000 186.681580
4.517334 186.791840
4.522666 186.796204
4.528000 186.455826
4.533333 371.302246
4.538667 371.064636
4.544000 185.936966
4.549333 186.106415
4.554667 186.189423
4.560000 372.067719
4.565333 372.081787
4.570667 372.220490
4.576000 372.307190
4.581333 372.223480
4.586667 372.083344
4.592000 372.032043
4.597333 371.922668
4.602667 371.767181
4.608000 371.695709
4.613333 371.796478
4.618667 371.928619
4.624000 371.798340
4.629333 371.543762
4.634666 371.631104
4.640000 372.222992
4.645333 123.784325
4.650667 1694.413208
4.656000 1667.390625
4.661334 1636.484863
4.666667 352.565704
4.672000 167.329193
4.677333 167.018967
4.682667 110.664185
4.688000 110.592728
4.693333 110.551903
4.698667 110.603065
4.704000 110.688667
4.709333 110.644547
4.714667 110.497040
4.720000 110.385109
4.725333 110.400154
4.730667 110.498749
4.736000 110.556793
4.741333 110.554947
4.746666 110.544228
4.752000 110.552963
4.757333 110.595795
4.762667 110.672867
4.768000 110.795410
4.773334 110.964241
4.778666 336.813568
4.784000 335.691742
4.789333 334.662262
4.794667 334.104340
4.800000 333.899872
4.805333 333.668152
4.810667 333.408936
4.816000 333.289459
4.821333 333.289124
4.826667 166.110641
4.832000 166.065857
4.837333 333.480225
4.842667 333.808289
4.848000 333.837952
4.853333 110.819283
4.858667 110.774086
4.864000 110.757927
4.869333 110.759300
4.874667 110.748558
4.880000 110.755112
4.885334 110.776421
4.890666 110.698158
4.896000 110.551834
4.901333 336.369446
4.906667 334.986481
4.912000 332.146759
4.917333 110.579506
4.922667 110.973602
4.928000 111.535858
4.933333 111.565346
4.938667 111.443970
4.944000 111.362793
4.949333 111.285980
4.954667 111.141083
4.960000 110.992828
4.965333 110.838196
4.970667 110.683632
4.976000 110.604034
4.981333 110.564621
4.986667 110.486488
4.992000 110.454185
4.997334 110.496613
5.002666 110.501854
5.008000 110.478394
5.013333 110.510063
5.018667 110.562424
5.024000 110.569969
5.029333 110.538490
5.034667 110.514755
5.040000 110.521866
5.045333 110.545738
5.050667 110.571243
5.056000 110.583122
5.061333 110.562614
5.066667 110.529671
5.072000 110.515610
5.077333 110.496727
5.082667 110.482285
5.088000 110.496246
5.093333 110.529488
5.098667 110.564201
5.104000 110.602455
5.109334 110.557518
5.114666 110.348358
5.120000 110.345856
5.125333 110.561432
5.130667 110.756882
5.136000 110.950562
5.141333 111.182747
5.146667 179.335464
5.152000 236.971420
5.157333 236.782776
5.162667 236.621887
5.168000 236.685333
5.173333 237.265289
5.178667 204.788879
5.184000 204.756912
5.189333 205.419357
5.194667 205.990570
5.200000 206.173019
5.205333 206.044052
5.210667 206.107101
5.216000 206.641922
5.221334 207.923599
5.226666 208.627777
5.232000 207.493118
5.237333 110.579163
5.242667 110.572792
5.248000 110.476723
5.253334 110.469688
5.258667 140.412354
5.264000 140.466522
5.269333 140.586914
5.274667 140.491119
5.280000 201.560410
5.285333 237.589615
5.290667 237.918777
5.296000 238.665588
5.301333 111.039604
5.306667 110.821281
5.312000 110.695641
5.317333 110.770576
5.322667 110.843826
5.328000 110.729439
5.333333 334.149841
5.338666 333.999847
5.344000 333.661255
5.349333 333.356232
5.354667 333.183624
5.360000 166.791641
5.365334 111.115952
5.370667 0.000000
5.376000 278.839661
5.381333 140.477112
5.386667 140.335938
5.392000 92.915359
5.397333 207.359589
5.402667 207.572510
5.408000 138.505356
5.413333 138.427979
5.418667 138.451080
5.424000 138.608780
5.429333 206.047989
5.434667 138.839203
5.440000 138.965851
5.445333 139.123230
5.450667 209.021301
5.456000 209.398392
5.461333 209.572403
5.466667 275.286591
5.472000 138.821350
5.477334 275.837067
5.482666 276.357788
5.488000 276.825317
5.493333 277.124481
5.498667 277.162231
5.504000 276.835144
5.509333 276.420471
5.514667 276.433167
5.520000 276.910217
5.525333 277.292236
5.530667 277.231354
5.536000 206.717758
5.541333 207.642365
5.546667 208.647919
5.552000 111.934845
5.557333 168.010162
5.562667 168.197327
5.568000 112.020462
5.573333 111.980034
5.578667 111.805161
5.584000 111.478493
5.589334 111.272881
5.594666 111.305763
5.600000 111.344643
5.605333 111.077950
5.610667 110.513153
5.616000 0.000000
5.621333 205.404373
5.626667 205.521988
5.632000 205.535248
5.637333 139.724045
5.642667 139.571396
5.648000 139.569199
5.653333 139.588455
5.658667 139.538971
5.664000 139.427628
5.669333 139.352036
5.674667 139.365829
5.680000 139.484970
5.685333 139.675903
5.690667 139.724915
5.696000 234.527283
5.701334 234.827621
5.706666 139.342865
5.712000 139.446991
5.717333 139.538651
5.722667 139.567841
5.728000 139.613510
5.733333 230.684982
5.738667 229.892548
5.744000 229.553345
5.749333 139.325867
5.754667 446.464600
5.760000 228.709702
5.765333 230.325897
5.770667 231.889435
5.776000 232.394394
5.781333 233.127121
5.786667 139.049377
5.792000 139.167740
5.797333 139.200638
5.802667 139.138260
5.808000 234.385178
5.813334 234.769608
5.818666 234.893555
5.824000 234.987717
5.829333 235.283905
5.834667 235.577988
5.840000 207.096283
5.845333 206.717010
5.850667 206.455673
5.856000 206.697098
5.861333 207.227737
5.866667 207.978912
5.872000 213.158951
5.877333 215.152679
5.882667 206.115036
5.888000 331.819580
5.893333 98.934692
5.898667 198.428650
5.904000 199.943314
5.909333 201.311127
5.914667 202.240570
5.920000 202.220657
5.925333 201.612152
5.930666 201.409912
5.936000 201.626587
5.941333 202.045334
5.946667 203.318573
5.952000 204.076538
5.957334 203.159576
5.962667 201.530273
5.968000 200.906006
5.973333 201.443329
5.978667 201.413055
5.984000 201.244125
5.989333 201.828049
5.994667 202.894287
6.000000 204.069550
6.005333 205.795837
6.010667 207.251236
6.016000 207.227524
6.021333 205.816269
6.026667 204.457779
6.032000 335.413879
6.037333 335.042389
6.042666 334.922455
6.048000 83.137177
6.053333 82.986382
6.058667 82.959694
6.064000 82.961479
6.069334 98.508293
6.074667 0.000000
6.080000 265.828857
6.085333 243.308609
6.090667 242.814148
6.096000 205.307114
6.101333 203.934814
6.106667 203.816315
6.112000 188.618912
6.117333 132.863434
6.122667 132.834137
6.128000 223.817917
6.133333 203.699173
6.138667 203.538696
6.144000 124.454620
6.149333 124.465874
6.154667 124.360130
6.160000 124.196846
6.165333 123.998291
6.170667 123.840248
6.176000 245.527740
6.181334 244.343781
6.186666 243.138550
6.192000 241.438934
6.197333 91.639290
6.202667 255.631088
6.208000 257.188782
6.213333 277.030731
6.218667 101.098343
6.224000 100.966965
6.229333 100.848709
6.234667 93.558594
6.240000 93.530777
6.245333 93.504967
6.250667 223.982315
6.256000 223.385941
6.261333 219.706818
6.266667 166.442978
6.272000 166.638779
6.277333 91.528305
6.282667 91.523407
6.288000 91.619347
6.293334 91.680954
6.298666 91.611374
6.304000 91.493721
6.309333 110.237030
6.314667 99.807365
6.320000 109.772964
6.325333 245.269897
6.330667 246.000076
6.336000 204.679214
6.341333 204.549789
6.346667 204.825027
6.352000 205.209229
6.357333 205.207001
6.362667 205.115326
6.368000 205.171265
6.373333 205.232330
6.378667 205.180130
6.384000 205.048401
6.389333 204.933853
6.394667 204.792633
6.400000 204.343872
6.405334 203.804825
6.410666 203.625137
6.416000 203.342896
6.421333 97.818367
6.426667 189.390900
6.432000 111.174217
6.437333 111.337654
6.442667 111.459435
6.448000 111.660667
6.453333 83.962952
6.458667 83.981949
6.464000 94.049492
6.469333 93.873833
6.474667 93.556976
6.480000 112.066734
6.485333 111.922882
6.490667 111.708328
6.496000 89.054802
6.501333 88.846840
6.506667 94.086021
6.512000 93.916382
6.517334 93.533722
6.522666 93.158234
6.528000 97.503784
6.533333 97.342659
6.538667 95.831749
6.544000 95.608025
6.549333 0.000000
6.554667 0.000000
6.560000 123.436546
6.565333 123.582230
6.570667 98.607826
6.576000 98.990372
6.581333 99.151817
6.586667 124.159424
6.592000 124.120186
6.597333 124.096405
6.602667 124.057869
6.608000 124.024811
6.613333 123.995270
6.618667 123.973320
6.624000 123.997154
6.629333 124.034203
6.634666 124.011429
6.640000 123.919556
6.645333 123.846138
6.650667 205.796768
6.656000 205.821930
6.661334 123.801781
6.666667 123.858086
6.672000 123.863312
6.677333 123.810104
6.682667 123.722969
6.688000 206.118057
6.693333 205.952484
6.698667 205.494217
6.704000 123.637169
6.709333 123.628708
6.714667 123.566216
6.720000 123.553238
6.725333 123.570404
6.730667 205.115936
6.736000 205.684052
6.741333 123.781525
6.746666 123.809547
6.752000 123.810486
6.757333 123.876877
6.762667 123.935883
6.768000 123.882347
6.773334 207.247238
6.778666 123.865868
6.784000 123.917862
6.789333 123.860809
6.794667 123.684364
6.800000 245.333466
6.805333 239.865189
6.810667 236.475601
6.816000 235.166519
6.821333 234.912476
6.826667 77.950867
6.832000 125.285049
6.837333 124.765312
6.842667 186.938065
6.848000 186.524734
6.853333 186.286057
6.858667 186.224289
6.864000 186.242401
6.869333 186.196167
6.874667 186.295212
6.880000 186.548508
6.885334 186.550110
6.890666 186.301254
6.896000 186.085709
6.901333 186.151108
6.906667 186.284912
6.912000 186.276825
6.917333 186.282120
6.922667 186.392349
6.928000 186.527313
6.933333 186.575668
6.938667 186.522964
6.944000 186.418503
6.949333 186.316391
6.954667 186.263153
6.960000 186.236404
6.965333 186.220688
6.970667 186.152863
6.976000 186.013504
6.981333 185.947693
6.986667 186.127701
6.992000 186.440033
6.997334 186.436462
7.002666 186.042084
7.008000 185.696869
7.013333 185.675293
7.018667 186.012299
7.024000 186.804749
7.029333 187.713455
7.034667 0.000000
7.040000 230.955505
7.045333 230.710098
7.050667 230.770416
7.056000 237.289352
7.061333 236.071747
7.066667 235.093842
7.072000 235.180145
7.077333 235.205780
7.082667 234.770996
7.088000 234.308411
7.093333 187.820496
7.098667 121.260292
7.104000 121.286407
7.109334 121.737106
7.114666 121.962982
7.120000 124.977364
7.125333 124.474556
7.130667 380.513428
7.136000 379.867310
7.141333 379.685303
7.146667 380.513000
7.152000 381.273804
7.157333 381.137146
7.162667 380.212708
7.168000 379.100769
7.173333 378.858917
7.178667 379.438934
7.184000 379.424072
7.189333 125.327057
7.194667 187.938095
7.200000 187.780762
7.205333 93.854897
7.210667 376.812439
7.216000 377.225250
7.221334 187.730408
7.226666 187.602249
7.232000 93.784492
7.237333 381.531006
7.242667 381.080719
7.248000 381.013000
7.253334 93.941360
7.258667 93.923248
7.264000 93.974037
7.269333 625.419495
7.274667 191.013840
7.280000 0.000000
7.285333 107.304367
7.290667 107.457123
7.296000 91.517433
7.301333 93.573044
7.306667 146.373520
7.312000 146.780396
7.317333 146.919312
7.322667 146.656982
7.328000 146.343567
7.333333 146.278290
7.338666 146.278351
7.344000 146.250565
7.349333 146.265701
7.354667 146.337189
7.360000 146.341125
7.365334 146.154358
7.370667 145.971939
7.376000 146.007751
7.381333 145.928558
7.386667 145.331497
7.392000 144.879166
7.397333 144.791275
7.402667 144.890076
7.408000 144.944092
7.413333 144.886169
7.418667 144.847229
7.424000 144.986359
7.429333 145.335419
7.434667 145.807297
7.440000 145.969620
7.445333 145.795837
7.450667 145.643677
7.456000 145.628021
7.461333 145.642471
7.466667 145.585968
7.472000 145.476746
7.477334 145.412720
7.482666 145.441284
7.488000 145.479660
7.493333 145.468781
7.498667 145.441376
7.504000 145.447037
7.509333 145.369980
7.514667 145.113068
7.520000 144.761032
7.525333 116.809425
7.530667 0.000000
7.536000 594.963562
7.541333 147.219635
7.546667 147.158875
7.552000 147.265350
7.557333 147.542664
7.562667 147.758926
7.568000 147.742355
7.573333 147.498642
7.578667 147.410065
7.584000 118.000954
7.589334 118.187202
7.594666 118.246437
7.600000 118.214020
7.605333 348.848785
7.610667 348.204285
7.616000 346.971039
7.621333 345.516693
7.626667 343.964111
7.632000 342.314056
7.637333 341.020477
7.642667 340.327484
7.648000 339.836395
7.653333 339.245941
7.658667 338.682892
7.664000 338.476532
7.669333 338.595154
7.674667 338.979889
7.680000 339.760834
7.685333 340.570221
7.690667 340.458954
7.696000 339.732117
7.701334 339.135803
7.706666 338.825592
7.712000 338.805267
7.717333 339.104004
7.722667 339.005371
7.728000 338.189148
7.733333 337.541229
7.738667 337.270874
7.744000 336.930206
7.749333 335.957489
7.754667 335.211121
7.760000 335.850128
7.765333 147.361084
7.770667 146.831650
7.776000 146.814163
7.781333 146.958282
7.786667 147.064301
7.792000 147.158798
7.797333 147.164383
7.802667 147.104111
7.808000 147.052902
7.813334 147.037003
7.818666 147.085159
7.824000 147.222244
7.829333 147.393158
7.834667 147.419662
7.840000 147.296692
7.845333 147.178070
7.850667 147.198318
7.856000 147.425461
7.861333 147.519318
7.866667 147.327209
7.872000 147.167175
7.877333 146.945312
7.882667 146.621536
7.888000 146.560272
7.893333 146.784821
7.898667 147.052032
7.904000 147.100098
7.909333 146.833908
7.914667 146.575470
7.920000 146.551834
7.925333 146.720886
7.930666 146.899216
7.936000 146.843323
7.941333 146.487839
7.946667 146.378387
7.952000 146.601883
7.957334 146.725723
7.962667 146.582794
7.968000 146.290329
7.973333 145.725143
7.978667 144.661148
7.984000 142.793427
7.989333 141.491394
7.994667 263.870056
8.000000 264.166870
8.005333 250.845657
8.010667 111.459152
8.016000 111.310555
8.021334 215.058136
8.026667 235.763641
8.032000 111.418816
8.037333 73.960526
8.042666 74.008698
8.048000 74.008682
8.053333 221.813324
8.058666 111.384613
8.064000 147.567764
8.069333 147.817322
8.074667 148.002380
8.080000 148.059113
8.085333 148.115723
8.090667 148.193359
8.096000 148.003433
8.101334 350.160004
8.106667 147.697876
8.112000 147.823334
8.117333 73.923615
8.122666 441.349518
8.128000 439.932281
8.133333 439.925262
8.138667 441.832764
8.144000 147.423660
8.149333 147.469040
8.154667 147.505096
8.160000 147.409164
8.165334 147.402649
8.170667 147.462692
8.176000 147.591095
8.181334 147.886108
8.186666 148.026352
8.192000 147.898392
8.197333 147.792236
8.202666 147.888031
8.208000 147.780228
8.213333 147.729095
8.218667 147.901138
8.224000 147.933517
8.229333 142.951874
8.234667 142.955505
8.240000 147.185120
8.245334 294.097076
8.250667 294.072479
8.256000 294.097290
8.261333 111.313873
8.266666 602.618042
8.272000 600.589844
8.277333 294.831970
8.282666 147.291885
8.288000 147.132294
8.293333 137.724503
8.298667 137.448715
8.304000 137.035080
8.309334 339.863159
8.314667 338.327332
8.320000 337.719421
8.325334 137.848770
8.330667 137.876816
8.336000 137.834137
8.341333 137.696976
8.346666 137.690826
8.352000 335.816620
8.357333 335.799011
8.362667 336.051941
8.368000 336.090912
8.373333 335.648102
8.378667 335.245605
8.384000 335.205688
8.389334 335.244873
8.394667 335.247772
8.400000 335.206726
8.405334 335.056427
8.410666 334.929993
8.416000 335.032532
8.421333 335.178436
8.426666 335.186798
8.432000 335.095154
8.437333 334.965424
8.442667 334.840302
8.448000 334.795624
8.453333 334.719940
8.458667 334.602692
8.464000 334.545715
8.469334 167.080872
8.474667 167.173019
8.480000 167.658325
8.485333 167.942993
8.490666 83.533974
8.496000 83.779358
8.501333 334.894745
8.506667 334.733643
8.512000 334.256805
8.517333 333.771088
8.522667 167.903687
8.528000 167.969131
8.533334 167.946472
8.538667 167.909515
8.544000 167.864929
8.549334 167.916260
8.554667 168.050446
8.560000 168.218735
8.565333 341.068756
8.570666 340.561401
8.576000 339.682617
8.581333 338.962830
8.586667 338.622528
8.592000 338.618469
8.597333 338.830933
8.602667 338.926544
8.608000 338.895203
8.613334 338.800598
8.618667 338.776642
8.624000 169.279938
8.629333 169.256958
8.634666 169.158997
8.640000 169.121185
8.645333 169.334976
8.650666 169.578415
8.656000 169.488800
8.661333 169.410339
8.666667 169.449463
8.672000 169.451248
8.677333 169.409653
8.682667 169.477768
8.688000 169.549484
8.693334 169.322083
8.698667 148.545135
8.704000 296.831177
8.709333 297.216278
8.714666 297.300415
8.720000 296.786560
8.725333 73.891060
8.730667 293.730133
8.736000 148.972397
8.741333 149.659943
8.746667 149.822113
8.752000 149.772964
8.757334 149.631790
8.762667 149.526047
8.768000 149.465347
8.773334 149.410202
8.778666 149.337372
8.784000 149.254517
8.789333 149.250198
8.794666 149.337204
8.800000 149.400558
8.805333 149.392090
8.810667 149.336044
8.816000 149.293488
8.821333 149.299728
8.826667 149.325577
8.832000 149.318542
8.837334 149.267044
8.842667 149.241577
8.848000 149.295883
8.853333 149.356354
8.858666 149.354446
8.864000 149.334579
8.869333 149.316711
8.874666 149.274185
8.880000 149.232803
8.885333 149.222992
8.890667 149.210983
8.896000 149.159882
8.901334 149.105194
8.906667 149.091354
8.912000 149.113861
8.917334 149.145096
8.922667 149.131622
8.928000 149.067871
8.933333 148.992386
8.938666 148.932541
8.944000 148.920227
8.949333 148.952850
8.954667 217.046829
8.960000 216.417801
8.965333 216.160522
8.970667 216.212448
8.976000 217.004440
8.981334 218.000031
8.986667 219.169556
8.992000 235.013657
8.997334 224.434692
9.002666 365.597107
9.008000 366.627197
9.013333 204.983627
9.018666 205.157745
9.024000 142.748413
9.029333 142.588150
9.034667 411.471680
9.040000 408.583405
9.045333 142.544434
9.050667 142.570068
9.056000 142.539948
9.061334 142.452377
9.066667 142.436005
9.072000 368.779480
9.077333 369.243652
9.082666 204.213303
9.088000 467.400085
9.093333 467.955139
9.098666 467.995331
9.104000 466.594360
9.109333 148.346939
9.114667 148.187637
9.120000 148.099945
9.125334 148.122375
9.130667 148.199844
9.136000 148.242172
9.141334 148.303391
9.146667 148.406387
9.152000 148.376114
9.157333 148.330704
9.162666 148.396179
9.168000 148.366547
9.173333 148.065353
9.178667 147.556824
9.184000 146.854050
9.189333 145.564896
9.194667 145.705414
9.200000 147.260895
9.205334 147.551117
9.210667 147.509521
9.216000 147.465454
9.221334 147.488174
9.226666 147.396729
9.232000 147.204666
9.237333 147.151810
9.242666 147.234497
9.248000 147.449890
9.253333 147.624741
9.258667 147.620422
9.264000 147.477127
9.269333 370.694031
9.274667 370.575470
9.280000 370.119537
9.285334 369.875214
9.290667 369.922058
9.296000 370.297546
9.301333 370.822937
9.306666 74.066063
9.312000 74.117935
9.317333 148.171738
9.322667 148.558624
9.328000 74.152977
9.333333 74.180023
9.338667 74.184883
9.344000 74.160103
9.349334 74.141388
9.354667 74.130310
9.360000 74.133369
9.365334 74.124634
9.370667 74.111816
9.376000 370.871765
9.381333 370.827393
9.386666 370.744141
9.392000 370.513000
9.397333 370.328796
9.402667 370.419037
9.408000 370.468262
9.413333 370.272949
9.418667 370.146423
9.424000 370.200378
9.429334 184.260727
9.434667 122.849884
9.440000 122.745171
9.445333 122.674995
9.450666 122.751663
9.456000 122.975136
9.461333 124.083847
9.466666 125.376701
9.472000 122.487984
9.477333 126.258278
9.482667 126.371849
9.488000 126.219353
9.493333 125.904877
9.498667 122.699547
9.504000 122.807564
9.509334 122.803230
9.514667 122.851311
9.520000 122.994133
9.525333 123.140511
9.530666 123.170357
9.536000 123.208794
9.541333 123.364105
9.546667 123.525314
9.552000 123.690384
9.557333 123.893410
9.562667 124.052361
9.568000 124.062668
9.573334 123.960129
9.578667 123.847656
9.584000 123.804665
9.589334 123.864624
9.594666 123.967850
9.600000 124.086441
9.605333 124.211166
9.610666 124.264023
9.616000 124.212273
9.621333 124.126106
9.626667 124.099152
9.632000 124.099205
9.637333 124.037697
9.642667 123.865501
9.648000 123.585587
9.653334 123.297470
9.658667 123.121490
9.664000 184.625458
9.669333 184.539047
9.674666 184.267532
9.680000 183.962814
9.685333 205.836716
9.690666 367.910828
9.696000 368.908661
9.701333 368.322510
9.706667 367.463226
9.712000 367.129608
9.717334 122.510498
9.722667 366.541412
9.728000 366.423706
9.733334 367.141998
9.738667 368.136505
9.744000 368.313446
9.749333 367.227509
9.754666 366.445129
9.760000 367.179993
9.765333 368.338989
9.770667 368.907562
9.776000 369.095612
9.781333 369.454132
9.786667 370.025085
9.792000 370.521393
9.797334 122.972412
9.802667 123.021553
9.808000 370.568176
9.813334 370.972137
9.818666 371.305817
9.824000 371.328339
9.829333 371.128815
9.834666 370.837036
9.840000 370.613495
9.845333 370.575012
9.850667 370.629547
9.856000 370.707214
9.861333 370.891174
9.866667 371.007172
9.872000 370.568573
9.877334 369.892120
9.882667 369.503265
9.888000 369.296173
9.893333 122.947716
9.898666 122.880829
9.904000 368.343292
9.909333 368.691589
9.914667 148.200562
9.920000 135.287018
9.925333 184.322083
9.930667 183.695236
9.936000 370.020050
9.941334 157.395020
9.946667 182.489578
9.952000 183.141663
9.957334 368.636871
9.962667 121.484238
9.968000 367.752075
9.973333 367.770935
9.978666 368.284424
9.984000 369.427979
9.989333 370.073578
9.994667 183.091644
10.000000 183.013168
10.005333 131.980408
10.010667 132.240952
10.016000 369.411621
10.021334 370.020294
10.026667 370.365906
10.032000 122.436981
10.037333 123.013199
10.042666 123.588654
10.048000 186.655579
10.053333 92.493858
10.058666 92.495239
10.064000 92.555061
10.069333 92.603088
10.074667 92.588814
10.080000 92.548111
10.085333 92.527542
10.090667 92.496567
10.096000 92.404037
10.101334 185.482635
10.106667 185.210861
10.112000 185.038376
10.117333 123.086990
10.122666 123.199501
10.128000 123.116226
10.133333 122.857162
10.138667 122.585915
10.144000 122.537506
10.149333 132.401382
10.154667 122.696663
10.160000 122.382408
10.165334 122.183296
10.170667 122.168633
10.176000 122.101288
10.181334 122.014992
10.186666 122.174706
10.192000 126.918289
10.197333 254.977005
10.202666 254.217422
10.208000 122.253677
10.213333 122.721123
10.218667 122.955254
10.224000 122.852783
10.229333 122.722801
10.234667 122.511444
10.240000 122.233772
10.245334 122.040199
10.250667 121.790810
10.256000 4150.775391
10.261333 4291.062500
10.266666 123.344711
10.272000 123.418121
10.277333 123.745911
10.282666 123.950859
10.288000 124.516045
10.293333 290.006683
10.298667 291.870728
10.304000 123.820946
10.309334 123.514175
10.314667 4174.236328
10.320000 4126.231934
10.325334 4080.785156
10.330667 4051.374756
10.336000 4062.949951
10.341333 4064.839844
10.346666 4042.864746
10.352000 4000.294678
10.357333 3992.287598
10.362667 4001.203857
10.368000 92.956467
10.373333 186.264481
10.378667 372.352173
10.384000 123.076622
10.389334 121.990990
10.394667 122.173523
10.400000 122.692184
10.405334 122.954750
10.410666 134.144165
10.416000 135.887222
10.421333 141.920959
10.426666 148.485641
10.432000 149.240997
10.437333 151.713348
10.442667 155.417618
10.448000 157.429749
10.453333 160.576263
10.458667 162.423615
10.464000 163.703201
10.469334 165.288879
10.474667 166.488373
10.480000 167.344559
10.485333 168.122269
10.490666 169.042007
10.496000 170.314972
10.501333 172.143921
10.506667 173.833847
10.512000 175.133331
10.517333 176.703506
10.522667 178.625320
10.528000 179.778183
10.533334 180.326584
10.538667 180.402634
10.544000 180.393509
10.549334 180.792267
10.554667 181.582977
10.560000 182.474152
10.565333 183.394943
10.570666 184.165527
10.576000 184.770645
10.581333 185.298798
10.586667 185.678711
10.592000 185.825104
10.597333 185.700928
10.602667 185.337463
10.608000 184.831512
10.613334 184.319443
10.618667 183.962128
10.624000 183.872986
10.629333 184.028564
10.634666 184.465012
10.640000 186.045898
10.645333 186.843048
10.650666 187.159683
10.656000 187.561493
10.661333 187.826675
10.666667 188.078995
10.672000 188.767929
10.677333 190.590485
10.682667 191.589752
10.688000 191.941437
10.693334 192.063202
10.698667 191.995728
10.704000 191.764572
10.709333 191.393311
10.714666 190.936371
10.720000 190.459839
10.725333 190.026199
10.730667 189.686874
10.736000 189.459000
10.741333 189.355499
10.746667 189.444305
10.752000 189.729111
10.757334 190.111877
10.762667 190.470016
10.768000 190.802124
10.773334 191.106964
10.778666 191.400208
10.784000 191.784470
10.789333 192.269897
10.794666 192.800201
10.800000 193.283234
10.805333 193.690720
10.810667 194.154510
10.816000 194.793274
10.821333 195.796616
10.826667 197.338257
10.832000 199.318649
10.837334 201.935486
10.842667 205.324402
10.848000 208.186981
10.853333 211.347672
10.858666 214.827759
10.864000 217.264572
10.869333 219.125015
10.874666 463.192932
10.880000 224.046692
10.885333 223.758408
10.890667 223.297958
10.896000 222.653809
10.901334 221.815582
10.906667 220.955643
10.912000 219.980820
10.917334 218.957169
10.922667 218.185867
10.928000 217.812256
10.933333 217.728607
10.938666 217.821014
10.944000 218.039948
10.949333 218.413116
10.954667 218.921097
10.960000 219.374588
10.965333 219.638885
10.970667 219.641632
10.976000 219.362640
10.981334 218.516495
10.986667 216.137344
10.992000 213.949509
10.997334 212.454773
11.002666 223.500168
11.008000 224.838608
11.013333 213.257919
11.018666 4266.254883
11.024000 4280.915527
11.029333 4304.653809
11.034667 4354.006836
11.040000 4409.903809
11.045333 4440.288574
11.050667 4467.547363
11.056000 4503.196777
11.061334 4516.653320
11.066667 212.554565
11.072000 74.113045
11.077333 186.968384
11.082666 186.277817
11.088000 186.394226
11.093333 187.699310
11.098666 192.986053
11.104000 200.169891
11.109333 204.676819
11.114667 210.299149
11.120000 217.797226
11.125334 222.973785
11.130667 225.567261
11.136000 226.948624
11.141334 227.610764
11.146667 227.578445
11.152000 226.554993
11.157333 224.601807
11.162666 222.462997
11.168000 220.765106
11.173333 219.384293
11.178667 218.104797
11.184000 217.510880
11.189333 217.663712
11.194667 217.913483
11.200000 217.903442
11.205334 217.784851
11.210667 217.750366
11.216000 217.779922
11.221334 217.732727
11.226666 217.611404
11.232000 217.553162
11.237333 217.585419
11.242666 217.776779
11.248000 218.268417
11.253333 219.035675
11.258667 219.892883
11.264000 220.730164
11.269333 221.375778
11.274667 221.761948
11.280000 222.026779
11.285334 222.290024
11.290667 222.514389
11.296000 222.634308
11.301333 222.600037
11.306666 222.352905
11.312000 221.872589
11.317333 221.118011
11.322667 220.092194
11.328000 219.010513
11.333333 218.028061
11.338667 217.165802
11.344000 216.623459
11.349334 216.460129
11.354667 216.571518
11.360000 216.895676
11.365334 217.426071
11.370667 218.219818
11.376000 219.283218
11.381333 220.471283
11.386666 221.595749
11.392000 222.641464
11.397333 223.549393
11.402667 224.231644
11.408000 224.554031
11.413333 224.389114
11.418667 223.841156
11.424000 223.121521
11.429334 222.325668
11.434667 221.615677
11.440000 221.177292
11.445333 220.967468
11.450666 220.755798
11.456000 220.332352
11.461333 219.673553
11.466666 218.961258
11.472000 218.300110
11.477333 217.706848
11.482667 217.217087
11.488000 216.921326
11.493333 216.866867
11.498667 216.912445
11.504000 217.072601
11.509334 217.569641
11.514667 218.559265
11.520000 219.957901
11.525333 221.508911
11.530666 222.863419
11.536000 223.657715
11.541333 223.692062
11.546667 223.219101
11.552000 222.701828
11.557333 222.394394
11.562667 222.165588
11.568000 221.887039
11.573334 221.584396
11.578667 221.228073
11.584000 220.759796
11.589334 220.252899
11.594666 219.824249
11.600000 219.483505
11.605333 219.204102
11.610666 218.949356
11.616000 218.773987
11.621333 218.672333
11.626667 218.527603
11.632000 218.405777
11.637333 218.500122
11.642667 218.689896
11.648000 218.777191
11.653334 218.800827
11.658667 218.833328
11.664000 218.775940
11.669333 218.585281
11.674666 218.477921
11.680000 218.614731
11.685333 218.785843
11.690666 218.865936
11.696000 219.026138
11.701333 219.322052
11.706667 219.601517
11.712000 219.838669
11.717334 220.080872
11.722667 220.286713
11.728000 220.421753
11.733334 220.549744
11.738667 220.670776
11.744000 220.722046
11.749333 220.676956
11.754666 220.525635
11.760000 220.273590
11.765333 219.972183
11.770667 219.689209
11.776000 219.485916
11.781333 219.356369
11.786667 219.273117
11.792000 219.318100
11.797334 219.535934
11.802667 219.479828
11.808000 219.593430
11.813334 220.250137
11.818666 220.783386
11.824000 220.568481
11.829333 1019.789307
11.834666 1018.627197
11.840000 1015.070618
11.845333 111.232231
11.850667 221.560349
11.856000 221.336365
11.861333 221.064316
11.866667 220.809555
11.872000 220.586945
11.877334 220.362366
11.882667 220.196075
11.888000 220.154007
11.893333 220.090179
11.898666 219.764191
11.904000 219.147858
11.909333 218.709961
11.914667 218.446518
11.920000 218.328110
11.925333 218.568970
11.930667 219.105850
11.936000 219.587433
11.941334 219.851288
11.946667 219.959579
11.952000 220.213638
11.957334 220.845261
11.962667 221.775833
11.968000 222.500046
11.973333 222.472824
11.978666 222.641617
11.984000 223.068893
11.989333 223.409561
11.994667 223.043869
12.000000 221.790588
12.005333 220.936661
12.010667 220.619263
12.016000 220.659836
12.021334 220.818115
12.026667 220.952393
12.032000 221.062103
12.037333 221.042847
12.042666 220.941574
12.048000 220.884338
12.053333 220.846695
12.058666 220.761749
12.064000 220.670944
12.069333 220.605301
12.074667 220.512314
12.080000 220.999023
12.085333 221.635178
12.090667 222.142273
12.096000 222.736526
12.101334 223.360550
12.106667 223.505890
12.112000 223.083893
12.117333 222.214371
12.122666 221.308716
12.128000 220.577011
12.133333 220.109497
12.138667 219.973892
12.144000 220.005463
12.149333 219.907104
12.154667 219.572556
12.160000 219.210968
12.165334 219.058136
12.170667 219.188797
12.176000 219.493393
12.181334 219.905014
12.186666 220.366653
12.192000 220.767181
12.197333 220.912964
12.202666 220.742920
12.208000 220.322281
12.213333 219.786331
12.218667 219.256271
12.224000 218.677505
12.229333 217.968323
12.234667 217.122406
12.240000 216.179871
12.245334 215.078918
12.250667 213.709259
12.256000 211.699265
12.261333 208.264618
12.266666 205.286240
12.272000 201.800003
12.277333 198.682602
12.282666 196.921188
12.288000 195.725479
12.293333 194.751724
12.298667 194.013718
12.304000 193.604416
12.309334 193.484100
12.314667 193.562973
12.320000 193.952179
12.325334 194.673096
12.330667 195.410263
12.336000 196.064774
12.341333 196.647064
12.346666 197.206970
12.352000 197.731308
12.357333 198.103104
12.362667 198.202591
12.368000 197.990616
12.373333 197.455933
12.378667 196.695389
12.384000 195.931931
12.389334 195.381729
12.394667 195.113678
12.400000 195.073898
12.405334 195.203613
12.410666 195.433182
12.416000 195.691086
12.421333 195.889618
12.426666 196.048752
12.432000 196.290100
12.437333 196.666504
12.442667 197.044083
12.448000 197.269379
12.453333 197.327652
12.458667 197.302338
12.464000 197.265472
12.469334 197.292908
12.474667 197.380081
12.480000 197.414642
12.485333 197.268646
12.490666 196.939148
12.496000 196.586487
12.501333 196.274979
12.506667 196.066147
12.512000 196.005936
12.517333 196.058762
12.522667 196.159134
12.528000 196.346069
12.533334 196.633926
12.538667 196.929459
12.544000 197.115280
12.549334 197.139832
12.554667 197.101135
12.560000 197.168167
12.565333 197.353867
12.570666 196.685059
12.576000 195.354538
12.581333 195.741043
12.586667 197.087448
12.592000 198.531616
12.597333 199.198898
12.602667 199.013977
12.608000 198.422592
12.613334 197.890457
12.618667 197.516891
12.624000 197.188644
12.629333 196.893463
12.634666 196.726196
12.640000 196.586761
12.645333 196.384705
12.650666 196.241058
12.656000 196.325531
12.661333 196.548477
12.666667 196.754425
12.672000 196.881409
12.677333 196.887741
12.682667 196.734512
12.688000 196.523804
12.693334 196.431686
12.698667 196.476959
12.704000 196.481918
12.709333 196.347427
12.714666 196.143600
12.720000 195.985458
12.725333 195.912140
12.730667 195.914627
12.736000 195.931091
12.741333 195.866791
12.746667 195.718063
12.752000 195.600555
12.757334 195.602936
12.762667 195.752151
12.768000 196.016876
12.773334 196.313461
12.778666 196.600510
12.784000 197.120575
12.789333 198.787827
12.794666 202.601562
12.800000 98.468018
12.805333 195.351166
12.810667 195.531082
12.816000 195.516769
12.821333 195.631973
12.826667 195.540390
12.832000 195.084229
12.837334 194.404678
12.842667 388.025848
12.848000 386.580566
12.853333 385.077576
12.858666 190.920639
12.864000 189.724243
12.869333 188.618118
12.874666 384.771606
12.880000 385.319397
12.885333 385.923981
12.890667 195.072861
12.896000 195.069229
12.901334 195.237000
12.906667 195.426483
12.912000 337.872681
12.917334 338.388763
12.922667 342.543213
12.928000 378.710114
12.933333 355.056610
12.938666 350.568207
12.944000 346.604828
12.949333 345.626770
12.954667 345.228821
12.960000 344.228973
12.965333 342.950134
12.970667 341.964417
12.976000 340.621552
12.981334 337.904083
12.986667 197.567505
12.992000 392.673706
12.997334 1211.172363
13.002666 1208.555054
13.008000 1195.705322
13.013333 1181.728882
13.018666 1172.877686
13.024000 136.857956
13.029333 137.029465
13.034667 126.973343
13.040000 0.000000
13.045333 79.366837
13.050667 189.794708
13.056000 190.008713
13.061334 190.319534
13.066667 190.835678
13.072000 192.255981
13.077333 198.373245
13.082666 200.188400
13.088000 200.487656
13.093333 200.138245
13.098666 199.782776
13.104000 199.463135
13.109333 198.991180
13.114667 198.294250
13.120000 197.596298
13.125334 196.948502
13.130667 196.389938
13.136000 196.029694
13.141334 195.793182
13.146667 195.536758
13.152000 195.329987
13.157333 195.278351
13.162666 195.366898
13.168000 195.486481
13.173333 195.553253
13.178667 195.580032
13.184000 195.675842
13.189333 195.909088
13.194667 196.206253
13.200000 196.427307
13.205334 196.535690
13.210667 196.678055
13.216000 196.843964
13.221334 196.876785
13.226666 196.705093
13.232000 196.393631
13.237333 196.047165
13.242666 195.732468
13.248000 195.484848
13.253333 195.305466
13.258667 195.129532
13.264000 390.070435
13.269333 389.786743
13.274667 389.548798
13.280000 388.978058
13.285334 387.835785
13.290667 386.278290
13.296000 191.861069
13.301333 190.598480
13.306666 189.463394
13.312000 378.904694
13.317333 378.681824
13.322667 377.695221
13.328000 375.713226
13.333333 373.100159
13.338667 370.697083
13.344000 183.817307
13.349334 183.156937
13.354667 182.483963
13.360000 182.198471
13.365334 182.068130
13.370667 182.012924
13.376000 182.479233
13.381333 182.987000
13.386666 183.093903
13.392000 183.158340
13.397333 183.530914
13.402667 183.884888
13.408000 183.893494
13.413333 183.784576
13.418667 183.907913
13.424000 184.217529
13.429334 184.382034
13.434667 184.340591
13.440000 184.436371
13.445333 184.819504
13.450666 185.310898
13.456000 185.724014
13.461333 186.099167
13.466666 186.446503
13.472000 186.614609
13.477333 186.474731
13.482667 186.050827
13.488000 185.689438
13.493333 185.661926
13.498667 185.775742
13.504000 185.706909
13.509334 185.521469
13.514667 185.503479
13.520000 185.609039
13.525333 185.673508
13.530666 185.735031
13.536000 185.930893
13.541333 186.159851
13.546667 186.050125
13.552000 185.207657
13.557333 183.540497
13.562667 182.939987
13.568000 183.623138
13.573334 105.240700
13.578667 377.703949
13.584000 377.840363
13.589334 378.889130
13.594666 107.170624
13.600000 106.730202
13.605333 106.922600
13.610666 108.138733
13.616000 108.825829
13.621333 109.169327
13.626667 61.757801
13.632000 61.671814
13.637333 109.938141
13.642667 109.525101
13.648000 109.480179
13.653334 109.866081
13.658667 110.359413
13.664000 110.256790
13.669333 110.160484
13.674666 110.084007
13.680000 109.956032
13.685333 110.115959
13.690666 110.411240
13.696000 110.531120
13.701333 110.501183
13.706667 110.512192
13.712000 110.628296
13.717334 110.652763
13.722667 110.751526
13.728000 3749.534424
13.733334 3728.071289
13.738667 183.593384
13.744000 465.886536
13.749333 466.620300
13.754666 466.572906
13.760000 185.352783
13.765333 184.518875
13.770667 183.928131
13.776000 183.217697
13.781333 182.476578
13.786667 181.811417
13.792000 181.284332
13.797334 180.784058
13.802667 180.179993
13.808000 179.474258
13.813334 178.603027
13.818666 333.246826
13.824000 171.744522
13.829333 3549.232910
13.834666 3543.842041
13.840000 88.944115
13.845333 164.941498
13.850667 164.746674
13.856000 140.378052
13.861333 0.000000
13.866667 3449.138428
13.872000 3479.080811
13.877334 3512.589111
13.882667 4316.647461
13.888000 3681.046387
13.893333 165.704147
13.898666 165.029907
13.904000 164.735840
13.909333 164.598785
13.914667 158.906113
13.920000 158.742203
13.925333 159.249924
13.930667 160.279556
13.936000 161.696518
13.941334 163.107086
13.946667 163.155762
13.952000 162.937332
13.957334 163.675034
13.962667 165.125244
13.968000 166.073059
13.973333 167.056625
13.978666 169.236404
13.984000 171.635040
13.989333 173.789673
13.994667 177.708649
14.000000 179.350876
14.005333 184.548889
14.010667 189.453064
14.016000 202.152069
14.021334 65.204117
14.026667 132.272110
14.032000 132.496582
14.037333 196.643372
14.042666 197.289627
14.048000 197.761551
14.053333 198.010574
14.058666 198.020538
14.064000 197.862442
14.069333 197.666626
14.074667 197.424652
14.080000 197.072006
14.085333 196.699844
14.090667 196.388977
14.096000 196.120590
14.101334 195.842972
14.106667 195.496368
14.112000 195.139893
14.117333 194.896439
14.122666 194.918869
14.128000 195.186920
14.133333 195.494034
14.138667 195.641800
14.144000 195.519897
14.149333 195.045929
14.154667 194.216782
14.160000 193.296967
14.165334 192.549362
14.170667 191.931000
14.176000 191.080078
14.181334 189.163116
14.186666 188.200546
14.192000 188.074844
14.197333 178.850800
14.202666 178.028336
14.208000 177.821518
14.213333 178.171448
14.218667 179.184113
14.224000 189.358841
14.229333 92.821861
14.234667 93.336670
14.240000 93.676010
14.245334 187.606689
14.250667 187.522202
14.256000 187.217102
14.261333 186.542297
14.266666 185.932236
14.272000 90.200172
14.277333 92.062218
14.282666 93.762711
14.288000 94.034912
14.293333 187.053116
14.298667 186.365005
14.304000 186.051315
14.309334 185.867767
14.314667 185.396362
14.320000 184.058075
14.325334 180.077621
14.330667 178.661758
14.336000 82.065704
14.341333 4766.655762
14.346666 4704.573730
14.352000 4643.143555
14.357333 4571.269043
14.362667 4493.791016
14.368000 4469.995605
14.373333 4447.449219
14.378667 4399.062988
14.384000 4358.622559
14.389334 4356.875977
14.394667 4370.525391
14.400000 4361.364258
14.405334 4323.183594
14.410666 4276.906250
14.416000 4282.944824
14.421333 4322.304199
14.426666 4337.148438
14.432000 4297.274902
14.437333 4183.027832
14.442667 3996.469238
14.448000 3876.500732
14.453333 3825.507812
14.458667 3815.489502
14.464000 3836.989502
14.469334 3850.946289
14.474667 3666.234863
14.480000 189.918839
14.485333 185.034805
14.490666 184.716766
14.496000 184.786453
14.501333 185.105820
14.506667 188.206543
14.512000 190.301025
14.517333 190.886490
14.522667 191.571716
14.528000 192.518326
14.533334 193.528442
14.538667 194.443665
14.544000 195.041183
14.549334 195.419571
14.554667 195.724686
14.560000 195.945343
14.565333 196.065994
14.570666 196.063751
14.576000 195.984665
14.581333 195.998047
14.586667 196.203888
14.592000 196.458771
14.597333 196.599945
14.602667 196.667313
14.608000 196.741699
14.613334 196.815094
14.618667 196.806076
14.624000 196.779892
14.629333 196.857040
14.634666 197.019211
14.640000 197.245514
14.645333 197.710846
14.650666 198.531006
14.656000 199.617203
14.661333 201.534531
14.666667 205.254593
14.672000 211.314407
14.677333 212.912155
14.682667 219.185760
14.688000 221.451004
14.693334 222.721344
14.698667 224.056183
14.704000 225.581909
14.709333 226.848114
14.714666 227.749634
14.720000 228.026871
14.725333 224.504974
14.730667 222.492569
14.736000 221.141006
14.741333 220.451691
14.746667 219.265289
14.752000 217.735275
14.757334 217.005737
14.762667 216.369934
14.768000 215.882233
14.773334 215.812576
14.778666 215.915176
14.784000 215.809448
14.789333 215.490570
14.794666 215.263779
14.800000 215.540390
14.805333 216.344299
14.810667 217.182434
14.816000 217.848831
14.821333 218.567001
14.826667 219.831284
14.832000 224.058014
14.837334 227.501511
14.842667 227.444626
14.848000 226.758514
14.853333 226.349792
14.858666 226.927109
14.864000 229.130051
14.869333 230.602600
14.874666 231.080185
14.880000 216.369522
14.885333 216.847839
14.890667 217.576660
14.896000 217.637360
14.901334 217.263718
14.906667 216.725037
14.912000 216.368790
14.917334 216.244629
14.922667 216.261139
14.928000 216.286835
14.933333 216.196167
14.938666 217.274643
14.944000 110.932648
14.949333 113.576965
14.954667 110.268661
14.960000 103.481956
14.965333 73.489799
14.970667 73.444626
14.976000 73.412964
14.981334 73.493988
14.986667 188.815735
14.992000 73.861145
14.997334 73.907845
15.002666 149.552826
15.008000 73.845802
15.013333 73.741325
15.018666 73.660530
15.024000 73.619385
15.029333 73.662216
15.034667 73.782143
15.040000 73.846802
15.045333 73.895882
15.050667 73.900604
15.056000 73.881554
15.061334 73.894791
15.066667 73.987663
15.072000 74.054092
15.077333 73.937973
15.082666 73.858131
15.088000 73.861298
15.093333 73.953835
15.098666 74.024017
15.104000 73.956642
15.109333 73.883125
15.114667 73.827621
15.120000 73.835686
15.125334 73.886963
15.130667 73.954170
15.136000 74.028534
15.141334 73.989807
15.146667 73.924286
15.152000 73.895004
15.157333 73.901215
15.162666 73.943237
15.168000 73.969246
15.173333 74.338905
15.178667 3523.364258
15.184000 3411.092285
15.189333 3362.415527
15.194667 0.000000
15.200000 74.617020
15.205334 73.256409
15.210667 73.484612
15.216000 146.754990
15.221334 147.479797
15.226666 147.814178
15.232000 148.163422
15.237333 73.956200
15.242666 74.004417
15.248000 74.029366
15.253333 74.033737
15.258667 74.059464
15.264000 74.032349
15.269333 74.052635
15.274667 74.084518
15.280000 74.061333
15.285334 74.062897
15.290667 74.111496
15.296000 74.143646
15.301333 74.115974
15.306666 74.050995
15.312000 74.024879
15.317333 74.028320
15.322667 74.015701
15.328000 74.012360
15.333333 74.021568
15.338667 74.032738
15.344000 74.033653
15.349334 74.017265
15.354667 74.001938
15.360000 73.999306
15.365334 74.002785
15.370667 74.030266
15.376000 74.023796
15.381333 74.014297
15.386666 74.010353
15.392000 73.969292
15.397333 74.011055
15.402667 74.009499
15.408000 73.984749
15.413333 73.985062
15.418667 73.960152
15.424000 73.893196
15.429334 73.772514
15.434667 73.700012
15.440000 4054.666992
15.445333 73.874962
15.450666 73.955910
15.456000 73.998802
15.461333 73.974083
15.466666 73.973770
15.472000 73.956223
15.477333 73.966408
15.482667 73.977196
15.488000 73.964424
15.493333 73.947784
15.498667 73.931038
15.504000 73.917328
15.509334 73.917946
15.514667 73.920212
15.520000 73.914734
15.525333 73.909698
15.530666 73.891243
15.536000 73.897438
15.541333 73.937653
15.546667 73.945198
15.552000 73.947281
15.557333 73.954605
15.562667 73.975792
15.568000 73.995583
15.573334 73.978500
15.578667 73.988068
15.584000 73.996391
15.589334 73.969025
15.594666 73.955383
15.600000 73.986977
15.605333 74.035645
15.610666 74.042480
15.616000 74.024178
15.621333 74.007385
15.626667 73.534622
15.632000 73.047920
15.637333 147.446442
15.642667 74.091454
15.648000 74.098480
15.653334 74.143166
15.658667 969.117920
15.664000 992.031067
15.669333 1001.691650
15.674666 1006.344116
15.680000 131.781921
15.685333 131.920334
15.690666 86.306351
15.696000 274.451630
15.701333 274.456482
15.706667 274.226349
15.712000 273.826172
15.717334 273.771698
15.722667 93.896767
15.728000 93.962692
15.733334 91.896355
15.738667 94.357002
15.744000 94.308762
15.749333 100.507195
15.754666 100.415054
15.760000 94.063713
15.765333 94.064766
15.770667 94.083702
15.776000 91.565796
15.781333 91.534592
15.786667 125.412888
15.792000 4235.937500
15.797334 4158.309082
15.802667 4137.365234
15.808000 4165.765625
15.813334 4212.557129
15.818666 4246.955078
15.824000 4260.572754
15.829333 4264.954590
15.834666 4260.145996
15.840000 4244.217773
15.845333 4235.912109
15.850667 4245.788086
15.856000 4269.707520
15.861333 4277.942383
15.866667 4237.156250
15.872000 4169.494629
15.877334 4107.852539
15.882667 4096.676758
15.888000 4133.047852
15.893333 4168.451660
15.898666 4185.479492
15.904000 4187.333496
15.909333 4161.869629
15.914667 4090.866699
15.920000 3985.639404
15.925333 3891.191650
15.930667 3846.223877
15.936000 3875.309814
15.941334 251.888168
15.946667 234.794724
15.952000 234.009369
15.957334 159.349121
15.962667 159.881729
15.968000 160.237320
15.973333 160.245682
15.978666 160.066757
15.984000 159.841141
15.989333 159.713837
15.994667 159.876923
16.000000 160.252335
16.005333 160.859802
16.010666 162.186508
16.016001 163.381042
16.021334 164.387695
16.026667 165.247971
16.032000 165.644318
16.037333 165.710556
16.042667 165.495529
16.048000 165.019135
16.053333 164.472580
16.058666 164.077209
16.063999 163.803604
16.069334 163.452332
16.074667 162.887589
16.080000 162.342621
16.085333 162.136185
16.090666 162.103806
16.096001 161.807068
16.101334 161.092514
16.106667 159.990860
16.112000 158.359848
16.117332 155.921555
16.122667 153.573776
16.128000 150.685852
16.133333 147.420731
16.138666 145.856964
16.143999 142.834808
16.149334 138.844131
16.154667 138.448654
16.160000 137.953873
16.165333 435.380585
16.170666 132.168594
16.176001 132.387772
16.181334 132.938293
16.186666 137.640594
16.191999 137.806793
16.197332 139.334625
16.202667 140.522827
16.208000 140.962265
16.213333 144.690918
16.218666 144.810593
16.224001 144.967789
16.229334 145.070145
16.234667 144.978622
16.240000 144.716522
16.245333 144.479462
16.250668 144.394073
16.256001 144.504364
16.261333 144.768982
16.266666 145.043121
16.271999 145.155212
16.277334 145.065216
16.282667 144.910080
16.288000 144.841553
16.293333 144.857147
16.298666 144.958420
16.304001 145.438660
16.309334 146.560974
16.314667 147.158875
16.320000 147.262527
16.325333 147.081650
16.330667 146.844345
16.336000 146.694443
16.341333 146.514862
16.346666 146.194885
16.351999 145.608261
16.357334 144.374695
16.362667 143.623962
16.368000 143.437332
16.373333 143.699692
16.378666 143.814865
16.384001 143.539474
16.389334 144.094620
16.394667 148.012009
16.400000 151.756516
16.405333 156.453918
16.410667 162.785782
16.416000 164.399582
16.421333 165.064850
16.426666 165.518463
16.431999 165.974304
16.437334 166.401932
16.442667 166.633698
16.448000 166.568924
16.453333 166.220673
16.458666 165.740036
16.464001 165.284119
16.469334 164.782745
16.474667 164.186172
16.480000 163.662201
16.485332 163.302460
16.490667 163.087250
16.496000 162.928848
16.501333 162.750351
16.506666 162.595230
16.511999 162.664246
16.517334 163.102341
16.522667 163.809586
16.528000 164.696487
16.533333 166.118011
16.538666 168.584915
16.544001 171.371536
16.549334 173.547348
16.554667 175.510162
16.559999 177.794220
16.565332 180.299789
16.570667 182.439011
16.576000 184.376373
16.581333 185.989975
16.586666 186.983047
16.591999 187.361191
16.597334 187.339020
16.602667 187.120804
16.608000 186.741135
16.613333 186.364624
16.618668 92.657349
16.624001 92.144798
16.629333 184.317139
16.634666 183.377304
16.639999 182.519287
16.645334 182.428833
16.650667 182.365189
16.656000 182.007309
16.661333 181.784668
16.666666 181.977249
16.672001 182.547531
16.677334 183.201904
16.682667 183.998596
16.688000 184.995743
16.693333 185.921753
16.698668 186.655411
16.704000 187.156754
16.709333 187.470612
16.714666 187.671310
16.719999 187.650406
16.725334 187.208145
16.730667 186.350494
16.736000 185.242050
16.741333 184.083817
16.746666 183.314453
16.752001 183.047302
16.757334 182.918747
16.762667 182.761108
16.768000 182.486954
16.773333 182.199524
16.778667 182.101074
16.784000 182.403259
16.789333 183.100296
16.794666 183.925919
16.799999 184.923553
16.805334 167.394363
16.810667 166.832016
16.816000 166.561066
16.821333 166.072144
16.826666 165.596695
16.832001 165.434235
16.837334 165.565842
16.842667 165.666153
16.848000 92.925774
16.853333 92.823967
16.858667 164.864685
16.864000 143.829727
16.869333 89.527100
16.874666 83.879776
16.879999 83.746056
16.885334 46.923065
16.890667 47.071976
16.896000 56.113800
16.901333 56.357433
16.906666 56.939056
16.912001 110.154884
16.917334 110.125038
16.922667 110.071442
16.927999 109.891380
16.933332 109.789108
16.938667 110.031418
16.944000 110.246742
16.949333 110.191116
16.954666 109.926056
16.959999 109.921959
16.965334 110.086296
16.970667 110.245880
16.976000 110.378502
16.981333 110.426941
16.986666 110.248947
16.992001 110.079704
16.997334 110.097672
17.002666 110.196960
17.007999 110.311607
17.013334 55.589310
17.018667 110.086449
17.024000 109.816132
17.029333 61.492996
17.034666 61.563107
17.040001 110.104515
17.045334 110.181824
17.050667 110.417229
17.056000 110.683502
17.061333 101.302811
17.066668 66.010254
17.072001 67.135468
17.077333 67.381798
17.082666 69.671272
17.087999 93.186775
17.093334 0.000000
17.098667 0.000000
17.104000 112.736992
17.109333 112.570374
17.114666 112.372498
17.120001 112.216888
17.125334 112.154541
17.130667 112.145248
17.136000 112.117561
17.141333 154.135544
17.146667 112.094002
17.152000 112.122246
17.157333 112.056213
17.162666 111.993340
17.167999 112.020683
17.173334 112.064339
17.178667 112.065422
17.184000 112.051208
17.189333 112.067375
17.194666 112.082008
17.200001 112.068993
17.205334 112.045113
17.210667 112.001793
17.216000 111.994789
17.221333 112.061165
17.226667 112.117821
17.232000 112.117676
17.237333 112.100403
17.242666 112.116806
17.247999 112.145638
17.253334 112.136642
17.258667 112.126389
17.264000 112.123619
17.269333 112.088768
17.274666 112.047112
17.280001 112.035660
17.285334 112.044014
17.290667 112.009727
17.296000 111.921593
17.301332 111.860870
17.306667 111.859505
17.312000 111.861908
17.317333 111.844154
17.322666 111.846626
17.327999 111.894333
17.333334 111.942764
17.338667 111.963097
17.344000 111.967102
17.349333 111.963982
17.354666 112.004585
17.360001 112.190483
17.365334 123.486290
17.370667 124.804237
17.375999 125.235855
17.381332 125.388054
17.386667 125.576820
17.392000 125.670654
17.397333 125.516602
17.402666 125.417213
17.408001 125.648636
17.413334 125.914017
17.418667 125.653931
17.424000 125.464684
17.429333 125.477081
17.434668 125.596252
17.440001 125.678810
17.445333 125.651115
17.450666 125.504555
17.455999 125.385933
17.461334 125.497162
17.466667 125.685066
17.472000 125.651512
17.477333 125.638390
17.482666 125.795853
17.488001 125.866257
17.493334 125.685760
17.498667 125.573120
17.504000 125.681892
17.509333 125.731239
17.514668 125.705093
17.520000 125.730255
17.525333 125.736557
17.530666 125.598663
17.535999 125.414589
17.541334 125.315460
17.546667 125.427681
17.552000 125.614487
17.557333 125.658394
17.562666 125.590637
17.568001 125.594162
17.573334 126.663651
17.578667 353.127441
17.584000 353.097382
17.589333 353.124847
17.594667 148.033356
17.600000 147.995407
17.605333 148.064438
17.610666 147.830612
17.615999 147.791153
17.621334 148.210632
17.626667 148.602112
17.632000 148.709885
17.637333 148.622421
17.642666 148.553192
17.648001 148.564270
17.653334 148.510818
17.658667 148.339233
17.664000 148.272125
17.669333 148.368073
17.674667 148.400497
17.680000 148.392410
17.685333 148.459961
17.690666 148.552322
17.695999 148.616165
17.701334 148.597641
17.706667 148.484970
17.712000 148.397278
17.717333 148.377930
17.722666 148.339905
17.728001 148.111877
17.733334 147.745590
17.738667 147.705017
17.743999 148.204147
17.749332 148.551682
17.754667 148.589249
17.760000 148.498001
17.765333 148.421814
17.770666 148.458359
17.775999 148.534775
17.781334 148.588943
17.786667 148.688095
17.792000 148.829742
17.797333 148.856567
17.802668 148.812225
17.808001 148.759583
17.813334 148.638077
17.818666 74.248787
17.823999 271.096893
17.829334 270.768616
17.834667 271.348785
17.840000 128.669922
17.845333 125.827888
17.850666 126.397484
17.856001 141.787506
17.861334 136.290878
17.866667 111.149643
17.872000 111.242096
17.877333 111.303802
17.882668 110.991356
17.888000 110.648376
17.893333 111.085899
17.898666 111.330780
17.903999 111.082474
17.909334 110.612350
17.914667 220.610092
17.920000 221.342117
17.925333 221.683136
17.930666 221.478043
17.936001 110.785660
17.941334 110.719406
17.946667 110.703598
17.952000 110.735260
17.957333 110.863060
17.962667 111.000237
17.968000 111.045052
17.973333 111.038162
17.978666 90.173660
17.983999 90.717743
17.989334 245.369446
17.994667 245.680588
18.000000 246.581863
18.005333 247.294525
18.010666 247.724655
18.016001 248.096313
18.021334 463.364197
18.026667 458.123901
18.032000 452.767120
18.037333 111.124588
18.042667 111.598518
18.048000 112.011719
18.053333 113.053391
18.058666 116.900314
18.063999 123.232803
18.069334 124.757355
18.074667 127.813431
18.080000 413.275635
18.085333 420.377167
18.090666 426.264252
18.096001 430.804504
18.101334 434.336334
18.106667 439.390747
18.112000 447.557129
18.117332 450.158936
18.122667 176.121841
18.128000 190.034500
18.133333 191.617310
18.138666 192.568741
18.143999 193.300125
18.149334 193.618698
18.154667 193.359802
18.160000 192.336441
18.165333 190.884476
18.170666 189.820068
18.176001 219.920227
18.181334 221.501404
18.186666 221.665817
18.191999 221.490936
18.197332 221.330948
18.202667 221.399231
18.208000 221.610550
18.213333 221.909439
18.218666 222.122574
18.224001 222.052246
18.229334 73.943367
18.234667 73.925095
18.240000 73.926331
18.245333 73.948570
18.250668 221.646057
18.256001 221.781189
18.261333 221.889908
18.266666 222.009338
18.271999 111.069870
18.277334 111.035973
18.282667 221.609268
18.288000 221.528702
18.293333 221.603439
18.298666 110.967567
18.304001 221.339920
18.309334 220.126587
18.314667 3453.806641
18.320000 3431.353271
18.325333 3421.800293
18.330667 3418.562012
18.336000 3420.620361
18.341333 179.737640
18.346666 180.712326
18.351999 181.479126
18.357334 182.296066
18.362667 183.159164
18.368000 184.077393
18.373333 184.826950
18.378666 185.185806
18.384001 185.235535
18.389334 185.174774
18.394667 185.124863
18.400000 185.174408
18.405333 185.392044
18.410667 185.642334
18.416000 185.856308
18.421333 186.294724
18.426666 187.315750
18.431999 188.662216
18.437334 189.998917
18.442667 191.756042
18.448000 193.922867
18.453333 196.044601
18.458666 198.107162
18.464001 200.998352
18.469334 206.067291
18.474667 208.978226
18.480000 211.174683
18.485332 214.151794
18.490667 216.901535
18.496000 218.854736
18.501333 220.828278
18.506666 222.449615
18.511999 222.955750
18.517334 222.633514
18.522667 222.005219
18.528000 221.360519
18.533333 220.800018
18.538666 220.385925
18.544001 220.149231
18.549334 219.950821
18.554667 219.504700
18.559999 218.827362
18.565332 218.320663
18.570667 218.258240
18.576000 218.614685
18.581333 219.205093
18.586666 219.713531
18.591999 219.957764
18.597334 219.940720
18.602667 219.783432
18.608000 219.580933
18.613333 219.405991
18.618668 219.271835
18.624001 219.130341
18.629333 218.929291
18.634666 219.094238
18.639999 73.775406
18.645334 221.100433
18.650667 221.530899
18.656000 221.614273
18.661333 221.524445
18.666666 221.234985
18.672001 220.638519
18.677334 220.086761
18.682667 220.109116
18.688000 220.430649
18.693333 220.455627
18.698668 220.217575
18.704000 219.890533
18.709333 219.573227
18.714666 73.635468
18.719999 73.547279
18.725334 73.396255
18.730667 149.886093
18.736000 218.427094
18.741333 218.518646
18.746666 218.652298
18.752001 184.179871
18.757334 187.224991
18.762667 193.503494
18.768000 206.141510
18.773333 213.166367
18.778667 219.697952
18.784000 222.525711
18.789333 223.746780
18.794666 224.116653
18.799999 223.883316
18.805334 223.343185
18.810667 223.143021
18.816000 223.390335
18.821333 223.539902
18.826666 223.044876
18.832001 221.717636
18.837334 220.446884
18.842667 219.734528
18.848000 219.288559
18.853333 218.858795
18.858667 218.440079
18.864000 218.093185
18.869333 217.739899
18.874666 217.326706
18.879999 216.911652
18.885334 216.623215
18.890667 216.592606
18.896000 216.821442
18.901333 217.242203
18.906666 217.756638
18.912001 218.293854
18.917334 218.988800
18.922667 219.899475
18.927999 220.840729
18.933332 221.618103
18.938667 222.150955
18.944000 222.381409
18.949333 222.348953
18.954666 222.145386
18.959999 221.925522
18.965334 221.876907
18.970667 221.987015
18.976000 222.119766
18.981333 222.153366
18.986666 222.030609
18.992001 221.696838
18.997334 221.033325
19.002666 220.061386
19.007999 219.290405
19.013334 218.958511
19.018667 109.404449
19.024000 109.254234
19.029333 109.035980
19.034666 217.991791
19.040001 218.419815
19.045334 219.190887
19.050667 219.986557
19.056000 220.623215
19.061333 221.085007
19.066668 221.378143
19.072001 221.571640
19.077333 221.670395
19.082666 221.593460
19.087999 221.394211
19.093334 221.270615
19.098667 221.158508
19.104000 220.867569
19.109333 220.270020
19.114666 219.341766
19.120001 218.122467
19.125334 216.789810
19.130667 215.525345
19.136000 214.505554
19.141333 213.692596
19.146667 213.198074
19.152000 200.560211
19.157333 73.456665
19.162666 5575.425293
19.167999 5620.483887
19.173334 5655.417480
19.178667 5637.098145
19.184000 5541.753906
19.189333 5391.337891
19.194666 5252.300781
19.200001 5199.479492
19.205334 5224.031250
19.210667 5265.362793
19.216000 5291.700195
19.221333 5269.666016
19.226667 5180.818359
19.232000 5065.326172
19.237333 5064.100586
19.242666 73.929764
19.247999 5630.744629
19.253334 5612.930176
19.258667 5424.692383
19.264000 5258.244141
19.269333 5113.098145
19.274666 285.307648
19.280001 273.222870
19.285334 74.966537
19.290667 225.478058
19.296000 224.872055
19.301332 223.636368
19.306667 221.456848
19.312000 219.671478
19.317333 219.151108
19.322666 219.215500
19.327999 219.461456
19.333334 219.595673
19.338667 219.517319
19.344000 219.299820
19.349333 219.090714
19.354666 218.975677
19.360001 218.964706
19.365334 219.071930
19.370667 219.318787
19.375999 219.653854
19.381332 219.929306
19.386667 220.039703
19.392000 220.054520
19.397333 220.131775
19.402666 220.430649
19.408001 220.933563
19.413334 221.283615
19.418667 221.268677
19.424000 220.898026
19.429333 220.268539
19.434668 219.560669
19.440001 218.988647
19.445333 218.529205
19.450666 217.981674
19.455999 217.039841
19.461334 215.580521
19.466667 213.486633
19.472000 210.876617
19.477333 208.519623
19.482666 206.648544
19.488001 205.289383
19.493334 205.369598
19.498667 206.250412
19.504000 195.929855
19.509333 196.073868
19.514668 196.265900
19.520000 196.404419
19.525333 196.405136
19.530666 196.090561
19.535999 195.525574
19.541334 195.377121
19.546667 195.656189
19.552000 196.126511
19.557333 196.847946
19.562666 197.460922
19.568001 197.540649
19.573334 97.951019
19.578667 195.496292
19.584000 193.575668
19.589333 192.838837
19.594667 192.408417
19.600000 96.438179
19.605333 190.588760
19.610666 190.312469
19.615999 190.080643
19.621334 189.440887
19.626667 97.142578
19.632000 97.067101
19.637333 294.907806
19.642666 188.457855
19.648001 187.963287
19.653334 187.592438
19.658667 187.468842
19.664000 187.394531
19.669333 187.364761
19.674667 187.590775
19.680000 188.264099
19.685333 188.945908
19.690666 189.328888
19.695999 189.828323
19.701334 190.672638
19.706667 191.638428
19.712000 192.702698
19.717333 194.026306
19.722666 195.561996
19.728001 196.929230
19.733334 198.145737
19.738667 199.404327
19.743999 201.260513
19.749332 205.652023
19.754667 142.285828
19.760000 143.278687
19.765333 211.949127
19.770666 213.748764
19.775999 215.317688
19.781334 216.805023
19.786667 217.624039
19.792000 217.705505
19.797333 217.604919
19.802668 218.196198
19.808001 219.046021
19.813334 219.662979
19.818666 220.341278
19.823999 221.123703
19.829334 221.675964
19.834667 221.801331
19.840000 221.534683
19.845333 221.097031
19.850666 220.715363
19.856001 220.344131
19.861334 219.847900
19.866667 219.364273
19.872000 219.135757
19.877333 219.142151
19.882668 219.291229
19.888000 219.494720
19.893333 219.661682
19.898666 219.708145
19.903999 219.562561
19.909334 219.268967
19.914667 218.999039
19.920000 218.877502
19.925333 218.803207
19.930666 218.717239
19.936001 218.617172
19.941334 218.376724
19.946667 217.901901
19.952000 217.281036
19.957333 216.623322
19.962667 215.958450
19.968000 215.296692
19.973333 214.592377
19.978666 213.887726
19.983999 106.562393
19.989334 212.327698
19.994667 211.214859
20.000000 0.000000
