0.000000 364.880188
0.005805 343.496796
0.011610 347.606781
0.017415 178.387085
0.023220 178.016769
0.029025 177.537994
0.034830 177.971725
0.040635 179.677963
0.046440 179.775650
0.052245 178.463028
0.058050 177.974274
0.063855 178.691101
0.069660 180.217712
0.075465 183.260162
0.081270 184.976791
0.087075 184.686081
0.092880 183.513123
0.098685 182.413620
0.104490 181.650864
0.110295 181.156021
0.116100 180.644058
0.121905 177.015137
0.127710 176.921677
0.133515 177.546692
0.139320 178.509674
0.145125 178.975906
0.150930 179.904739
0.156735 182.233582
0.162540 183.617294
0.168345 184.612320
0.174150 185.140778
0.179955 184.956253
0.185760 184.040573
0.191565 183.308929
0.197370 176.862152
0.203175 176.561737
0.208980 176.157333
0.214785 175.718338
0.220590 175.553040
0.226395 175.675323
0.232200 176.466095
0.238005 192.337418
0.243810 193.668411
0.249615 200.136154
0.255419 200.169800
0.261224 103.445221
0.267029 100.598846
0.272834 3381.133301
0.278639 3262.422607
0.284444 187.504181
0.290249 187.860092
0.296054 188.099991
0.301859 186.849457
0.307664 184.174057
0.313469 183.796021
0.319274 184.417023
0.325079 382.802643
0.330884 382.358002
0.336689 180.276108
0.342494 179.390060
0.348299 179.400986
0.354104 180.029282
0.359909 386.268829
0.365714 192.838913
0.371519 179.885544
0.377324 179.715988
0.383129 179.900757
0.388934 179.300629
0.394739 174.097519
0.400544 173.278458
0.406349 173.631088
0.412154 174.368866
0.417959 178.509354
0.423764 178.038986
0.429569 172.814331
0.435374 172.702347
0.441179 0.000000
0.446984 144.577576
0.452789 183.615723
0.458594 182.228729
0.464399 181.887589
0.470204 181.735886
0.476009 71.497124
0.481814 354.141785
0.487619 0.000000
0.493424 835.704712
0.499229 871.047974
0.505034 897.567383
0.510839 229.949493
0.516644 623.106201
0.522449 189.829575
0.528254 189.752518
0.534059 189.656570
0.539864 189.452835
0.545669 188.727631
0.551474 187.089828
0.557279 185.696411
0.563084 185.121460
0.568889 185.126251
0.574694 181.032822
0.580499 178.830078
0.586304 179.626694
0.592109 180.375870
0.597914 180.747421
0.603719 180.848846
0.609524 180.782898
0.615329 180.699982
0.621134 180.749771
0.626939 180.889191
0.632744 180.729797
0.638549 180.427383
0.644354 180.061752
0.650159 179.700058
0.655964 179.630493
0.661769 179.908203
0.667574 180.218750
0.673379 180.519012
0.679184 181.119156
0.684989 181.824722
0.690794 182.142914
0.696599 182.633804
0.702404 186.997528
0.708209 186.814621
0.714014 184.347366
0.719819 183.779160
0.725624 183.502655
0.731429 188.965332
0.737234 189.290909
0.743039 94.156052
0.748844 93.937141
0.754649 93.968361
0.760454 123.206894
0.766258 94.234955
0.772063 94.069481
0.777869 187.339981
0.783673 91.312813
0.789478 90.463242
0.795283 183.857956
0.801088 183.728531
0.806893 183.070496
0.812698 182.672287
0.818503 182.852402
0.824308 183.495621
0.830113 184.237640
0.835918 184.290680
0.841723 183.265335
0.847528 183.001434
0.853333 182.700150
0.859138 181.984299
0.864943 181.433289
0.870748 181.363846
0.876553 181.453705
0.882358 181.393112
0.888163 181.365906
0.893968 181.475830
0.899773 181.601486
0.905578 181.620773
0.911383 180.650940
0.917188 178.647324
0.922993 177.693756
0.928798 177.038635
0.934603 176.154083
0.940408 173.313614
0.946213 169.700562
0.952018 166.863495
0.957823 162.223282
0.963628 312.439484
0.969433 101.262726
0.975238 101.364281
0.981043 103.390297
0.986848 140.737213
0.992653 140.736542
0.998458 141.482117
1.004263 141.359192
1.010068 141.270996
1.015873 141.611740
1.021678 70.937416
1.027483 70.745621
1.033288 70.319916
1.039093 140.944290
1.044898 140.566574
1.050703 140.131485
1.056508 139.566193
1.062313 139.075043
1.068118 138.481750
1.073923 137.921371
1.079728 137.648102
1.085533 137.443726
1.091338 137.253937
1.097143 137.235138
1.102948 138.330551
1.108753 139.441727
1.114558 139.992615
1.120363 140.472473
1.126168 141.204102
1.131973 142.877121
1.137778 141.484879
1.143583 141.398178
1.149388 142.013672
1.155193 144.189377
1.160998 144.208862
1.166803 144.485489
1.172608 145.226364
1.178413 145.920578
1.184218 146.149506
1.190023 146.349655
1.195828 146.716827
1.201633 151.936630
1.207438 153.193176
1.213243 159.610901
1.219048 164.911850
1.224853 165.727921
1.230658 174.284454
1.236463 174.303146
1.242268 173.894135
1.248073 173.046326
1.253878 180.800797
1.259683 180.711334
1.265488 180.910629
1.271293 181.256897
1.277097 181.772766
1.282902 182.469894
1.288707 184.078812
1.294513 184.969925
1.300317 185.377213
1.306122 185.809784
1.311927 183.306091
1.317732 182.812012
1.323537 185.202103
1.329342 186.226791
1.335147 187.393982
1.340952 193.987000
1.346757 194.773544
1.352562 195.446289
1.358367 196.384262
1.364172 204.216583
1.369977 204.428741
1.375782 204.250763
1.381587 204.249069
1.387392 204.398544
1.393197 204.527878
1.399002 204.766113
1.404807 204.940781
1.410612 205.020737
1.416417 205.226181
1.422222 206.448868
1.428027 103.749741
1.433832 103.800026
1.439637 103.202316
1.445442 102.853920
1.451247 102.764488
1.457052 102.789619
1.462857 102.168381
1.468662 101.648773
1.474467 101.498329
1.480272 68.843704
1.486077 68.822441
1.491882 68.755135
1.497687 211.784897
1.503492 100.516327
1.509297 100.404617
1.515102 207.754211
1.520907 2938.761475
1.526712 2816.930420
1.532517 1590.811279
1.538322 1001.466797
1.544127 610.332214
1.549932 146.314056
1.555737 1696.821167
1.561542 1727.944824
1.567347 454.505676
1.573152 457.368347
1.578957 458.869965
1.584762 1685.566406
1.590567 1711.123047
1.596372 1749.777832
1.602177 1878.362549
1.607982 2031.494629
1.613787 1997.707886
1.619592 1925.212280
1.625397 1862.526489
1.631202 1771.201904
1.637007 172.570969
1.642812 3257.145996
1.648617 3333.888184
1.654422 3410.644043
1.660227 1570.731201
1.666032 159.378754
1.671837 159.279160
1.677642 3373.235107
1.683447 3395.907227
1.689252 1051.863037
1.695057 281.575531
1.700862 281.349670
1.706667 254.239944
1.712472 262.643738
1.718277 264.591614
1.724082 269.464600
1.729887 272.472260
1.735692 273.428253
1.741497 273.412476
1.747302 136.442337
1.753107 271.232147
1.758912 269.436188
1.764717 265.214905
1.770522 262.654968
1.776327 262.063171
1.782132 262.974762
1.787936 266.348358
1.793741 270.544464
1.799546 277.256622
1.805351 279.596588
1.811157 280.892639
1.816961 148.945557
1.822766 151.388153
1.828571 152.748840
1.834376 307.771759
1.840181 308.808899
1.845986 309.285675
1.851791 308.677734
1.857596 307.408875
1.863401 153.119308
1.869206 305.550720
1.875011 304.576599
1.880816 304.384003
1.886621 152.504227
1.892426 152.873154
1.898231 153.161758
1.904036 152.967575
1.909841 152.736313
1.915646 152.680252
1.921451 152.543701
1.927256 152.245102
1.933061 151.970459
1.938866 151.742386
1.944671 151.573929
1.950476 151.378464
1.956281 150.961166
1.962086 150.145996
1.967891 145.234070
1.973696 143.348816
1.979501 136.135437
1.985306 135.072876
1.991111 134.945724
1.996916 135.309952
2.002721 77.798050
2.008526 78.196175
2.014331 78.199524
2.020136 78.106865
2.025941 77.931885
2.031746 77.710739
2.037551 81.196510
2.043356 80.942123
2.049161 78.409752
2.054966 77.650536
2.060771 164.601288
2.066576 293.474457
2.072381 293.505402
2.078186 291.050629
2.083991 282.177979
2.089796 280.936554
2.095601 280.826294
2.101406 281.017029
2.107211 280.453369
2.113016 278.806091
2.118821 276.837921
2.124626 275.218292
2.130431 274.107269
2.136236 273.353119
2.142041 272.740540
2.147846 272.309998
2.153651 272.024750
2.159456 271.842407
2.165261 271.767334
2.171066 271.798065
2.176871 90.560745
2.182676 90.503319
2.188481 271.289093
2.194286 270.611389
2.200091 268.758484
2.205896 122.550880
2.211701 121.721809
2.217506 182.448227
2.223311 182.660431
2.229116 182.788147
2.234921 182.764297
2.240726 182.774231
2.246531 182.810593
2.252336 182.745331
2.258141 182.452118
2.263946 181.968735
2.269751 181.679550
2.275556 182.173096
2.281361 358.833313
2.287166 321.832886
2.292970 315.406586
2.298775 313.644592
2.304580 313.280975
2.310385 313.227875
2.316190 312.855042
2.321995 312.083984
2.327801 311.092590
2.333606 309.799072
2.339411 308.010437
2.345215 305.808807
2.351020 303.626190
2.356825 301.844086
2.362630 300.582733
2.368435 300.229248
2.374240 150.078552
2.380045 301.323486
2.385850 201.127609
2.391655 706.767029
2.397460 708.260742
2.403265 702.186768
2.409070 366.078003
2.414875 183.262695
2.420680 121.569145
2.426485 121.867935
2.432290 121.899155
2.438095 177.489807
2.443900 178.030350
2.449705 179.269455
2.455510 180.231064
2.461315 182.309830
2.467120 182.520401
2.472925 182.232239
2.478730 181.672546
2.484535 181.175797
2.490340 181.038986
2.496145 181.251770
2.501950 181.422318
2.507755 181.489975
2.513560 181.487030
2.519365 180.283096
2.525170 180.144135
2.530975 180.173004
2.536780 180.346954
2.542585 181.017807
2.548390 121.216965
2.554195 231.963593
2.560000 232.970078
2.565805 233.343185
2.571610 233.026749
2.577415 231.894394
2.583220 230.278290
2.589025 228.809326
2.594830 227.655273
2.600635 226.864105
2.606440 225.960678
2.612245 224.623276
2.618050 223.055374
2.623855 221.862732
2.629660 221.130890
2.635465 220.676605
2.641270 220.269165
2.647075 219.820679
2.652880 219.793900
2.658685 220.491516
2.664490 221.357803
2.670295 222.271683
2.676100 223.447754
2.681905 224.926300
2.687710 226.736069
2.693515 228.188492
2.699320 228.914551
2.705125 229.327347
2.710930 230.040482
2.716735 231.894470
2.722540 233.233307
2.728345 233.679474
2.734150 233.925644
2.739955 234.159225
2.745760 233.827423
2.751565 232.856247
2.757370 231.903900
2.763175 232.332031
2.768980 233.325851
2.774785 233.458542
2.780590 232.665970
2.786395 231.465103
2.792200 230.574844
2.798005 230.197983
2.803810 230.646011
2.809614 230.892166
2.815419 229.489166
2.821224 226.447723
2.827029 223.884232
2.832834 224.840118
2.838639 226.670700
2.844445 228.875122
2.850250 236.974319
2.856054 237.197662
2.861859 236.330261
2.867664 234.752548
2.873469 233.411255
2.879274 232.584610
2.885079 232.173340
2.890884 231.551208
2.896689 230.373978
2.902494 228.974503
2.908299 227.758194
2.914104 226.639893
2.919909 225.172455
2.925714 222.700607
2.931519 221.171738
2.937324 220.601181
2.943129 220.492706
2.948934 220.865311
2.954739 221.755341
2.960544 223.041321
2.966349 225.263275
2.972154 228.595551
2.977959 231.441528
2.983764 233.576309
2.989569 235.211975
2.995374 236.445236
3.001179 237.180618
3.006984 237.233734
3.012789 236.011841
3.018594 233.223068
3.024399 230.651718
3.030204 228.904327
3.036009 226.726837
3.041814 223.341583
3.047619 221.546188
3.053424 221.685883
3.059229 222.787949
3.065034 223.784302
3.070839 221.312393
3.076644 152.701141
3.082449 152.184937
3.088254 92.065399
3.094059 120.544479
3.099864 120.498032
3.105669 117.772804
3.111474 117.561569
3.117279 117.492569
3.123084 117.560417
3.128889 233.300430
3.134694 231.110794
3.140499 229.368103
3.146304 228.065857
3.152109 226.698639
3.157914 225.823425
3.163719 225.202972
3.169524 224.776749
3.175329 224.536087
3.181134 223.695938
3.186939 222.145630
3.192744 221.952042
3.198549 222.395538
3.204354 222.937485
3.210159 224.043686
3.215964 229.768463
3.221769 230.664337
3.227574 230.772446
3.233379 230.638565
3.239184 230.525345
3.244989 230.307663
3.250794 229.728348
3.256599 228.696014
3.262404 227.368439
3.268209 225.811050
3.274014 224.071930
3.279819 222.831909
3.285624 222.156860
3.291429 221.353531
3.297234 219.763046
3.303039 217.243790
3.308844 203.186462
3.314649 74.541138
3.320453 0.000000
3.326258 92.297569
3.332063 94.760864
3.337868 102.535744
3.343673 103.003006
3.349478 114.609398
3.355283 114.854240
3.361089 228.994064
3.366894 228.176010
3.372698 227.832169
3.378503 227.250488
3.384308 225.913422
3.390113 224.226685
3.395918 222.629883
3.401723 221.411346
3.407528 220.617950
3.413333 220.073181
3.419138 219.602936
3.424943 219.261520
3.430748 219.293823
3.436553 220.063232
3.442358 221.876770
3.448163 224.327759
3.453968 226.607269
3.459773 229.030365
3.465578 231.947708
3.471383 235.192932
3.477188 237.903458
3.482993 239.614227
3.488798 240.917007
3.494603 242.138794
3.500408 243.189423
3.506213 243.804489
3.512018 243.895142
3.517823 243.678558
3.523628 243.387985
3.529433 243.027496
3.535238 242.482941
3.541043 241.856644
3.546848 241.441483
3.552653 241.306335
3.558458 241.324417
3.564263 241.414581
3.570068 241.521667
3.575873 241.824570
3.581678 242.521027
3.587483 243.541000
3.593288 244.611526
3.599093 245.445908
3.604898 245.824722
3.610703 245.719543
3.616508 245.349792
3.622313 245.002487
3.628118 244.815903
3.633923 244.846100
3.639728 245.125900
3.645533 245.298828
3.651338 245.072128
3.657143 244.600479
3.662948 244.277222
3.668753 244.147263
3.674558 244.031281
3.680363 243.941559
3.686168 243.908142
3.691973 243.906387
3.697778 243.795380
3.703583 243.432236
3.709388 242.828506
3.715193 242.118225
3.720998 241.356277
3.726803 240.635193
3.732608 240.246948
3.738413 240.648117
3.744218 240.719482
3.750023 239.959473
3.755828 239.313446
3.761633 238.772430
3.767438 238.141434
3.773243 237.309982
3.779048 236.619080
3.784853 236.339005
3.790658 236.457687
3.796463 237.016632
3.802268 237.938232
3.808073 238.519531
3.813878 238.958664
3.819683 239.944550
3.825488 240.845337
3.831293 241.383469
3.837097 241.799591
3.842902 241.990158
3.848707 241.842117
3.854512 241.376877
3.860317 240.781097
3.866122 240.128082
3.871927 239.381149
3.877733 238.538452
3.883538 237.804047
3.889342 237.401016
3.895147 237.544556
3.900952 238.481567
3.906757 240.483688
3.912562 243.846176
3.918367 248.857254
3.924172 253.860275
3.929977 258.779846
3.935782 262.768372
3.941587 265.675568
3.947392 269.381287
3.953197 273.750885
3.959002 276.091888
3.964807 277.146484
3.970612 277.216431
3.976417 276.356567
3.982222 274.715546
3.988027 272.371460
3.993832 270.065491
3.999637 268.638977
4.005442 267.953033
4.011247 267.750305
4.017052 268.121185
4.022857 513.805420
4.028662 511.045380
4.034467 509.572235
4.040272 457.238098
4.046077 455.876282
4.051882 227.653992
4.057687 227.574463
4.063492 227.657242
4.069297 454.465546
4.075102 454.082153
4.080907 453.804688
4.086712 454.258453
4.092517 458.280792
4.098322 459.317627
4.104127 457.055176
4.109932 454.141205
4.115737 453.704010
4.121542 227.096939
4.127347 227.198517
4.133152 227.187958
4.138957 227.300934
4.144762 227.708054
4.150567 228.715668
4.156372 90.748619
4.162177 146.304779
4.167982 145.956238
4.173787 144.497238
4.179592 143.330048
4.185397 142.924957
4.191202 91.754143
4.197007 91.617203
4.202812 91.638153
4.208617 91.718758
4.214422 91.879288
4.220227 275.772736
4.226032 276.228394
4.231837 276.470520
4.237642 276.525970
4.243447 276.585693
4.249252 277.104889
4.255057 297.055634
4.260862 297.755371
4.266667 233.502151
4.272471 142.641998
4.278276 142.545197
4.284081 275.911224
4.289886 276.176483
4.295691 260.193268
4.301497 257.750397
4.307302 229.355988
4.313107 222.930756
4.318912 223.655777
4.324717 223.842926
4.330522 223.904678
4.336327 225.139557
4.342132 226.711639
4.347937 226.300949
4.353742 225.692749
4.359547 90.556046
4.365352 90.690231
4.371157 90.862808
4.376961 91.019806
4.382766 91.311317
4.388571 201.942123
4.394376 203.194702
4.400181 209.125137
4.405986 215.495544
4.411791 217.978821
4.417596 219.030762
4.423401 219.092346
4.429206 218.481934
4.435011 217.506378
4.440816 216.234482
4.446621 214.589676
4.452426 212.640518
4.458231 210.953995
4.464036 210.094055
4.469841 210.041931
4.475646 210.713928
4.481451 212.026245
4.487256 213.654236
4.493061 215.230499
4.498866 216.808395
4.504671 218.763962
4.510476 221.374557
4.516281 224.098297
4.522086 226.268555
4.527891 227.946091
4.533696 229.379135
4.539501 230.597198
4.545306 231.268051
4.551111 231.198227
4.556916 230.596390
4.562721 229.674164
4.568526 228.392334
4.574331 226.878448
4.580136 225.480377
4.585941 224.274536
4.591746 223.523651
4.597551 223.443756
4.603356 223.869141
4.609161 224.550278
4.614966 225.552948
4.620771 227.029083
4.626576 228.512924
4.632381 229.440063
4.638186 229.829163
4.643991 229.934875
4.649796 229.992966
4.655601 230.057556
4.661406 229.831268
4.667211 228.998932
4.673016 227.538315
4.678821 225.805496
4.684626 224.168457
4.690431 222.591690
4.696236 220.677795
4.702041 218.412827
4.707846 214.842148
4.713651 211.510910
4.719456 209.745712
4.725261 209.932068
4.731066 210.564713
4.736871 210.948517
4.742676 210.089325
4.748481 208.835403
4.754286 208.242493
4.760091 208.233719
4.765896 208.569901
4.771701 208.921234
4.777506 208.830826
4.783311 208.359055
4.789115 208.216614
4.794920 208.667725
4.800725 209.140930
4.806530 209.222931
4.812335 209.055771
4.818141 209.295151
4.823946 209.685638
4.829751 209.593491
4.835556 208.943893
4.841361 208.282791
4.847166 208.153198
4.852971 208.084793
4.858776 207.402405
4.864581 206.183701
4.870386 204.998199
4.876191 204.071091
4.881996 203.133789
4.887800 201.639938
4.893605 199.883789
4.899410 199.042801
4.905215 198.027710
4.911020 195.238464
4.916825 196.589813
4.922630 200.438309
4.928435 205.094131
4.934240 209.295029
4.940045 213.541443
4.945850 216.969818
4.951655 222.921249
4.957460 224.938919
4.963265 226.367935
4.969070 227.023788
4.974875 226.515518
4.980680 224.704468
4.986485 222.511948
4.992290 220.293106
4.998095 217.896744
5.003900 214.783325
5.009705 210.328140
5.015510 207.585403
5.021315 205.576218
5.027120 204.473907
5.032925 204.319214
5.038730 204.988586
5.044535 206.129303
5.050340 207.274338
5.056145 208.461960
5.061950 209.596146
5.067755 210.161743
5.073560 209.879318
5.079365 208.189804
5.085170 203.841324
5.090975 200.285187
5.096780 196.015488
5.102585 191.404831
5.108390 179.359055
5.114195 173.551682
5.120000 172.652695
5.125805 172.688904
5.131610 173.258148
5.137415 174.187241
5.143220 174.501358
5.149025 174.017960
5.154830 173.659180
5.160635 173.675629
5.166440 173.749069
5.172245 173.495743
5.178050 172.778946
5.183855 171.831833
5.189660 315.690582
5.195465 105.032570
5.201270 102.960396
5.207075 102.585968
5.212880 122.549454
5.218685 119.939751
5.224490 113.990852
5.230295 113.779411
5.236100 136.057678
5.241905 68.162781
5.247710 68.227348
5.253515 110.132439
5.259320 113.448380
5.265125 113.711021
5.270930 113.873337
5.276735 114.095398
5.282540 119.788528
5.288345 114.036797
5.294150 113.786903
5.299954 113.716751
5.305759 126.575455
5.311564 57.080692
5.317369 68.269661
5.323174 113.507896
5.328979 113.672760
5.334785 124.054276
5.340590 140.364304
5.346395 146.016464
5.352200 0.000000
5.358005 56.978832
5.363810 57.152054
5.369615 173.397522
5.375420 173.630722
5.381225 173.728180
5.387030 173.809204
5.392835 173.883896
5.398640 173.978378
5.404444 173.925308
5.410249 173.355057
5.416054 172.058624
5.421859 171.065292
5.427664 170.350311
5.433469 169.733902
5.439274 169.293732
5.445079 168.017349
5.450884 166.079224
5.456689 124.011757
5.462494 246.833557
5.468299 249.793869
5.474104 257.794708
5.479909 128.640396
5.485714 171.637985
5.491519 173.330292
5.497324 264.224548
5.503129 180.595230
5.508934 180.969360
5.514739 181.414856
5.520544 181.973755
5.526349 182.225540
5.532154 182.112701
5.537959 181.957809
5.543764 181.820953
5.549569 90.463982
5.555374 178.968018
5.561179 175.071655
5.566984 172.815857
5.572789 171.683853
5.578594 170.537125
5.584399 169.231110
5.590204 168.293564
5.596009 168.087128
5.601814 168.330231
5.607619 169.108154
5.613424 257.960022
5.619229 260.282288
5.625034 263.484253
5.630839 88.670113
5.636644 89.294868
5.642449 180.081451
5.648254 181.874359
5.654059 183.805527
5.659864 185.268417
5.665669 186.388016
5.671474 187.562973
5.677279 188.190155
5.683084 188.218491
5.688889 187.997437
5.694694 187.595947
5.700499 186.427399
5.706304 183.635147
5.712109 181.023972
5.717914 178.705307
5.723719 177.350525
5.729524 176.119186
5.735329 174.633774
5.741134 173.227158
5.746939 172.479263
5.752744 86.523132
5.758549 86.463142
5.764354 334.377594
5.770159 68.107239
5.775964 333.285400
5.781769 333.030701
5.787574 114.592232
5.793379 114.558800
5.799184 114.541435
5.804989 117.481239
5.810794 68.914848
5.816598 68.756218
5.822403 322.236816
5.828208 318.812439
5.834013 56.774231
5.839818 326.793060
5.845623 68.214752
5.851429 68.670479
5.857234 68.751045
5.863039 327.023651
5.868844 325.235382
5.874649 87.053467
5.880454 68.429825
5.886259 67.930885
5.892064 67.843048
5.897869 67.934067
5.903674 68.200180
5.909479 68.421417
5.915284 68.524757
5.921088 68.650528
5.926893 113.563919
5.932698 113.974998
5.938503 340.802307
5.944308 68.301048
5.950113 93.111435
5.955918 94.821274
5.961723 94.450180
5.967528 187.800812
5.973333 186.908722
5.979138 369.216095
5.984943 182.790726
5.990748 177.652390
5.996553 174.184189
6.002358 170.919998
6.008163 171.471375
6.013968 176.200500
6.019773 181.242676
6.025578 180.859512
6.031383 89.797134
6.037188 88.687340
6.042993 88.905128
6.048798 89.254478
6.054603 89.071579
6.060408 88.505211
6.066213 54.741562
6.072018 144.834671
6.077823 144.630219
6.083628 143.790756
6.089433 90.517815
6.095238 135.549957
6.101043 134.208694
6.106848 3820.050293
6.112653 3806.777832
6.118458 377.044037
6.124263 184.202301
6.130068 380.836212
6.135873 296.509827
6.141678 226.984146
6.147483 226.940887
6.153288 227.044662
6.159093 436.241119
6.164898 436.949829
6.170703 431.663788
6.176508 116.058563
6.182313 116.170761
6.188118 231.090729
6.193923 231.277008
6.199728 231.427750
6.205533 231.519470
6.211338 231.623093
6.217143 232.438538
6.222948 117.445023
6.228753 117.862129
6.234558 118.164330
6.240363 237.950470
6.246168 239.309464
6.251973 240.212402
6.257778 241.078751
6.263583 241.894012
6.269388 242.711578
6.275193 243.935043
6.280998 244.956970
6.286803 245.384827
6.292608 245.588196
6.298413 245.676941
6.304218 245.631134
6.310023 245.438065
6.315828 245.069366
6.321633 244.527390
6.327438 243.880035
6.333242 243.435028
6.339047 243.235977
6.344852 243.248352
6.350657 243.359009
6.356462 121.932762
6.362267 122.101089
6.368073 122.289352
6.373878 122.410492
6.379683 122.414772
6.385488 122.379341
6.391293 122.365334
6.397098 122.309677
6.402903 122.149902
6.408708 121.870804
6.414513 121.536842
6.420318 155.047653
6.426123 227.163376
6.431927 208.268356
6.437732 226.194885
6.443537 227.122086
6.449342 228.604294
6.455147 231.178070
6.460952 232.476349
6.466757 232.203979
6.472562 230.841812
6.478367 229.513184
6.484172 229.111969
6.489977 229.271286
6.495782 229.571579
6.501587 229.900650
6.507392 230.494385
6.513197 231.647049
6.519002 233.095779
6.524807 234.124802
6.530612 502.309753
6.536417 508.873444
6.542222 556.253479
6.548027 274.444672
6.553832 273.208954
6.559637 272.526825
6.565442 182.768463
6.571247 274.370667
6.577052 272.635468
6.582857 78.351151
6.588662 76.344849
6.594467 108.411476
6.600272 242.516205
6.606077 106.208443
6.611882 105.199539
6.617687 103.137512
6.623492 108.328506
6.629297 108.551788
6.635102 105.121483
6.640907 102.491272
6.646712 263.946991
6.652517 262.771667
6.658322 243.624146
6.664127 242.458054
6.669932 230.022034
6.675737 230.011154
6.681542 230.813675
6.687347 234.654266
6.693152 234.546967
6.698957 233.937393
6.704762 233.932526
6.710567 233.990173
6.716372 114.891541
6.722177 230.193481
6.727982 239.722961
6.733787 113.019844
6.739592 112.975433
6.745397 113.224678
6.751202 113.347092
6.757007 112.980461
6.762812 111.997810
6.768617 111.629181
6.774422 111.473503
6.780227 113.283577
6.786032 113.441345
6.791837 114.855118
6.797642 113.323967
6.803447 228.611786
6.809252 229.095215
6.815057 229.676804
6.820862 229.655548
6.826667 111.354599
6.832472 74.699982
6.838277 111.060173
6.844081 221.967926
6.849886 225.278641
6.855691 228.911133
6.861496 228.505707
6.867301 226.592514
6.873106 113.127563
6.878911 227.454544
6.884717 242.616409
6.890522 243.080017
6.896327 242.506638
6.902132 230.001968
6.907937 229.831085
6.913742 230.004990
6.919547 230.833862
6.925352 231.357285
6.931157 231.190277
6.936962 230.831451
6.942767 230.612488
6.948571 230.533020
6.954376 230.475327
6.960181 230.527924
6.965986 230.704559
6.971791 230.886444
6.977596 231.041992
6.983401 231.195663
6.989206 231.441559
6.995011 231.891998
7.000816 232.014191
7.006621 231.707764
7.012426 230.987122
7.018231 230.862534
7.024036 231.380081
7.029841 231.570557
7.035646 231.098953
7.041451 230.448563
7.047256 230.228180
7.053061 230.261810
7.058866 230.427979
7.064671 230.645096
7.070476 230.873764
7.076281 231.580765
7.082086 232.955704
7.087891 243.485764
7.093696 4104.293457
7.099501 4094.341797
7.105306 4001.545410
7.111111 3829.976562
7.116916 3727.731445
7.122721 3705.856934
7.128526 3793.965088
7.134331 4984.539062
7.140136 4920.601074
7.145941 4894.555664
7.151746 4895.235352
7.157551 4894.281738
7.163356 4867.401855
7.169161 4851.705078
7.174966 4841.855469
7.180771 4784.262207
7.186576 4654.460938
7.192381 4534.277344
7.198186 4649.022949
7.203991 4823.025879
7.209796 4814.365234
7.215601 4674.282227
7.221406 4471.742676
7.227211 4343.078613
7.233016 4343.659180
7.238821 4391.581055
7.244626 239.995880
7.250431 239.294617
7.256236 239.139236
7.262041 239.250534
7.267846 231.805267
7.273651 231.930862
7.279456 231.310486
7.285261 229.847137
7.291066 229.293976
7.296871 229.393784
7.302676 229.241898
7.308481 228.519669
7.314286 227.556091
7.320091 226.741806
7.325896 225.957870
7.331701 224.995865
7.337506 111.546120
7.343311 111.602654
7.349116 111.553078
7.354921 111.508812
7.360725 111.501175
7.366530 111.508186
7.372335 113.018776
7.378140 229.732925
7.383945 229.690674
7.389750 247.142639
7.395555 247.069550
7.401361 246.789185
7.407166 246.578430
7.412971 232.483917
7.418776 232.752502
7.424581 233.097488
7.430386 233.298264
7.436191 116.345955
7.441996 116.170174
7.447801 115.887527
7.453606 231.392776
7.459411 231.059525
7.465215 230.541687
7.471020 229.765778
7.476825 228.993454
7.482630 228.747620
7.488435 228.403442
7.494240 227.722931
7.500045 227.641754
7.505850 227.816238
7.511655 227.966995
7.517460 228.334473
7.523265 229.088638
7.529070 229.714172
7.534875 229.974731
7.540680 230.297607
7.546485 230.853424
7.552290 231.612289
7.558095 122.420570
7.563900 121.770210
7.569705 118.652634
7.575510 119.005844
7.581315 122.157021
7.587120 248.129898
7.592925 247.854416
7.598730 246.825989
7.604535 246.026932
7.610340 245.476776
7.616145 244.571457
7.621950 243.051605
7.627755 237.910446
7.633560 236.817459
7.639365 229.423553
7.645170 228.008209
7.650975 227.156113
7.656780 236.103607
7.662585 236.382370
7.668390 237.998108
7.674195 246.513687
7.680000 252.392410
7.685805 246.605835
7.691610 241.625809
7.697415 238.342834
7.703220 244.344955
7.709025 247.758438
7.714830 246.795288
7.720635 243.774673
7.726440 246.000626
7.732245 252.593552
7.738050 254.775299
7.743855 251.729324
7.749660 245.946365
7.755465 242.936722
7.761270 241.765167
7.767075 242.002579
7.772880 240.790146
7.778685 123.237564
7.784490 109.905190
7.790295 109.834671
7.796100 95.870415
7.801905 124.632767
7.807710 114.794022
7.813515 107.188530
7.819320 107.028221
7.825125 106.824905
7.830930 0.000000
7.836735 0.000000
7.842540 76.368027
7.848345 242.812607
7.854150 243.198685
7.859955 243.001068
7.865760 251.635284
7.871564 251.356552
7.877369 251.189423
7.883174 250.823044
7.888979 250.034286
7.894784 246.651749
7.900589 245.262970
7.906394 5347.075195
7.912199 5499.317871
7.918005 5619.319824
7.923810 5626.277832
7.929615 5577.763184
7.935420 5545.539551
7.941225 5548.235352
7.947030 5527.375488
7.952835 5460.537598
7.958640 5399.160645
7.964445 5415.960938
7.970250 5511.986328
7.976054 5601.063965
7.981859 5654.927734
7.987664 5662.301270
7.993469 5603.275879
7.999274 5480.400879
8.005079 234.459351
8.010884 233.256119
8.016689 105.578827
8.022494 105.570061
8.028299 105.477570
8.034104 124.727943
8.039909 116.299255
8.045714 116.145309
8.051519 0.000000
8.057324 321.684387
8.063129 318.370850
8.068934 311.263306
8.074739 630.600647
8.080544 634.206848
8.086349 316.601379
8.092155 317.954193
8.097960 320.557129
8.103765 322.726379
8.109570 323.340088
8.115375 323.570099
8.121180 323.366180
8.126985 322.686401
8.132789 321.929749
8.138594 321.988678
8.144399 324.353088
8.150204 327.023987
8.156009 328.324188
8.161814 329.031738
8.167619 329.730042
8.173424 330.557495
8.179229 331.890686
8.185034 667.240112
8.190839 337.992920
8.196644 342.514038
8.202449 347.057220
8.208254 349.160065
8.214059 349.601624
8.219864 350.014893
8.225669 351.000885
8.231474 352.887634
8.237279 354.823273
8.243084 355.965088
8.248889 177.294769
8.254694 177.474808
8.260499 100.938728
8.266304 143.178009
8.272109 89.033722
8.277914 742.848206
8.283719 363.576935
8.289524 363.291443
8.295329 361.905975
8.301134 728.340698
8.306939 727.042908
8.312744 358.567444
8.318549 358.199341
8.324354 358.554871
8.330159 360.164429
8.335963 359.820801
8.341768 357.650269
8.347573 357.644897
8.353378 178.446045
8.359183 179.325348
8.364988 179.600571
8.370793 365.327911
8.376598 368.227814
8.382403 370.201996
8.388208 371.362427
8.394013 372.674652
8.399818 374.220795
8.405623 375.349365
8.411428 375.098236
8.417233 373.903229
8.423038 372.789886
8.428843 371.752808
8.434649 370.775116
8.440454 369.620758
8.446259 368.422821
8.452064 183.830719
8.457869 183.824234
8.463674 182.835754
8.469479 362.511688
8.475284 360.958191
8.481089 360.240265
8.486894 179.368164
8.492699 144.663696
8.498504 227.180176
8.504309 655.293335
8.510114 658.568970
8.515919 123.816528
8.521724 123.590668
8.527529 123.439362
8.533334 187.165161
8.539139 187.080597
8.544943 186.646881
8.550748 186.115067
8.556553 182.738358
8.562358 182.819962
8.568163 364.054047
8.573968 362.664581
8.579773 184.080383
8.585578 182.456696
8.591383 182.154953
8.597188 182.182755
8.602993 364.824219
8.608798 363.609650
8.614603 360.189331
8.620408 357.399200
8.626213 357.822021
8.632018 361.063446
8.637823 363.726318
8.643628 365.032593
8.649433 365.323853
8.655238 364.954529
8.661043 364.133331
8.666848 362.165802
8.672653 358.821014
8.678458 129.774368
8.684263 129.803101
8.690068 131.673737
8.695873 352.820251
8.701678 352.561432
8.707483 351.826385
8.713288 351.705627
8.719093 353.703064
8.724898 359.097656
8.730703 367.651855
8.736508 371.692749
8.742313 373.841614
8.748117 374.796448
8.753922 374.431091
8.759727 372.790955
8.765532 370.279816
8.771338 366.402863
8.777143 362.499268
8.782948 359.499176
8.788753 357.311371
8.794558 356.624847
8.800363 357.521301
8.806168 361.243256
8.811973 365.901581
8.817778 369.262177
8.823583 372.998657
8.829388 376.693481
8.835193 379.719360
8.840998 382.455505
8.846803 384.420288
8.852608 385.434998
8.858413 385.132904
8.864218 383.241180
8.870023 381.508820
8.875828 379.604828
8.881633 372.266235
8.887438 362.866821
8.893243 358.993500
8.899048 351.628693
8.904853 344.850677
8.910658 341.427979
8.916463 336.908783
8.922268 332.168762
8.928073 331.723022
8.933878 166.302917
8.939683 169.067505
8.945488 174.426712
8.951293 121.670967
8.957097 182.460480
8.962902 183.795975
8.968707 186.603882
8.974512 93.478775
8.980317 93.717934
8.986122 376.461029
8.991927 375.462616
8.997732 373.542969
9.003537 370.191925
9.009342 180.828918
9.015147 1304.576416
9.020952 1309.203125
9.026757 367.061554
9.032562 367.396088
9.038367 370.311829
9.044172 377.160187
9.049977 376.095490
9.055782 374.133636
9.061587 370.458221
9.067392 363.192932
9.073197 343.351013
9.079002 335.360748
9.084807 327.640350
9.090612 159.592987
9.096417 308.563416
9.102222 148.867584
9.108027 148.496597
9.113832 149.768219
9.119637 150.391861
9.125443 150.995331
9.131248 151.144913
9.137053 151.133072
9.142858 151.106659
9.148663 151.037476
9.154468 150.728485
9.160272 150.031418
9.166077 142.387985
9.171882 142.068893
9.177687 142.338867
9.183492 143.508896
9.189297 143.441528
9.195102 152.403046
9.200907 152.581467
9.206712 76.459366
9.212517 76.925194
9.218322 76.997276
9.224127 75.675209
9.229932 75.651657
9.235737 150.714798
9.241542 150.708694
9.247347 150.838974
9.253152 151.829544
9.258957 152.947586
9.264762 148.551758
9.270567 148.552597
9.276372 148.758453
9.282177 149.177673
9.287982 150.011337
9.293787 150.326202
9.299592 149.909103
9.305397 148.934357
9.311202 148.549057
9.317007 145.716080
9.322812 145.286758
9.328617 145.297684
9.334422 145.443542
9.340227 145.292511
9.346032 145.659958
9.351837 147.225891
9.357642 147.780777
9.363446 147.580063
9.369251 146.231827
9.375056 150.364456
9.380861 149.639496
9.386666 148.098587
9.392471 147.856949
9.398276 147.129074
9.404081 142.393112
9.409886 142.625687
9.415691 251.190659
9.421496 125.221268
9.427301 261.031311
9.433106 273.221619
9.438911 277.320648
9.444716 280.386078
9.450521 283.883942
9.456326 593.302734
9.462132 597.145386
9.467937 298.027313
9.473742 299.583130
9.479547 301.266876
9.485352 152.222244
9.491157 305.162903
9.496962 306.883301
9.502767 154.427856
9.508572 155.036163
9.514377 155.622269
9.520182 156.027481
9.525987 156.175201
9.531792 156.046707
9.537597 155.652435
9.543402 154.999100
9.549207 153.944824
9.555012 152.735382
9.560817 151.587860
9.566622 150.478409
9.572426 149.706909
9.578231 149.252731
9.584036 299.334869
9.589841 300.555695
9.595646 302.587158
9.601451 306.151764
9.607256 313.326782
9.613061 317.870178
9.618866 323.799072
9.624671 331.961792
9.630476 340.483978
9.636281 348.589386
9.642086 354.395782
9.647891 359.191223
9.653696 363.819763
9.659501 366.943817
9.665306 368.342194
9.671111 368.469025
9.676916 367.710785
9.682721 366.342773
9.688526 364.270660
9.694331 360.788818
9.700136 355.206482
9.705941 350.489258
9.711746 347.398376
9.717551 344.825745
9.723356 343.163361
9.729161 342.985626
9.734966 344.674469
9.740771 348.828644
9.746576 354.684448
9.752381 359.443420
9.758186 362.875427
9.763991 365.566132
9.769796 369.008362
9.775600 374.049774
9.781405 380.624664
9.787210 385.782440
9.793015 388.335541
9.798820 389.789886
9.804626 390.154816
9.810431 388.426056
9.816236 385.939697
9.822041 383.627289
9.827846 377.649536
9.833651 367.095856
9.839456 362.378693
9.845261 357.764740
9.851066 352.086304
9.856871 348.993256
9.862676 347.572327
9.868481 346.738953
9.874286 347.135956
9.880091 350.442627
9.885896 356.506897
9.891701 179.901962
9.897506 180.524506
9.903311 277.722992
9.909116 278.324463
9.914921 279.536743
9.920726 373.375366
9.926531 371.912170
9.932336 369.831329
9.938141 366.691193
9.943946 178.298965
9.949751 177.748108
9.955556 177.658752
9.961361 178.141998
9.967166 179.012711
9.972971 180.949982
9.978776 182.547134
9.984580 184.267548
9.990385 185.174225
9.996190 369.735962
10.001995 367.922394
10.007800 366.724335
10.013605 365.894806
10.019410 365.152435
10.025215 365.140991
10.031020 353.511353
10.036825 167.723770
10.042630 347.333557
10.048435 106.934090
10.054240 189.241608
10.060045 347.130890
10.065850 347.129425
10.071655 346.138947
10.077460 344.831390
10.083265 155.803497
10.089070 156.280060
10.094875 156.568115
10.100680 103.293495
10.106485 103.327827
10.112290 103.513214
10.118095 149.151062
10.123900 148.577972
10.129705 148.706604
10.135510 184.556580
10.141315 184.320465
10.147120 184.140656
10.152925 184.421906
10.158731 188.122223
10.164536 188.335541
10.170341 188.599136
10.176146 188.738113
10.181951 188.182648
10.187755 190.856949
10.193560 184.728027
10.199365 182.977341
10.205170 182.582031
10.210975 182.745148
10.216780 182.628372
10.222585 181.665558
10.228390 180.326797
10.234195 180.072174
10.240000 177.376923
10.245805 180.453873
10.251610 180.717255
10.257415 181.126907
10.263220 184.003372
10.269025 184.284576
10.274830 184.691116
10.280635 185.593735
10.286440 188.084854
10.292245 195.690536
10.298050 196.140884
10.303855 196.061737
10.309660 193.411957
10.315465 193.392029
10.321270 194.433792
10.327075 195.016205
10.332880 195.114044
10.338685 187.162598
10.344490 186.380249
10.350295 180.238815
10.356100 180.581772
10.361905 180.477615
10.367710 177.546570
10.373515 177.568192
10.379320 178.478485
10.385125 183.908981
10.390930 184.122925
10.396734 183.591736
10.402539 179.793655
10.408344 179.928802
10.414149 180.269882
10.419954 185.922195
10.425759 149.295380
10.431564 150.803741
10.437369 151.021683
10.443174 188.921127
10.448979 188.064926
10.454784 183.446030
10.460589 183.930283
10.466394 184.165070
10.472199 183.372391
10.478004 182.468002
10.483809 181.669174
10.489614 180.867325
10.495420 180.868820
10.501225 180.674713
10.507030 180.473160
10.512835 180.874039
10.518640 181.444138
10.524445 181.495071
10.530250 181.235367
10.536055 72.840538
10.541860 72.941994
10.547665 182.255447
10.553470 181.766861
10.559275 180.982056
10.565080 73.492996
10.570885 74.337868
10.576690 345.573578
10.582495 135.837509
10.588300 270.327820
10.594105 260.529205
10.599909 105.008156
10.605714 100.569878
10.611519 101.939369
10.617324 132.383972
10.623129 136.265350
10.628934 113.601212
10.634739 91.058098
10.640544 151.841980
10.646349 151.883392
10.652154 151.867615
10.657959 151.813660
10.663764 151.865799
10.669569 141.757019
10.675374 459.378052
10.681179 458.477539
10.686984 456.815216
10.692789 455.189575
10.698594 413.395782
10.704399 410.978729
10.710204 456.839081
10.716009 455.993958
10.721814 406.253082
10.727619 135.404800
10.733424 135.404999
10.739229 135.394333
10.745034 135.365692
10.750839 135.397812
10.756644 270.638062
10.762449 271.457672
10.768254 272.427246
10.774059 272.895782
10.779864 305.496796
10.785669 305.154480
10.791474 144.944351
10.797279 89.190407
10.803084 328.684570
10.808888 327.654663
10.814693 150.400650
10.820498 143.628891
10.826303 89.551323
10.832108 180.198822
10.837914 90.046555
10.843719 91.599335
10.849524 107.475578
10.855329 107.944290
10.861134 108.356255
10.866939 100.847183
10.872744 52.292000
10.878549 120.250130
10.884354 90.635536
10.890159 88.377815
10.895964 6194.498047
10.901769 366.957733
10.907574 178.596680
10.913379 178.075592
10.919184 172.384506
10.924989 172.103836
10.930794 171.705551
10.936599 171.057175
10.942404 170.709778
10.948209 170.570374
10.954014 170.521667
10.959819 558.465027
10.965624 567.135376
10.971429 178.702560
10.977234 178.479858
10.983039 178.488739
10.988844 178.607224
10.994649 178.554199
11.000454 178.338989
11.006259 178.264526
11.012063 178.310165
11.017868 177.983582
11.023673 176.904861
11.029478 175.828796
11.035283 175.287628
11.041088 175.141327
11.046893 175.104340
11.052698 174.888962
11.058503 174.632751
11.064308 174.778473
11.070113 175.302322
11.075918 176.217117
11.081723 177.678940
11.087528 363.517426
11.093333 364.432495
11.099138 365.269775
11.104943 365.721222
11.110748 183.237534
11.116553 183.301514
11.122358 182.912704
11.128163 182.667633
11.133968 183.060669
11.139773 183.390656
11.145578 183.428162
11.151383 183.182343
11.157188 182.566956
11.162993 182.054520
11.168798 739.778564
11.174603 362.901978
11.180408 362.023712
11.186213 182.389755
11.192019 182.207672
11.197824 181.492081
11.203629 180.800095
11.209434 180.570099
11.215239 180.753586
11.221043 181.066635
11.226848 181.289551
11.232653 181.401352
11.238458 181.288849
11.244263 180.720291
11.250068 180.191132
11.255873 180.431229
11.261678 181.023605
11.267483 182.037140
11.273288 185.765823
11.279093 185.716797
11.284898 183.221252
11.290703 182.219070
11.296508 182.002411
11.302313 181.874863
11.308118 181.079422
11.313923 180.335159
11.319728 180.043671
11.325533 179.749069
11.331338 179.196808
11.337143 179.492188
11.342948 180.766449
11.348753 181.419937
11.354558 135.331436
11.360363 135.394730
11.366168 135.447983
11.371973 135.459076
11.377778 135.371567
11.383583 135.145569
11.389388 202.314896
11.395193 202.231293
11.400998 202.514694
11.406803 202.829697
11.412608 202.817154
11.418413 202.780930
11.424217 202.813873
11.430022 202.881317
11.435827 203.027313
11.441632 203.319458
11.447437 203.603653
11.453242 203.584793
11.459047 203.528214
11.464852 203.597473
11.470657 203.475632
11.476462 203.189987
11.482267 398.794220
11.488072 399.692230
11.493877 101.507790
11.499682 101.396942
11.505487 203.568832
11.511292 203.530838
11.517097 101.259460
11.522902 101.240158
11.528708 101.253502
11.534513 101.161644
11.540318 393.019958
11.546123 393.916901
11.551928 369.339050
11.557733 369.200256
11.563538 370.447906
11.569343 371.942719
11.575148 372.700714
11.580953 180.925262
11.586758 180.616241
11.592563 180.397644
11.598368 180.267776
11.604173 180.219345
11.609978 180.218307
11.615783 180.239059
11.621588 180.249527
11.627392 180.196213
11.633197 180.114380
11.639002 180.105972
11.644807 180.171448
11.650612 180.168350
11.656417 180.091400
11.662222 180.057724
11.668027 180.078751
11.673832 180.074585
11.679637 180.043793
11.685442 180.063492
11.691247 180.171951
11.697052 180.307770
11.702857 180.364151
11.708662 180.305923
11.714467 180.211258
11.720272 180.125992
11.726077 180.002960
11.731882 179.874054
11.737687 179.882370
11.743492 180.050827
11.749297 180.223450
11.755102 180.191086
11.760907 179.922058
11.766712 180.276535
11.772517 181.324615
11.778322 1091.172119
11.784127 224.974899
11.789932 166.556290
11.795737 274.186218
11.801542 0.000000
11.807347 268.729340
11.813152 268.564941
11.818957 135.303818
11.824762 135.150574
11.830567 135.008926
11.836371 134.904404
11.842176 134.634979
11.847981 136.419159
11.853786 399.671600
11.859591 400.725555
11.865396 402.100342
11.871202 402.730286
11.877007 401.575378
11.882812 398.280945
11.888617 390.927979
11.894422 392.135529
11.900227 396.166229
11.906032 399.294220
11.911837 402.755646
11.917642 405.400482
11.923447 405.920105
11.929252 407.185089
11.935057 409.870209
11.940862 412.920319
11.946667 414.517609
11.952472 414.682281
11.958277 414.376160
11.964082 420.069794
11.969887 211.553604
11.975692 212.414154
11.981497 450.227722
11.987302 449.168610
11.993107 449.590607
11.998912 450.679169
12.004717 150.929718
12.010522 150.539062
12.016327 150.359070
12.022132 150.639313
12.027937 150.934952
12.033742 151.085709
12.039546 151.067062
12.045351 453.691254
12.051156 453.299805
12.056961 452.577545
12.062766 451.393921
12.068571 450.064789
12.074376 448.910919
12.080181 448.132568
12.085986 447.775116
12.091791 223.758423
12.097596 223.802155
12.103401 223.875870
12.109206 449.033691
12.115011 449.098114
12.120816 448.155792
12.126621 446.909637
12.132426 446.306274
12.138231 447.456818
12.144036 449.858185
12.149841 153.048492
12.155646 152.887299
12.161451 150.470306
12.167256 149.708344
12.173061 149.677277
12.178866 149.799515
12.184671 149.652405
12.190476 149.329422
12.196281 149.062683
12.202086 148.842148
12.207891 148.798218
12.213696 149.190735
12.219501 152.048233
12.225307 151.691635
12.231112 151.584946
12.236917 151.744385
12.242722 152.038132
12.248526 152.156845
12.254331 152.117966
12.260136 152.138535
12.265941 152.415695
12.271746 152.579453
12.277551 152.645920
12.283356 152.907837
12.289161 153.461212
12.294966 154.039551
12.300771 154.103851
12.306576 153.635406
12.312381 153.146530
12.318186 152.848190
12.323991 152.557068
12.329796 150.700134
12.335601 150.278137
12.341406 150.199310
12.347211 154.952972
12.353016 155.054245
12.358821 155.106415
12.364626 155.464951
12.370431 155.897705
12.376236 156.068695
12.382041 156.112183
12.387846 156.250259
12.393651 156.376465
12.399456 156.393021
12.405261 156.351044
12.411066 156.175980
12.416871 155.674347
12.422676 154.941803
12.428481 154.426468
12.434286 153.922623
12.440091 153.337448
12.445896 152.943069
12.451700 152.776047
12.457505 152.601654
12.463310 152.688599
12.469115 152.856705
12.474920 152.916779
12.480725 152.646133
12.486530 151.849182
12.492335 151.392181
12.498140 151.297806
12.503945 150.926117
12.509750 150.527359
12.515555 150.224152
12.521360 150.080780
12.527165 150.105530
12.532970 150.354492
12.538775 150.536743
12.544580 150.540466
12.550385 150.574265
12.556190 150.625534
12.561996 453.402130
12.567801 454.027374
12.573606 454.554321
12.579411 454.538757
12.585216 454.174377
12.591021 150.735367
12.596826 150.753647
12.602631 150.757721
12.608436 150.695465
12.614241 150.582672
12.620046 150.434891
12.625851 149.908188
12.631656 220.696182
12.637461 219.306625
12.643266 433.578613
12.649071 430.740234
12.654876 428.301453
12.660680 425.608276
12.666485 211.040054
12.672290 209.989792
12.678095 209.158722
12.683900 208.470551
12.689705 207.944748
12.695510 207.470291
12.701315 206.946777
12.707120 206.340012
12.712925 205.799210
12.718730 205.243301
12.724535 102.336647
12.730340 102.429840
12.736145 105.452377
12.741950 205.469330
12.747755 205.889465
12.753560 207.287094
12.759365 208.312775
12.765170 139.194183
12.770975 139.249908
12.776780 208.476486
12.782585 208.934418
12.788390 224.441895
12.794195 141.682434
12.800000 145.898087
12.805805 85.691483
12.811610 380.456360
12.817415 381.808075
12.823220 90.212410
12.829025 90.083244
12.834830 357.768921
12.840635 357.295807
12.846440 356.414093
12.852245 356.086884
12.858050 358.011475
12.863854 359.785126
12.869659 359.702911
12.875464 358.366455
12.881269 358.208954
12.887074 90.125389
12.892879 90.122284
12.898685 90.003555
12.904490 358.335449
12.910295 358.931396
12.916100 360.825562
12.921905 362.130463
12.927710 361.687988
12.933515 360.310608
12.939320 360.399414
12.945125 360.881042
12.950930 361.012421
12.956735 361.317108
12.962540 361.958435
12.968345 362.548248
12.974150 362.434845
12.979955 361.720947
12.985760 361.028473
12.991565 360.693146
12.997370 360.806824
13.003175 343.065643
13.008980 67.565582
13.014785 113.887451
13.020590 170.758301
13.026395 135.698196
13.032200 135.539948
13.038005 343.984192
13.043810 343.893250
13.049615 343.281006
13.055420 342.954224
13.061225 342.637390
13.067030 342.749146
13.072834 344.250061
13.078639 348.212311
13.084444 352.277557
13.090249 351.266632
13.096054 348.807129
13.101859 113.542145
13.107664 113.491005
13.113469 113.504440
13.119274 113.556595
13.125079 343.861694
13.130884 344.415741
13.136689 345.257172
13.142494 345.725922
13.148299 346.367798
13.154104 347.140503
13.159909 346.999268
13.165714 345.011475
13.171519 343.286591
13.177324 342.736664
13.183129 341.692688
13.188934 339.072449
13.194739 335.544220
13.200544 317.693298
13.206349 316.422241
13.212154 297.128723
13.217959 315.567596
13.223764 316.779694
13.229569 317.867645
13.235374 152.414886
13.241179 152.154938
13.246984 152.151703
13.252789 152.368927
13.258595 152.509476
13.264400 152.468399
13.270205 305.191559
13.276009 304.828217
13.281814 304.796722
13.287619 305.291382
13.293424 323.943390
13.299229 323.921631
13.305034 307.295807
13.310839 307.875641
13.316644 308.360535
13.322449 307.210236
13.328254 306.503845
13.334059 306.343323
13.339864 306.036224
13.345669 305.256287
13.351474 305.107056
13.357279 305.824982
13.363084 306.607819
13.368889 307.094849
13.374694 307.029419
13.380499 306.465332
13.386304 305.817749
13.392109 305.222473
13.397914 304.845642
13.403719 304.716339
13.409524 304.973969
13.415329 305.800385
13.421134 307.211090
13.426939 307.548737
13.432744 306.279053
13.438549 305.108551
13.444354 305.019867
13.450159 305.379822
13.455964 304.078766
13.461769 301.126648
13.467574 296.210876
13.473379 286.257019
13.479183 280.273285
13.484988 141.493683
13.490793 266.682251
13.496598 266.312622
13.502403 265.746155
13.508208 266.367859
13.514013 269.166443
13.519818 271.546082
13.525623 270.756531
13.531428 268.405243
13.537233 267.039886
13.543038 266.797852
13.548843 136.069366
13.554648 268.739685
13.560453 268.279449
13.566258 135.419662
13.572063 135.374161
13.577868 135.567749
13.583673 135.724701
13.589478 135.706894
13.595284 135.481323
13.601089 135.359131
13.606894 213.347366
13.612699 211.148239
13.618504 268.524048
13.624309 269.251617
13.630114 137.269409
13.635919 137.387665
13.641724 133.586090
13.647529 268.422638
13.653334 268.983521
13.659139 270.597473
13.664944 272.512604
13.670749 273.936279
13.676554 274.384216
13.682359 274.278687
13.688163 274.281403
13.693968 135.538574
13.699773 135.121948
13.705578 90.209175
13.711383 90.222511
13.717188 90.329636
13.722993 90.595718
13.728798 90.781906
13.734603 90.857742
13.740408 90.882256
13.746213 272.595917
13.752018 272.615082
13.757823 272.546539
13.763628 272.453094
13.769433 272.348633
13.775238 272.290253
13.781043 272.288300
13.786848 272.296783
13.792653 272.258453
13.798458 272.182922
13.804263 272.097870
13.810068 271.985260
13.815873 271.900299
13.821678 271.857635
13.827483 271.824463
13.833288 271.763580
13.839093 271.671204
13.844898 271.595886
13.850703 271.579010
13.856508 271.597565
13.862313 271.624481
13.868118 271.765869
13.873923 272.117554
13.879728 272.559052
13.885533 272.897369
13.891337 272.901917
13.897142 272.490906
13.902947 135.955490
13.908752 136.193146
13.914557 139.449219
13.920362 139.740128
13.926167 286.353699
13.931973 286.762024
13.937778 143.229889
13.943583 139.653702
13.949388 139.493195
13.955193 135.632050
13.960998 135.591431
13.966803 135.530014
13.972608 135.343063
13.978413 270.030884
13.984218 269.142059
13.990023 268.259644
13.995828 267.176727
14.001633 266.949432
14.007438 267.612793
14.013243 268.739471
14.019048 269.975220
14.024853 270.939026
14.030658 272.078827
14.036463 274.049683
14.042268 277.323090
14.048073 280.834747
14.053878 284.067017
14.059683 286.523834
14.065488 288.326202
14.071293 289.141022
14.077098 142.257904
14.082903 139.942993
14.088708 139.433701
14.094513 271.151672
14.100317 270.452576
14.106122 273.083191
14.111927 152.446289
14.117732 152.190399
14.123537 152.342529
14.129342 102.058884
14.135147 103.338882
14.140952 109.468971
14.146757 113.346382
14.152562 77.412590
14.158367 77.966469
14.164172 78.079201
14.169977 89.868004
14.175782 81.336617
14.181587 242.480103
14.187392 255.645142
14.193197 60.642727
14.199002 120.676628
14.204807 116.032394
14.210612 270.639252
14.216417 271.904236
14.222222 302.333405
14.228027 303.079712
14.233832 277.069153
14.239637 243.035934
14.245442 242.478729
14.251247 242.821548
14.257052 304.931396
14.262857 304.780670
14.268662 303.569519
14.274467 242.506256
14.280272 241.897614
14.286077 60.533260
14.291883 60.494556
14.297688 247.863663
14.303492 60.603714
14.309297 60.652878
14.315102 60.645702
14.320907 60.610172
14.326712 223.725616
14.332517 224.486206
14.338322 121.757339
14.344127 121.916557
14.349932 120.766548
14.355737 120.802513
14.361542 120.991867
14.367347 121.006821
14.373152 120.777283
14.378957 120.657211
14.384762 120.852646
14.390567 121.102509
14.396372 121.085678
14.402177 284.124634
14.407982 284.075928
14.413787 283.637329
14.419592 283.248535
14.425397 283.411133
14.431202 284.264313
14.437007 285.553558
14.442812 287.269531
14.448617 288.842651
14.454422 287.144440
14.460227 282.127960
14.466032 277.730164
14.471837 274.877899
14.477642 274.293488
14.483447 277.283875
14.489252 278.067810
14.495057 274.698547
14.500862 270.994934
14.506667 269.272278
14.512471 272.274414
14.518276 46.719009
14.524081 278.466858
14.529886 279.498444
14.535691 282.768768
14.541496 297.016388
14.547301 297.721100
14.553106 283.355103
14.558911 277.937439
14.564716 285.958679
14.570521 295.293579
14.576326 300.648621
14.582131 60.452473
14.587936 60.381588
14.593741 152.126434
14.599546 304.526489
14.605351 303.750000
14.611156 301.400696
14.616961 294.134155
14.622766 290.680634
14.628572 290.330627
14.634377 304.112518
14.640182 304.263580
14.645987 304.014893
14.651792 303.759277
14.657597 133.432831
14.663402 303.604614
14.669207 303.720581
14.675012 304.003326
14.680817 304.119476
14.686622 303.916046
14.692427 303.758728
14.698232 303.975433
14.704037 304.428375
14.709842 304.752472
14.715646 284.805420
14.721451 285.807190
14.727256 286.210663
14.733061 285.627045
14.738866 285.030426
14.744671 285.047363
14.750476 285.458252
14.756281 303.311676
14.762086 302.441803
14.767891 302.116669
14.773696 302.335266
14.779501 303.359894
14.785306 304.324188
14.791111 305.114471
14.796916 305.616089
14.802721 305.571533
14.808526 305.333588
14.814331 305.159729
14.820136 305.057495
14.825941 305.149414
14.831746 305.725159
14.837551 306.632721
14.843356 307.175262
14.849161 307.381500
14.854966 307.400848
14.860771 306.449799
14.866576 304.491272
14.872381 303.997406
14.878186 304.253174
14.883991 304.387573
14.889796 304.621185
14.895601 305.247314
14.901406 305.753693
14.907211 305.823975
14.913016 306.108978
14.918821 306.658691
14.924625 307.104370
14.930430 307.425598
14.936235 307.542786
14.942040 307.361237
14.947845 306.925415
14.953650 306.587646
14.959455 306.318756
14.965261 305.861206
14.971066 305.253510
14.976871 304.705780
14.982676 304.718353
14.988481 304.873901
14.994286 304.765686
15.000091 304.612518
15.005896 304.686188
15.011701 304.828827
15.017506 304.711090
15.023311 304.658539
15.029116 305.019318
15.034921 305.118164
15.040726 304.634521
15.046531 304.030945
15.052336 303.349579
15.058141 301.724182
15.063946 298.381073
15.069751 295.969574
15.075556 295.379547
15.081361 296.177246
15.087166 298.683167
15.092971 302.686920
15.098776 304.252502
15.104581 151.980881
15.110386 152.355133
15.116191 153.114792
15.121996 153.759628
15.127800 153.895782
15.133605 147.127151
15.139410 153.435013
15.145215 153.593262
15.151020 153.550812
15.156825 153.365570
15.162630 153.010086
15.168435 152.497223
15.174240 152.231689
15.180045 101.833893
15.185850 301.592133
15.191655 301.889343
15.197460 151.973343
15.203265 152.394669
15.209070 152.991699
15.214875 153.341187
15.220680 153.317093
15.226485 153.303268
15.232290 154.128189
15.238095 154.338608
15.243900 153.918991
15.249705 153.190521
15.255510 152.747894
15.261315 152.570862
15.267120 152.544418
15.272925 152.660797
15.278730 152.976334
15.284535 153.579330
15.290340 153.984375
15.296145 154.330933
15.301950 154.845261
15.307755 152.497849
15.313560 152.492996
15.319366 152.463287
15.325171 99.204887
15.330976 150.884262
15.336780 150.295502
15.342585 150.269974
15.348390 150.350281
15.354195 152.961731
15.360000 152.926331
15.365805 152.534744
15.371610 146.645126
15.377415 303.106781
15.383220 148.038864
15.389025 148.064911
15.394830 102.906258
15.400635 102.957352
15.406440 152.546768
15.412245 152.681366
15.418050 99.585686
15.423855 101.310944
15.429660 302.510864
15.435465 303.620026
15.441270 304.450806
15.447075 152.270264
15.452880 152.709442
15.458685 153.134857
15.464490 307.094757
15.470295 304.783447
15.476100 303.337921
15.481905 151.305679
15.487710 151.522247
15.493515 151.665558
15.499320 151.576538
15.505125 151.654449
15.510930 151.035187
15.516735 150.220688
15.522540 104.371437
15.528345 226.598419
15.534150 225.223862
15.539954 224.794952
15.545759 168.551987
15.551564 168.305130
15.557369 0.000000
15.563174 273.729706
15.568979 275.054230
15.574784 275.377380
15.580589 275.474426
15.586394 275.723450
15.592199 274.270111
15.598004 262.095642
15.603809 261.462921
15.609614 262.140533
15.615419 262.578033
15.621224 263.397125
15.627029 264.436859
15.632834 264.976196
15.638639 265.532806
15.644444 266.537628
15.650249 267.974060
15.656054 269.346497
15.661860 268.189301
15.667665 267.322693
15.673470 266.866913
15.679275 266.437073
15.685080 266.244049
15.690885 266.323181
15.696690 266.661377
15.702495 267.118103
15.708300 267.504211
15.714105 267.693115
15.719910 267.767700
15.725715 268.083771
15.731520 268.531616
15.737325 268.792328
15.743129 268.910767
15.748934 269.028381
15.754739 269.298157
15.760544 269.727142
15.766349 270.272308
15.772154 270.586304
15.777959 270.292755
15.783764 269.595184
15.789569 268.946564
15.795374 535.718872
15.801179 533.954041
15.806984 531.338013
15.812789 529.844299
15.818594 529.209778
15.824399 528.029541
15.830204 268.763489
15.836009 271.549591
15.841814 275.392639
15.847619 275.349945
15.853424 274.396271
15.859229 274.342041
15.865034 137.164062
15.870839 137.969360
15.876644 138.821899
15.882449 139.089371
15.888254 138.609756
15.894059 137.739365
15.899864 274.155548
15.905669 273.148438
15.911474 272.382050
15.917279 272.629303
15.923084 275.193298
15.928889 277.227844
15.934694 278.836395
15.940499 281.120056
15.946304 280.728546
15.952108 276.364899
15.957913 276.732635
15.963718 277.962036
15.969523 292.446625
15.975328 292.496490
15.981133 293.278748
15.986938 294.105286
15.992743 309.223267
15.998549 314.065308
16.004354 317.853485
16.010159 316.939148
16.015965 316.083679
16.021769 317.487244
16.027575 321.125305
16.033379 325.881744
16.039185 365.634674
16.044989 369.085754
16.050795 369.997833
16.056599 368.291077
16.062403 365.406219
16.068209 365.743713
16.074013 366.917206
16.079819 367.674957
16.085623 367.725494
16.091429 367.140198
16.097233 366.771942
16.103039 367.066345
16.108843 367.555054
16.114649 367.191345
16.120453 366.417114
16.126259 366.418182
16.132063 367.398438
16.137869 369.516144
16.143673 372.756622
16.149479 375.762238
16.155283 379.073822
16.161089 384.567474
16.166893 390.056976
16.172699 390.030792
16.178503 385.518829
16.184309 3449.579590
16.190113 3517.506104
16.195919 376.476959
16.201723 376.166046
16.207529 376.704102
16.213333 377.725647
16.219139 378.863678
16.224943 201.454727
16.230749 201.123627
16.236553 200.846695
16.242359 373.306183
16.248163 376.485413
16.253969 381.297791
16.259773 383.327545
16.265577 384.294891
16.271383 385.246857
16.277187 385.723450
16.282993 385.091583
16.288797 383.332214
16.294603 379.129944
16.300407 437.034210
16.306213 436.291748
16.312017 370.392212
16.317823 380.036469
16.323627 383.633789
16.329433 380.763214
16.335238 377.094727
16.341043 374.576477
16.346848 372.611511
16.352654 333.274048
16.358458 331.497101
16.364264 329.735352
16.370068 327.393036
16.375874 324.648315
16.381678 322.119202
16.387484 319.928101
16.393288 318.095612
16.399094 316.827087
16.404898 316.247925
16.410704 316.422333
16.416508 316.989197
16.422314 317.550629
16.428118 317.947388
16.433924 317.991821
16.439728 317.195190
16.445534 315.410645
16.451338 313.363953
16.457144 311.136353
16.462948 152.055389
16.468752 130.058411
16.474558 125.441689
16.480362 120.811836
16.486168 98.695030
16.491972 98.703514
16.497778 98.799828
16.503582 138.265686
16.509388 138.070404
16.515192 137.843781
16.520998 137.625259
16.526802 141.666489
16.532608 141.876038
16.538412 142.420898
16.544218 144.421585
16.550022 151.050491
16.555828 152.157959
16.561632 130.225357
16.567438 338.890594
16.573242 341.168304
16.579048 1131.782104
16.584852 181.435333
16.590658 365.172974
16.596462 184.021591
16.602268 184.516647
16.608072 184.671127
16.613878 184.241272
16.619682 183.233444
16.625488 182.584244
16.631292 181.987457
16.637098 181.332642
16.642902 180.798981
16.648708 361.515839
16.654512 361.462830
16.660318 360.953522
16.666122 360.360229
16.671926 359.793335
16.677732 359.512299
16.683537 360.371460
16.689342 362.476898
16.695147 364.600830
16.700953 366.265442
16.706757 368.532288
16.712563 372.351318
16.718367 374.944092
16.724173 375.248383
16.729977 374.796753
16.735783 374.470734
16.741587 187.568604
16.747393 187.398941
16.753197 1107.080322
16.759003 1117.286743
16.764807 178.294525
16.770613 385.010834
16.776417 384.769684
16.782223 383.153076
16.788027 380.255951
16.793833 377.084351
16.799637 374.737152
16.805443 373.169647
16.811247 371.448761
16.817053 172.938660
16.822857 173.801743
16.828663 361.960083
16.834467 364.319275
16.840273 366.574341
16.846077 368.381256
16.851883 184.616241
16.857687 369.463898
16.863493 368.590759
16.869297 367.916260
16.875101 367.401062
16.880907 366.502960
16.886711 365.101349
16.892517 363.945557
16.898321 177.184967
16.904127 363.664673
16.909931 364.671356
16.915737 365.110260
16.921541 365.275208
16.927347 181.905243
16.933151 182.826385
16.938957 369.204407
16.944761 370.177490
16.950567 369.852692
16.956371 182.484711
16.962177 364.348297
16.967981 360.902924
16.973787 357.994446
16.979591 356.641846
16.985397 358.707123
16.991201 179.748734
16.997007 179.790726
17.002811 354.693695
17.008617 351.387573
17.014421 349.098389
17.020227 317.920654
17.026031 316.157623
17.031837 156.596970
17.037642 155.842712
17.043447 341.847565
17.049252 342.625580
17.055058 342.826752
17.060862 76.950729
17.066668 76.918190
17.072472 150.827011
17.078278 150.127594
17.084082 155.539001
17.089886 370.991821
17.095692 368.027802
17.101496 364.054321
17.107302 362.200012
17.113106 182.015182
17.118912 181.775558
17.124716 181.289841
17.130522 181.099533
17.136326 87.436813
17.142132 187.632370
17.147936 375.059662
17.153742 177.417908
17.159546 185.390686
17.165352 185.105560
17.171156 184.778397
17.176962 184.472870
17.182766 184.477066
17.188572 184.945953
17.194376 184.901596
17.200182 184.271622
17.205986 183.779602
17.211792 369.395813
17.217596 371.347656
17.223402 192.754898
17.229206 193.405273
17.235012 194.239990
17.240816 193.199326
17.246622 192.243256
17.252426 143.399506
17.258232 143.560654
17.264036 144.418625
17.269842 144.691116
17.275646 144.389084
17.281452 144.285172
17.287256 144.867630
17.293060 145.627518
17.298866 148.711578
17.304670 143.985153
17.310476 90.942360
17.316280 90.340759
17.322086 90.142387
17.327890 353.779755
17.333696 352.577698
17.339500 352.097809
17.345306 351.599609
17.351110 318.091064
17.356916 150.673431
17.362720 151.055649
17.368526 152.001541
17.374331 153.669464
17.380136 154.299850
17.385941 154.297256
17.391747 154.089020
17.397551 153.665939
17.403357 152.798920
17.409161 297.337555
17.414967 228.665237
17.420771 227.956863
17.426577 227.702087
17.432381 227.959869
17.438187 363.823914
17.443991 0.000000
17.449797 0.000000
17.455601 145.199783
17.461407 122.106865
17.467211 121.786819
17.473017 121.419945
17.478821 120.994919
17.484627 121.137939
17.490431 121.125771
17.496235 121.048790
17.502041 374.989075
17.507845 377.403992
17.513651 377.559753
17.519455 439.713379
17.525261 191.106903
17.531065 188.897049
17.536871 186.850632
17.542675 186.226944
17.548481 185.827377
17.554285 185.925140
17.560091 186.249878
17.565895 186.234482
17.571701 186.055298
17.577505 185.903564
17.583311 185.933212
17.589115 186.137756
17.594921 186.261917
17.600725 186.178772
17.606531 186.040863
17.612335 185.989609
17.618141 185.848007
17.623945 184.685135
17.629751 182.619690
17.635555 183.015289
17.641361 183.137497
17.647165 183.038284
17.652971 183.278839
17.658775 184.670715
17.664581 186.649002
17.670385 189.405991
17.676191 191.729965
17.681995 192.288757
17.687801 192.518417
17.693605 192.443848
17.699409 191.982849
17.705215 191.437881
17.711020 190.975967
17.716825 190.492355
17.722630 189.933075
17.728436 189.107880
17.734240 188.251266
17.740046 187.614105
17.745850 178.864426
17.751656 357.795380
17.757460 357.916473
17.763266 180.371674
17.769070 181.391052
17.774876 182.413971
17.780680 185.296036
17.786486 187.528824
17.792290 189.653458
17.798096 191.026917
17.803900 191.716751
17.809706 191.884445
17.815510 191.565109
17.821316 190.576080
17.827120 189.464325
17.832926 188.846725
17.838730 190.348419
17.844536 192.208618
17.850340 187.579971
17.856146 187.449707
17.861950 186.919724
17.867756 185.385056
17.873560 184.737335
17.879366 184.554489
17.885170 183.034653
17.890976 181.056656
17.896780 180.388245
17.902586 178.132782
17.908390 177.755585
17.914194 178.026794
17.920000 178.906525
17.925804 181.396484
17.931610 183.221069
17.937414 183.574814
17.943220 182.095657
17.949024 181.068451
17.954830 182.129120
17.960634 359.783600
17.966440 360.547638
17.972244 361.457642
17.978050 363.928528
17.983854 364.781464
17.989660 365.846649
17.995464 369.538055
18.001270 372.287567
18.007074 374.536774
18.012880 377.158173
18.018684 379.782104
18.024490 391.054535
18.030294 391.775269
18.036100 144.872604
18.041904 95.185822
18.047710 334.042847
18.053514 322.716888
18.059320 322.088806
18.065125 341.880432
18.070930 374.198486
18.076735 133.519745
18.082541 134.066666
18.088345 138.080826
18.094151 138.087341
18.099955 329.881348
18.105761 122.720680
18.111565 112.269272
18.117369 103.171692
18.123175 102.800873
18.128979 177.440399
18.134785 90.933212
18.140589 456.015503
18.146395 454.287292
18.152199 454.117920
18.158005 454.676788
18.163809 227.493332
18.169615 227.572937
18.175419 227.639954
18.181225 227.593063
18.187029 227.423981
18.192835 454.040863
18.198639 454.512634
18.204445 454.937775
18.210249 455.013092
18.216055 454.837799
18.221859 454.736450
18.227665 455.306152
18.233469 541.287842
18.239275 541.456421
18.245079 542.436646
18.250885 544.535095
18.256689 652.289001
18.262495 658.779846
18.268299 729.387817
18.274105 323.225861
18.279909 325.510071
18.285715 326.497314
18.291519 325.360748
18.297325 685.198547
18.303129 746.154358
18.308935 767.759155
18.314739 769.844604
18.320543 759.366455
18.326349 296.640533
18.332153 313.311615
18.337959 313.110504
18.343763 199.477676
18.349569 89.482094
18.355373 89.410416
18.361179 89.604225
18.366983 162.614761
18.372789 100.806465
18.378593 103.142464
18.384399 94.478264
18.390203 98.278580
18.396009 96.416389
18.401814 153.563965
18.407619 154.460022
18.413424 155.483704
18.419230 155.408875
18.425034 155.639877
18.430840 0.000000
18.436644 73.675087
18.442450 364.681152
18.448254 356.077393
18.454060 349.293030
18.459864 686.793579
18.465670 687.996277
18.471474 693.423401
18.477280 702.457703
18.483084 706.921875
18.488890 357.067322
18.494694 358.471802
18.500500 181.686554
18.506304 183.221085
18.512110 185.426346
18.517914 185.522888
18.523718 184.656754
18.529524 183.622269
18.535328 182.553345
18.541134 363.232574
18.546938 363.428345
18.552744 365.195251
18.558548 368.740387
18.564354 187.370026
18.570158 188.811722
18.575964 190.076859
18.581768 192.946091
18.587574 382.164276
18.593378 149.695465
18.599184 150.443146
18.604988 724.200195
18.610794 153.055664
18.616598 203.833405
18.622404 205.798737
18.628208 206.741501
18.634014 206.994980
18.639818 206.805359
18.645624 206.562714
18.651428 206.471481
18.657234 206.483002
18.663038 206.471222
18.668844 206.337280
18.674648 206.117081
18.680454 206.016495
18.686258 206.207657
18.692064 206.649887
18.697868 206.933273
18.703674 206.721466
18.709478 206.156723
18.715284 205.911072
18.721088 206.308380
18.726892 359.726257
18.732698 360.998199
18.738503 361.738556
18.744308 362.347992
18.750113 362.413605
18.755919 361.742157
18.761723 360.919220
18.767529 359.550049
18.773333 356.905243
18.779139 180.677658
18.784943 211.045883
18.790749 210.817902
18.796553 210.179062
18.802359 208.955902
18.808163 207.828323
18.813969 207.132416
18.819773 206.594238
18.825579 206.144424
18.831383 205.860336
18.837189 205.712479
18.842993 205.695145
18.848799 205.631516
18.854603 205.310577
18.860409 204.793106
18.866213 204.374283
18.872019 204.306534
18.877823 204.638245
18.883629 205.161179
18.889433 205.547958
18.895239 205.797485
18.901043 205.499435
18.906849 204.797089
18.912653 204.082138
18.918459 203.630676
18.924263 203.604523
18.930069 203.760498
18.935873 203.873459
18.941677 203.886383
18.947483 203.895355
18.953287 204.091522
18.959093 204.524796
18.964897 399.302612
18.970703 399.063324
18.976507 399.328064
18.982313 399.729614
18.988117 399.965515
18.993923 399.964508
18.999727 399.254211
19.005533 396.900970
19.011337 393.967285
19.017143 392.903717
19.022947 392.426788
19.028753 391.474304
19.034557 392.319550
19.040363 393.922974
19.046167 394.661194
19.051973 395.236969
19.057777 270.665100
19.063583 270.763672
19.069387 135.196182
19.075193 135.065857
19.080997 180.068054
19.086803 180.000320
19.092607 180.006989
19.098413 180.092056
19.104218 180.211334
19.110023 90.091194
19.115828 90.139008
19.121634 90.194351
19.127438 90.225929
19.133244 90.164154
19.139048 179.663834
19.144852 135.229721
19.150658 323.965118
19.156462 327.820160
19.162268 354.885925
19.168072 359.534302
19.173878 365.546692
19.179682 373.697296
19.185488 382.416260
19.191292 388.694733
19.197098 392.908905
19.202902 394.890350
19.208708 395.266083
19.214512 393.873077
19.220318 389.527008
19.226122 381.342010
19.231928 376.633331
19.237732 372.794861
19.243538 367.340637
19.249342 363.831879
19.255148 177.976868
19.260952 354.680328
19.266758 178.411514
19.272562 363.530273
19.278368 181.473145
19.284172 182.129318
19.289978 380.501190
19.295782 273.289825
19.301588 273.585907
19.307392 273.701569
19.313198 545.227844
19.319002 542.533142
19.324808 180.856979
19.330612 180.715088
19.336418 157.577728
19.342222 158.317047
19.348026 158.867050
19.353832 270.155914
19.359636 161.996841
19.365442 397.783356
19.371246 396.558136
19.377052 271.007782
19.382856 270.509521
19.388662 270.192261
19.394466 269.834717
19.400272 134.579483
19.406076 134.565384
19.411882 134.531723
19.417686 179.456955
19.423492 181.312073
19.429296 370.524506
19.435102 374.031769
19.440907 377.611389
19.446712 189.260818
19.452517 189.578476
19.458323 189.087723
19.464127 371.076385
19.469933 184.715500
19.475737 183.602554
19.481543 183.073334
19.487347 122.253059
19.493153 122.597702
19.498957 122.885963
19.504763 123.256180
19.510567 124.206261
19.516373 187.065948
19.522177 186.147003
19.527983 183.317841
19.533787 181.270035
19.539593 357.832733
19.545397 350.699127
19.551201 337.766113
19.557007 327.217285
19.562811 321.113953
19.568617 316.259583
19.574421 313.683502
19.580227 155.866653
19.586031 156.393356
19.591837 157.105515
19.597641 316.728638
19.603447 316.764282
19.609251 316.634796
19.615057 315.464386
19.620861 312.946533
19.626667 309.088409
19.632471 305.453979
19.638277 304.106842
19.644081 151.653046
19.649887 152.189911
19.655691 152.758102
19.661497 153.149567
19.667301 153.344345
19.673107 153.403549
19.678911 153.293976
19.684717 153.005829
19.690521 152.795837
19.696327 152.700424
19.702131 152.511810
19.707937 152.166885
19.713741 151.819382
19.719547 151.676025
19.725351 292.347565
19.731157 76.794907
19.736961 152.444397
19.742767 152.690231
19.748571 181.257751
19.754377 181.186310
19.760181 181.127075
19.765985 181.025436
19.771791 180.929810
19.777596 180.856262
19.783401 180.770279
19.789206 180.657928
19.795012 360.877930
19.800816 360.398621
19.806622 359.784149
19.812426 359.070618
19.818232 357.720367
19.824036 351.383514
19.829842 307.488495
19.835646 306.166962
19.841452 306.048370
19.847256 306.856201
19.853062 307.445831
19.858866 305.987244
19.864672 305.070251
19.870476 304.796783
19.876282 304.797424
19.882086 304.912628
19.887892 304.944916
19.893696 304.060669
19.899502 302.320435
19.905306 303.287628
19.911112 306.217560
19.916916 309.290253
19.922722 312.648499
19.928526 314.947632
19.934332 316.043091
19.940136 314.844299
19.945942 310.691559
19.951746 308.476349
19.957552 308.394714
19.963356 309.557251
19.969160 316.404663
19.974966 316.696899
19.980770 299.832520
19.986576 299.911530
19.992380 282.136169
19.998186 150.024643
20.003990 152.745209
20.009796 152.600449
20.015600 89.227249
20.021406 87.468781
20.027210 86.626450
20.033016 85.843323
20.038820 87.407082
20.044626 88.404221
20.050430 91.118889
20.056236 91.673973
20.062040 310.334503
20.067846 304.924500
20.073650 300.724731
20.079456 316.313904
20.085260 313.201660
20.091066 312.557220
20.096870 624.734802
20.102676 623.423340
20.108480 622.723572
20.114286 621.987793
20.120090 621.166504
20.125896 621.119751
20.131701 619.982361
20.137506 305.661713
20.143311 305.300293
20.149117 305.478668
20.154921 185.072891
20.160727 304.088654
20.166531 301.705872
20.172335 182.892548
20.178141 182.216827
20.183945 181.763290
20.189751 181.702515
20.195555 293.670624
20.201361 611.024963
20.207165 597.886780
20.212971 591.631287
20.218775 294.646790
20.224581 294.186981
20.230385 87.873383
20.236191 61.016491
20.241995 61.039761
20.247801 106.339485
20.253605 68.033066
20.259411 102.013535
20.265215 90.106041
20.271021 90.158356
20.276825 0.000000
20.282631 59.370934
20.288435 341.633392
20.294241 127.146431
20.300045 123.180870
20.305851 123.108345
20.311655 123.193291
20.317461 123.370293
20.323265 123.487770
20.329071 120.463501
20.334875 120.518311
20.340681 120.511726
20.346485 120.535583
20.352291 120.473343
20.358095 120.361870
20.363901 120.427551
20.369705 120.471039
20.375509 120.486618
20.381315 120.487228
20.387119 123.636482
20.392925 123.806007
20.398729 145.561752
20.404535 145.436676
20.410339 127.918282
20.416145 121.654907
20.421949 360.572998
20.427755 360.642334
20.433559 360.713318
20.439365 360.686707
20.445169 361.062531
20.450975 361.753265
20.456779 123.015869
20.462585 360.416626
20.468390 341.149353
20.474195 342.298309
20.480000 342.787048
20.485806 342.291656
20.491610 341.389740
20.497416 340.849548
20.503220 113.812500
20.509026 138.619598
20.514830 138.185989
20.520636 113.732872
20.526440 170.425262
20.532246 170.370346
20.538050 170.420914
20.543856 113.947609
20.549660 342.869904
20.555466 342.398102
20.561270 342.438965
20.567076 343.053589
20.572880 343.222992
20.578686 342.625061
20.584490 342.162323
20.590294 342.218414
20.596100 342.384399
20.601904 342.514526
20.607710 342.729279
20.613514 342.794342
20.619320 342.724396
20.625124 342.858154
20.630930 343.095123
20.636734 342.928894
20.642540 342.271393
20.648344 341.689056
20.654150 341.691162
20.659954 341.785553
20.665760 341.029663
20.671564 340.332489
20.677370 340.690765
20.683174 341.324615
20.688980 341.399261
20.694784 340.840271
20.700590 340.221283
20.706394 339.955627
20.712200 339.063171
20.718004 317.077240
20.723810 307.020294
20.729614 320.063019
20.735420 320.764404
20.741224 306.139130
20.747030 305.808929
20.752834 305.463806
20.758640 305.292358
20.764444 305.721283
20.770250 322.311401
20.776054 322.975159
20.781860 323.073730
20.787664 322.410858
20.793468 321.635742
20.799274 305.407623
20.805079 305.534088
20.810884 306.002167
20.816689 306.346527
20.822495 306.253754
20.828299 305.314667
20.834105 304.270325
20.839909 303.660309
20.845715 303.345032
20.851519 302.985016
20.857325 302.656860
20.863129 302.277222
20.868935 301.295654
20.874739 299.966797
20.880545 299.247620
20.886349 299.246155
20.892155 300.096832
20.897959 301.464661
20.903765 302.421600
20.909569 302.838989
20.915375 302.791565
20.921179 302.143219
20.926985 300.815857
20.932789 299.759918
20.938595 301.952087
20.944399 303.906464
20.950205 304.349396
20.956009 304.463562
20.961815 151.725266
20.967619 116.339104
20.973425 115.990349
20.979229 272.255585
20.985035 269.814056
20.990839 267.814087
20.996643 266.820312
21.002449 267.000732
21.008253 267.065979
21.014059 267.142883
21.019863 267.696533
21.025669 268.509674
21.031473 134.875793
21.037279 269.036072
21.043083 269.120392
21.048889 269.653168
21.054693 270.232605
21.060499 270.540436
21.066303 270.584534
21.072109 270.718964
21.077913 271.029938
21.083719 271.290253
21.089523 271.526337
21.095329 272.101685
21.101133 136.669189
21.106939 136.698059
21.112743 275.224548
21.118549 275.367615
21.124353 136.668213
21.130159 136.388306
21.135963 136.172989
21.141769 136.181549
21.147573 136.555878
21.153379 136.470810
21.159184 136.033112
21.164989 288.518066
21.170794 203.227966
21.176600 203.557465
21.182404 204.090424
21.188210 132.131042
21.194014 132.162598
21.199818 134.856949
21.205624 135.017166
21.211428 134.959900
21.217234 134.831924
21.223038 135.024933
21.228844 135.340317
21.234648 135.562683
21.240454 135.601547
21.246258 135.543777
21.252064 423.844543
21.257868 424.565674
21.263674 400.982971
21.269478 176.288910
21.275284 180.968933
21.281088 176.332870
21.286894 135.702377
21.292698 271.044830
21.298504 353.133484
21.304308 135.872284
21.310114 135.814423
21.315918 271.528259
21.321724 271.424438
21.327528 271.372894
21.333334 271.385620
21.339138 271.385498
21.344944 271.367828
21.350748 271.445129
21.356554 271.642609
21.362358 271.871002
21.368164 272.149597
21.373968 272.411224
21.379774 285.565704
21.385578 285.912872
21.391384 285.993805
21.397188 286.007233
21.402992 285.959076
21.408798 272.258240
21.414602 271.808289
21.420408 271.367432
21.426212 135.521439
21.432018 135.476425
21.437822 135.547806
21.443628 135.640808
21.449432 135.557663
21.455238 135.348969
21.461042 135.160675
21.466848 537.793945
21.472652 135.175690
21.478458 135.142212
21.484262 134.932983
21.490068 135.003265
21.495872 270.122223
21.501678 270.701843
21.507483 271.378235
21.513288 272.107605
21.519093 138.239548
21.524899 139.184082
21.530703 140.583893
21.536509 142.521210
21.542313 143.339935
21.548119 288.758667
21.553923 287.739990
21.559729 286.256989
21.565533 285.200897
21.571339 284.571381
21.577143 283.733459
21.582949 281.958527
21.588753 279.053802
21.594559 274.611755
21.600363 273.205566
21.606169 271.869202
21.611973 269.470276
21.617777 267.931824
21.623583 268.505341
21.629387 270.271667
21.635193 272.875824
21.640997 276.486755
21.646803 133.290024
21.652607 56.824635
21.658413 126.563095
21.664217 130.321381
21.670023 130.656662
21.675827 98.854332
21.681633 98.857315
21.687437 291.700836
21.693243 60.211491
21.699047 60.165760
21.704853 238.237198
21.710657 240.527908
21.716463 272.829315
21.722267 301.601166
21.728073 301.309570
21.733877 272.699768
21.739683 271.089447
21.745487 270.541199
21.751293 271.544586
21.757097 273.607361
21.762903 248.668869
21.768707 241.772522
21.774513 242.736649
21.780317 244.027649
21.786123 276.611572
21.791927 297.592682
21.797733 278.953308
21.803537 281.635559
21.809343 301.670135
21.815147 301.253387
21.820951 60.475327
21.826757 60.458546
21.832561 60.395897
21.838367 60.380836
21.844172 302.382965
21.849977 302.047119
21.855782 301.088013
21.861588 295.945312
21.867392 60.356983
21.873198 119.944077
21.879002 120.039207
21.884808 234.469269
21.890612 233.885666
21.896418 235.408478
21.902222 238.426620
21.908028 276.312805
21.913832 278.888519
21.919638 283.311493
21.925442 286.116913
21.931248 285.643616
21.937052 284.203308
21.942858 277.458435
21.948662 273.340759
21.954468 272.266388
21.960272 272.224701
21.966078 271.674042
21.971882 270.469238
21.977688 268.763092
21.983492 264.888458
21.989298 255.870728
21.995102 273.694763
