0.000000 350.490265
0.005333 343.515350
0.010667 312.895935
0.016000 310.333038
0.021333 305.102753
0.026667 125.750374
0.032000 126.063194
0.037333 125.778671
0.042667 125.112373
0.048000 124.132568
0.053333 250.385498
0.058667 250.059784
0.064000 244.729614
0.069333 239.001923
0.074667 1038.656250
0.080000 1036.447998
0.085333 1028.269409
0.090667 0.000000
0.096000 273.799194
0.101333 272.410217
0.106667 187.609222
0.112000 204.328781
0.117333 157.859833
0.122667 158.316925
0.128000 214.311676
0.133333 214.844940
0.138667 215.713211
0.144000 217.632889
0.149333 222.211990
0.154667 224.534958
0.160000 226.076920
0.165333 227.311111
0.170667 227.761002
0.176000 228.035004
0.181333 228.806808
0.186667 229.139252
0.192000 229.108444
0.197333 229.048508
0.202667 229.281570
0.208000 230.171814
0.213333 231.659576
0.218667 233.364120
0.224000 235.131668
0.229333 236.678299
0.234667 238.413361
0.240000 240.485992
0.245333 243.220795
0.250667 246.009415
0.256000 247.180328
0.261333 247.118851
0.266667 247.304596
0.272000 248.106812
0.277333 248.427399
0.282667 248.090546
0.288000 248.071838
0.293333 248.723053
0.298667 249.285583
0.304000 249.338593
0.309333 249.248657
0.314667 249.087357
0.320000 248.638046
0.325333 247.865051
0.330667 247.125015
0.336000 246.559647
0.341333 246.117859
0.346667 245.709076
0.352000 245.182495
0.357333 244.530396
0.362667 243.945618
0.368000 243.703644
0.373333 243.680344
0.378667 243.911865
0.384000 244.817581
0.389333 246.206131
0.394667 247.328995
0.400000 80.061813
0.405333 80.495552
0.410667 80.587273
0.416000 80.472145
0.421333 80.202393
0.426667 80.147392
0.432000 79.066872
0.437333 78.120773
0.442667 78.198273
0.448000 78.889534
0.453333 78.932304
0.458667 78.972862
0.464000 79.275787
0.469333 77.650024
0.474667 233.783157
0.480000 234.050888
0.485333 234.214249
0.490667 234.199753
0.496000 233.975632
0.501333 233.756302
0.506667 233.693008
0.512000 233.668808
0.517333 233.588562
0.522667 233.602341
0.528000 233.916458
0.533333 234.286194
0.538667 78.143433
0.544000 78.164864
0.549333 78.230789
0.554667 79.406509
0.560000 79.138573
0.565333 78.909294
0.570667 78.764503
0.576000 77.747444
0.581333 77.967545
0.586667 78.775581
0.592000 78.772552
0.597333 78.710182
0.602667 78.706711
0.608000 78.660515
0.613333 78.618835
0.618667 78.662041
0.624000 78.696716
0.629333 92.818268
0.634667 92.773254
0.640000 92.680885
0.645333 94.741310
0.650667 94.694344
0.656000 94.775169
0.661333 93.296463
0.666667 93.384048
0.672000 93.627617
0.677333 93.541290
0.682667 118.745102
0.688000 111.451950
0.693333 108.559441
0.698667 108.898216
0.704000 111.947800
0.709333 113.485168
0.714667 114.184937
0.720000 222.855164
0.725333 221.619324
0.730667 111.959595
0.736000 112.225426
0.741333 111.752731
0.746667 215.713470
0.752000 212.511414
0.757333 210.343903
0.762667 208.489670
0.768000 206.776505
0.773333 206.032501
0.778667 205.850647
0.784000 102.968391
0.789333 102.887054
0.794667 205.792984
0.800000 206.233170
0.805333 207.068954
0.810667 104.063568
0.816000 104.324013
0.821333 104.586777
0.826667 104.806824
0.832000 104.815773
0.837333 104.697472
0.842667 104.584999
0.848000 104.364655
0.853333 104.027321
0.858667 103.739349
0.864000 103.591202
0.869333 103.423004
0.874667 102.919151
0.880000 102.623528
0.885333 102.598076
0.890667 102.733574
0.896000 102.819145
0.901333 102.831718
0.906667 102.786469
0.912000 102.743965
0.917333 102.684219
0.922667 102.538284
0.928000 102.104324
0.933333 98.901237
0.938667 98.908569
0.944000 97.676315
0.949333 95.232803
0.954667 94.656738
0.960000 94.426094
0.965333 94.338852
0.970667 94.517189
0.976000 94.762535
0.981333 94.792343
0.986667 94.545174
0.992000 94.035286
0.997333 93.409775
1.002667 91.905266
1.008000 92.650497
1.013333 185.874054
1.018667 93.371170
1.024000 93.187584
1.029333 92.940475
1.034667 92.802078
1.040000 92.537720
1.045333 92.364677
1.050667 122.946884
1.056000 122.893890
1.061333 122.649559
1.066667 122.520775
1.072000 122.973625
1.077333 122.997963
1.082667 122.550041
1.088000 122.499619
1.093333 123.054558
1.098667 123.552528
1.104000 123.564812
1.109333 123.613441
1.114667 123.947235
1.120000 124.031181
1.125333 123.969147
1.130667 123.187370
1.136000 122.906990
1.141333 126.670914
1.146667 0.000000
1.152000 0.000000
1.157333 0.000000
1.162667 109.117081
1.168000 109.319702
1.173333 94.840652
1.178667 85.927597
1.184000 85.562904
1.189333 85.509537
1.194667 117.335274
1.200000 117.371887
1.205333 98.125488
1.210667 92.578156
1.216000 0.000000
1.221333 47.062725
1.226667 186.873795
1.232000 186.543289
1.237333 61.708416
1.242667 61.490009
1.248000 187.653854
1.253333 363.323669
1.258667 365.289154
1.264000 367.324432
1.269333 369.078156
1.274667 369.579071
1.280000 368.761414
1.285333 184.098297
1.290667 184.241852
1.296000 184.569244
1.301333 184.767044
1.306667 184.892197
1.312000 185.751541
1.317333 186.739761
1.322667 124.875809
1.328000 124.419930
1.333333 247.825943
1.338667 123.673035
1.344000 123.661736
1.349333 123.782852
1.354667 184.775330
1.360000 184.761765
1.365333 184.889191
1.370667 184.969666
1.376000 185.174164
1.381333 185.623230
1.386667 265.785217
1.392000 265.842133
1.397333 265.689392
1.402667 265.396851
1.408000 186.864975
1.413333 187.287857
1.418667 187.457184
1.424000 187.108887
1.429333 186.809143
1.434667 93.460762
1.440000 93.482841
1.445333 187.286316
1.450667 187.270309
1.456000 187.103317
1.461333 186.450409
1.466667 185.719910
1.472000 185.459579
1.477333 185.705841
1.482667 185.970825
1.488000 185.957230
1.493333 92.484573
1.498667 92.490898
1.504000 131.785431
1.509333 186.071045
1.514667 92.459518
1.520000 184.679047
1.525333 185.371216
1.530667 185.342331
1.536000 184.619995
1.541333 184.276184
1.546667 184.811005
1.552000 185.301895
1.557333 185.173141
1.562667 92.204422
1.568000 187.069687
1.573333 187.628494
1.578667 187.194351
1.584000 92.554512
1.589333 92.305145
1.594667 134.105438
1.600000 134.533249
1.605333 186.058044
1.610667 184.937103
1.616000 184.892868
1.621333 184.596268
1.626667 183.890396
1.632000 183.521973
1.637333 183.667450
1.642667 183.919708
1.648000 184.027039
1.653333 184.189941
1.658667 92.392830
1.664000 92.284386
1.669333 92.450996
1.674667 93.117668
1.680000 94.320518
1.685333 138.275818
1.690667 136.679474
1.696000 93.425171
1.701333 93.315483
1.706667 187.963257
1.712000 187.280853
1.717333 281.963898
1.722667 92.682388
1.728000 139.307526
1.733333 522.525635
1.738667 522.577087
1.744000 519.812683
1.749333 92.270393
1.754667 88.268227
1.760000 87.816170
1.765333 87.398331
1.770667 87.763298
1.776000 89.110504
1.781333 90.576447
1.786667 91.547905
1.792000 91.812469
1.797333 92.034744
1.802667 92.410034
1.808000 92.817146
1.813333 93.124352
1.818667 93.299309
1.824000 93.282143
1.829333 92.974449
1.834667 92.837822
1.840000 92.528358
1.845333 92.320770
1.850667 92.546692
1.856000 93.117371
1.861333 93.145287
1.866667 92.969086
1.872000 92.849846
1.877333 93.020737
1.882667 93.227318
1.888000 93.334389
1.893333 93.152237
1.898667 92.688515
1.904000 92.630577
1.909333 92.888695
1.914667 92.975365
1.920000 92.880310
1.925333 92.879395
1.930667 92.936386
1.936000 92.794350
1.941333 92.681564
1.946667 92.775848
1.952000 91.717041
1.957333 91.095963
1.962667 208.576477
1.968000 207.731598
1.973333 207.003830
1.978667 200.390442
1.984000 199.937668
1.989333 102.440338
1.994667 104.069008
2.000000 0.000000
