0.000000 376.020111
0.005333 386.833740
0.010667 209.230927
0.016000 208.072464
0.021333 207.572372
0.026667 207.272049
0.032000 207.239334
0.037333 207.589828
0.042667 208.108749
0.048000 208.491791
0.053333 208.414230
0.058667 208.380295
0.064000 208.859329
0.069333 209.757996
0.074667 210.415237
0.080000 210.475052
0.085333 210.141190
0.090667 209.806305
0.096000 209.460190
0.101333 208.362762
0.106667 206.218613
0.112000 203.480927
0.117333 196.030289
0.122667 172.192673
0.128000 167.672989
0.133333 165.736374
0.138667 167.313156
0.144000 192.114578
0.149333 206.415344
0.154667 207.696365
0.160000 212.325958
0.165333 214.799683
0.170667 213.313705
0.176000 212.251236
0.181333 211.857239
0.186667 211.840561
0.192000 211.575439
0.197333 210.558914
0.202667 209.022278
0.208000 206.148697
0.213333 204.513779
0.218667 204.320572
0.224000 204.416824
0.229333 83.293175
0.234667 5271.720703
0.240000 5207.150391
0.245333 5290.747070
0.250667 5559.875977
0.256000 5703.879883
0.261333 5684.676270
0.266667 5566.567383
0.272000 5360.987793
0.277333 5167.796387
0.282667 5092.369629
0.288000 5125.590332
0.293333 5108.248535
0.298667 4962.467773
0.304000 4824.611816
0.309333 4745.285156
0.314667 4727.009277
0.320000 4739.211426
0.325333 4585.004395
0.330667 4273.944824
0.336000 4175.721191
0.341333 4187.023438
0.346667 4213.612305
0.352000 4158.186523
0.357333 4002.038086
0.362667 171.322144
0.368000 82.541504
0.373333 82.359192
0.378667 105.317978
0.384000 105.462524
0.389333 105.580147
0.394667 106.466858
0.400000 346.038422
0.405333 345.926849
0.410667 233.147507
0.416000 163.027817
0.421333 162.803131
0.426667 162.590408
0.432000 286.236542
0.437333 250.783142
0.442667 225.146454
0.448000 226.765579
0.453333 226.143173
0.458667 225.156937
0.464000 223.822922
0.469333 222.398834
0.474667 221.153503
0.480000 220.048386
0.485333 219.142029
0.490667 218.521103
0.496000 218.010880
0.501333 217.401947
0.506667 216.761719
0.512000 216.351471
0.517333 216.421555
0.522667 216.910767
0.528000 217.758835
0.533333 218.994797
0.538667 220.708237
0.544000 222.615234
0.549333 223.866669
0.554667 224.337952
0.560000 224.371002
0.565333 224.357559
0.570667 224.377686
0.576000 224.250275
0.581333 223.898727
0.586667 223.308380
0.592000 222.403488
0.597333 221.401596
0.602667 220.581482
0.608000 219.822372
0.613333 219.061691
0.618667 218.356857
0.624000 217.681168
0.629333 216.972214
0.634667 216.183563
0.640000 215.458649
0.645333 215.328934
0.650667 215.969284
0.656000 216.224228
0.661333 216.061783
0.666667 215.745285
0.672000 215.763596
0.677333 219.194778
0.682667 224.933716
0.688000 225.437225
0.693333 224.779434
0.698667 225.781052
0.704000 227.547226
0.709333 227.480789
0.714667 225.197662
0.720000 223.281433
0.725333 222.880463
0.730667 223.243607
0.736000 223.184296
0.741333 221.575577
0.746667 218.400681
0.752000 216.480453
0.757333 215.342834
0.762667 214.129471
0.768000 212.032623
0.773333 210.024170
0.778667 207.999054
0.784000 202.781021
0.789333 199.760513
0.794667 82.892029
0.800000 108.849014
0.805333 203.405014
0.810667 203.294373
0.816000 203.768143
0.821333 166.916336
0.826667 167.730530
0.832000 213.372269
0.837333 214.745331
0.842667 215.641479
0.848000 209.750992
0.853333 209.455460
0.858667 122.893944
0.864000 164.604492
0.869333 211.134872
0.874667 205.546509
0.880000 6005.322754
0.885333 5727.056641
0.890667 5412.230957
0.896000 5266.661133
0.901333 5185.023438
0.906667 255.380829
0.912000 253.241608
0.917333 248.089874
0.922667 247.153305
0.928000 246.337540
0.933333 245.545090
0.938667 244.870224
0.944000 244.513092
0.949333 244.363022
0.954667 244.098145
0.960000 243.731094
0.965333 243.733917
0.970667 244.264740
0.976000 245.111893
0.981333 245.999786
0.986667 246.996948
0.992000 248.397476
0.997333 250.137131
1.002667 251.386658
1.008000 251.894821
1.013333 251.800415
1.018667 251.467560
1.024000 251.614624
1.029333 251.808868
1.034667 251.267914
1.040000 248.990295
1.045333 245.900543
1.050667 241.787918
1.056000 236.766403
1.061333 230.591599
1.066667 222.461624
1.072000 220.517105
1.077333 210.689880
1.082667 170.992783
1.088000 170.593201
1.093333 124.611046
1.098667 124.571220
1.104000 124.689697
1.109333 124.256157
1.114667 513.937012
1.120000 525.617981
1.125333 458.546173
1.130667 457.817841
1.136000 457.551086
1.141333 3400.860840
1.146667 3385.999023
1.152000 3365.183105
1.157333 3356.101562
1.162667 3360.907471
1.168000 3352.619385
1.173333 3315.807861
1.178667 3275.618652
1.184000 3243.083252
1.189333 3231.493896
1.194667 3249.121338
1.200000 3303.405029
1.205333 3346.636230
1.210667 3371.434326
1.216000 210.891953
1.221333 450.521454
1.226667 447.063385
1.232000 444.853516
1.237333 442.033600
1.242667 444.383423
1.248000 61.361221
1.253333 124.349350
1.258667 125.489403
1.264000 124.421654
1.269333 5318.240234
1.274667 5324.279785
1.280000 5386.300293
1.285333 5438.193848
1.290667 5478.726562
1.296000 5531.022461
1.301333 5627.431152
1.306667 5697.732422
1.312000 5637.479980
1.317333 5529.672363
1.322667 5422.170898
1.328000 5362.125977
1.333333 5505.917969
1.338667 5828.855469
1.344000 5998.842773
1.349333 356.375702
1.354667 123.680130
1.360000 124.124931
1.365333 124.781105
1.370667 125.040657
1.376000 124.959480
1.381333 124.963425
1.386667 125.349312
1.392000 125.370438
1.397333 378.344299
1.402667 171.533234
1.408000 4726.417969
1.413333 4638.037109
1.418667 4549.076172
1.424000 4500.852539
1.429333 256.778534
1.434667 255.959427
1.440000 251.390778
1.445333 250.214401
1.450667 249.188049
1.456000 248.675278
1.461333 248.661667
1.466667 249.016312
1.472000 249.632904
1.477333 250.269409
1.482667 250.845154
1.488000 251.561707
1.493333 252.704391
1.498667 254.378983
1.504000 256.092743
1.509333 258.160431
1.514667 262.063171
1.520000 266.018219
1.525333 268.861603
1.530667 271.513367
1.536000 274.509552
1.541333 277.061462
1.546667 278.993469
1.552000 281.101807
1.557333 283.504974
1.562667 285.917786
1.568000 288.653473
1.573333 291.483124
1.578667 293.197815
1.584000 294.039490
1.589333 294.586578
1.594667 295.112701
1.600000 295.649841
1.605333 296.144684
1.610667 296.471497
1.616000 296.453247
1.621333 296.020691
1.626667 295.291016
1.632000 294.638397
1.637333 294.279541
1.642667 294.205139
1.648000 294.264282
1.653333 294.388031
1.658667 294.734528
1.664000 295.124634
1.669333 295.245972
1.674667 295.190887
1.680000 295.265991
1.685333 295.627350
1.690667 296.173553
1.696000 296.896973
1.701333 297.679871
1.706667 298.172974
1.712000 298.282043
1.717333 298.143982
1.722667 297.861816
1.728000 297.410583
1.733333 296.900452
1.738667 296.504211
1.744000 296.204865
1.749333 295.872498
1.754667 295.417603
1.760000 294.844330
1.765333 294.345856
1.770667 294.035431
1.776000 293.884491
1.781333 293.897980
1.786667 294.060089
1.792000 294.261414
1.797333 294.432831
1.802667 294.615814
1.808000 294.830933
1.813333 295.058777
1.818667 295.310730
1.824000 295.504272
1.829333 295.468597
1.834667 295.120667
1.840000 294.503754
1.845333 293.763031
1.850667 293.147827
1.856000 293.078400
1.861333 293.849243
1.866667 294.855530
1.872000 294.749512
1.877333 294.226562
1.882667 293.830658
1.888000 292.725647
1.893333 290.412659
1.898667 287.172852
1.904000 286.781433
1.909333 289.445435
1.914667 288.678436
1.920000 287.907990
1.925333 288.424438
1.930667 289.418365
1.936000 98.512794
1.941333 98.472343
1.946667 74.746841
1.952000 312.835754
1.957333 314.337250
1.962667 316.016754
1.968000 291.273438
1.973333 288.748901
1.978667 287.052612
1.984000 286.843445
1.989333 287.658997
1.994667 288.111847
2.000000 287.482147
2.005333 94.601929
2.010667 284.822327
2.016000 284.181244
2.021333 282.713074
2.026667 280.426270
2.032000 278.246857
2.037333 277.117615
2.042667 276.694885
2.048000 276.095947
2.053333 274.596924
2.058667 286.062134
2.064000 289.414093
2.069333 289.062347
2.074667 290.674988
2.080000 293.999359
2.085333 294.352081
2.090667 292.914093
2.096000 293.350220
2.101333 308.476349
2.106667 306.536407
2.112000 313.280792
2.117333 315.960449
2.122667 5076.265137
2.128000 5229.988770
2.133333 5297.733398
2.138667 5270.202148
2.144000 5170.869629
2.149333 280.698486
2.154667 278.697815
2.160000 294.235046
2.165333 292.300293
2.170667 285.964630
2.176000 286.174835
2.181333 286.526367
2.186667 286.804626
2.192000 286.805237
2.197333 286.194824
2.202667 285.185944
2.208000 284.168182
2.213333 283.264648
2.218667 282.625610
2.224000 282.280334
2.229333 281.968445
2.234667 281.494720
2.240000 280.964508
2.245333 280.478149
2.250667 280.183136
2.256000 280.089569
2.261333 280.157288
2.266667 280.239197
2.272000 280.118439
2.277333 279.710541
2.282667 279.287811
2.288000 278.958191
2.293333 278.590118
2.298667 278.221130
2.304000 277.978485
2.309333 278.001129
2.314667 278.273438
2.320000 278.376038
2.325333 278.154816
2.330667 277.924347
2.336000 277.980896
2.341333 278.234131
2.346667 278.412079
2.352000 278.501709
2.357333 278.660278
2.362667 278.617035
2.368000 277.960327
2.373333 276.650421
2.378667 274.510803
2.384000 268.762146
2.389333 268.080658
2.394667 273.264954
2.400000 276.553070
2.405333 278.011810
2.410667 278.702301
2.416000 278.783569
2.421333 278.189941
2.426667 277.514893
2.432000 277.062225
2.437333 276.996399
2.442667 277.206696
2.448000 277.478271
2.453333 277.627777
2.458667 277.602631
2.464000 277.553070
2.469333 277.601715
2.474667 277.668732
2.480000 277.621552
2.485333 277.419189
2.490667 277.117065
2.496000 276.886658
2.501333 276.893707
2.506667 277.026398
2.512000 277.096436
2.517333 277.053436
2.522667 276.992615
2.528000 277.166199
2.533333 277.634735
2.538667 278.088470
2.544000 278.269623
2.549333 278.265289
2.554667 278.257690
2.560000 278.290710
2.565333 278.256256
2.570667 277.989868
2.576000 277.460754
2.581333 276.824799
2.586667 276.278809
2.592000 275.838135
2.597333 275.339264
2.602667 274.653290
2.608000 273.674652
2.613333 272.204620
2.618667 270.125916
2.624000 267.859253
2.629333 265.638519
2.634667 262.308319
2.640000 256.898651
2.645333 253.312057
2.650667 248.718933
2.656000 252.410706
2.661333 111.564629
2.666667 111.580193
2.672000 111.691727
2.677333 111.915459
2.682667 111.963379
2.688000 111.939751
2.693333 112.005966
2.698667 111.906235
2.704000 111.670914
2.709333 276.158569
2.714667 274.226929
2.720000 273.834106
2.725333 275.401978
2.730667 282.427277
2.736000 283.592041
2.741333 283.238312
2.746667 282.041992
2.752000 280.198761
2.757333 277.642151
2.762667 291.313599
2.768000 292.313629
2.773333 273.675018
2.778667 274.567169
2.784000 274.909790
2.789333 115.164848
2.794667 109.469040
2.800000 139.654495
2.805333 150.752670
2.810667 150.758728
2.816000 150.725555
2.821333 111.579285
2.826667 111.094864
2.832000 111.639740
2.837333 111.746193
2.842667 111.544205
2.848000 111.771240
2.853333 111.893265
2.858667 109.564667
2.864000 109.850739
2.869333 111.939491
2.874667 112.425789
2.880000 112.636986
2.885333 112.460205
2.890667 111.538139
2.896000 111.952362
2.901333 224.828262
2.906667 220.667908
2.912000 220.572540
2.917333 221.756943
2.922667 223.426117
2.928000 224.764130
2.933333 225.156342
2.938667 224.752106
2.944000 224.041138
2.949333 223.331573
2.954667 223.076401
2.960000 223.527985
2.965333 224.134094
2.970667 224.666351
2.976000 225.199142
2.981333 223.705383
2.986667 223.367920
2.992000 223.661026
2.997333 224.008041
3.002667 224.330719
3.008000 229.790390
3.013333 231.214523
3.018667 228.649261
3.024000 227.335480
3.029333 227.221375
3.034667 227.076904
3.040000 219.520554
3.045333 6604.536621
3.050667 6675.915039
3.056000 6793.483887
3.061333 6834.521484
3.066667 6844.453125
3.072000 6890.726074
3.077333 6960.625000
3.082667 6949.414062
3.088000 6788.507324
3.093333 6630.808105
3.098667 6609.827637
3.104000 6666.692871
3.109333 6723.320312
3.114667 244.809906
3.120000 255.157410
3.125333 255.586777
3.130667 256.252563
3.136000 257.001068
3.141333 257.243469
3.146667 256.646332
3.152000 254.729568
3.157333 250.873810
3.162667 246.980850
3.168000 244.959457
3.173333 243.333374
3.178667 242.460861
3.184000 242.370911
3.189333 242.915405
3.194667 244.538284
3.200000 247.762543
3.205333 252.485870
3.210667 274.047943
3.216000 276.995270
3.221333 273.619446
3.226667 266.566559
3.232000 266.166748
3.237333 268.756958
3.242667 270.621185
3.248000 270.779022
3.253333 269.542175
3.258667 268.277710
3.264000 267.586273
3.269333 267.219666
3.274667 267.306519
3.280000 268.613251
3.285333 275.464661
3.290667 276.935944
3.296000 272.501617
3.301333 259.779236
3.306667 246.297485
3.312000 241.898605
3.317333 240.449524
3.322667 240.952454
3.328000 248.715851
3.333333 249.026077
3.338667 249.623810
3.344000 250.759598
3.349333 243.932632
3.354667 240.735992
3.360000 237.375580
3.365333 237.709839
3.370667 241.540649
3.376000 252.767380
3.381333 255.187607
3.386667 257.352234
3.392000 259.587219
3.397333 261.345886
3.402667 262.228577
3.408000 261.421265
3.413333 259.126312
3.418667 257.285675
3.424000 256.481689
3.429333 256.061310
3.434667 255.687592
3.440000 255.409058
3.445333 255.620453
3.450667 256.699249
3.456000 258.502502
3.461333 261.118011
3.466667 266.257690
3.472000 270.539703
3.477333 272.454651
3.482667 273.940552
3.488000 275.518494
3.493333 277.248566
3.498667 279.059326
3.504000 280.575958
3.509333 281.251465
3.514667 281.113800
3.520000 280.736938
3.525333 280.501648
3.530667 280.305023
3.536000 280.010193
3.541333 279.726593
3.546667 279.549835
3.552000 279.507080
3.557333 279.517334
3.562667 279.432434
3.568000 279.251068
3.573333 279.177338
3.578667 279.132446
3.584000 278.798218
3.589333 278.187897
3.594667 277.783234
3.600000 277.896454
3.605333 278.230316
3.610667 278.359436
3.616000 278.286926
3.621333 278.220398
3.626667 278.335297
3.632000 278.596619
3.637333 278.684204
3.642667 278.635193
3.648000 278.753143
3.653333 278.822205
3.658667 185.849274
3.664000 139.487854
3.669333 139.563385
3.674667 139.532761
3.680000 139.364151
3.685333 92.995819
3.690667 92.954170
3.696000 92.901291
3.701333 282.200928
3.706667 282.027954
3.712000 281.597595
3.717333 280.654205
3.722667 280.508850
3.728000 281.549469
3.733333 281.965698
3.738667 281.736877
3.744000 280.513336
3.749333 279.891968
3.754667 280.242615
3.760000 280.513458
3.765333 280.086304
3.770667 279.052551
3.776000 278.277924
3.781333 277.849152
3.786667 277.737396
3.792000 277.814606
3.797333 278.005890
3.802667 278.125061
3.808000 278.116943
3.813333 278.352081
3.818667 279.008606
3.824000 279.707275
3.829333 279.922150
3.834667 279.834564
3.840000 279.669586
3.845333 279.360840
3.850667 279.139984
3.856000 279.221313
3.861333 279.321747
3.866667 279.335785
3.872000 279.432800
3.877333 279.812103
3.882667 280.217285
3.888000 280.486420
3.893333 280.708252
3.898667 280.622681
3.904000 280.152161
3.909333 279.925385
3.914667 280.111481
3.920000 280.156067
3.925333 279.629242
3.930667 279.115845
3.936000 279.250122
3.941333 280.043152
3.946667 280.628143
3.952000 281.061523
3.957333 280.918457
3.962667 280.441681
3.968000 279.789246
3.973333 278.559418
3.978667 278.179871
3.984000 278.664246
3.989333 279.304993
3.994667 279.140625
4.000000 278.694916
4.005333 278.568848
4.010667 279.260284
4.016000 280.388214
4.021333 280.620361
4.026667 280.024628
4.032000 279.335968
4.037333 278.775177
4.042666 278.333557
4.048000 278.096283
4.053333 278.067596
4.058667 278.345001
4.064000 278.895050
4.069334 279.674103
4.074667 139.435287
4.080000 139.416611
4.085333 280.104675
4.090667 280.643219
4.096000 280.129272
4.101333 278.658295
4.106667 277.100189
4.112000 275.469238
4.117333 273.693726
4.122667 272.222839
4.128000 271.013824
4.133333 269.725433
4.138667 259.991516
4.144000 538.592163
4.149333 538.787048
4.154667 539.645447
4.160000 258.103485
4.165333 257.895813
4.170667 257.805298
4.176000 257.250763
4.181334 256.195129
4.186666 254.598633
4.192000 253.017181
4.197333 251.910980
4.202667 251.061981
4.208000 250.398239
4.213333 249.685043
4.218667 248.120361
4.224000 243.617966
4.229333 238.448975
4.234667 234.493988
4.240000 231.503967
4.245333 228.140213
4.250667 224.553238
4.256000 221.088669
4.261333 218.803970
4.266667 217.339325
4.272000 216.272446
4.277333 215.739792
4.282667 215.581818
4.288000 215.679703
4.293334 216.134109
4.298666 216.956512
4.304000 218.081726
4.309333 219.399719
4.314667 220.055893
4.320000 219.963776
4.325333 219.497452
4.330667 218.801163
4.336000 218.100159
4.341333 217.532547
4.346667 91.502167
4.352000 90.123108
4.357333 90.084595
4.362667 88.696014
4.368000 91.599380
4.373333 91.613182
4.378667 91.665405
4.384000 142.105728
4.389333 141.935089
4.394667 94.855850
4.400000 95.372513
4.405334 139.562592
4.410666 141.776230
4.416000 142.587158
4.421333 142.669449
4.426667 142.383911
4.432000 142.181503
4.437333 222.393982
4.442667 223.138199
4.448000 224.035492
4.453333 224.096558
4.458667 223.680740
4.464000 223.310852
4.469333 223.014893
4.474667 222.698212
4.480000 222.326935
4.485333 221.720810
4.490667 220.682663
4.496000 219.140289
4.501333 217.734238
4.506667 217.110367
4.512000 236.245407
4.517334 216.360275
4.522666 216.187164
4.528000 216.658768
4.533333 93.233360
4.538667 93.594131
4.544000 241.537048
4.549333 241.747055
4.554667 243.190704
4.560000 245.376266
4.565333 246.465424
4.570667 246.622849
4.576000 225.384552
4.581333 225.655701
4.586667 225.752060
4.592000 112.536102
4.597333 226.375763
4.602667 226.461777
4.608000 112.449997
4.613333 112.397423
4.618667 72.561195
4.624000 96.656464
4.629333 274.795837
4.634666 222.700516
4.640000 222.020630
4.645333 229.998993
4.650667 229.860397
4.656000 1272.995605
4.661334 229.753464
4.666667 229.738968
4.672000 229.601303
4.677333 226.128128
4.682667 222.963821
4.688000 222.077682
4.693333 221.499908
4.698667 221.122894
4.704000 220.767868
4.709333 220.799484
4.714667 221.436447
4.720000 222.026413
4.725333 222.400970
4.730667 222.983948
4.736000 223.611450
4.741333 223.801163
4.746666 223.677383
4.752000 223.493134
4.757333 111.348488
4.762667 111.485619
4.768000 111.145348
4.773334 110.727631
4.778666 110.536766
4.784000 110.618690
4.789333 110.716156
4.794667 110.472321
4.800000 109.978188
4.805333 109.961555
4.810667 110.193108
4.816000 110.289268
4.821333 110.262848
4.826667 110.258469
4.832000 455.079559
4.837333 110.637131
4.842667 110.747673
4.848000 460.019073
4.853333 461.347015
4.858667 111.176163
4.864000 111.362572
4.869333 111.636757
4.874667 111.588928
4.880000 111.310028
4.885334 110.781677
4.890666 221.433792
4.896000 221.186188
4.901333 221.339752
4.906667 110.329361
4.912000 110.040947
4.917333 109.687515
4.922667 110.046066
4.928000 108.359009
4.933333 96.687622
4.938667 98.070107
4.944000 108.705566
4.949333 108.074615
4.954667 440.024933
4.960000 439.849670
4.965333 91.449959
4.970667 91.173988
4.976000 109.976036
4.981333 109.669510
4.986667 456.402222
4.992000 109.603058
4.997334 110.196991
5.002666 110.497040
5.008000 93.136086
5.013333 93.246399
5.018667 110.967636
5.024000 111.216301
5.029333 111.564697
5.034667 111.684143
5.040000 110.887978
5.045333 110.111282
5.050667 109.788673
5.056000 109.464424
5.061333 109.333504
5.066667 92.958939
5.072000 93.105019
5.077333 95.127563
5.082667 95.823608
5.088000 101.633591
5.093333 100.862099
5.098667 105.777176
5.104000 107.898109
5.109334 111.003998
5.114666 94.028763
5.120000 93.932648
5.125333 93.873039
5.130667 93.926918
5.136000 94.110184
5.141333 94.245102
5.146667 282.250214
5.152000 137.053619
5.157333 152.507843
5.162667 157.309525
5.168000 159.341599
5.173333 149.418350
5.178667 113.556801
5.184000 112.218857
5.189333 110.523102
5.194667 90.652855
5.200000 88.827377
5.205333 88.563477
5.210667 88.834579
5.216000 88.968796
5.221334 89.020470
5.226666 89.348694
5.232000 89.715164
5.237333 89.646286
5.242667 89.576294
5.248000 89.513550
5.253334 89.486809
5.258667 89.495331
5.264000 89.976517
5.269333 90.486099
5.274667 90.860039
5.280000 90.917488
5.285333 90.811829
5.290667 90.674545
5.296000 90.604424
5.301333 90.676872
5.306667 90.798599
5.312000 88.850830
5.317333 3248.742676
5.322667 3208.255371
5.328000 3202.435059
5.333333 3192.814453
5.338666 3155.100830
5.344000 90.925522
5.349333 90.694580
5.354667 90.589722
5.360000 90.665260
5.365334 3327.458252
5.370667 3322.562500
5.376000 3266.147217
5.381333 105.126350
5.386667 91.321281
5.392000 91.328911
5.397333 91.285492
5.402667 181.150711
5.408000 181.459015
5.413333 181.615128
5.418667 70.942123
5.424000 161.327850
5.429333 159.956268
5.434667 115.858559
5.440000 116.159203
5.445333 87.691856
5.450667 87.356285
5.456000 87.255836
5.461333 82.589684
5.466667 82.906029
5.472000 88.047844
5.477334 93.050102
5.482666 98.238266
5.488000 97.841652
5.493333 312.580841
5.498667 336.166412
5.504000 278.335510
5.509333 56.325722
5.514667 84.345039
5.520000 171.533188
5.525333 172.527359
5.530667 92.581963
5.536000 92.585320
5.541333 111.616913
5.546667 112.763260
5.552000 112.697739
5.557333 82.545418
5.562667 359.313873
5.568000 347.679047
5.573333 339.307770
5.578667 330.485138
5.584000 318.889862
5.589334 306.068329
5.594666 297.889069
5.600000 284.422913
5.605333 277.198425
5.610667 273.470520
5.616000 270.122925
5.621333 268.315613
5.626667 268.280365
5.632000 269.064178
5.637333 269.843231
5.642667 270.429810
5.648000 270.650116
5.653333 261.655914
5.658667 260.522369
5.664000 261.610413
5.669333 261.978333
5.674667 261.266815
5.680000 256.924957
5.685333 253.703217
5.690667 253.003769
5.696000 252.270508
5.701334 250.779663
5.706666 250.029724
5.712000 250.055923
5.717333 249.938110
5.722667 249.828033
5.728000 250.179977
5.733333 250.847565
5.738667 251.493134
5.744000 252.052628
5.749333 252.661835
5.754667 253.377090
5.760000 254.317490
5.765333 255.116089
5.770667 255.541901
5.776000 256.019562
5.781333 257.000549
5.786667 258.518738
5.792000 260.282623
5.797333 262.148499
5.802667 263.900116
5.808000 265.405121
5.813334 266.513519
5.818666 267.270111
5.824000 267.911682
5.829333 268.339905
5.834667 536.709534
5.840000 267.819977
5.845333 267.457703
5.850667 531.875671
5.856000 526.865051
5.861333 511.511017
5.866667 74.387550
5.872000 73.945152
5.877333 73.411232
5.882667 161.587357
5.888000 291.326630
5.893333 293.956390
5.898667 295.315277
5.904000 295.663879
5.909333 295.353729
5.914667 295.051575
5.920000 295.031738
5.925333 295.047272
5.930666 295.007172
5.936000 294.847992
5.941333 294.432556
5.946667 293.971771
5.952000 293.784302
5.957334 293.777527
5.962667 293.740845
5.968000 293.579010
5.973333 293.413147
5.978667 293.451996
5.984000 293.645538
5.989333 293.755066
5.994667 293.876740
6.000000 294.286774
6.005333 294.710388
6.010667 295.063660
6.016000 295.427460
6.021333 295.688843
6.026667 295.743195
6.032000 295.630157
6.037333 295.614258
6.042666 295.866333
6.048000 296.249878
6.053333 296.521606
6.058667 296.640869
6.064000 296.724731
6.069334 296.780151
6.074667 296.695221
6.080000 296.545807
6.085333 296.451172
6.090667 296.460388
6.096000 296.461517
6.101333 296.260895
6.106667 295.880310
6.112000 295.516479
6.117333 295.341888
6.122667 295.272034
6.128000 295.240356
6.133333 295.262390
6.138667 295.410797
6.144000 295.838074
6.149333 296.388336
6.154667 296.720947
6.160000 296.581268
6.165333 296.043091
6.170667 295.618866
6.176000 295.392700
6.181334 295.099976
6.186666 294.889832
6.192000 294.838135
6.197333 294.846985
6.202667 294.820343
6.208000 294.755951
6.213333 294.708679
6.218667 294.653534
6.224000 294.532745
6.229333 294.196991
6.234667 293.464417
6.240000 292.137451
6.245333 290.240448
6.250667 147.896408
6.256000 148.511139
6.261333 148.338593
6.266667 147.726974
6.272000 147.267792
6.277333 147.074249
6.282667 146.873215
6.288000 146.047958
6.293334 287.241699
6.298666 290.890137
6.304000 293.793121
6.309333 295.760742
6.314667 296.963531
6.320000 297.526398
6.325333 297.474213
6.330667 297.004791
6.336000 296.488617
6.341333 296.142395
6.346667 296.041504
6.352000 296.055908
6.357333 295.911316
6.362667 295.504242
6.368000 294.724884
6.373333 293.651337
6.378667 292.637543
6.384000 292.127716
6.389333 292.227325
6.394667 292.770355
6.400000 293.315643
6.405334 293.604919
6.410666 293.720673
6.416000 293.829803
6.421333 294.006683
6.426667 294.273987
6.432000 294.603394
6.437333 294.856262
6.442667 294.988007
6.448000 295.051483
6.453333 295.055542
6.458667 295.066101
6.464000 295.059296
6.469333 294.929596
6.474667 294.835663
6.480000 295.005859
6.485333 295.352783
6.490667 295.643860
6.496000 295.817200
6.501333 295.910919
6.506667 295.990509
6.512000 296.044739
6.517334 295.991669
6.522666 295.830078
6.528000 295.687256
6.533333 295.682587
6.538667 295.747284
6.544000 295.691284
6.549333 295.473175
6.554667 295.253967
6.560000 295.084381
6.565333 294.903198
6.570667 294.754211
6.576000 294.758331
6.581333 294.837799
6.586667 294.813873
6.592000 294.631287
6.597333 294.320374
6.602667 293.935455
6.608000 293.504211
6.613333 293.005127
6.618667 292.390289
6.624000 291.761108
6.629333 291.149139
6.634666 290.340485
6.640000 289.038025
6.645333 287.073425
6.650667 283.041992
6.656000 279.862091
6.661334 279.199860
6.666667 543.532288
6.672000 545.764832
6.677333 259.051636
6.682667 259.124481
6.688000 259.648773
6.693333 109.278656
6.698667 231.662262
6.704000 95.018387
6.709333 74.314789
6.714667 73.529297
6.720000 369.315948
6.725333 370.111420
6.730667 370.523468
6.736000 372.106567
6.741333 284.714905
6.746666 307.636139
6.752000 73.832924
6.757333 73.684967
6.762667 73.736702
6.768000 74.071754
6.773334 185.741730
6.778666 186.850464
6.784000 187.980698
6.789333 187.567642
6.794667 186.796631
6.800000 186.379410
6.805333 373.006104
6.810667 374.775665
6.816000 375.251129
6.821333 375.356750
6.826667 375.842743
6.832000 376.255585
6.837333 376.443298
6.842667 377.639740
6.848000 107.044418
6.853333 197.906174
6.858667 196.384750
6.864000 197.880402
6.869333 202.764572
6.874667 207.383652
6.880000 209.860596
6.885334 210.292908
6.890666 210.893112
6.896000 212.978973
6.901333 215.581131
6.906667 215.625687
6.912000 216.621582
6.917333 218.614182
6.922667 219.218674
6.928000 218.342972
6.933333 218.376846
6.938667 218.780823
6.944000 218.975189
6.949333 219.174667
6.954667 219.592422
6.960000 220.072830
6.965333 220.503998
6.970667 221.011368
6.976000 221.348450
6.981333 221.520828
6.986667 110.670959
6.992000 220.687515
6.997334 220.255692
7.002666 220.524261
7.008000 221.210648
7.013333 222.124420
7.018667 222.880646
7.024000 223.178543
7.029333 223.191818
7.034667 223.222687
7.040000 223.178665
7.045333 222.953720
7.050667 222.783051
7.056000 222.724258
7.061333 222.618576
7.066667 222.451660
7.072000 222.323669
7.077333 222.159546
7.082667 221.871674
7.088000 221.501251
7.093333 221.062836
7.098667 220.698074
7.104000 220.252533
7.109334 219.579544
7.114666 219.178070
7.120000 219.258102
7.125333 219.576035
7.130667 220.583679
7.136000 223.031357
7.141333 225.432037
7.146667 226.746368
7.152000 229.208908
7.157333 233.950623
7.162667 240.015991
7.168000 158.460388
7.173333 252.715179
7.178667 253.402283
7.184000 257.937103
7.189333 261.566101
7.194667 260.742889
7.200000 256.417603
7.205333 254.887253
7.210667 255.556870
7.216000 254.377472
7.221334 253.815018
7.226666 255.184341
7.232000 256.655182
7.237333 255.602798
7.242667 253.428665
7.248000 252.423553
7.253334 123.315643
7.258667 252.259262
7.264000 253.038208
7.269333 253.476654
7.274667 251.954636
7.280000 124.305534
7.285333 124.282310
7.290667 250.665939
7.296000 251.273712
7.301333 251.409668
7.306667 251.162766
7.312000 250.374039
7.317333 250.102249
7.322667 250.376785
7.328000 250.087723
7.333333 248.601532
7.338666 246.108795
7.344000 243.340744
7.349333 240.741959
7.354667 238.041229
7.360000 235.313507
7.365334 233.149002
7.370667 231.814453
7.376000 230.854202
7.381333 206.741776
7.386667 207.043167
7.392000 208.346832
7.397333 207.655319
7.402667 204.801483
7.408000 187.445450
7.413333 187.852570
7.418667 189.146088
7.424000 99.170242
7.429333 97.992935
7.434667 96.872856
7.440000 372.588623
7.445333 194.189499
7.450667 190.768784
7.456000 189.023193
7.461333 188.842331
7.466667 189.187042
7.472000 189.624023
7.477334 189.522186
7.482666 189.039413
7.488000 188.670914
7.493333 188.234406
7.498667 187.258560
7.504000 186.068924
7.509333 185.150101
7.514667 184.400970
7.520000 184.057510
7.525333 184.822174
7.530667 186.211929
7.536000 187.095459
7.541333 187.515457
7.546667 188.481003
7.552000 189.944275
7.557333 190.261505
7.562667 190.495178
7.568000 193.553650
7.573333 198.285477
7.578667 201.097015
7.584000 203.509415
7.589334 206.274567
7.594666 208.279266
7.600000 208.536285
7.605333 208.365646
7.610667 208.341507
7.616000 208.531982
7.621333 208.595016
7.626667 207.983124
7.632000 207.027069
7.637333 205.620773
7.642667 203.435974
7.648000 202.728455
7.653333 201.164963
7.658667 148.644363
7.664000 144.725876
7.669333 124.551613
7.674667 116.523445
7.680000 100.609734
7.685333 100.557472
7.690667 100.661415
7.696000 100.729553
7.701334 100.828072
7.706666 101.326363
7.712000 101.497681
7.717333 101.863792
7.722667 206.053864
7.728000 207.126266
7.733333 207.749924
7.738667 79.375504
7.744000 70.085503
7.749333 69.990379
7.754667 211.189209
7.760000 105.138069
7.765333 105.281166
7.770667 210.750381
7.776000 210.596893
7.781333 210.254196
7.786667 209.751572
7.792000 209.180634
7.797333 208.828506
7.802667 208.493546
7.808000 207.643219
7.813334 205.790817
7.818666 205.048096
7.824000 205.661575
7.829333 206.240860
7.834667 206.479019
7.840000 206.875015
7.845333 207.528748
7.850667 208.045151
7.856000 208.439667
7.861333 208.773621
7.866667 209.074646
7.872000 209.647949
7.877333 211.000397
7.882667 212.131699
7.888000 212.702957
7.893333 213.024536
7.898667 213.123276
7.904000 213.431702
7.909333 214.686478
7.914667 215.916000
7.920000 215.141617
7.925333 213.903961
7.930666 213.004364
7.936000 212.251984
7.941333 211.348389
7.946667 210.741302
7.952000 210.091171
7.957334 208.859711
7.962667 207.243713
7.968000 207.395676
7.973333 208.126541
7.978667 208.080582
7.984000 207.833755
7.989333 207.687866
7.994667 207.367477
8.000000 206.861130
8.005333 206.783188
8.010667 207.021362
8.016000 207.109955
8.021334 206.557922
8.026667 205.475098
8.032000 204.412399
8.037333 203.334717
8.042666 202.869446
8.048000 212.910049
8.053333 108.276703
8.058666 107.792053
8.064000 106.754677
8.069333 110.571198
8.074667 110.121605
8.080000 109.615173
8.085333 207.484787
8.090667 206.520721
8.096000 0.000000
8.101334 162.801163
8.106667 331.471832
8.112000 333.196472
8.117333 338.835083
8.122666 202.520294
8.128000 208.599533
8.133333 453.404083
8.138667 419.238159
8.144000 386.898712
8.149333 365.823792
8.154667 367.026642
8.160000 384.560425
8.165334 385.307312
8.170667 384.892334
8.176000 153.963654
8.181334 375.002075
8.186666 378.770599
8.192000 382.936584
8.197333 259.121124
8.202666 3292.364502
8.208000 3278.044678
8.213333 3274.711426
8.218667 3280.344727
8.224000 3293.624756
8.229333 110.184174
8.234667 189.489365
8.240000 3255.928223
8.245334 3225.707764
8.250667 3219.717285
8.256000 3251.438477
8.261333 3264.635742
8.266666 3216.622070
8.272000 3195.436035
8.277333 3213.148682
8.282666 3257.075195
8.288000 3309.511475
8.293333 3332.596680
8.298667 3327.480713
8.304000 3319.498779
8.309334 109.999634
8.314667 0.000000
8.320000 3304.020508
8.325334 3339.116455
8.330667 3357.733398
8.336000 3365.255859
8.341333 128.922485
8.346666 463.498688
8.352000 410.479584
8.357333 187.818909
8.362667 206.184036
8.368000 206.353943
8.373333 103.765488
8.378667 109.930573
8.384000 110.008514
8.389334 210.537018
8.394667 82.747604
8.400000 83.681572
8.405334 84.061348
8.410666 82.533112
8.416000 60.255165
8.421333 153.848480
8.426666 153.429474
8.432000 153.284851
8.437333 153.551743
8.442667 154.105682
8.448000 155.542664
8.453333 159.483459
8.458667 162.212830
8.464000 81.269737
8.469334 81.654518
8.474667 163.854263
8.480000 164.443634
8.485333 165.544571
8.490666 106.108009
8.496000 105.042831
8.501333 102.600311
8.506667 101.417076
8.512000 102.603416
8.517333 299.932495
8.522667 298.706573
8.528000 159.780182
8.533334 160.446518
8.538667 160.468674
8.544000 296.746368
8.549334 316.337891
8.554667 161.521378
8.560000 161.946518
8.565333 103.997940
8.570666 73.847473
8.576000 104.488312
8.581333 104.694435
8.586667 105.019821
8.592000 167.876984
8.597333 175.359177
8.602667 176.521866
8.608000 53.619190
8.613334 53.811932
8.618667 53.939060
8.624000 166.205780
8.629333 165.607330
8.634666 209.306183
8.640000 208.564499
8.645333 366.270325
8.650666 364.298767
8.656000 363.956360
8.661333 380.234192
8.666667 385.751343
8.672000 389.952545
8.677333 412.208771
8.682667 409.841949
8.688000 411.357422
8.693334 413.779388
8.698667 197.289658
8.704000 197.450577
8.709333 408.150665
8.714666 412.387543
8.720000 415.904663
8.725333 417.703217
8.730667 417.988251
8.736000 417.066650
8.741333 416.969543
8.746667 418.034790
8.752000 419.307922
8.757334 420.075134
8.762667 420.188354
8.768000 420.406525
8.773334 420.774506
8.778666 421.624420
8.784000 422.676971
8.789333 423.447418
8.794666 423.725983
8.800000 423.489471
8.805333 423.587708
8.810667 423.490723
8.816000 422.806091
8.821333 422.095337
8.826667 421.806702
8.832000 421.226044
8.837334 420.145294
8.842667 419.170380
8.848000 418.610565
8.853333 418.121552
8.858666 417.471191
8.864000 417.331329
8.869333 418.139984
8.874666 419.607117
8.880000 421.910797
8.885333 211.054230
8.890667 213.421875
8.896000 215.684937
8.901334 217.351227
8.906667 218.681244
8.912000 219.765732
8.917334 220.587021
8.922667 220.862778
8.928000 220.616058
8.933333 220.390808
8.938666 220.347153
8.944000 220.230392
8.949333 220.041504
8.954667 219.899246
8.960000 219.835114
8.965333 219.845367
8.970667 219.926285
8.976000 220.081787
8.981334 220.399475
8.986667 220.947083
8.992000 221.503311
8.997334 221.934738
9.002666 222.307007
9.008000 222.576797
9.013333 222.609955
9.018666 222.522476
9.024000 222.577667
9.029333 222.795807
9.034667 223.046585
9.040000 223.485535
9.045333 224.526825
9.050667 226.063095
9.056000 226.885345
9.061334 124.497940
9.066667 124.778267
9.072000 247.957062
9.077333 248.431381
9.082666 250.387985
9.088000 252.266602
9.093333 251.650146
9.098666 246.599304
9.104000 124.012428
9.109333 3445.768799
9.114667 3488.674561
9.120000 3490.343506
9.125334 3418.134033
9.130667 3350.299561
9.136000 3322.858887
9.141334 3320.398926
9.146667 3321.043945
9.152000 244.759567
9.157333 227.273102
9.162666 227.803162
9.168000 129.223114
9.173333 129.319519
9.178667 128.976654
9.184000 128.619171
9.189333 256.701050
9.194667 256.716614
9.200000 85.665596
9.205334 256.155548
9.210667 254.369644
9.216000 251.455261
9.221334 248.947723
9.226666 247.631653
9.232000 246.695648
9.237333 245.371490
9.242666 243.562378
9.248000 242.457413
9.253333 242.144913
9.258667 242.405518
9.264000 243.257416
9.269333 244.680542
9.274667 246.442093
9.280000 248.136749
9.285334 249.740952
9.290667 251.381653
9.296000 252.838821
9.301333 253.812805
9.306666 254.058365
9.312000 253.064514
9.317333 251.170471
9.322667 249.686401
9.328000 248.835449
9.333333 248.230835
9.338667 247.539536
9.344000 246.709091
9.349334 245.860565
9.354667 245.062775
9.360000 244.384552
9.365334 243.828918
9.370667 243.508514
9.376000 243.551941
9.381333 243.856735
9.386666 244.273499
9.392000 244.876434
9.397333 245.680161
9.402667 176.872101
9.408000 176.438080
9.413333 158.473511
9.418667 125.450050
9.424000 125.719391
9.429334 125.884674
9.434667 103.826836
9.440000 84.608826
9.445333 84.923668
9.450666 85.114021
9.456000 85.132454
9.461333 255.203293
9.466666 254.862686
9.472000 254.360443
9.477333 253.479126
9.482667 252.398636
9.488000 251.306717
9.493333 250.239517
9.498667 319.980255
9.504000 317.364258
9.509334 82.110153
9.514667 80.617989
9.520000 245.509155
9.525333 244.270813
9.530666 242.077713
9.536000 238.404190
9.541333 253.530472
9.546667 229.571182
9.552000 226.330673
9.557333 111.451141
9.562667 109.813049
9.568000 109.221924
9.573334 108.284981
9.578667 106.962311
9.584000 106.758759
9.589334 83.191154
9.594666 60.412506
9.600000 102.663437
9.605333 102.834297
9.610666 103.900169
9.616000 111.097984
9.621333 123.558075
9.626667 123.858063
9.632000 123.821564
9.637333 193.791382
9.642667 194.112671
9.648000 97.854248
9.653334 366.770569
9.658667 369.875641
9.664000 275.325958
9.669333 275.335449
9.674666 275.131836
9.680000 2150.600586
9.685333 2190.011475
9.690666 272.700287
9.696000 272.221100
9.701333 272.084656
9.706667 272.112244
9.712000 272.206390
9.717334 272.549805
9.722667 273.236664
9.728000 274.175262
9.733334 275.336792
9.738667 276.519806
9.744000 277.549316
9.749333 2275.909424
9.754666 2284.773682
9.760000 2296.947021
9.765333 2314.224365
9.770667 2328.078613
9.776000 2325.402344
9.781333 295.878296
9.786667 296.850281
9.792000 297.575592
9.797334 297.867004
9.802667 297.734528
9.808000 297.420227
9.813334 297.212463
9.818666 297.093109
9.824000 296.913666
9.829333 296.692688
9.834666 296.425079
9.840000 296.085083
9.845333 295.761078
9.850667 295.543518
9.856000 295.331421
9.861333 295.060242
9.866667 294.858185
9.872000 294.849335
9.877334 295.044434
9.882667 295.257599
9.888000 295.324890
9.893333 295.216156
9.898666 295.031219
9.904000 294.864899
9.909333 294.680817
9.914667 294.454956
9.920000 294.361969
9.925333 294.594513
9.930667 295.072205
9.936000 295.508423
9.941334 295.847839
9.946667 2333.889160
9.952000 2332.637451
9.957334 2334.029297
9.962667 296.132721
9.968000 295.992462
9.973333 295.799683
9.978666 295.696259
9.984000 295.753662
9.989333 295.798004
9.994667 295.635406
10.000000 295.338928
10.005333 295.025116
10.010667 294.720490
10.016000 294.403992
10.021334 294.089478
10.026667 293.859222
10.032000 293.789795
10.037333 293.911224
10.042666 294.164917
10.048000 294.441650
10.053333 294.696259
10.058666 294.903046
10.064000 294.932404
10.069333 294.708130
10.074667 294.356110
10.080000 294.088867
10.085333 293.998749
10.090667 293.957855
10.096000 293.818817
10.101334 293.593719
10.106667 293.288177
10.112000 292.811493
10.117333 292.258942
10.122666 291.924011
10.128000 291.603699
10.133333 290.345734
10.138667 288.258575
10.144000 287.897644
10.149333 289.017334
10.154667 288.944000
10.160000 287.809052
10.165334 288.128815
10.170667 288.651031
10.176000 287.778564
10.181334 284.484375
10.186666 283.000732
10.192000 283.933319
10.197333 284.323425
10.202666 283.182404
10.208000 281.277039
10.213333 280.020081
10.218667 279.546478
10.224000 279.347504
10.229333 279.317627
10.234667 279.367218
10.240000 279.383423
10.245334 279.348633
10.250667 279.194702
10.256000 278.866669
10.261333 278.425934
10.266666 278.056885
10.272000 277.857849
10.277333 277.807220
10.282666 277.761963
10.288000 277.576355
10.293333 277.295441
10.298667 277.082550
10.304000 277.018677
10.309334 276.975983
10.314667 276.858673
10.320000 276.635315
10.325334 276.276306
10.330667 275.726501
10.336000 274.944366
10.341333 274.000061
10.346666 272.973907
10.352000 271.957886
10.357333 270.712646
10.362667 268.957306
10.368000 267.352661
10.373333 267.633423
10.378667 0.000000
10.384000 138.707062
10.389334 278.719696
10.394667 283.096924
10.400000 285.248047
10.405334 115.323944
10.410666 115.633286
10.416000 115.765907
10.421333 112.431549
10.426666 111.045677
10.432000 112.478577
10.437333 248.044052
10.442667 247.271240
10.448000 112.388466
10.453333 111.299355
10.458667 111.327972
10.464000 223.255753
10.469334 223.260742
10.474667 223.764282
10.480000 224.045288
10.485333 223.977692
10.490666 223.856110
10.496000 247.004868
10.501333 246.614578
10.506667 246.530396
10.512000 246.901749
10.517333 111.197289
10.522667 111.028000
10.528000 110.893463
10.533334 110.804771
10.538667 110.847038
10.544000 110.803772
10.549334 110.519005
10.554667 110.255508
10.560000 110.114883
10.565333 110.106285
10.570666 110.374237
10.576000 111.089142
10.581333 111.351097
10.586667 111.150841
10.592000 111.047600
10.597333 111.617355
10.602667 111.611275
10.608000 111.247612
10.613334 111.178925
10.618667 111.280792
10.624000 111.190613
10.629333 221.231995
10.634666 221.555267
10.640000 222.699524
10.645333 224.169281
10.650666 146.775391
10.656000 147.374680
10.661333 379.279785
10.666667 230.143753
10.672000 229.904709
10.677333 228.999878
10.682667 216.488861
10.688000 222.549438
10.693334 109.873871
10.698667 109.118866
10.704000 108.946175
10.709333 223.601974
10.714666 112.468300
10.720000 110.841499
10.725333 222.506210
10.730667 222.589493
10.736000 110.335609
10.741333 110.361290
10.746667 111.278038
10.752000 222.526031
10.757334 221.688126
10.762667 110.869987
10.768000 221.048599
10.773334 220.724060
10.778666 221.293182
10.784000 221.933044
10.789333 222.202179
10.794666 222.303314
10.800000 222.257477
10.805333 221.999298
10.810667 221.633850
10.816000 221.561295
10.821333 222.130219
10.826667 222.722443
10.832000 110.527863
10.837334 110.502388
10.842667 110.421715
10.848000 110.322144
10.853333 110.342270
10.858666 110.524940
10.864000 110.502907
10.869333 110.167572
10.874666 109.719521
10.880000 109.298248
10.885333 109.128571
10.890667 109.159744
10.896000 109.281502
10.901334 109.428360
10.906667 109.812157
10.912000 110.686302
10.917334 110.820518
10.922667 110.718399
10.928000 110.662773
10.933333 110.266541
10.938666 110.077400
10.944000 110.554359
10.949333 110.942139
10.954667 110.599007
10.960000 110.443268
10.965333 110.523727
10.970667 110.314201
10.976000 110.334152
10.981334 110.816887
10.986667 110.847717
10.992000 110.656563
10.997334 110.723015
11.002666 110.792694
11.008000 110.714752
11.013333 110.920853
11.018666 111.255524
11.024000 111.325287
11.029333 111.357224
11.034667 111.584625
11.040000 111.732971
11.045333 111.640640
11.050667 111.501007
11.056000 111.485710
11.061334 111.437363
11.066667 111.502815
11.072000 111.517563
11.077333 111.236847
11.082666 111.217567
11.088000 111.225914
11.093333 111.097504
11.098666 111.171883
11.104000 111.414589
11.109333 111.390610
11.114667 111.625755
11.120000 111.898476
11.125334 5222.762695
11.130667 5267.671387
11.136000 5238.646973
11.141334 5130.305176
11.146667 5024.674316
11.152000 5025.616211
11.157333 5136.312988
11.162666 5258.853027
11.168000 5262.348633
11.173333 287.293823
11.178667 303.408142
11.184000 302.687927
11.189333 301.417816
11.194667 295.602112
11.200000 92.849907
11.205334 141.228012
11.210667 139.846970
11.216000 138.322281
11.221334 55.500214
11.226666 55.087368
11.232000 160.077789
11.237333 160.402634
11.242666 55.076904
11.248000 54.831249
11.253333 149.937424
11.258667 312.591187
11.264000 314.441132
11.269333 54.463982
11.274667 161.563568
11.280000 160.001419
11.285334 155.591309
11.290667 154.757034
11.296000 158.771866
11.301333 177.347000
11.306666 54.128151
11.312000 163.522583
11.317333 164.790375
11.322667 165.447495
11.328000 164.473175
11.333333 161.840240
11.338667 160.398712
11.344000 150.585190
11.349334 149.844360
11.354667 150.122513
11.360000 161.647827
11.365334 162.163361
11.370667 162.366531
11.376000 55.513741
11.381333 55.649658
11.386666 175.267578
11.392000 167.821045
11.397333 163.762619
11.402667 162.948700
11.408000 167.156601
11.413333 151.668228
11.418667 279.181976
11.424000 277.966888
11.429334 130.224915
11.434667 168.726593
11.440000 169.313416
11.445333 169.752182
11.450666 170.325867
11.456000 170.797195
11.461333 170.956833
11.466666 170.896271
11.472000 170.674500
11.477333 170.176849
11.482667 169.554428
11.488000 169.518433
11.493333 169.801834
11.498667 169.995773
11.504000 170.110092
11.509334 276.881927
11.514667 277.313965
11.520000 278.507538
11.525333 279.954834
11.530666 280.740631
11.536000 281.545624
11.541333 175.223511
11.546667 176.477966
11.552000 177.928070
11.557333 179.482040
11.562667 181.185623
11.568000 183.244781
11.573334 185.050644
11.578667 186.114838
11.584000 187.063370
11.589334 188.635040
11.594666 189.763428
11.600000 189.569763
11.605333 188.893173
11.610666 188.567917
11.616000 188.445236
11.621333 188.268143
11.626667 188.124191
11.632000 187.639984
11.637333 185.700043
11.642667 182.687485
11.648000 181.979431
11.653334 181.824051
11.658667 148.738846
11.664000 128.478683
11.669333 111.332283
11.674666 111.794342
11.680000 93.436852
11.685333 93.961792
11.690666 94.308640
11.696000 94.905098
11.701333 96.548729
11.706667 193.745438
11.712000 194.572906
11.717334 195.669052
11.722667 196.120056
11.728000 196.089447
11.733334 195.822189
11.738667 195.402679
11.744000 194.877899
11.749333 194.300827
11.754666 193.150101
11.760000 191.105530
11.765333 189.892883
11.770667 189.286270
11.776000 188.560089
11.781333 187.057739
11.786667 185.523285
11.792000 184.014465
11.797334 182.772949
11.802667 182.719040
11.808000 183.201279
11.813334 184.184097
11.818666 185.946701
11.824000 188.459320
11.829333 189.499557
11.834666 188.848206
11.840000 188.334686
11.845333 188.377472
11.850667 188.382339
11.856000 188.173843
11.861333 187.707794
11.866667 187.047592
11.872000 186.423737
11.877334 185.638062
11.882667 184.731216
11.888000 184.707764
11.893333 188.035034
11.898666 191.725250
11.904000 182.656158
11.909333 184.087860
11.914667 184.601471
11.920000 184.207458
11.925333 183.413193
11.930667 190.564713
11.936000 190.676865
11.941334 190.347488
11.946667 190.367325
11.952000 191.403107
11.957334 192.305237
11.962667 192.302307
11.968000 192.121643
11.973333 191.927765
11.978666 191.609314
11.984000 191.370316
11.989333 191.542450
11.994667 191.906876
12.000000 192.440491
12.005333 193.430618
12.010667 195.668655
12.016000 198.098099
12.021334 198.487503
12.026667 198.318848
12.032000 74.733315
12.037333 74.657005
12.042666 196.125519
12.048000 195.981415
12.053333 196.053101
12.058666 147.357742
12.064000 147.379257
12.069333 73.642815
12.074667 196.186172
12.080000 147.721039
12.085333 147.544830
12.090667 107.728439
12.096000 108.007416
12.101334 184.472412
12.106667 146.793518
12.112000 146.926819
12.117333 147.385559
12.122666 147.730698
12.128000 147.866623
12.133333 147.892929
12.138667 147.696945
12.144000 147.171295
12.149333 197.586807
12.154667 198.496902
12.160000 832.330200
12.165334 784.308960
12.170667 776.157776
12.176000 763.955322
12.181334 192.580246
12.186666 747.859802
12.192000 258.061920
12.197333 151.317139
12.202666 151.333664
12.208000 151.412064
12.213333 3529.606689
12.218667 3594.611084
12.224000 3574.829346
12.229333 3483.561768
12.234667 3423.635498
12.240000 292.848206
12.245334 292.017120
12.250667 319.276794
12.256000 322.491882
12.261333 193.666489
12.266666 74.083710
12.272000 74.024162
12.277333 199.924652
12.282666 198.069687
12.288000 197.082306
12.293333 124.811440
12.298667 415.628632
12.304000 186.917694
12.309334 148.581589
12.314667 148.743881
12.320000 148.310043
12.325334 147.781693
12.330667 148.104721
12.336000 147.964554
12.341333 147.440231
12.346666 295.840240
12.352000 147.960190
12.357333 148.415970
12.362667 148.431839
12.368000 801.419983
12.373333 148.184250
12.378667 148.120712
12.384000 148.026367
12.389334 187.310028
12.394667 196.485733
12.400000 147.325409
12.405334 147.140335
12.410666 147.317307
12.416000 147.634964
12.421333 73.086075
12.426666 73.275566
12.432000 73.727242
12.437333 144.844330
12.442667 145.652145
12.448000 146.160385
12.453333 146.730713
12.458667 147.147247
12.464000 147.238266
12.469334 147.414566
12.474667 147.824310
12.480000 148.077438
12.485333 148.201874
12.490666 148.280319
12.496000 148.183075
12.501333 147.980072
12.506667 147.791443
12.512000 147.614456
12.517333 147.561295
12.522667 148.076340
12.528000 148.706543
12.533334 148.816330
12.538667 148.603592
12.544000 148.276810
12.549334 148.135773
12.554667 148.052628
12.560000 147.957870
12.565333 147.837982
12.570666 147.591248
12.576000 147.170792
12.581333 146.881882
12.586667 146.756668
12.592000 146.584152
12.597333 73.130898
12.602667 73.162041
12.608000 146.176758
12.613334 146.110580
12.618667 146.302612
12.624000 184.417130
12.629333 370.966461
12.634666 374.478760
12.640000 380.918427
12.645333 382.464600
12.650666 149.135193
12.656000 149.169830
12.661333 149.130661
12.666667 148.938553
12.672000 147.285843
12.677333 145.985672
12.682667 146.364273
12.688000 425.537384
12.693334 221.864517
12.698667 141.053711
12.704000 144.410431
12.709333 145.924561
12.714666 145.269836
12.720000 144.646439
12.725333 142.129395
12.730667 141.777252
12.736000 141.623978
12.741333 143.530319
12.746667 143.109390
12.752000 142.152740
12.757334 142.722931
12.762667 143.983459
12.768000 144.391602
12.773334 144.244232
12.778666 144.921326
12.784000 145.393433
12.789333 145.788971
12.794666 146.234787
12.800000 146.307709
12.805333 146.107361
12.810667 145.962280
12.816000 145.794586
12.821333 145.726761
12.826667 146.321289
12.832000 148.004944
12.837334 149.089401
12.842667 148.906891
12.848000 148.707367
12.853333 148.602692
12.858666 148.534866
12.864000 148.641434
12.869333 149.012787
12.874666 149.445496
12.880000 149.308929
12.885333 148.947861
12.890667 148.979004
12.896000 149.920563
12.901334 180.152161
12.906667 167.545471
12.912000 164.867706
12.917334 164.329895
12.922667 163.798920
12.928000 163.380508
12.933333 163.205551
12.938666 163.018829
12.944000 162.625610
12.949333 162.250000
12.954667 161.872375
12.960000 161.494736
12.965333 161.338074
12.970667 161.442184
12.976000 161.578934
12.981334 161.663910
12.986667 161.741257
12.992000 162.056198
12.997334 162.738800
13.002666 163.393829
13.008000 163.786240
13.013333 164.195053
13.018666 164.719482
13.024000 165.000168
13.029333 165.109451
13.034667 165.174210
13.040000 164.985458
13.045333 164.482315
13.050667 163.927673
13.056000 163.332138
13.061334 162.237274
13.066667 160.995132
13.072000 160.989548
13.077333 161.446136
13.082666 161.651474
13.088000 161.444946
13.093333 161.155533
13.098666 163.213013
13.104000 164.813751
13.109333 165.330154
13.114667 165.695755
13.120000 166.213943
13.125334 171.382645
13.130667 175.981659
13.136000 177.846893
13.141334 177.976486
13.146667 304.912781
13.152000 305.399780
13.157333 131.081863
13.162666 150.570221
13.168000 152.023422
13.173333 153.040878
13.178667 132.694061
13.184000 116.778725
13.189333 93.824081
13.194667 93.809654
13.200000 93.991173
13.205334 93.967628
13.210667 93.651573
13.216000 71.434769
13.221334 185.869400
13.226666 185.255035
13.232000 184.706467
13.237333 184.686966
13.242666 185.280197
13.248000 92.521523
13.253333 185.652466
13.258667 185.151794
13.264000 185.017700
13.269333 185.379913
13.274667 185.873611
13.280000 186.058487
13.285334 186.140289
13.290667 186.324783
13.296000 186.261475
13.301333 186.083359
13.306666 186.089081
13.312000 186.401733
13.317333 186.705032
13.322667 186.807205
13.328000 186.842728
13.333333 186.943024
13.338667 187.178955
13.344000 187.368683
13.349334 187.346146
13.354667 187.185608
13.360000 187.062134
13.365334 187.029938
13.370667 187.234589
13.376000 188.401428
13.381333 194.314850
13.386666 193.334396
13.392000 187.840408
13.397333 185.050552
13.402667 183.050934
13.408000 182.717834
13.413333 132.780762
13.418667 133.511215
13.424000 134.069473
13.429334 134.050308
13.434667 409.279999
13.440000 419.955811
13.445333 424.005005
13.450666 426.057617
13.456000 428.699341
13.461333 216.651474
13.466666 218.279602
13.472000 219.972153
13.477333 221.310730
13.482667 222.600449
13.488000 224.177414
13.493333 226.127869
13.498667 228.087555
13.504000 230.309097
13.509334 232.722916
13.514667 234.293762
13.520000 235.501175
13.525333 236.773651
13.530666 238.558609
13.536000 240.539337
13.541333 241.838684
13.546667 242.835876
13.552000 243.816605
13.557333 244.679840
13.562667 245.428329
13.568000 246.032623
13.573334 246.407455
13.578667 246.722031
13.584000 247.255951
13.589334 248.023758
13.594666 248.783829
13.600000 249.496109
13.605333 250.181107
13.610666 250.741867
13.616000 251.057983
13.621333 251.140991
13.626667 250.981491
13.632000 250.540207
13.637333 249.913925
13.642667 249.184143
13.648000 248.478943
13.653334 247.876144
13.658667 247.396881
13.664000 247.024551
13.669333 246.847305
13.674666 246.920425
13.680000 247.167755
13.685333 247.434967
13.690666 247.605881
13.696000 82.481209
13.701333 82.467453
13.706667 82.411903
13.712000 246.799255
13.717334 246.359833
13.722667 245.309875
13.728000 243.749008
13.733334 242.309067
13.738667 83.503639
13.744000 83.591972
13.749333 109.446152
13.754666 333.864502
13.760000 335.007019
13.765333 82.829453
13.770667 167.609467
13.776000 172.040298
13.781333 172.166855
13.786667 82.020004
13.792000 64.995705
13.797334 198.489853
13.802667 198.879669
13.808000 106.433975
13.813334 4871.338379
13.818666 4936.410156
13.824000 117.874878
13.829333 332.750214
13.834666 329.541351
13.840000 330.520172
13.845333 117.050049
13.850667 196.923935
13.856000 195.626450
13.861333 193.978088
13.866667 82.870872
13.872000 82.902893
13.877334 82.899300
13.882667 83.031006
13.888000 247.105316
13.893333 223.669968
13.898666 220.510101
13.904000 215.828537
13.909333 214.720718
13.914667 216.203537
13.920000 217.598068
13.925333 218.405151
13.930667 218.567703
13.936000 218.386292
13.941334 218.128433
13.946667 217.883835
13.952000 217.874100
13.957334 218.106094
13.962667 218.279800
13.968000 218.143738
13.973333 217.812164
13.978666 217.640869
13.984000 217.736740
13.989333 217.883698
13.994667 217.868912
14.000000 217.778992
14.005333 217.742340
14.010667 217.696808
14.016000 217.647339
14.021334 217.725464
14.026667 218.068405
14.032000 218.603958
14.037333 219.147903
14.042666 219.626038
14.048000 220.064545
14.053333 220.371689
14.058666 220.471725
14.064000 220.542572
14.069333 220.729095
14.074667 220.986740
14.080000 221.239929
14.085333 221.403870
14.090667 221.492676
14.096000 221.640320
14.101334 221.926010
14.106667 222.175690
14.112000 222.313232
14.117333 222.454529
14.122666 222.571915
14.128000 222.587601
14.133333 222.600555
14.138667 222.711487
14.144000 222.877457
14.149333 222.963791
14.154667 222.943726
14.160000 222.956558
14.165334 223.131439
14.170667 223.429016
14.176000 223.705139
14.181334 223.874481
14.186666 223.848267
14.192000 223.680450
14.197333 223.400284
14.202666 223.047501
14.208000 222.672409
14.213333 222.403336
14.218667 222.341339
14.224000 222.471237
14.229333 222.640457
14.234667 222.655823
14.240000 222.509567
14.245334 222.257446
14.250667 221.882996
14.256000 221.375137
14.261333 220.947418
14.266666 220.762772
14.272000 220.731339
14.277333 220.681091
14.282666 220.535446
14.288000 220.332138
14.293333 220.132080
14.298667 220.025940
14.304000 220.030777
14.309334 220.035812
14.314667 220.014099
14.320000 219.974991
14.325334 219.853714
14.330667 219.645584
14.336000 219.490906
14.341333 219.461044
14.346666 219.389771
14.352000 219.280762
14.357333 219.206757
14.362667 219.178558
14.368000 219.179123
14.373333 219.199005
14.378667 219.199600
14.384000 219.127762
14.389334 218.985077
14.394667 218.726456
14.400000 218.310394
14.405334 217.763382
14.410666 217.231018
14.416000 216.735077
14.421333 216.116013
14.426666 215.201859
14.432000 214.057465
14.437333 213.051422
14.442667 212.382843
14.448000 211.818024
14.453333 211.140076
14.458667 210.410538
14.464000 209.790054
14.469334 209.230042
14.474667 208.641006
14.480000 208.267059
14.485333 208.460281
14.490666 209.233475
14.496000 210.092194
14.501333 210.479965
14.506667 210.457870
14.512000 210.234207
14.517333 209.865860
14.522667 209.441315
14.528000 209.123886
14.533334 209.191635
14.538667 209.800491
14.544000 211.091675
14.549334 213.153030
14.554667 214.805176
14.560000 215.628967
14.565333 216.193115
14.570666 216.493683
14.576000 216.455597
14.581333 216.170776
14.586667 215.727280
14.592000 215.216095
14.597333 214.478256
14.602667 213.261887
14.608000 211.106369
14.613334 209.326447
14.618667 208.217255
14.624000 206.811295
14.629333 204.452148
14.634666 203.034836
14.640000 386.572693
14.645333 383.611420
14.650666 191.049026
14.656000 191.331848
14.661333 191.510544
14.666667 411.501862
14.672000 411.294373
14.677333 409.976349
14.682667 188.261108
14.688000 187.177856
14.693334 185.640427
14.698667 186.023254
14.704000 189.018173
14.709333 188.657822
14.714666 186.998962
14.720000 186.468430
14.725333 186.860535
14.730667 188.671158
14.736000 191.736618
14.741333 193.252670
14.746667 193.875885
14.752000 364.675507
14.757334 389.741638
14.762667 393.413483
14.768000 394.920929
14.773334 395.788635
14.778666 406.420380
14.784000 409.059937
14.789333 410.669159
14.794666 411.523499
14.800000 412.032959
14.805333 413.550903
14.810667 208.882111
14.816000 208.860489
14.821333 412.833557
14.826667 413.591766
14.832000 209.655197
14.837334 210.566116
14.842667 210.961823
14.848000 434.272766
14.853333 435.622559
14.858666 435.962006
14.864000 434.372131
14.869333 430.386108
14.874666 429.163666
14.880000 431.484100
14.885333 432.334534
14.890667 431.107178
14.896000 428.868195
14.901334 211.303146
14.906667 211.221817
14.912000 211.888077
14.917334 430.042206
14.922667 423.260834
14.928000 419.299652
14.933333 420.564331
14.938666 424.639465
14.944000 427.284912
14.949333 427.107910
14.954667 426.999664
14.960000 427.661285
14.965333 426.605286
14.970667 423.711670
14.976000 425.960236
14.981334 429.210693
14.986667 429.055145
14.992000 426.096100
14.997334 425.028229
15.002666 424.976868
15.008000 422.793610
15.013333 421.475586
15.018666 422.825531
15.024000 422.258972
15.029333 419.701385
15.034667 421.942688
15.040000 423.656830
15.045333 423.802887
15.050667 423.470490
15.056000 422.918152
15.061334 209.784256
15.066667 207.993988
15.072000 413.938660
15.077333 208.810654
15.082666 209.741318
15.088000 208.927734
15.093333 411.324799
15.098666 206.699799
15.104000 208.060928
15.109333 209.232040
15.114667 208.467865
15.120000 417.333130
15.125334 209.084625
15.130667 420.130432
15.136000 210.073273
15.141334 209.098007
15.146667 208.956329
15.152000 209.172791
15.157333 104.548645
15.162666 104.681236
15.168000 104.798859
15.173333 412.794586
15.178667 412.470886
15.184000 412.138611
15.189333 412.924866
15.194667 414.867889
15.200000 208.975891
15.205334 207.806030
15.210667 137.667252
15.216000 138.118088
15.221334 139.801926
15.226666 140.352936
15.232000 413.048218
15.237333 410.904724
15.242666 406.848389
15.248000 103.948250
15.253333 103.801247
15.258667 103.529091
15.264000 414.058228
15.269333 415.259308
15.274667 415.914246
15.280000 414.178741
15.285334 410.723541
15.290667 408.071075
15.296000 406.797638
15.301333 406.408752
15.306666 405.834229
15.312000 405.805054
15.317333 407.776947
15.322667 412.028900
15.328000 414.791260
15.333333 414.766113
15.338667 414.344727
15.344000 416.095184
15.349334 419.115875
15.354667 420.830078
15.360000 419.837799
15.365334 417.151917
15.370667 110.354424
15.376000 110.617531
15.381333 110.767677
15.386666 111.005684
15.392000 111.627220
15.397333 112.198242
15.402667 112.690071
15.408000 113.119492
15.413333 112.948929
15.418667 225.877426
15.424000 224.273376
15.429334 111.044609
15.434667 111.181183
15.440000 348.688263
15.445333 346.690704
15.450666 112.017990
15.456000 110.969879
15.461333 110.689835
15.466666 407.211090
15.472000 393.124847
15.477333 385.570679
15.482667 384.043396
15.488000 378.285370
15.493333 336.488708
15.498667 338.020935
15.504000 361.308350
15.509334 365.245331
15.514667 340.710236
15.520000 339.944000
15.525333 337.547211
15.530666 330.622528
15.536000 339.447632
15.541333 340.210846
15.546667 340.383698
15.552000 340.522827
15.557333 331.184387
15.562667 331.820251
15.568000 343.179688
15.573334 342.727722
15.578667 341.892120
15.584000 341.785675
15.589334 84.004173
15.594666 150.415680
15.600000 150.634598
15.605333 150.351685
15.610666 148.510117
15.616000 148.373291
15.621333 148.337189
15.626667 148.206711
15.632000 150.786514
15.637333 0.000000
15.642667 0.000000
15.648000 229.744141
15.653334 224.317322
15.658667 226.468582
15.664000 113.520950
15.669333 114.539497
15.674666 114.919724
15.680000 115.285500
15.685333 115.334419
15.690666 100.256256
15.696000 99.899162
15.701333 227.764359
15.706667 225.507614
15.712000 223.734283
15.717334 222.272247
15.722667 221.559357
15.728000 221.065674
15.733334 220.083282
15.738667 218.734253
15.744000 217.808167
15.749333 217.808624
15.754666 218.449677
15.760000 218.914322
15.765333 218.742538
15.770667 218.427536
15.776000 218.526169
15.781333 433.904724
15.786667 435.062683
15.792000 110.420212
15.797334 294.415344
15.802667 220.777466
15.808000 110.803719
15.813334 110.940376
15.818666 110.863312
15.824000 110.949089
15.829333 111.208359
15.834666 111.460701
15.840000 111.591461
15.845333 223.225159
15.850667 223.177734
15.856000 223.134293
15.861333 223.128494
15.866667 223.189621
15.872000 223.150375
15.877334 222.844315
15.882667 222.425903
15.888000 222.007248
15.893333 221.593658
15.898666 221.161499
15.904000 220.673218
15.909333 147.543137
15.914667 146.808624
15.920000 143.888840
15.925333 109.714966
15.930667 109.517487
15.936000 109.529747
15.941334 109.604553
15.946667 879.696655
15.952000 875.130737
15.957334 219.690964
15.962667 220.421707
15.968000 221.499161
15.973333 222.308350
15.978666 222.755814
15.984000 222.989319
15.989333 223.187531
15.994667 223.469727
16.000000 223.792969
16.005333 224.052048
16.010666 224.355621
16.016001 224.863617
16.021334 225.537445
16.026667 226.153534
16.032000 226.494736
16.037333 226.632401
16.042667 226.603958
16.048000 226.263199
16.053333 225.596146
16.058666 224.699402
16.063999 223.665771
16.069334 222.705826
16.074667 222.023270
16.080000 221.578949
16.085333 221.312286
16.090666 221.161545
16.096001 221.036499
16.101334 220.858704
16.106667 220.687180
16.112000 220.689880
16.117332 220.917496
16.122667 221.283432
16.128000 221.747467
16.133333 222.360458
16.138666 223.070450
16.143999 223.727219
16.149334 224.280823
16.154667 224.800461
16.160000 225.263458
16.165333 225.496490
16.170666 225.426102
16.176001 225.237076
16.181334 225.268677
16.186666 225.675186
16.191999 226.234818
16.197332 226.486664
16.202667 226.489700
16.208000 226.356689
16.213333 225.998276
16.218666 225.475388
16.224001 225.084656
16.229334 224.817154
16.234667 224.381271
16.240000 223.612747
16.245333 222.775375
16.250668 221.990891
16.256001 221.284515
16.261333 220.764893
16.266666 220.238388
16.271999 219.555344
16.277334 219.161713
16.282667 219.800552
16.288000 220.924774
16.293333 220.804642
16.298666 219.848572
16.304001 219.358551
16.309334 219.403442
16.314667 219.651718
16.320000 219.921173
16.325333 220.256088
16.330667 220.712173
16.336000 221.347687
16.341333 222.210831
16.346666 223.050278
16.351999 223.604095
16.357334 224.163727
16.362667 225.011795
16.368000 225.970322
16.373333 226.700333
16.378666 227.074768
16.384001 227.031006
16.389334 226.637238
16.394667 226.167130
16.400000 225.652893
16.405333 224.912598
16.410667 129.137848
16.416000 128.845810
16.421333 111.633965
16.426666 223.549728
16.431999 222.704254
16.437334 221.536255
16.442667 220.670135
16.448000 220.220276
16.453333 126.007668
16.458666 126.129173
16.464001 123.548157
16.469334 123.497475
16.474667 125.613708
16.480000 125.861443
16.485332 125.828201
16.490667 125.527893
16.496000 125.082497
16.501333 293.549011
16.506666 292.807922
16.511999 124.079834
16.517334 222.155716
16.522667 222.700043
16.528000 222.706207
16.533333 222.890900
16.538666 223.385651
16.544001 224.034317
16.549334 224.682922
16.554667 225.005692
16.559999 224.720261
16.565332 224.373154
16.570667 224.159103
16.576000 224.001907
16.581333 223.821793
16.586666 223.876694
16.591999 224.347031
16.597334 224.593033
16.602667 223.717911
16.608000 222.256195
16.613333 221.483292
16.618668 221.099030
16.624001 220.609573
16.629333 220.173920
16.634666 219.735092
16.639999 219.176468
16.645334 218.686813
16.650667 217.959976
16.656000 216.876740
16.661333 216.365433
16.666666 216.415176
16.672001 217.229294
16.677334 220.035675
16.682667 220.357910
16.688000 453.496063
16.693333 173.987457
16.698668 124.112679
16.704000 124.058212
16.709333 248.452454
16.714666 245.766434
16.719999 244.487595
16.725334 475.659912
16.730667 242.243195
16.736000 241.227295
16.741333 240.539780
16.746666 236.581146
16.752001 230.999405
16.757334 228.369293
16.762667 227.303268
16.768000 227.363403
16.773333 137.790466
16.778667 138.232193
16.784000 139.078445
16.789333 140.324173
16.794666 141.316605
16.799999 285.338409
16.805334 286.967163
16.810667 289.224701
16.816000 296.786713
16.821333 302.678314
16.826666 151.942139
16.832001 151.905258
16.837334 302.944244
16.842667 302.615295
16.848000 302.223999
16.853333 301.555054
16.858667 149.925232
16.864000 149.445572
16.869333 300.592804
16.874666 299.817474
16.879999 298.355103
16.885334 297.630157
16.890667 146.866013
16.896000 147.150009
16.901333 296.931152
16.906666 297.673065
16.912001 298.062805
16.917334 298.355713
16.922667 148.962189
16.927999 210.669113
16.933332 210.646927
16.938667 224.294662
16.944000 224.846451
16.949333 146.816803
16.954666 146.564911
16.959999 146.589874
16.965334 203.347610
16.970667 74.132935
16.976000 74.163826
16.981333 219.388733
16.986666 219.286255
16.992001 219.820770
16.997334 220.368378
17.002666 220.870209
17.007999 221.340515
17.013334 221.499893
17.018667 221.303726
17.024000 221.126465
17.029333 221.268753
17.034666 221.731323
17.040001 222.184555
17.045334 222.485672
17.050667 147.817902
17.056000 147.908051
17.061333 148.084610
17.066668 148.228577
17.072001 148.270828
17.077333 148.158707
17.082666 147.950623
17.087999 147.879684
17.093334 147.915405
17.098667 147.848297
17.104000 147.645813
17.109333 147.925400
17.114666 223.400787
17.120001 148.966232
17.125334 148.410873
17.130667 148.199219
17.136000 148.336761
17.141333 148.620682
17.146667 148.858597
17.152000 148.624435
17.157333 147.746689
17.162666 146.928284
17.167999 146.519028
17.173334 146.548019
17.178667 146.743134
17.184000 292.790100
17.189333 293.437592
17.194666 294.032196
17.200001 294.021057
17.205334 293.843597
17.210667 293.878418
17.216000 293.951691
17.221333 294.228241
17.226667 294.582092
17.232000 294.676880
17.237333 294.634521
17.242666 294.575989
17.247999 147.916733
17.253334 147.998520
17.258667 148.072632
17.264000 148.117859
17.269333 296.095917
17.274666 148.239441
17.280001 148.355682
17.285334 148.411331
17.290667 296.746002
17.296000 296.944153
17.301332 297.214142
17.306667 148.668304
17.312000 148.650894
17.317333 148.671005
17.322666 297.337524
17.327999 297.294403
17.333334 297.043457
17.338667 296.709747
17.344000 296.361938
17.349333 296.066162
17.354666 295.923035
17.360001 295.908142
17.365334 295.723206
17.370667 294.892303
17.375999 293.878632
17.381332 293.806854
17.386667 293.932922
17.392000 293.500977
17.397333 292.754974
17.402666 292.287201
17.408001 145.874420
17.413334 146.105331
17.418667 146.773270
17.424000 147.792709
17.429333 83.622040
17.434668 86.851479
17.440001 147.225784
17.445333 147.276825
17.450666 147.294342
17.455999 146.985138
17.461334 146.438522
17.466667 146.335480
17.472000 146.499100
17.477333 146.565674
17.482666 146.467651
17.488001 146.436752
17.493334 146.449738
17.498667 146.334427
17.504000 146.453522
17.509333 146.804794
17.514668 147.041122
17.520000 147.063293
17.525333 147.066895
17.530666 147.097458
17.535999 147.158752
17.541334 147.360474
17.546667 147.597046
17.552000 147.654205
17.557333 147.663208
17.562666 147.709702
17.568001 147.788788
17.573334 147.946152
17.578667 148.142197
17.584000 148.320709
17.589333 148.454391
17.594667 148.561951
17.600000 148.696335
17.605333 298.435669
17.610666 299.166138
17.615999 299.385040
17.621334 299.584686
17.626667 299.958649
17.632000 300.194580
17.637333 299.927826
17.642666 298.944489
17.648001 297.754242
17.653334 297.207123
17.658667 297.147491
17.664000 296.686646
17.669333 296.087097
17.674667 296.250519
17.680000 296.789062
17.685333 297.052948
17.690666 296.872375
17.695999 296.342896
17.701334 296.041504
17.706667 296.171021
17.712000 295.990784
17.717333 295.283295
17.722666 294.682587
17.728001 294.580322
17.733334 294.729340
17.738667 294.894012
17.743999 295.093903
17.749332 295.349731
17.754667 295.563385
17.760000 295.690826
17.765333 295.773285
17.770666 295.799988
17.775999 295.663757
17.781334 295.394165
17.786667 295.166382
17.792000 295.060425
17.797333 295.044708
17.802668 295.184692
17.808001 295.490509
17.813334 295.695068
17.818666 295.694031
17.823999 295.628784
17.829334 295.526123
17.834667 295.434387
17.840000 295.460480
17.845333 295.527435
17.850666 295.519775
17.856001 295.444397
17.861334 295.288300
17.866667 294.882446
17.872000 294.185486
17.877333 293.221344
17.882668 292.152496
17.888000 145.615021
17.893333 145.693115
17.898666 146.366898
17.903999 146.600510
17.909334 292.292633
17.914667 288.037689
17.920000 285.504730
17.925333 284.293610
17.930666 283.486603
17.936001 282.646057
17.941334 282.057556
17.946667 281.978424
17.952000 282.201111
17.957333 282.300781
17.962667 281.814728
17.968000 280.798004
17.973333 279.929230
17.978666 279.651550
17.983999 279.663635
17.989334 279.412506
17.994667 278.813446
18.000000 278.263733
18.005333 277.844269
18.010666 277.789642
18.016001 278.268860
18.021334 278.795990
18.026667 278.705536
18.032000 278.613922
18.037333 279.066101
18.042667 279.723389
18.048000 279.903931
18.053333 279.787506
18.058666 279.822723
18.063999 111.314941
18.069334 111.320229
18.074667 111.151321
18.080000 110.993256
18.085333 111.039589
18.090666 111.253181
18.096001 111.316216
18.101334 111.153481
18.106667 110.992622
18.112000 111.003662
18.117332 111.230461
18.122667 280.340240
18.128000 279.907288
18.133333 278.995178
18.138666 278.785828
18.143999 279.251953
18.149334 279.283325
18.154667 278.745178
18.160000 278.528076
18.165333 279.050568
18.170666 279.755981
18.176001 279.722595
18.181334 278.892883
18.186666 278.716339
18.191999 278.850922
18.197332 278.734253
18.202667 278.611511
18.208000 278.738434
18.213333 278.888733
18.218666 279.035889
18.224001 279.437805
18.229334 279.898102
18.234667 280.287048
18.240000 281.071564
18.245333 281.792938
18.250668 280.803772
18.256001 279.289032
18.261333 278.552307
18.266666 278.106262
18.271999 277.818237
18.277334 278.232727
18.282667 278.803375
18.288000 278.715576
18.293333 278.930511
18.298666 279.208466
18.304001 278.795837
18.309334 278.192841
18.314667 278.196533
18.320000 278.728973
18.325333 279.875397
18.330667 281.309418
18.336000 282.244202
18.341333 282.691315
18.346666 282.909790
18.351999 283.330139
18.357334 284.521423
18.362667 285.798950
18.368000 286.585785
18.373333 286.523926
18.378666 284.772308
18.384001 283.500763
18.389334 283.357666
18.394667 187.265350
18.400000 185.590057
18.405333 184.717377
18.410667 138.985703
18.416000 139.016632
18.421333 139.073273
18.426666 139.100983
18.431999 139.050110
18.437334 586.028992
18.442667 577.474487
18.448000 572.880981
18.453333 570.742249
18.458666 568.983093
18.464001 279.143158
18.469334 279.155090
18.474667 563.039368
18.480000 562.925659
18.485332 564.043518
18.490667 566.160706
18.496000 568.720093
18.501333 279.404510
18.506666 279.413940
18.511999 567.158081
18.517334 564.787903
18.522667 563.039429
18.528000 278.815796
18.533333 278.516144
18.538666 278.259949
18.544001 278.197174
18.549334 278.515991
18.554667 279.114380
18.559999 279.526062
18.565332 279.664703
18.570667 279.741669
18.576000 279.872620
18.581333 280.194641
18.586666 280.586060
18.591999 280.862488
18.597334 281.018341
18.602667 281.047974
18.608000 280.982483
18.613333 280.734955
18.618668 280.093384
18.624001 571.649109
18.629333 574.181824
18.634666 575.578308
18.639999 576.133728
18.645334 574.432922
18.650667 568.636963
18.656000 551.025452
18.661333 190.279312
18.666666 190.274399
18.672001 107.516708
18.677334 107.688393
18.682667 108.024658
18.688000 275.839630
18.693333 275.763031
18.698668 275.993439
18.704000 276.375153
18.709333 276.799438
18.714666 277.434814
18.719999 278.312927
18.725334 279.109161
18.730667 279.506409
18.736000 279.811249
18.741333 280.283478
18.746666 280.778198
18.752001 281.087677
18.757334 281.214020
18.762667 281.399475
18.768000 281.822205
18.773333 282.462433
18.778667 283.004700
18.784000 283.283783
18.789333 283.194641
18.794666 282.726593
18.799999 282.129700
18.805334 281.593597
18.810667 281.036530
18.816000 280.274048
18.821333 279.414246
18.826666 278.626190
18.832001 277.682281
18.837334 276.549744
18.842667 275.655762
18.848000 274.988892
18.853333 274.263367
18.858667 273.408051
18.864000 272.554016
18.869333 271.904053
18.874666 271.839233
18.879999 272.282867
18.885334 272.654205
18.890667 272.822937
18.896000 273.199524
18.901333 274.155396
18.906666 275.593262
18.912001 138.421860
18.917334 182.643600
18.922667 111.207253
18.927999 284.071594
18.933332 283.679932
18.938667 283.224335
18.944000 282.823059
18.949333 282.223785
18.954666 281.105560
18.959999 279.853912
18.965334 278.925049
18.970667 278.209167
18.976000 277.504669
18.981333 276.663055
18.986666 275.767548
18.992001 275.008820
18.997334 274.587555
