0.000000 520.986572
0.005805 349.591278
0.011610 350.546600
0.017415 350.663055
0.023220 350.452393
0.029025 350.350037
0.034830 350.434174
0.040635 350.673431
0.046440 351.208069
0.052245 351.784332
0.058050 351.915955
0.063855 351.516876
0.069660 350.921661
0.075465 350.611237
0.081270 350.728882
0.087075 351.400024
0.092880 352.210571
0.098685 352.813141
0.104490 353.212311
0.110295 353.588654
0.116100 354.323212
0.121905 355.566711
0.127710 357.153870
0.133515 358.767303
0.139320 360.050262
0.145125 360.977081
0.150930 361.855225
0.156735 363.704315
0.162540 367.243896
0.168345 370.190002
0.174150 370.821899
0.179955 365.175842
0.185760 73.701477
0.191565 73.663185
0.197370 73.633926
0.203175 73.615051
0.208980 73.613083
0.214785 311.547516
0.220590 73.704048
0.226395 579.183167
0.232200 574.088196
0.238005 573.254578
0.243810 209.029755
0.249615 211.627197
0.255419 212.024765
0.261224 212.461838
0.267029 221.203506
0.272834 221.808548
0.278639 98.631104
0.284444 390.925903
0.290249 390.861084
0.296054 397.270935
0.301859 403.802063
0.307664 91.565292
0.313469 66.546501
0.319274 133.588089
0.325079 133.607605
0.330884 133.603348
0.336689 266.851562
0.342494 98.142570
0.348299 98.392242
0.354104 98.813889
0.359909 99.323723
0.365714 99.481606
0.371519 202.377869
0.377324 92.059242
0.383129 104.252434
0.388934 104.918976
0.394739 282.090332
0.400544 107.329201
0.406349 107.420380
0.412154 107.793091
0.417959 108.235191
0.423764 108.591446
0.429569 108.974167
0.435374 109.424713
0.441179 109.724785
0.446984 109.723083
0.452789 109.655624
0.458594 109.599510
0.464399 109.457008
0.470204 109.229401
0.476009 109.277878
0.481814 109.612061
0.487619 290.592438
0.493424 291.202850
0.499229 291.821777
0.505034 194.970139
0.510839 117.048935
0.516644 117.723656
0.522449 117.234283
0.528254 110.523209
0.534059 109.648247
0.539864 108.851074
0.545669 277.931152
0.551474 277.524933
0.557279 198.585831
0.563084 193.193039
0.568889 98.996529
0.574694 98.763199
0.580499 65.775467
0.586304 65.869888
0.592109 93.613625
0.597914 134.953186
0.603719 135.292587
0.609524 135.479340
0.615329 135.308792
0.621134 135.201813
0.626939 135.349838
0.632744 135.347549
0.638549 134.605728
0.644354 133.765945
0.650159 133.651321
0.655964 128.638901
0.661769 135.169662
0.667574 135.541122
0.673379 295.941498
0.679184 295.742096
0.684989 296.019653
0.690794 296.716888
0.696599 135.178284
0.702404 134.987122
0.708209 134.940750
0.714014 134.950699
0.719819 134.927429
0.725624 294.191528
0.731429 294.543549
0.737234 295.391357
0.743039 295.397827
0.748844 246.536667
0.754649 247.223221
0.760454 110.391273
0.766258 110.356590
0.772063 110.359009
0.777869 110.491692
0.783673 110.601273
0.789478 293.957031
0.795283 294.312866
0.801088 110.398499
0.806893 110.536316
0.812698 110.685287
0.818503 110.558731
0.824308 110.342644
0.830113 110.503510
0.835918 111.043411
0.841723 111.275902
0.847528 111.086365
0.853333 110.841942
0.859138 110.791245
0.864943 110.777321
0.870748 110.638573
0.876553 110.321930
0.882358 110.109558
0.888163 110.286743
0.893968 110.542534
0.899773 74.024658
0.905578 220.583282
0.911383 219.119110
0.917188 218.819656
0.922993 103.388626
0.928798 291.763275
0.934603 100.812775
0.940408 100.597626
0.946213 283.056519
0.952018 281.811005
0.957823 209.405350
0.963628 207.719666
0.969433 206.394547
0.975238 205.611908
0.981043 205.098389
0.986848 205.032745
0.992653 205.656082
0.998458 206.369232
1.004263 206.943527
1.010068 207.860901
1.015873 208.998383
1.021678 209.897125
1.027483 211.139206
1.033288 213.133789
1.039093 214.297409
1.044898 215.101181
1.050703 216.268738
1.056508 581.884277
1.062313 569.664307
1.068118 565.744934
1.073923 565.226013
1.079728 566.236023
1.085533 229.534073
1.091338 229.119339
1.097143 226.993896
1.102948 225.515686
1.108753 224.248611
1.114558 222.552322
1.120363 98.562035
1.126168 98.520119
1.131973 98.423294
1.137778 227.747925
1.143583 226.958832
1.149388 225.861801
1.155193 223.845657
1.160998 98.253685
1.166803 606.013062
1.172608 607.422363
1.178413 606.714050
1.184218 604.880005
1.190023 297.667725
1.195828 74.036400
1.201633 73.987968
1.207438 296.806427
1.213243 196.114731
1.219048 98.178444
1.224853 98.235168
1.230658 98.418739
1.236463 74.035286
1.242268 149.002380
1.248073 148.094986
1.253878 147.584167
1.259683 74.098381
1.265488 74.343666
1.271293 150.363983
1.277097 150.218536
1.282902 150.061523
1.288707 150.148560
1.294513 74.934052
1.300317 74.959305
1.306122 74.855980
1.311927 74.695282
1.317732 74.691582
1.323537 74.724495
1.329342 74.709183
1.335147 74.600723
1.340952 74.526924
1.346757 74.476593
1.352562 74.436600
1.358367 74.415253
1.364172 74.364761
1.369977 74.226273
1.375782 74.031876
1.381587 73.848480
1.387392 73.732193
1.393197 145.803711
1.399002 145.803864
1.404807 145.958847
1.410612 146.101257
1.416417 72.798149
1.422222 214.717087
1.428027 215.203644
1.433832 226.978424
1.439637 98.567047
1.445442 145.755539
1.451247 145.734055
1.457052 146.393372
1.462857 112.645126
1.468662 112.912056
1.474467 227.450989
1.480272 297.415619
1.486077 148.224991
1.491882 148.863358
1.497687 149.392944
1.503492 299.827423
1.509297 302.038239
1.515102 302.854523
1.520907 150.499603
1.526712 150.123505
1.532517 149.753967
1.538322 299.717896
1.544127 298.579559
1.549932 296.551758
1.555737 74.016449
1.561542 260.858185
1.567347 262.425781
1.573152 263.308929
1.578957 105.915924
1.584762 222.108536
1.590567 223.414307
1.596372 224.877396
1.602177 225.665314
1.607982 225.931000
1.613787 210.230652
1.619592 72.806671
1.625397 72.792763
1.631202 75.901566
1.637007 75.799171
1.642812 74.281944
1.648617 74.387833
1.654422 74.495430
1.660227 74.560112
1.666032 74.536743
1.671837 76.245644
1.677642 76.630569
1.683447 76.886703
1.689252 76.915131
1.695057 76.800278
1.700862 76.699341
1.706667 76.568535
1.712472 76.225098
1.718277 76.067787
1.724082 203.163269
1.729887 210.459793
1.735692 227.834793
1.741497 228.480576
1.747302 229.662811
1.753107 78.271248
1.758912 229.193390
1.764717 228.603653
1.770522 228.947693
1.776327 229.235809
1.782132 229.425049
1.787936 229.996399
1.793741 72.976357
1.799546 72.951660
1.805351 73.022209
1.811157 107.964241
1.816961 108.197746
1.822766 74.782112
1.828571 74.819641
1.834376 74.836861
1.840181 75.589691
1.845986 303.137024
1.851791 111.851273
1.857596 111.852554
1.863401 111.942116
1.869206 113.209770
1.875011 179.323441
1.880816 307.800690
1.886621 306.699036
1.892426 177.410568
1.898231 176.874664
1.904036 176.867859
1.909841 188.030151
1.915646 198.414230
1.921451 197.406738
1.927256 211.631805
1.933061 211.634079
1.938866 226.073120
1.944671 226.729752
1.950476 228.789902
1.956281 229.264587
1.962086 227.507477
1.967891 216.492920
1.973696 217.353516
1.979501 223.479385
1.985306 222.316010
1.991111 221.517090
1.996916 220.069992
2.002721 217.181808
2.008526 227.076584
2.014331 226.521530
2.020136 226.241333
2.025941 226.440475
2.031746 306.306915
2.037551 305.200226
2.043356 243.082245
2.049161 243.588028
2.054966 233.318878
2.060771 232.472641
2.066576 232.291718
2.072381 193.796844
2.078186 175.052887
2.083991 176.013977
2.089796 394.998993
2.095601 398.156677
2.101406 367.203186
2.107211 360.260712
2.113016 352.954193
2.118821 181.030289
2.124626 180.828415
2.130431 180.291870
2.136236 179.093079
2.142041 115.452019
2.147846 72.302155
2.153651 72.040535
2.159456 71.816437
2.165261 71.587845
2.171066 110.791138
2.176871 214.033173
2.182676 222.276199
2.188481 191.837921
2.194286 197.221436
2.200091 141.744293
2.205896 135.717316
2.211701 138.321503
2.217506 84.318085
2.223311 213.778900
2.229116 202.695450
2.234921 201.982407
2.240726 201.330994
2.246531 200.312607
2.252336 197.721390
2.258141 190.494415
2.263946 194.594604
2.269751 195.944687
2.275556 196.254868
2.281361 196.437012
2.287166 196.582520
2.292970 196.588531
2.298775 196.332809
2.304580 195.375015
2.310385 193.277618
2.316190 188.486633
2.321995 188.674606
2.327801 198.947891
2.333606 198.683319
2.339411 199.365540
2.345215 401.932983
2.351020 130.997513
2.356825 131.731033
2.362630 214.311142
2.368435 203.148560
2.374240 202.640518
2.380045 199.417801
2.385850 196.830338
2.391655 130.796143
2.397460 130.059921
2.403265 88.102470
2.409070 4280.287598
2.414875 4241.270020
2.420680 88.159447
2.426485 87.876190
2.432290 87.566933
2.438095 86.984230
2.443900 86.837532
2.449705 86.809540
2.455510 108.964035
2.461315 158.993088
2.467120 159.127487
2.472925 265.930176
2.478730 265.246704
2.484535 264.435913
2.490340 264.240875
2.496145 264.542603
2.501950 196.138992
2.507755 197.718414
2.513560 198.891678
2.519365 199.462463
2.525170 199.519379
2.530975 131.463089
2.536780 131.049332
2.542585 266.337585
2.548390 130.857422
2.554195 131.573273
2.560000 130.973511
2.565805 266.481995
2.571610 200.832794
2.577415 201.332809
2.583220 201.342438
2.589025 200.716003
2.594830 199.581116
2.600635 197.316467
2.606440 194.837006
2.612245 190.435913
2.618050 186.845795
2.623855 183.903946
2.629660 183.172424
2.635465 183.463333
2.641270 183.750381
2.647075 184.190872
2.652880 185.152222
2.658685 185.724762
2.664490 185.733261
2.670295 185.616531
2.676100 185.821030
2.681905 186.315094
2.687710 185.942108
2.693515 184.901917
2.699320 184.789627
2.705125 185.679672
2.710930 90.649803
2.716735 90.311035
2.722540 89.892937
2.728345 89.314018
2.734150 89.018532
2.739955 88.830780
2.745760 88.696869
2.751565 88.648956
2.757370 88.656982
2.763175 88.601891
2.768980 88.451340
2.774785 132.599457
2.780590 132.237503
2.786395 88.057152
2.792200 88.038864
2.798005 88.180901
2.803810 88.344299
2.809614 265.619293
2.815419 266.387878
2.821224 179.368729
2.827029 179.649338
2.832834 180.379776
2.838639 183.926254
2.844445 186.310379
2.850250 187.304962
2.856054 188.220612
2.861859 190.560715
2.867664 195.935440
2.873469 195.695541
2.879274 189.980331
2.885079 190.668640
2.890884 194.383362
2.896689 65.891121
2.902494 65.747864
2.908299 131.383591
2.914104 65.701599
2.919909 196.393738
2.925714 198.209595
2.931519 196.004272
2.937324 194.599747
2.943129 194.039230
2.948934 193.959091
2.954739 193.837311
2.960544 193.582840
2.966349 193.117081
2.972154 192.233047
2.977959 191.569458
2.983764 191.242920
2.989569 191.202240
2.995374 191.470261
3.001179 192.042755
3.006984 192.667175
3.012789 193.320709
3.018594 194.524170
3.024399 196.572815
3.030204 198.388138
3.036009 199.786072
3.041814 200.642548
3.047619 200.997696
3.053424 200.949478
3.059229 200.503677
3.065034 199.838226
3.070839 199.213654
3.076644 198.626160
3.082449 198.005615
3.088254 197.339386
3.094059 196.657043
3.099864 196.008652
3.105669 195.283783
3.111474 194.563614
3.117279 194.385452
3.123084 194.714737
3.128889 195.093842
3.134694 195.212463
3.140499 195.162048
3.146304 195.349304
3.152109 195.892166
3.157914 196.410965
3.163719 196.498169
3.169524 196.389893
3.175329 196.486603
3.181134 196.636185
3.186939 196.217957
3.192744 195.712662
3.198549 195.836365
3.204354 196.255402
3.210159 196.342865
3.215964 196.263992
3.221769 196.661530
3.227574 197.159302
3.233379 197.352005
3.239184 197.683426
3.244989 197.986237
3.250794 197.584961
3.256599 196.779892
3.262404 196.564575
3.268209 196.303391
3.274014 196.025146
3.279819 196.255081
3.285624 196.327164
3.291429 194.575989
3.297234 193.594193
3.303039 193.548752
3.308844 193.947021
3.314649 194.470871
3.320453 195.205612
3.326258 196.333267
3.332063 196.986923
3.337868 196.827850
3.343673 196.319138
3.349478 195.859711
3.355283 195.475540
3.361089 191.989487
3.366894 191.126953
3.372698 191.896545
3.378503 193.129852
3.384308 197.836151
3.390113 197.945602
3.395918 196.079880
3.401723 194.614273
3.407528 192.566452
3.413333 183.588287
3.419138 183.452469
3.424943 184.368134
3.430748 418.854431
3.436553 414.399963
3.442358 414.504181
3.448163 182.102371
3.453968 181.506973
3.459773 181.061249
3.465578 180.592834
3.471383 180.094330
3.477188 179.505966
3.482993 178.939529
3.488798 178.542725
3.494603 178.172424
3.500408 177.604095
3.506213 177.121811
3.512018 177.255402
3.517823 177.541412
3.523628 177.719772
3.529433 177.987000
3.535238 169.304703
3.541043 168.872787
3.546848 164.750504
3.552653 164.339264
3.558458 86.548546
3.564263 110.115211
3.570068 109.985580
3.575873 179.371552
3.581678 181.326706
3.587483 183.990326
3.593288 189.568512
3.599093 190.135315
3.604898 190.409149
3.610703 95.535667
3.616508 192.909592
3.622313 197.536972
3.628118 198.772125
3.633923 198.888824
3.639728 197.809708
3.645533 196.577103
3.651338 196.217575
3.657143 196.430374
3.662948 196.757538
3.668753 196.967117
3.674558 196.796906
3.680363 196.148132
3.686168 195.701126
3.691973 195.906250
3.697778 196.387726
3.703583 196.600357
3.709388 196.448257
3.715193 196.145050
3.720998 196.094208
3.726803 196.268143
3.732608 196.341736
3.738413 196.238251
3.744218 196.023361
3.750023 195.970474
3.755828 196.476791
3.761633 196.992676
3.767438 197.288071
3.773243 98.258659
3.779048 98.216484
3.784853 98.237869
3.790658 98.517426
3.796463 99.028252
3.802268 175.857880
3.808073 175.599518
3.813878 184.625931
3.819683 184.277985
3.825488 191.972687
3.831293 190.522766
3.837097 172.284225
3.842902 171.812302
3.848707 171.397110
3.854512 171.011017
3.860317 171.142441
3.866122 172.279999
3.871927 172.203140
3.877733 170.713318
3.883538 97.847412
3.889342 97.714455
3.895147 97.952156
3.900952 195.070587
3.906757 194.900726
3.912562 196.215103
3.918367 198.050583
3.924172 199.276428
3.929977 199.108734
3.935782 98.433952
3.941587 200.629913
3.947392 202.824234
3.953197 215.132706
3.959002 94.920044
3.964807 95.139076
3.970612 194.190430
3.976417 195.160004
3.982222 195.895798
3.988027 196.166351
3.993832 196.135315
3.999637 196.151611
4.005442 196.120972
4.011247 195.630508
4.017052 194.711548
4.022857 195.085754
4.028662 196.439285
4.034467 197.659058
4.040272 199.180847
4.046077 197.953873
4.051882 197.128586
4.057687 196.882660
4.063492 99.127533
4.069297 202.460999
4.075102 203.087479
4.080907 5158.416504
4.086712 5074.682129
4.092517 197.631744
4.098322 198.745865
4.104127 193.578842
4.109932 195.543594
4.115737 98.069191
4.121542 98.083755
4.127347 195.758759
4.133152 188.668564
4.138957 184.153610
4.144762 182.793793
4.150567 177.128845
4.156372 172.233521
4.162177 169.247498
4.167982 167.209503
4.173787 166.036713
4.179592 165.738556
4.185397 165.660126
4.191202 163.626465
4.197007 162.877411
4.202812 165.159882
4.208617 167.016296
4.214422 166.475555
4.220227 166.109329
4.226032 166.276886
4.231837 167.073471
4.237642 167.783798
4.243447 167.743439
4.249252 167.715164
4.255057 111.630768
4.260862 111.715431
4.266667 173.020325
4.272471 173.521301
4.278276 175.563492
4.284081 176.947189
4.289886 360.616821
4.295691 369.786407
4.301497 185.494965
4.307302 185.765518
4.313107 187.163849
4.318912 193.579483
4.324717 195.701523
4.330522 196.719208
4.336327 195.302048
4.342132 193.635880
4.347937 192.898804
4.353742 192.974060
4.359547 193.559967
4.365352 194.436050
4.371157 195.690720
4.376961 197.039154
4.382766 198.183426
4.388571 199.311203
4.394376 200.303284
4.400181 201.042358
4.405986 201.830139
4.411791 202.705978
4.417596 203.055679
4.423401 202.720474
4.429206 202.016815
4.435011 201.392746
4.440816 201.084412
4.446621 201.299133
4.452426 202.320450
4.458231 203.850082
4.464036 205.661499
4.469841 208.295166
4.475646 210.397308
4.481451 210.386124
4.487256 210.563187
4.493061 212.177353
4.498866 214.673569
4.504671 216.838272
4.510476 218.278198
4.516281 219.031326
4.522086 219.325012
4.527891 219.607162
4.533696 220.071838
4.539501 220.375793
4.545306 220.408798
4.551111 220.191772
4.556916 220.217682
4.562721 220.774307
4.568526 221.467911
4.574331 221.567978
4.580136 220.765869
4.585941 219.997009
4.591746 219.948807
4.597551 220.337463
4.603356 220.516174
4.609161 220.577301
4.614966 220.552841
4.620771 220.082672
4.626576 219.413940
4.632381 218.962372
4.638186 219.105850
4.643991 219.487869
4.649796 219.729279
4.655601 219.556122
4.661406 219.210876
4.667211 219.230392
4.673016 219.011703
4.678821 218.604980
4.684626 218.621628
4.690431 218.967422
4.696236 219.311310
4.702041 219.535858
4.707846 219.737106
4.713651 219.692093
4.719456 219.341324
4.725261 219.267548
4.731066 219.228073
4.736871 219.052185
4.742676 218.993607
4.748481 218.999878
4.754286 219.066589
4.760091 219.388855
4.765896 219.818329
4.771701 219.795410
4.777506 219.288528
4.783311 219.069351
4.789115 219.520142
4.794920 220.882629
4.800725 222.292267
4.806530 110.303963
4.812335 110.254646
4.818141 221.011322
4.823946 220.904724
4.829751 220.788742
4.835556 220.917862
4.841361 221.202728
4.847166 221.284805
4.852971 220.402313
4.858776 218.791443
4.864581 219.231934
4.870386 219.627197
4.876191 108.561264
4.881996 108.285271
4.887800 106.976944
4.893605 106.627167
4.899410 434.830353
4.905215 433.984955
4.911020 434.826782
4.916825 221.011459
4.922630 214.275085
4.928435 213.423920
4.934240 213.214172
4.940045 213.524612
4.945850 200.412811
4.951655 215.365051
4.957460 217.973541
4.963265 219.762726
4.969070 220.247070
4.974875 202.841797
4.980680 201.430695
4.986485 231.852890
4.992290 214.134216
4.998095 213.066681
5.003900 225.422974
5.009705 226.345749
5.015510 225.968521
5.021315 221.702179
5.027120 221.900482
5.032925 73.726761
5.038730 73.701225
5.044535 73.725708
5.050340 220.120346
5.056145 219.909363
5.061950 219.772430
5.067755 219.903168
5.073560 220.105225
5.079365 164.199860
5.085170 73.897865
5.090975 73.809113
5.096780 73.789452
5.102585 73.774635
5.108390 73.824898
5.114195 195.633591
5.120000 196.561111
5.125805 197.200180
5.131610 202.099121
5.137415 202.210571
5.143220 201.887878
5.149025 202.034149
5.154830 204.205338
5.160635 204.820831
5.166440 205.427368
5.172245 206.161880
5.178050 206.608841
5.183855 206.838104
5.189660 207.181564
5.195465 207.442917
5.201270 207.440903
5.207075 207.421463
5.212880 207.424713
5.218685 207.241684
5.224490 108.432281
5.230295 163.334274
5.236100 163.738449
5.241905 164.800735
5.247710 165.902100
5.253515 165.097885
5.259320 164.451721
5.265125 164.566269
5.270930 164.626358
5.276735 164.274048
5.282540 163.964539
5.288345 163.613785
5.294150 163.582733
5.299954 163.941910
5.305759 164.613403
5.311564 165.873550
5.317369 166.247299
5.323174 166.164764
5.328979 166.349670
5.334785 166.793304
5.340590 167.093552
5.346395 167.016403
5.352200 167.039185
5.358005 167.419067
5.363810 168.155594
5.369615 168.921341
5.375420 169.199188
5.381225 169.101227
5.387030 168.957840
5.392835 168.990417
5.398640 169.449326
5.404444 86.107521
5.410249 86.312943
5.416054 174.266983
5.421859 587.093506
5.427664 178.907242
5.433469 182.454132
5.439274 188.548538
5.445079 189.653046
5.450884 189.898132
5.456689 190.163849
5.462494 190.883148
5.468299 73.095360
5.474104 290.313202
5.479909 290.442383
5.485714 584.402954
5.491519 581.802002
5.497324 583.847656
5.503129 587.341492
5.508934 590.644287
5.514739 594.010376
5.520544 596.566895
5.526349 596.669495
5.532154 594.657776
5.537959 592.763550
5.543764 591.984863
5.549569 592.993347
5.555374 593.666199
5.561179 293.949097
5.566984 292.290192
5.572789 146.561478
5.578594 147.152649
5.584399 159.605057
5.590204 150.789001
5.596009 151.144180
5.601814 150.939529
5.607619 150.254379
5.613424 149.939011
5.619229 149.847794
5.625034 149.548676
5.630839 149.071228
5.636644 148.765396
5.642449 148.916031
5.648254 149.199692
5.654059 149.182465
5.659864 149.073257
5.665669 148.969513
5.671474 148.653229
5.677279 148.174683
5.683084 147.833832
5.688889 147.617249
5.694694 147.384216
5.700499 147.041809
5.706304 146.703964
5.712109 146.524994
5.717914 146.454163
5.723719 146.416260
5.729524 146.393707
5.735329 146.311417
5.741134 146.088913
5.746939 145.816223
5.752744 145.624100
5.758549 145.546814
5.764354 145.553284
5.770159 145.612381
5.775964 145.660812
5.781769 145.653931
5.787574 145.539490
5.793379 145.368607
5.799184 145.363876
5.804989 145.468796
5.810794 145.373123
5.816598 145.244934
5.822403 145.504562
5.828208 142.419312
5.834013 597.744202
5.839818 595.804871
5.845623 146.697021
5.851429 146.927490
5.857234 297.601990
5.863039 597.135193
5.868844 597.585083
5.874649 597.921326
5.880454 596.876709
5.886259 594.714661
5.892064 593.209045
5.897869 134.374680
5.903674 297.116364
5.909479 147.477997
5.915284 73.941238
5.921088 73.893684
5.926893 73.879189
5.932698 73.923233
5.938503 73.947281
5.944308 73.920158
5.950113 73.886757
5.955918 296.913391
5.961723 298.221283
5.967528 299.447083
5.973333 300.208130
5.979138 586.597473
5.984943 147.541397
5.990748 73.944595
5.996553 73.964249
6.002358 73.931992
6.008163 595.153198
6.013968 595.113586
6.019773 596.656250
6.025578 597.641846
6.031383 596.948792
6.037188 297.844116
6.042993 297.575836
6.048798 297.266815
6.054603 594.334656
6.060408 594.767761
6.066213 595.880432
6.072018 298.055328
6.077823 297.513672
6.083628 296.670532
6.089433 296.146698
6.095238 296.135681
6.101043 296.593475
6.106848 297.249329
6.112653 297.833435
6.118458 147.786209
6.124263 147.753403
6.130068 147.832901
6.135873 297.354065
6.141678 296.552277
6.147483 296.191803
6.153288 296.094391
6.159093 296.067627
6.164898 296.131653
6.170703 296.381348
6.176508 148.297928
6.182313 296.477417
6.188118 296.080048
6.193923 295.851654
6.199728 295.458435
6.205533 294.677673
6.211338 73.964241
6.217143 73.946350
6.222948 73.999718
6.228753 295.278503
6.234558 148.356995
6.240363 148.280624
6.246168 74.071693
6.251973 74.005928
6.257778 74.012169
6.263583 74.037636
6.269388 73.995911
6.275193 294.331848
6.280998 295.179932
6.286803 295.404083
6.292608 73.974503
6.298413 73.925339
6.304218 73.915749
6.310023 73.948753
6.315828 592.322021
6.321633 592.121277
6.327438 591.064514
6.333242 73.896774
6.339047 73.839241
6.344852 73.736977
6.350657 73.632027
6.356462 73.618393
6.362267 73.679581
6.368073 73.710213
6.373878 73.678795
6.379683 73.651764
6.385488 147.126801
6.391293 147.264816
6.397098 147.331009
6.402903 147.312775
6.408708 293.236847
6.414513 293.692627
6.420318 294.565063
6.426123 295.313049
6.431927 296.172729
6.437732 297.241821
6.443537 298.105865
6.449342 74.306938
6.455147 74.355682
6.460952 297.358002
6.466757 297.059143
6.472562 296.853455
6.478367 296.790924
6.484172 296.941071
6.489977 297.143188
6.495782 297.138245
6.501587 297.000946
6.507392 296.859009
6.513197 296.673492
6.519002 296.498871
6.524807 296.319763
6.530612 295.903229
6.536417 295.337616
6.542222 294.993042
6.548027 294.808563
6.553832 294.581757
6.559637 294.392303
6.565442 294.274445
6.571247 294.336700
6.577052 294.311279
6.582857 293.910461
6.588662 293.470917
6.594467 293.529266
6.600272 294.089905
6.606077 294.294434
6.611882 294.152527
6.617687 294.490845
6.623492 295.810730
6.629297 296.894531
6.635102 297.144073
6.640907 297.043701
6.646712 297.380981
6.652517 297.859680
6.658322 297.891785
6.664127 297.923676
6.669932 298.087982
6.675737 298.237335
6.681542 298.189117
6.687347 297.947784
6.693152 297.806427
6.698957 297.862030
6.704762 297.794006
6.710567 297.361511
6.716372 296.728088
6.722177 296.057465
6.727982 295.183746
6.733787 98.075867
6.739592 73.573761
6.745397 73.585686
6.751202 73.522919
6.757007 73.304230
6.762812 73.210938
6.768617 73.240173
6.774422 168.161957
6.780227 168.312515
6.786032 73.268341
6.791837 293.386932
6.797642 195.738449
6.803447 196.052963
6.809252 294.223938
6.815057 294.934448
6.820862 295.491699
6.826667 296.152100
6.832472 296.872559
6.838277 297.523010
6.844081 298.298309
6.849886 299.153748
6.855691 299.350433
6.861496 298.914185
6.867301 298.455505
6.873106 298.255646
6.878911 298.551331
6.884717 298.696899
6.890522 298.310608
6.896327 297.854828
6.902132 297.960999
6.907937 298.413757
6.913742 299.170715
6.919547 73.812225
6.925352 97.690659
6.931157 166.575653
6.936962 169.285477
6.942767 96.748276
6.948571 73.324127
6.954376 215.347092
6.960181 216.365631
6.965986 216.982620
6.971791 215.467941
6.977596 94.912384
6.983401 226.764328
6.989206 225.876358
6.995011 223.838837
7.000816 222.600784
7.006621 222.240250
7.012426 225.615311
7.018231 227.667038
7.024036 229.814545
7.029841 229.446060
7.035646 226.087463
7.041451 223.779205
7.047256 306.563660
7.053061 305.940765
7.058866 305.810944
7.064671 305.659821
7.070476 305.778687
7.076281 165.293289
7.082086 165.516174
7.087891 167.637756
7.093696 173.886032
7.099501 508.713654
7.105306 288.517181
7.111111 290.205231
7.116916 291.667297
7.122721 291.885040
7.128526 291.847168
7.134331 291.863770
7.140136 290.368286
7.145941 551.551147
7.151746 541.106750
7.157551 541.446350
7.163356 546.151367
7.169161 552.065613
7.174966 280.666443
7.180771 294.313110
7.186576 294.534058
7.192381 110.334061
7.198186 515.608215
7.203991 495.253998
7.209796 482.573120
7.215601 240.618439
7.221406 296.041718
7.227211 296.572144
7.233016 297.769470
7.238821 298.336456
7.244626 120.923790
7.250431 120.559135
7.256236 123.876457
7.262041 233.805222
7.267846 234.008850
7.273651 232.856995
7.279456 229.839493
7.285261 226.238678
7.291066 223.985138
7.296871 222.588806
7.302676 451.539490
7.308481 495.428101
7.314286 212.888977
7.320091 214.796539
7.325896 227.988892
7.331701 227.226807
7.337506 146.760422
7.343311 147.196991
7.349116 147.905594
7.354921 148.220566
7.360725 65.695175
7.366530 198.662048
7.372335 299.101379
7.378140 149.810654
7.383945 150.390778
7.389750 150.778687
7.395555 198.671814
7.401361 161.372864
7.407166 178.760681
7.412971 177.981445
7.418776 176.571838
7.424581 190.800018
7.430386 190.799347
7.436191 190.844772
7.441996 181.418961
7.447801 180.902405
7.453606 180.148849
7.459411 179.744888
7.465215 179.574509
7.471020 178.809708
7.476825 177.447449
7.482630 177.116302
7.488435 291.102142
7.494240 293.774231
7.500045 292.671265
7.505850 291.819031
7.511655 147.133850
7.517460 296.713440
7.523265 297.020386
7.529070 297.201141
7.534875 298.158508
7.540680 299.520630
7.546485 99.361862
7.552290 128.639709
7.558095 128.228928
7.563900 75.020897
7.569705 300.180420
7.575510 300.299835
7.581315 300.377960
7.587120 201.740692
7.592925 197.517807
7.598730 196.771317
7.604535 196.947952
7.610340 197.459244
7.616145 198.177505
7.621950 99.202324
7.627755 99.116829
7.633560 98.956291
7.639365 197.373962
7.645170 196.958405
7.650975 196.678543
7.656780 197.306564
7.662585 98.696678
7.668390 297.014191
7.674195 296.572601
7.680000 297.028412
7.685805 148.673065
7.691610 297.895264
7.697415 298.316772
7.703220 149.007050
7.709025 149.183594
7.714830 149.281647
7.720635 299.435150
7.726440 299.283539
7.732245 299.027588
7.738050 298.890076
7.743855 298.718231
7.749660 298.070831
7.755465 149.443573
7.761270 3892.670654
7.767075 3814.841309
7.772880 3739.539307
7.778685 3701.889648
7.784490 3698.905273
7.790295 3663.191406
7.796100 3564.070801
7.801905 3453.130859
7.807710 3408.468994
7.813515 3430.408936
7.819320 3411.750244
7.825125 3397.626953
7.830930 3463.323730
7.836735 3614.515381
7.842540 3710.030762
7.848345 3743.336914
7.854150 3783.233398
7.859955 97.756508
7.865760 97.867104
7.871564 98.108292
7.877369 98.384163
7.883174 98.107460
7.888979 149.153824
7.894784 149.411575
7.900589 149.569122
7.906394 149.851746
7.912199 100.118088
7.918005 301.274384
7.923810 99.980316
7.929615 200.565674
7.935420 202.595444
7.941225 209.946686
7.947030 210.375885
7.952835 207.825150
7.958640 204.283386
7.964445 201.284576
7.970250 607.830811
7.976054 192.232758
7.981859 189.479156
7.987664 187.684967
7.993469 185.876953
7.999274 184.996445
8.005079 185.036453
8.010884 185.170944
8.016689 185.080521
8.022494 185.238235
8.028299 187.516663
8.034104 193.460052
8.039909 195.165558
8.045714 195.710297
8.051519 196.200592
8.057324 197.019882
8.063129 197.718765
8.068934 197.876526
8.074739 197.692780
8.080544 197.402084
8.086349 196.810165
8.092155 195.547195
8.097960 193.171509
8.103765 189.942062
8.109570 187.005844
8.115375 185.196625
8.121180 183.142303
8.126985 180.477097
8.132789 178.153168
8.138594 175.759430
8.144399 100.599190
8.150204 174.732178
8.156009 174.393570
8.161814 174.743164
8.167619 175.653748
8.173424 176.365051
8.179229 177.071930
8.185034 178.301865
8.190839 179.614243
8.196644 180.902878
8.202449 182.313278
8.208254 183.205811
8.214059 183.079102
8.219864 182.429810
8.225669 181.730423
8.231474 180.572525
8.237279 180.136047
8.243084 181.418854
8.248889 98.913818
8.254694 99.780685
8.260499 300.909576
8.266304 299.947052
8.272109 300.894775
8.277914 200.532608
8.283719 100.074913
8.289524 195.126724
8.295329 194.240158
8.301134 193.531693
8.306939 192.646545
8.312744 191.736710
8.318549 191.247391
8.324354 191.156265
8.330159 191.155579
8.335963 191.008102
8.341768 190.699554
8.347573 190.502869
8.353378 190.760544
8.359183 191.610046
8.364988 192.794418
8.370793 193.858536
8.376598 194.715942
8.382403 195.496582
8.388208 196.278625
8.394013 196.878540
8.399818 196.997940
8.405623 195.947113
8.411428 194.500305
8.417233 195.118286
8.423038 195.737946
8.428843 195.848145
8.434649 195.732452
8.440454 195.510483
8.446259 195.349960
8.452064 195.416290
8.457869 195.628632
8.463674 195.629700
8.469479 195.170471
8.475284 194.133087
8.481089 193.187119
8.486894 192.634277
8.492699 192.364365
8.498504 192.240128
8.504309 192.119583
8.510114 192.170837
8.515919 192.814301
8.521724 193.889801
8.527529 194.762558
8.533334 195.478317
8.539139 195.818848
8.544943 195.955475
8.550748 196.192932
8.556553 196.368561
8.562358 196.466721
8.568163 196.658600
8.573968 196.836166
8.579773 196.613037
8.585578 196.277039
8.591383 196.552811
8.597188 197.414246
8.602993 197.617584
8.608798 196.125931
8.614603 194.287079
8.620408 193.771988
8.626213 194.510193
8.632018 196.197815
8.637823 197.562500
8.643628 197.442978
8.649433 196.079727
8.655238 195.230011
8.661043 194.874222
8.666848 194.792603
8.672653 195.009827
8.678458 195.520111
8.684263 196.009644
8.690068 196.171631
8.695873 196.024338
8.701678 195.672882
8.707483 180.737045
8.713288 180.574387
8.719093 195.853226
8.724898 195.077332
8.730703 194.135208
8.736508 193.949860
8.742313 194.343933
8.748117 194.943649
8.753922 195.601532
8.759727 196.074310
8.765532 196.122223
8.771338 195.849457
8.777143 99.073311
8.782948 175.073944
8.788753 175.069046
8.794558 175.151611
8.800363 175.226028
8.806168 175.277313
8.811973 87.478500
8.817778 87.519234
8.823583 175.753769
8.829388 87.583099
8.835193 87.529312
8.840998 87.505020
8.846803 87.534683
8.852608 534.727661
8.858413 533.467163
8.864218 532.835022
8.870023 532.615417
8.875828 175.682861
8.881633 175.474976
8.887438 174.840729
8.893243 173.688004
8.899048 99.619484
8.904853 99.495583
8.910658 72.859451
8.916463 149.750061
8.922268 165.418533
8.928073 165.902451
8.933878 99.786560
8.939683 144.265366
8.945488 143.648865
8.951293 98.276772
8.957097 98.101768
8.962902 98.170479
8.968707 196.594299
8.974512 197.689346
8.980317 197.922134
8.986122 197.835907
8.991927 197.819977
8.997732 197.646072
9.003537 197.237366
9.009342 196.825684
9.015147 196.524521
9.020952 196.311111
9.026757 196.162003
9.032562 196.138840
9.038367 196.211166
9.044172 196.236755
9.049977 196.190201
9.055782 195.930908
9.061587 195.302628
9.067392 194.538300
9.073197 194.224030
9.079002 194.231689
9.084807 194.035843
9.090612 193.713364
9.096417 193.453430
9.102222 193.613663
9.108027 194.486435
9.113832 195.180862
9.119637 195.349625
9.125443 195.118546
9.131248 194.731705
9.137053 194.587112
9.142858 194.902252
9.148663 194.878159
9.154468 179.340225
9.160272 178.294876
9.166077 177.939041
9.171882 177.868683
9.177687 177.694305
9.183492 177.104706
9.189297 175.581406
9.195102 174.693314
9.200907 174.591171
9.206712 174.586411
9.212517 174.539169
9.218322 174.887894
9.224127 175.899521
9.229932 176.127457
9.235737 175.507172
9.241542 495.402283
9.247347 494.199738
9.253152 491.193054
9.258957 294.461426
9.264762 295.322296
9.270567 98.231804
9.276372 98.247688
9.282177 98.171524
9.287982 98.095741
9.293787 98.144089
9.299592 98.290573
9.305397 98.364082
9.311202 191.440369
9.317007 192.179001
9.322812 193.550339
9.328617 197.091461
9.334422 197.870529
9.340227 197.189377
9.346032 196.371201
9.351837 195.959366
9.357642 195.944870
9.363446 196.046417
9.369251 195.988785
9.375056 195.762009
9.380861 195.901978
9.386666 196.533646
9.392471 196.755859
9.398276 196.653397
9.404081 98.482254
9.409886 98.456673
9.415691 98.356796
9.421496 98.229645
9.427301 98.186172
9.433106 98.215546
9.438911 98.192245
9.444716 98.145706
9.450521 98.141563
9.456326 98.195793
9.462132 98.277946
9.467937 98.311981
9.473742 98.232552
9.479547 98.167336
9.485352 98.208855
9.491157 293.094025
9.496962 292.103668
9.502767 292.009338
9.508572 189.061920
9.514377 186.002213
9.520182 183.570038
9.525987 296.518433
9.531792 581.100830
9.537597 575.822510
9.543402 288.798401
9.549207 296.122833
9.555012 301.553375
9.560817 302.680084
9.566622 304.199341
9.572426 304.960754
9.578231 305.421265
9.584036 305.877014
9.589841 304.902008
9.595646 302.617523
9.601451 301.496246
9.607256 303.143463
9.613061 306.462341
9.618866 182.441483
9.624671 181.948334
9.630476 181.249832
9.636281 181.313919
9.642086 190.800644
9.647891 190.691574
9.653696 190.367096
9.659501 191.037964
9.665306 194.431213
9.671111 197.598038
9.676916 201.055786
9.682721 202.565643
9.688526 203.567810
9.694331 205.043686
9.700136 207.885071
9.705941 211.621140
9.711746 214.280838
9.717551 215.758652
9.723356 216.545456
9.729161 216.930405
9.734966 217.185532
9.740771 217.416107
9.746576 217.783279
9.752381 217.945618
9.758186 217.590088
9.763991 217.322495
9.769796 217.570969
9.775600 217.955429
9.781405 218.196487
9.787210 218.534943
9.793015 219.036011
9.798820 219.705170
9.804626 220.573883
9.810431 221.167664
9.816236 221.480270
9.822041 221.606857
9.827846 221.479782
9.833651 221.067200
9.839456 220.391800
9.845261 219.886597
9.851066 219.561157
9.856871 219.366821
9.862676 219.403320
9.868481 220.371307
9.874286 222.263275
9.880091 223.740387
9.885896 224.157715
9.891701 75.421082
9.897506 75.800095
9.903311 117.732849
9.909116 118.679276
9.914921 119.462349
9.920726 120.270119
9.926531 585.451721
9.932336 581.331726
9.938141 577.916199
9.943946 273.497009
9.949751 270.840424
9.955556 265.431732
9.961361 263.196777
9.967166 263.219177
9.972971 263.214386
9.978776 262.903992
9.984580 263.567993
9.990385 264.686127
9.996190 265.289124
