0.000000 0.000000
0.005333 0.000000
0.010667 0.000000
0.016000 0.000000
0.021333 0.000000
0.026667 0.000000
0.032000 0.000000
0.037333 0.000000
0.042667 0.000000
0.048000 0.000000
0.053333 0.000000
0.058667 0.000000
0.064000 0.000000
0.069333 0.000000
0.074667 0.000000
0.080000 0.000000
0.085333 0.000000
0.090667 262.919983
0.096000 0.000000
0.101333 261.351471
0.106667 249.747787
0.112000 234.091522
0.117333 230.771835
0.122667 206.864136
0.128000 207.195374
0.133333 207.905090
0.138667 208.734161
0.144000 209.276550
0.149333 209.494431
0.154667 209.562332
0.160000 209.698090
0.165333 209.634399
0.170667 208.863129
0.176000 208.537186
0.181333 209.808411
0.186667 218.796936
0.192000 235.790588
0.197333 236.630768
0.202667 237.302856
0.208000 243.408386
0.213333 245.205643
0.218667 245.985611
0.224000 246.020645
0.229333 245.772675
0.234667 245.142548
0.240000 314.533478
0.245333 314.498383
0.250667 313.048798
0.256000 204.944290
0.261333 184.039352
0.266667 140.579300
0.272000 140.426987
0.277333 103.253227
0.282667 99.611893
0.288000 98.956497
0.293333 98.750664
0.298667 96.146187
0.304000 95.622993
0.309333 99.337700
0.314667 104.229309
0.320000 0.000000
0.325333 83.189102
0.330667 79.105278
0.336000 80.426262
0.341333 83.237167
0.346667 83.250626
0.352000 83.248726
0.357333 104.080910
0.362667 304.056305
0.368000 323.347656
0.373333 321.918518
0.378667 62.029121
0.384000 78.646011
0.389333 78.634651
0.394667 321.029907
0.400000 321.182037
0.405333 321.196045
0.410667 321.034912
0.416000 320.865387
0.421333 321.239746
0.426667 82.994186
0.432000 323.282288
0.437333 82.985222
0.442667 82.974335
0.448000 83.006294
0.453333 83.002747
0.458667 83.011063
0.464000 83.027481
0.469333 83.034691
0.474667 83.075836
0.480000 323.821167
0.485333 83.008659
0.490667 138.193085
0.496000 138.094940
0.501333 138.002167
0.506667 137.918045
0.512000 412.306580
0.517333 412.247375
0.522667 412.013611
0.528000 342.442902
0.533333 345.495361
0.538667 284.195923
0.544000 285.658752
0.549333 337.042969
0.554667 335.727753
0.560000 335.147461
0.565333 0.000000
0.570667 0.000000
0.576000 102.793350
0.581333 300.772675
0.586667 466.474213
0.592000 466.580902
0.597333 466.681763
0.602667 466.784943
0.608000 466.871948
0.613333 466.904510
0.618667 466.896210
0.624000 466.892487
0.629333 466.897308
0.634667 466.899719
0.640000 466.907654
0.645333 466.944702
0.650667 466.985992
0.656000 467.008209
0.661333 467.004944
0.666667 467.001404
0.672000 467.037781
0.677333 467.096985
0.682667 467.144226
0.688000 0.000000
0.693333 467.507874
0.698667 0.000000
0.704000 491.797363
0.709333 495.167358
0.714667 0.000000
0.720000 0.000000
0.725333 0.000000
0.730667 494.131226
0.736000 495.557831
0.741333 499.227966
0.746667 499.175171
0.752000 498.887115
0.757333 498.576141
0.762667 498.235565
0.768000 497.952484
0.773333 497.824280
0.778667 497.806885
0.784000 497.819000
0.789333 497.815094
0.794667 497.798889
0.800000 497.740631
0.805333 497.617645
0.810667 497.444336
0.816000 497.200958
0.821333 496.969086
0.826667 496.905884
0.832000 496.768311
0.837333 0.000000
0.842667 0.000000
0.848000 486.855988
0.853333 482.304230
0.858667 1328.487549
0.864000 0.000000
0.869333 1322.800171
0.874667 48.534298
0.880000 415.575745
0.885333 415.620178
0.890667 415.452057
0.896000 414.984985
0.901333 413.985748
0.906667 412.119843
0.912000 409.953583
0.917333 203.226776
0.922667 851.343384
0.928000 846.234558
0.933333 156.338959
0.938667 156.136780
0.944000 155.938126
0.949333 155.883057
0.954667 155.947922
0.960000 156.031219
0.965333 156.033203
0.970667 155.954178
0.976000 155.928421
0.981333 155.973770
0.986667 155.985474
0.992000 155.962204
0.997333 467.826385
1.002667 0.000000
1.008000 0.000000
1.013333 0.000000
1.018667 463.365448
1.024000 462.900787
1.029333 461.637665
1.034667 460.605713
1.040000 460.099670
1.045333 0.000000
1.050667 0.000000
1.056000 0.000000
1.061333 0.000000
1.066667 0.000000
1.072000 0.000000
1.077333 0.000000
1.082667 0.000000
1.088000 0.000000
1.093333 0.000000
1.098667 0.000000
1.104000 0.000000
1.109333 0.000000
1.114667 0.000000
1.120000 0.000000
1.125333 0.000000
1.130667 0.000000
1.136000 0.000000
1.141333 0.000000
1.146667 0.000000
1.152000 0.000000
1.157333 0.000000
1.162667 0.000000
1.168000 0.000000
1.173333 0.000000
1.178667 156.569977
1.184000 160.518448
1.189333 159.010788
1.194667 156.559677
1.200000 149.612122
1.205333 141.367737
1.210667 475.642761
1.216000 473.806000
1.221333 472.415833
1.226667 471.352051
1.232000 470.630127
1.237333 470.239624
1.242667 470.031830
1.248000 469.665588
1.253333 156.132355
1.258667 234.316925
1.264000 3323.194580
1.269333 3294.267334
1.274667 3290.111816
1.280000 3305.872803
1.285333 3321.300781
1.290667 3327.183105
1.296000 174.536484
1.301333 173.877625
1.306667 3308.664307
1.312000 392.879089
1.317333 327.571991
1.322667 162.647903
1.328000 161.835297
1.333333 160.525558
1.338667 343.012939
1.344000 340.208130
1.349333 3044.822998
1.354667 2911.226807
1.360000 74.298798
1.365333 2885.290527
1.370667 2880.119385
1.376000 2865.931641
1.381333 2854.309814
1.386667 134.260315
1.392000 134.320297
1.397333 381.446381
1.402667 456.084351
1.408000 501.372162
1.413333 501.093109
1.418667 501.101257
1.424000 501.531830
1.429333 501.916321
1.434667 502.037964
1.440000 501.927917
1.445333 501.636749
1.450667 500.894501
1.456000 499.672668
1.461333 498.712921
1.466667 498.482544
1.472000 248.363770
1.477333 248.356277
1.482667 248.475235
1.488000 496.765900
1.493333 498.551331
1.498667 500.839172
1.504000 481.403320
1.509333 243.522675
1.514667 201.882309
1.520000 185.874619
1.525333 138.514938
1.530667 133.161057
1.536000 130.745728
1.541333 100.654732
1.546667 96.824196
1.552000 93.964767
1.557333 93.057518
1.562667 93.716431
1.568000 93.867706
1.573333 93.888969
1.578667 2562.595947
1.584000 2579.413574
1.589333 77.868317
1.594667 77.830078
1.600000 77.722458
1.605333 66.525322
1.610667 66.519073
1.616000 47.269035
1.621333 468.275146
1.626667 467.600830
1.632000 466.971100
1.637333 466.867401
1.642667 66.582001
1.648000 66.576202
1.653333 66.565872
1.658667 66.552925
1.664000 66.550468
1.669333 467.018188
1.674667 466.894440
1.680000 466.824036
1.685333 466.734131
1.690667 466.621552
1.696000 466.604431
1.701333 466.747253
1.706667 466.924011
1.712000 467.074066
1.717333 467.221405
1.722667 467.384857
1.728000 467.526215
1.733333 467.637604
1.738667 467.780334
1.744000 468.008087
1.749333 468.305237
1.754667 468.591370
1.760000 468.738251
1.765333 468.783325
1.770667 469.165009
1.776000 470.303040
1.781333 471.555176
1.786667 471.971527
1.792000 470.795990
1.797333 464.616333
1.802667 450.828369
1.808000 450.548309
1.813333 451.849182
1.818667 0.000000
1.824000 116.092766
1.829333 115.539200
1.834667 5079.405273
1.840000 5148.157227
1.845333 5164.608398
1.850667 5211.934570
1.856000 5342.015137
1.861333 5545.476562
1.866667 5616.502441
1.872000 5296.167480
1.877333 5095.441406
1.882667 5100.824707
1.888000 5201.353516
1.893333 5351.302246
1.898667 5548.407227
1.904000 5728.013672
1.909333 5779.747559
1.914667 5675.466309
1.920000 394.986481
1.925333 390.317749
1.930667 386.382690
1.936000 198.554642
1.941333 385.774567
1.946667 387.462463
1.952000 391.125763
1.957333 396.185547
1.962667 396.123993
1.968000 392.741180
1.973333 526.436096
1.978667 414.660065
1.984000 256.088135
1.989333 186.701553
1.994667 178.024673
2.000000 165.956696
2.005333 135.657318
2.010667 134.539810
2.016000 99.841766
2.021333 96.099586
2.026667 94.508102
2.032000 91.439407
2.037333 89.441704
2.042667 89.401550
2.048000 83.331123
2.053333 2620.186035
2.058667 2651.956543
2.064000 83.222870
2.069333 83.205788
2.074667 69.319595
2.080000 69.290901
2.085333 416.900635
2.090667 416.331116
2.096000 416.387207
2.101333 416.481232
2.106667 416.458527
2.112000 416.415131
2.117333 416.354462
2.122667 416.265869
2.128000 416.237793
2.133333 416.296600
2.138667 416.119995
2.144000 414.601837
2.149333 413.761505
2.154667 413.634644
2.160000 413.635620
2.165333 413.618469
2.170667 413.742096
2.176000 407.233765
2.181333 405.629486
2.186667 405.024078
2.192000 403.997314
2.197333 5184.272949
2.202667 5250.714844
2.208000 5326.385742
2.213333 5435.450684
2.218667 5638.663574
2.224000 5672.238770
2.229333 5505.480469
2.234667 5363.688477
2.240000 5201.905273
2.245333 5018.872559
2.250667 4986.416992
2.256000 4998.685059
2.261333 411.461395
2.266667 412.045532
2.272000 0.000000
2.277333 410.359283
2.282667 0.000000
2.288000 413.938049
2.293333 415.461761
2.298667 416.814178
2.304000 0.000000
2.309333 103.869904
2.314667 0.000000
2.320000 0.000000
2.325333 0.000000
2.330667 103.563614
2.336000 0.000000
2.341333 0.000000
2.346667 206.050583
2.352000 103.487549
2.357333 0.000000
2.362667 0.000000
2.368000 0.000000
2.373333 0.000000
2.378667 0.000000
2.384000 0.000000
2.389333 0.000000
2.394667 0.000000
2.400000 0.000000
2.405333 0.000000
2.410667 0.000000
2.416000 0.000000
2.421333 0.000000
2.426667 0.000000
2.432000 0.000000
2.437333 0.000000
2.442667 0.000000
2.448000 0.000000
2.453333 0.000000
2.458667 250.068420
2.464000 188.288086
2.469333 177.242599
2.474667 136.362671
2.480000 135.224976
2.485333 125.671959
2.490667 99.679291
2.496000 96.725174
2.501333 94.271317
2.506667 91.344444
2.512000 90.472656
2.517333 91.887833
2.522667 5598.015137
2.528000 5578.885254
2.533333 5614.183594
2.538667 5618.106934
2.544000 5560.905762
2.549333 5503.137695
2.554667 5511.447266
2.560000 5591.692871
2.565333 5654.727539
2.570667 5608.931152
2.576000 5511.057129
2.581333 5496.016113
2.586667 67.048317
2.592000 67.199844
2.597333 66.306664
2.602667 64.437065
2.608000 64.510895
2.613333 65.324455
2.618667 64.471558
2.624000 64.339455
2.629333 66.144936
2.634667 67.268417
2.640000 69.683525
2.645333 209.682968
2.650667 209.845062
2.656000 209.759216
2.661333 209.469803
2.666667 209.265381
2.672000 209.038589
2.677333 207.952133
2.682667 207.033493
2.688000 207.056808
2.693333 251.016388
2.698667 251.075760
2.704000 250.770187
2.709333 250.234741
2.714667 249.673492
2.720000 248.792801
2.725333 247.736023
2.730667 247.310776
2.736000 247.564255
2.741333 248.278000
2.746667 249.041931
2.752000 124.071983
2.757333 205.392685
2.762667 173.252640
2.768000 164.595291
2.773333 138.068283
2.778667 128.296402
2.784000 100.865471
2.789333 98.299187
2.794667 94.275917
2.800000 93.993614
2.805333 91.289009
2.810667 91.403076
2.816000 83.299080
2.821333 83.295013
2.826667 83.288635
2.832000 83.268082
2.837333 83.280960
2.842667 83.309875
2.848000 83.321106
2.853333 83.307304
2.858667 138.813263
2.864000 208.287262
2.869333 83.263474
2.874667 83.245750
2.880000 83.232986
2.885333 83.230850
2.890667 83.227013
2.896000 83.195061
2.901333 415.298553
2.906667 414.918610
2.912000 414.722229
2.917333 414.650940
2.922667 414.770050
2.928000 83.189507
2.933333 83.171677
2.938667 83.148087
2.944000 83.093704
2.949333 83.032402
2.954667 82.998337
2.960000 82.974823
2.965333 82.985344
2.970667 83.006409
2.976000 83.013100
2.981333 324.067535
2.986667 324.342590
2.992000 83.004875
2.997333 138.255432
3.002667 138.136551
3.008000 138.001907
3.013333 412.191406
3.018667 412.072449
3.024000 412.007172
3.029333 103.533707
3.034667 335.665558
3.040000 329.914795
3.045333 186.179199
3.050667 189.544022
3.056000 197.309799
3.061333 201.042755
3.066667 209.179581
3.072000 210.703278
3.077333 212.172836
3.082667 219.547913
3.088000 220.773590
3.093333 231.947952
3.098667 232.863113
3.104000 240.032455
3.109333 243.248993
3.114667 244.705307
3.120000 245.672638
3.125333 245.914642
3.130667 245.514221
3.136000 243.898346
3.141333 243.002579
3.146667 230.957870
3.152000 231.160538
3.157333 221.047562
3.162667 5324.337402
3.168000 5452.336426
3.173333 5642.320312
3.178667 5733.485352
3.184000 5778.882324
3.189333 5984.360352
3.194667 553.116821
3.200000 6253.640625
3.205333 6174.806641
3.210667 6137.916992
3.216000 6112.988281
3.221333 6174.021484
3.226667 6466.789551
3.232000 474.230438
3.237333 391.343018
3.242667 391.534668
3.248000 4677.287109
3.253333 4706.088379
3.258667 326.120575
3.264000 297.351379
3.269333 297.171204
3.274667 296.439972
3.280000 294.506683
3.285333 290.836670
3.290667 286.328461
3.296000 283.000793
3.301333 280.579651
3.306667 278.074799
3.312000 276.199524
3.317333 274.758881
3.322667 272.883209
3.328000 270.708344
3.333333 269.857849
3.338667 270.768799
3.344000 272.609802
3.349333 269.700256
3.354667 268.978241
3.360000 268.973877
3.365333 268.351990
3.370667 264.779846
3.376000 263.068024
3.381333 262.221436
3.386667 260.032715
3.392000 419.022705
3.397333 417.713348
3.402667 417.438843
3.408000 417.549683
3.413333 161.571106
3.418667 261.897583
3.424000 261.371948
3.429333 259.374298
3.434667 252.553894
3.440000 251.935425
3.445333 250.432022
3.450667 249.213837
3.456000 248.716751
3.461333 248.288727
3.466667 247.604630
3.472000 246.241714
3.477333 243.392868
3.482667 242.232300
3.488000 241.462158
3.493333 240.438583
3.498667 238.986359
3.504000 237.100098
3.509333 234.909637
3.514667 231.985489
3.520000 223.828949
3.525333 216.924759
3.530667 217.358276
3.536000 6879.060059
3.541333 7299.626465
3.546667 7508.865723
3.552000 7573.866699
3.557333 2593.917236
3.562667 6724.533203
3.568000 4146.384277
3.573333 358.875549
3.578667 7327.263184
3.584000 1607.869263
3.589333 1609.416504
3.594667 1612.942505
3.600000 4039.375977
3.605333 3495.779297
3.610667 3256.544922
3.616000 3194.193848
3.621333 3158.339355
3.626667 260.881195
3.632000 240.400238
3.637333 239.688065
3.642667 235.446823
3.648000 233.576553
3.653333 226.216385
3.658667 223.631790
3.664000 223.393311
3.669333 224.011368
3.674667 225.148956
3.680000 226.585861
3.685333 227.809662
3.690667 228.546783
3.696000 228.922806
3.701333 229.246552
3.706667 229.951965
3.712000 231.172684
3.717333 232.138336
3.722667 232.706757
3.728000 233.559128
3.733333 234.053726
3.738667 234.243118
3.744000 221.505157
3.749333 221.093307
3.754667 220.346542
3.760000 218.812866
3.765333 217.818787
3.770667 217.451111
3.776000 234.155655
3.781333 234.051224
3.786667 233.995270
3.792000 233.963608
3.797333 233.928207
3.802667 214.461700
3.808000 214.390549
3.813333 214.503357
3.818667 214.555328
3.824000 214.033249
3.829333 212.338806
3.834667 210.578140
3.840000 208.834686
3.845333 206.606476
3.850667 205.377457
3.856000 204.417542
3.861333 202.955582
3.866667 201.030579
3.872000 200.001953
3.877333 199.353531
3.882667 198.850479
3.888000 198.357178
3.893333 197.986816
3.898667 197.639114
3.904000 197.160538
3.909333 192.989700
3.914667 192.319168
3.920000 191.579681
3.925333 190.868927
3.930667 189.843246
3.936000 501.881348
3.941333 248.783554
3.946667 166.225998
3.952000 166.220169
3.957333 166.169327
3.962667 499.326630
3.968000 498.979126
3.973333 498.755829
3.978667 498.266937
3.984000 248.194244
3.989333 509.620270
3.994667 333.191376
4.000000 6037.322266
4.005333 6018.514648
4.010667 6107.431641
4.016000 2523.177246
4.021333 202.102188
4.026667 201.678406
4.032000 147.595108
4.037333 141.283356
4.042666 121.994179
4.048000 96.850960
4.053333 96.730324
4.058667 96.724716
4.064000 93.951973
4.069334 93.938614
4.074667 96.798676
4.080000 624.771606
4.085333 576.348633
4.090667 577.106873
4.096000 577.910095
4.101333 579.300476
4.106667 581.190552
4.112000 580.707275
4.117333 575.299438
4.122667 567.331055
4.128000 565.607544
4.133333 567.471741
4.138667 570.501465
4.144000 578.142029
4.149333 588.481323
4.154667 600.172241
4.160000 611.850525
4.165333 623.111206
4.170667 216.664307
4.176000 217.600067
4.181334 218.071884
4.186666 218.024628
4.192000 217.708572
4.197333 217.778748
4.202667 218.535233
4.208000 219.768875
4.213333 221.212448
4.218667 222.324615
4.224000 222.778381
4.229333 222.677475
4.234667 222.196152
4.240000 221.411774
4.245333 220.303619
4.250667 218.864075
4.256000 217.415924
4.261333 216.107162
4.266667 214.707153
4.272000 213.108475
4.277333 211.397049
4.282667 209.597794
4.288000 207.765030
4.293334 206.060135
4.298666 204.319580
4.304000 201.808090
4.309333 199.702713
4.314667 198.148987
4.320000 196.867798
4.325333 196.129288
4.330667 195.563019
4.336000 194.988617
4.341333 194.461670
4.346667 194.166183
4.352000 194.252716
4.357333 194.598099
4.362667 194.419937
4.368000 193.722855
4.373333 193.212418
4.378667 192.575211
4.384000 372.445068
4.389333 371.849091
4.394667 394.570648
4.400000 191.151413
4.405334 191.441238
4.410666 191.891495
4.416000 192.624435
4.421333 193.058044
4.426667 193.002457
4.432000 193.015991
4.437333 193.105148
4.442667 193.085785
4.448000 193.150146
4.453333 193.879425
4.458667 409.945099
4.464000 471.567047
4.469333 200.569824
4.474667 199.186829
4.480000 198.410553
4.485333 197.836456
4.490667 197.274475
4.496000 196.551529
4.501333 194.987549
4.506667 141.496964
4.512000 139.702957
4.517334 123.042992
4.522666 99.502861
4.528000 96.032188
4.533333 95.254402
4.538667 92.015221
4.544000 92.222542
4.549333 92.369255
4.554667 92.214996
4.560000 2499.483398
4.565333 2524.921387
4.570667 86.038536
4.576000 83.197556
4.581333 69.323662
4.586667 69.298065
4.592000 415.190552
4.597333 413.989014
4.602667 354.494598
4.608000 354.488342
4.613333 356.118927
4.618667 358.217224
4.624000 358.953033
4.629333 357.999695
4.634666 355.304749
4.640000 351.800110
4.645333 350.448364
4.650667 414.357300
4.656000 416.718292
4.661334 416.874359
4.666667 416.535614
4.672000 415.962006
4.677333 161.167587
4.682667 404.587982
4.688000 404.237976
4.693333 373.110687
4.698667 371.604187
4.704000 344.649323
4.709333 5337.830078
4.714667 5460.572754
4.720000 156.969070
4.725333 5681.229492
4.730667 5655.664551
4.736000 154.167053
4.741333 154.010513
4.746666 157.671799
4.752000 4783.959961
4.757333 4778.125488
4.762667 4808.927246
4.768000 4867.802734
4.773334 179.689270
4.778666 180.159241
4.784000 187.118118
4.789333 187.539612
4.794667 187.783905
4.800000 187.565475
4.805333 186.570862
4.810667 570.259644
4.816000 181.799713
4.821333 178.799927
4.826667 176.719498
4.832000 175.607971
4.837333 174.842163
4.842667 174.175095
4.848000 173.540436
4.853333 172.963409
4.858667 172.444717
4.864000 171.822083
4.869333 171.066025
4.874667 170.389481
4.880000 169.761902
4.885334 169.016373
4.890666 168.102280
4.896000 166.974365
4.901333 165.887299
4.906667 165.253296
4.912000 165.033661
4.917333 164.875687
4.922667 164.446472
4.928000 163.669327
4.933333 162.863266
4.938667 162.221100
4.944000 161.946808
4.949333 163.983200
4.954667 165.097473
4.960000 164.643295
4.965333 164.152115
4.970667 163.856293
4.976000 163.811340
4.981333 164.051819
4.986667 164.586655
4.992000 165.407715
4.997334 166.114258
5.002666 166.184570
5.008000 164.548233
5.013333 162.725266
5.018667 161.599655
5.024000 160.552902
5.029333 159.634369
5.034667 158.886215
5.040000 158.177597
5.045333 157.538986
5.050667 157.181671
5.056000 157.056137
5.061333 156.958038
5.066667 156.614761
5.072000 155.525497
5.077333 153.313553
5.082667 151.293152
5.088000 150.582428
5.093333 150.102570
5.098667 149.582108
5.104000 149.195633
5.109334 149.095596
5.114666 149.264435
5.120000 149.881119
5.125333 151.110992
5.130667 153.331451
5.136000 154.743851
5.141333 155.281036
5.146667 155.352890
5.152000 155.160675
5.157333 154.554321
5.162667 306.227295
5.168000 306.137604
5.173333 155.450455
5.178667 155.444687
5.184000 155.463898
5.189333 155.387802
5.194667 155.056824
5.200000 154.338913
5.205333 152.988846
5.210667 152.098709
5.216000 151.098511
5.221334 150.103806
5.226666 148.998672
5.232000 148.749344
5.237333 99.513893
5.242667 99.447090
5.248000 99.770432
5.253334 210.838654
5.258667 211.439636
5.264000 211.498703
5.269333 105.545555
5.274667 282.949585
5.280000 159.704025
5.285333 163.533234
5.290667 167.511276
5.296000 164.554764
5.301333 136.557861
5.306667 121.217476
5.312000 100.211327
5.317333 97.601868
5.322667 89.947464
5.328000 89.787056
5.333333 87.822075
5.338666 87.564423
5.344000 101.018211
5.349333 300.940765
5.354667 638.654480
5.360000 637.704895
5.365334 634.744873
5.370667 629.730774
5.376000 588.903442
5.381333 578.672913
5.386667 570.523071
5.392000 139.928635
5.397333 139.691528
5.402667 139.552322
5.408000 647.169739
5.413333 648.260620
5.418667 138.834976
5.424000 138.623779
5.429333 138.380539
5.434667 643.656982
5.440000 648.500549
5.445333 134.383118
5.450667 133.846283
5.456000 133.520081
5.461333 133.136703
5.466667 132.691376
5.472000 132.274612
5.477334 132.077301
5.482666 132.377655
5.488000 132.990234
5.493333 133.525085
5.498667 133.730682
5.504000 139.008286
5.509333 139.125259
5.514667 144.440308
5.520000 144.388077
5.525333 144.291779
5.530667 144.277054
5.536000 144.388855
5.541333 144.460266
5.546667 144.366989
5.552000 139.872787
5.557333 277.089966
5.562667 275.637756
5.568000 275.524933
5.573333 276.210785
5.578667 276.975250
5.584000 277.078400
5.589334 137.351898
5.594666 137.047089
5.600000 141.520767
5.605333 141.509171
5.610667 282.446655
5.616000 280.879486
5.621333 281.036133
5.626667 308.690277
5.632000 311.611969
5.637333 313.245697
5.642667 313.704498
5.648000 313.703369
5.653333 313.861389
5.658667 314.690582
5.664000 316.670410
5.669333 318.532135
5.674667 317.731293
5.680000 313.295349
5.685333 289.973694
5.690667 308.173981
5.696000 312.435883
5.701334 315.451477
5.706666 319.306824
5.712000 329.229736
5.717333 330.557465
5.722667 237.490662
5.728000 241.010910
5.733333 241.976440
5.738667 242.388718
5.744000 242.353668
5.749333 241.904755
5.754667 241.433578
5.760000 241.088226
5.765333 240.766617
5.770667 240.946320
5.776000 241.899704
5.781333 242.978638
5.786667 243.839645
5.792000 244.161270
5.797333 243.631836
5.802667 241.760132
5.808000 238.167038
5.813334 235.797287
5.818666 235.050354
5.824000 235.151047
5.829333 236.309738
5.834667 237.120163
5.840000 236.460876
5.845333 235.573898
5.850667 234.878189
5.856000 234.187149
5.861333 233.333084
5.866667 232.365967
5.872000 231.435547
5.877333 230.407227
5.882667 229.076645
5.888000 228.006088
5.893333 416.515228
5.898667 415.079987
5.904000 414.655426
5.909333 414.140839
5.914667 209.383041
5.920000 161.554306
5.925333 161.783417
5.930666 408.416077
5.936000 406.382996
5.941333 404.271332
5.946667 109.973335
5.952000 152.296646
5.957334 152.650696
5.962667 154.322449
5.968000 111.191681
5.973333 157.336853
5.978667 157.378708
5.984000 153.026749
5.989333 153.366592
5.994667 153.864105
6.000000 160.735229
6.005333 161.268021
6.010667 111.092155
6.016000 111.103790
6.021333 111.152496
6.026667 222.184250
6.032000 221.620438
6.037333 220.983017
6.042666 220.432434
6.048000 219.926346
6.053333 219.144501
6.058667 217.955444
6.064000 216.588943
6.069334 215.411530
6.074667 214.670471
6.080000 214.197037
6.085333 213.640457
6.090667 212.780350
6.096000 211.614639
6.101333 2772.150879
6.106667 2742.536133
6.112000 2739.313232
6.117333 203.100998
6.122667 2696.750488
6.128000 2686.389893
6.133333 2711.857666
6.138667 2731.693604
6.144000 199.354980
6.149333 200.109573
6.154667 200.267593
6.160000 199.499161
6.165333 197.244446
6.170667 195.652924
6.176000 194.656570
6.181334 193.485107
6.186666 192.141632
6.192000 191.143478
6.197333 190.489563
6.202667 379.695374
6.208000 184.854813
6.213333 184.284012
6.218667 176.475266
6.224000 176.326447
6.229333 289.085754
6.234667 314.627472
6.240000 314.604553
6.245333 314.681946
6.250667 314.669037
6.256000 314.704895
6.261333 314.947571
6.266667 315.106842
6.272000 315.065979
6.277333 315.016815
6.282667 315.075287
6.288000 315.104980
6.293334 315.126923
6.298666 315.764282
6.304000 316.516418
6.309333 315.550995
6.314667 288.909790
6.320000 288.599213
6.325333 288.173187
6.330667 287.149933
6.336000 285.916077
6.341333 285.781372
6.346667 178.499359
6.352000 172.719940
6.357333 171.933640
6.362667 170.962479
6.368000 170.137650
6.373333 169.523285
6.378667 169.441101
6.384000 170.048691
6.389333 170.911652
6.394667 171.977722
6.400000 172.658157
6.405334 172.741928
6.410666 172.427261
6.416000 171.975418
6.421333 171.513214
6.426667 170.979355
6.432000 170.551422
6.437333 170.300766
6.442667 327.750122
6.448000 329.008636
6.453333 330.176819
6.458667 330.848328
6.464000 331.440002
6.469333 332.035889
6.474667 332.526306
6.480000 332.630585
6.485333 332.366852
6.490667 332.662811
6.496000 166.984543
6.501333 167.439850
6.506667 167.611755
6.512000 167.202713
6.517334 166.408051
6.522666 165.694916
6.528000 165.101974
6.533333 164.014679
6.538667 144.061813
6.544000 137.807144
6.549333 101.864594
6.554667 100.869232
6.560000 98.529205
6.565333 96.052322
6.570667 88.791046
6.576000 88.771042
6.581333 95.627571
6.586667 80.439224
6.592000 80.309258
6.597333 80.262756
6.602667 78.998390
6.608000 78.249947
6.613333 78.373909
6.618667 78.426453
6.624000 78.399696
6.629333 156.574982
6.634666 317.305298
6.640000 315.975342
6.645333 315.099792
6.650667 62.697815
6.656000 62.696651
6.661334 62.681519
6.666667 62.652962
6.672000 62.623306
6.677333 62.595787
6.682667 314.930176
6.688000 315.008972
6.693333 314.663361
6.698667 314.321838
6.704000 62.890476
6.709333 150.365906
6.714667 150.666931
6.720000 150.817596
6.725333 463.671265
6.730667 460.386078
6.736000 334.699158
6.741333 328.558289
6.746666 156.237762
6.752000 155.723923
6.757333 147.145935
6.762667 147.549698
6.768000 148.473495
6.773334 148.967911
6.778666 148.775375
6.784000 148.889999
6.789333 301.436310
6.794667 305.969055
6.800000 310.285187
6.805333 314.090118
6.810667 317.555328
6.816000 161.793137
6.821333 164.685043
6.826667 167.220749
6.832000 169.058060
6.837333 170.889420
6.842667 172.659042
6.848000 174.844879
6.853333 176.606339
6.858667 177.773514
6.864000 178.961914
6.869333 179.531311
6.874667 179.589325
6.880000 256.263092
6.885334 255.469208
6.890666 253.914642
6.896000 5291.651855
6.901333 168.860382
6.906667 168.990967
6.912000 169.178177
6.917333 170.822128
6.922667 170.852905
6.928000 170.496689
6.933333 169.959183
6.938667 169.462158
6.944000 168.826721
6.949333 168.109085
6.954667 167.518402
6.960000 167.070587
6.965333 166.609894
6.970667 165.993439
6.976000 165.087997
6.981333 164.016739
6.986667 162.965942
6.992000 161.823944
6.997334 160.614792
7.002666 159.608826
7.008000 158.796173
7.013333 156.527832
7.018667 125.251427
7.024000 101.873581
7.029333 101.745979
7.034667 101.582581
7.040000 88.115829
7.045333 88.398750
7.050667 89.786011
7.056000 89.769173
7.061333 0.000000
7.066667 0.000000
7.072000 73.661568
7.077333 73.592308
7.082667 73.512268
7.088000 72.483604
7.093333 72.636536
7.098667 757.693481
7.104000 144.348495
7.109334 287.778717
7.114666 71.726105
7.120000 71.762894
7.125333 71.773514
7.130667 71.747856
7.136000 70.980743
7.141333 0.000000
7.146667 70.813896
7.152000 0.000000
7.157333 417.007874
7.162667 415.925690
7.168000 416.036774
7.173333 416.144501
7.178667 209.907608
7.184000 162.113342
7.189333 415.257874
7.194667 204.242493
7.200000 4905.606445
7.205333 4989.820312
7.210667 5109.159668
7.216000 5255.082031
7.221334 213.311539
7.226666 213.191162
7.232000 202.574448
7.237333 195.478745
7.242667 556.931458
7.248000 555.059509
7.253334 555.901672
7.258667 560.497620
7.264000 568.179932
7.269333 577.057007
7.274667 161.445358
7.280000 161.282562
7.285333 149.585785
7.290667 150.565628
7.296000 598.087769
7.301333 582.427734
7.306667 576.773621
7.312000 563.139893
7.317333 559.664551
7.322667 557.641541
7.328000 549.150574
7.333333 139.284973
7.338666 0.000000
7.344000 2339.096191
7.349333 2309.562012
7.354667 5386.180664
7.360000 5381.015137
7.365334 5286.044434
7.370667 5116.715820
7.376000 4893.071777
7.381333 4806.520508
7.386667 4828.750977
7.392000 4903.295410
7.397333 4927.965820
7.402667 4899.110840
7.408000 4889.453125
7.413333 4876.073242
7.418667 4829.765625
7.424000 4749.674316
7.429333 373.187592
7.434667 176.572830
7.440000 176.481201
7.445333 169.146255
7.450667 167.314728
7.456000 166.110855
7.461333 164.742111
7.466667 162.903030
7.472000 161.183990
7.477334 160.067734
7.482666 160.121460
7.488000 152.654770
7.493333 122.662971
7.498667 103.700348
7.504000 101.474945
7.509333 93.728035
7.514667 91.827286
7.520000 92.720840
7.525333 94.311317
7.530667 95.926880
7.536000 5377.246094
7.541333 5471.749023
7.546667 72.845993
7.552000 73.695412
7.557333 73.745995
7.562667 74.677551
7.568000 74.887932
7.573333 302.463409
7.578667 151.865601
7.584000 153.013229
7.589334 309.492218
7.594666 153.896973
7.600000 153.994598
7.605333 154.172272
7.610667 154.143997
7.616000 153.811127
7.621333 153.263168
7.626667 152.645782
7.632000 151.943604
7.637333 151.033524
7.642667 150.008926
7.648000 149.001572
7.653333 147.651306
7.658667 145.243698
7.664000 143.479446
7.669333 142.397186
7.674667 141.277466
7.680000 140.386108
7.685333 139.582687
7.690667 138.943604
7.696000 138.338547
7.701334 137.516251
7.706666 136.600937
7.712000 135.886932
7.717333 135.391891
7.722667 135.123688
7.728000 135.101852
7.733333 135.177017
7.738667 257.134094
7.744000 249.334213
7.749333 238.262039
7.754667 232.216248
7.760000 230.612335
7.765333 229.341568
7.770667 227.803955
7.776000 220.694580
7.781333 211.450592
7.786667 211.783447
7.792000 183.992355
7.797333 180.501053
7.802667 158.995834
7.808000 132.404602
7.813334 103.571350
7.818666 100.669373
7.824000 94.801453
7.829333 94.716240
7.834667 92.414513
7.840000 92.522652
7.845333 90.099983
7.850667 69.421059
7.856000 69.438644
7.861333 69.475121
7.866667 69.483788
7.872000 69.501892
7.877333 70.892494
7.882667 3402.271484
7.888000 3379.823242
7.893333 3375.797852
7.898667 3391.400635
7.904000 3427.902832
7.909333 69.438454
7.914667 70.818962
7.920000 70.826157
7.925333 69.487663
7.930666 69.430504
7.936000 69.425545
7.941333 70.689774
7.946667 70.700821
7.952000 70.737900
7.957334 70.781731
7.962667 69.233360
7.968000 70.744980
7.973333 1964.764404
7.978667 1963.453003
7.984000 1957.320801
7.989333 1947.173584
7.994667 5348.401855
8.000000 5244.907715
8.005333 5098.332031
8.010667 5046.944336
8.016000 5090.167969
8.021334 5068.457031
8.026667 4913.314941
8.032000 4743.296387
8.037333 4668.560059
8.042666 4851.796875
8.048000 5155.600098
8.053333 5209.729492
8.058666 5166.844727
8.064000 144.722763
8.069333 144.781067
8.074667 144.680466
8.080000 220.158478
8.085333 138.822876
8.090667 138.837173
8.096000 138.924850
8.101334 282.777405
8.106667 142.703110
8.112000 258.870026
8.117333 258.796021
8.122666 191.587540
8.128000 154.692261
8.133333 152.314331
8.138667 149.989563
8.144000 147.747070
8.149333 146.956146
8.154667 146.699249
8.160000 146.209854
8.165334 145.421600
8.170667 144.957764
8.176000 144.690979
8.181334 144.329010
8.186666 143.980835
8.192000 144.014084
8.197333 144.252731
8.202666 144.376068
8.208000 144.244141
8.213333 143.907562
8.218667 143.438461
8.224000 142.911774
8.229333 142.717010
8.234667 143.162170
8.240000 144.165222
8.245334 144.867950
8.250667 145.234741
8.256000 145.538376
8.261333 145.880020
8.266666 301.267120
8.272000 294.975555
8.277333 292.089508
8.282666 290.677734
8.288000 143.350006
8.293333 142.525711
8.298667 141.914230
8.304000 141.326492
8.309334 140.686722
8.314667 140.348038
8.320000 140.089737
8.325334 139.569138
8.330667 139.027267
8.336000 139.117737
8.341333 139.522507
8.346666 139.490372
8.352000 138.898041
8.357333 138.434311
8.362667 138.421921
8.368000 138.679398
8.373333 556.551208
8.378667 547.913391
8.384000 541.944275
8.389334 136.745895
8.394667 137.305328
8.400000 137.608383
8.405334 137.459183
8.410666 137.059204
8.416000 136.515259
8.421333 417.859894
8.426666 416.824188
8.432000 416.505249
8.437333 416.014221
8.442667 415.045227
8.448000 413.641846
8.453333 136.486557
8.458667 136.673691
8.464000 136.212967
8.469334 135.893555
8.474667 136.145645
8.480000 136.948502
8.485333 137.541656
8.490666 138.289185
8.496000 139.406937
8.501333 140.244064
8.506667 140.887314
8.512000 141.342392
8.517333 141.756714
8.522667 142.227798
8.528000 142.163239
8.533334 141.725891
8.538667 141.569702
8.544000 141.782166
8.549334 142.725998
8.554667 287.907349
8.560000 289.414795
8.565333 289.433289
8.570666 138.283875
8.576000 138.327469
8.581333 138.353363
8.586667 276.554108
8.592000 276.616455
8.597333 135.243332
8.602667 133.800446
8.608000 279.606049
8.613334 280.911926
8.618667 585.010864
8.624000 580.526855
8.629333 270.943665
8.634666 132.071716
8.640000 132.478119
8.645333 132.303665
8.650666 131.241806
8.656000 129.840210
8.661333 128.955338
8.666667 128.942383
8.672000 129.427094
8.677333 131.269852
8.682667 0.000000
8.688000 135.400848
8.693334 133.119781
8.698667 132.991348
8.704000 1260.297974
8.709333 1261.652100
8.714666 1265.496216
8.720000 1273.315796
8.725333 1287.872314
8.730667 1302.823120
8.736000 1771.673828
8.741333 1291.381836
8.746667 1295.563965
8.752000 153.363892
8.757334 315.296722
8.762667 315.059479
8.768000 314.816040
8.773334 314.543732
8.778666 157.450027
8.784000 157.552994
8.789333 157.444321
8.794666 157.090469
8.800000 151.563660
8.805333 150.439575
8.810667 148.217072
8.816000 147.213669
8.821333 293.482147
8.826667 291.858124
8.832000 289.809265
8.837334 289.399323
8.842667 312.752075
8.848000 311.647675
8.853333 290.884949
8.858666 287.388153
8.864000 278.075500
8.869333 277.680511
8.874666 286.414764
8.880000 287.694916
8.885333 136.000412
8.890667 135.895126
8.896000 136.115936
8.901334 136.542023
8.906667 137.183487
8.912000 297.202545
8.917334 297.520111
8.922667 140.698502
8.928000 140.716492
8.933333 140.926208
8.938666 141.033722
8.944000 140.779037
8.949333 139.807343
8.954667 138.895523
8.960000 138.403030
8.965333 138.189453
8.970667 138.627640
8.976000 139.158539
8.981334 139.276962
8.986667 139.074997
8.992000 138.588531
8.997334 138.338684
9.002666 138.341537
9.008000 138.377136
9.013333 138.395676
9.018666 138.473160
9.024000 138.559021
9.029333 270.090759
9.034667 185.576370
9.040000 141.456543
9.045333 135.061188
9.050667 131.494507
9.056000 100.251564
9.061334 98.871376
9.066667 93.955429
9.072000 91.087669
9.077333 90.812935
9.082666 90.654160
9.088000 90.595634
9.093333 0.000000
9.098666 0.000000
9.104000 80.409492
9.109333 80.454361
9.114667 78.221397
9.120000 78.345657
9.125334 78.405289
9.130667 285.731750
9.136000 284.875519
9.141334 284.784882
9.146667 312.930695
9.152000 62.679333
9.157333 62.682632
9.162666 62.621590
9.168000 62.629047
9.173333 62.680626
9.178667 62.673538
9.184000 62.658916
9.189333 62.677914
9.194667 62.685146
9.200000 78.303993
9.205334 78.346603
9.210667 78.457916
9.216000 315.874023
9.221334 316.238586
9.226666 315.182404
9.232000 314.145325
9.237333 313.350983
9.242666 312.397308
9.248000 312.255676
9.253333 312.584229
9.258667 311.422821
9.264000 310.495667
9.269333 311.780151
9.274667 313.640991
9.280000 311.344696
9.285334 306.382294
9.290667 157.059357
9.296000 157.408920
9.301333 3807.710449
9.306666 3806.690674
9.312000 3764.335449
9.317333 3701.810791
9.322667 3657.536133
9.328000 172.211914
9.333333 155.758255
9.338667 148.245926
9.344000 147.810135
9.349334 147.562302
9.354667 147.421616
9.360000 147.248093
9.365334 147.215500
9.370667 147.323807
9.376000 5660.672363
9.381333 5692.601562
9.386666 5447.990723
9.392000 5204.665527
9.397333 5218.988770
9.402667 5274.316895
9.408000 5313.388672
9.413333 269.600739
9.418667 269.793243
9.424000 269.569794
9.429334 269.187103
9.434667 268.923950
9.440000 265.858002
9.445333 269.195435
9.450666 270.124359
9.456000 273.650635
9.461333 281.754120
9.466666 283.402100
9.472000 309.092163
9.477333 142.244171
9.482667 143.249649
9.488000 143.732254
9.493333 143.854111
9.498667 143.765717
9.504000 200.296295
9.509334 197.641281
9.514667 142.936249
9.520000 141.989410
9.525333 136.200531
9.530666 99.625595
9.536000 97.598587
9.541333 93.918022
9.546667 91.977234
9.552000 91.843498
9.557333 94.071198
9.562667 95.584396
9.568000 0.000000
9.573334 71.615593
9.578667 71.496849
9.584000 71.278114
9.589334 71.025993
9.594666 70.843102
9.600000 70.226799
9.605333 140.145309
9.610666 139.652817
9.616000 69.671234
9.621333 69.708290
9.626667 69.768959
9.632000 69.787315
9.637333 256.318024
9.642667 256.428467
9.648000 257.460114
9.653334 78.150398
9.658667 77.684807
9.664000 418.690186
9.669333 417.027832
9.674666 210.201447
9.680000 209.852386
9.685333 209.843796
9.690666 210.411697
9.696000 131.488464
9.701333 131.436737
9.706667 131.345673
9.712000 254.494812
9.717334 182.517578
9.722667 189.035049
9.728000 189.656998
9.733334 597.548645
9.738667 200.239349
9.744000 209.484711
9.749333 212.395309
9.754666 217.984512
9.760000 221.163269
9.765333 224.474182
9.770667 228.676041
9.776000 232.471939
9.781333 234.919632
9.786667 237.025269
9.792000 238.894577
9.797334 240.604675
9.802667 241.621704
9.808000 242.094879
9.813334 242.308716
9.818666 242.292511
9.824000 240.759811
9.829333 237.846100
9.834666 236.944031
9.840000 113.246300
9.845333 113.172440
9.850667 220.910080
9.856000 220.252747
9.861333 240.702240
9.866667 241.435196
9.872000 241.568909
9.877334 241.276810
9.882667 240.069824
9.888000 247.691055
9.893333 247.480667
9.898666 234.322983
9.904000 233.990936
9.909333 4281.039062
9.914667 4262.946289
9.920000 4238.471191
9.925333 229.404755
9.930667 229.366486
9.936000 198.194351
9.941334 197.341797
9.946667 197.598618
9.952000 207.524857
9.957334 213.611954
9.962667 225.427063
9.968000 229.698502
9.973333 231.094437
9.978666 231.402573
9.984000 257.918671
9.989333 289.698669
9.994667 291.260742
10.000000 297.032440
10.005333 320.748383
10.010667 314.710144
10.016000 331.388214
10.021334 332.928894
10.026667 161.179794
10.032000 161.799500
10.037333 162.311295
10.042666 162.676132
10.048000 163.041748
10.053333 163.358795
10.058666 163.427460
10.064000 162.809799
10.069333 321.678680
10.074667 320.441254
10.080000 318.961517
10.085333 317.552002
10.090667 316.470612
10.096000 315.479523
10.101334 301.785370
10.106667 300.866119
10.112000 301.236053
10.117333 138.952637
10.122666 256.984039
10.128000 224.854813
10.133333 222.858627
10.138667 221.749924
10.144000 221.052292
10.149333 221.076752
10.154667 129.883041
10.160000 129.732880
10.165334 130.114395
10.170667 79.202751
10.176000 206.101089
10.181334 206.297089
10.186666 196.924377
10.192000 196.781479
10.197333 70.670448
10.202666 108.704376
10.208000 288.702423
10.213333 296.027496
10.218667 299.502594
10.224000 303.313873
10.229333 307.132416
10.234667 308.946960
10.240000 306.815674
10.245334 610.079224
10.250667 617.046875
10.256000 628.504578
10.261333 635.215637
10.266666 632.129944
10.272000 312.733673
10.277333 310.651062
10.282666 308.475494
10.288000 305.626801
10.293333 300.706543
10.298667 294.652161
10.304000 144.351425
10.309334 142.050079
10.314667 139.823914
10.320000 99.242981
10.325334 98.856773
10.330667 89.889717
10.336000 87.353699
10.341333 86.060722
10.346666 83.425751
10.352000 83.389809
10.357333 104.241844
10.362667 78.197861
10.368000 78.184593
10.373333 81.271774
10.378667 81.115570
10.384000 78.366837
10.389334 80.528069
10.394667 307.846741
10.400000 321.829559
10.405334 321.673340
10.410666 306.710388
10.416000 4545.351074
10.421333 4566.059570
10.426666 4537.947266
10.432000 4512.804199
10.437333 319.557922
10.442667 319.399445
10.448000 319.231049
10.453333 313.523346
10.458667 313.566467
10.464000 313.666504
10.469334 313.776154
10.474667 323.208313
10.480000 322.194946
10.485333 317.956268
10.490666 317.453827
10.496000 317.043701
10.501333 317.005402
10.506667 317.351471
10.512000 4806.327637
10.517333 4892.465820
10.522667 316.548523
10.528000 317.329895
10.533334 324.681396
10.538667 326.597351
10.544000 298.290253
10.549334 319.791351
10.554667 315.497345
10.560000 314.822968
10.565333 313.849457
10.570666 312.245667
10.576000 310.210022
10.581333 307.777679
10.586667 305.057312
10.592000 302.489990
10.597333 298.897827
10.602667 288.455658
10.608000 285.340759
10.613334 282.867004
10.618667 279.836182
10.624000 274.183929
10.629333 268.388641
10.634666 264.959534
10.640000 261.677460
10.645333 257.486908
10.650666 253.525650
10.656000 251.236664
10.661333 249.054108
10.666667 242.663376
10.672000 239.997162
10.677333 237.704315
10.682667 235.748413
10.688000 233.426697
10.693334 231.563141
10.698667 229.967239
10.704000 228.359344
10.709333 227.029251
10.714666 225.683350
10.720000 224.518311
10.725333 223.620010
10.730667 222.865417
10.736000 222.119827
10.741333 221.204300
10.746667 219.886597
10.752000 218.100464
10.757334 216.376511
10.762667 215.100403
10.768000 214.050644
10.773334 213.154037
10.778666 212.768082
10.784000 212.989182
10.789333 213.470001
10.794666 213.892136
10.800000 214.318253
10.805333 214.917419
10.810667 215.741394
10.816000 217.438644
10.821333 220.031876
10.826667 221.558350
10.832000 222.468307
10.837334 222.989136
10.842667 223.123779
10.848000 222.784103
10.853333 221.607574
10.858666 206.184219
10.864000 210.651581
10.869333 220.713623
10.874666 220.921890
10.880000 210.080994
10.885333 210.766983
10.890667 211.122940
10.896000 210.916122
10.901334 196.401718
10.906667 195.754654
10.912000 195.229279
10.917334 175.390564
10.922667 412.095428
10.928000 414.756744
10.933333 415.239105
10.938666 415.140442
10.944000 209.563126
10.949333 208.582397
10.954667 824.273438
10.960000 830.645142
10.965333 836.615540
10.970667 842.319031
10.976000 843.065491
10.981334 152.393356
10.986667 152.270340
10.992000 152.111511
10.997334 386.792786
11.002666 199.113785
11.008000 198.982513
11.013333 198.535049
11.018666 198.247772
11.024000 198.594254
11.029333 199.367813
11.034667 199.922852
11.040000 107.075363
11.045333 107.237686
11.050667 214.900284
11.056000 233.063080
11.061334 215.277725
11.066667 292.377136
11.072000 222.032333
11.077333 221.930908
11.082666 1622.390869
11.088000 1601.498535
11.093333 1608.124390
11.098666 1634.510254
11.104000 1667.683594
11.109333 1669.187378
11.114667 1654.681763
11.120000 1636.893555
11.125334 1619.678223
11.130667 1609.127563
11.136000 1608.367676
11.141334 1618.028687
11.146667 589.222229
11.152000 1677.975220
11.157333 1704.078613
11.162666 1708.907837
11.168000 1715.304077
11.173333 1721.436035
11.178667 1725.953735
11.184000 1716.941772
11.189333 0.000000
11.194667 0.000000
11.200000 0.000000
11.205334 0.000000
11.210667 0.000000
11.216000 0.000000
11.221334 0.000000
11.226666 0.000000
11.232000 0.000000
11.237333 0.000000
11.242666 0.000000
11.248000 476.392029
11.253333 475.134979
11.258667 473.599365
11.264000 472.212738
11.269333 471.184235
11.274667 470.520660
11.280000 470.149292
11.285334 469.943298
11.290667 469.733795
11.296000 469.489929
11.301333 469.189789
11.306666 468.713806
11.312000 467.942413
11.317333 466.952057
11.322667 466.065948
11.328000 465.542755
11.333333 465.586578
11.338667 466.479584
11.344000 234.018661
11.349334 208.523773
11.354667 209.813446
11.360000 211.045120
11.365334 211.913956
11.370667 212.064438
11.376000 211.369431
11.381333 209.157104
11.386666 203.531723
11.392000 190.212570
11.397333 184.589493
11.402667 166.388519
11.408000 166.343948
11.413333 166.305923
11.418667 166.298019
11.424000 166.321198
11.429334 166.151581
11.434667 3232.604736
11.440000 3250.820801
11.445333 3248.399170
11.450666 3240.158447
11.456000 256.665436
11.461333 253.660614
11.466666 273.951843
11.472000 273.172241
11.477333 274.591400
11.482667 275.471527
11.488000 275.495880
11.493333 274.855927
11.498667 273.909058
11.504000 272.727448
11.509334 249.289749
11.514667 248.097137
11.520000 247.315598
11.525333 246.879944
11.530666 238.799805
11.536000 231.520782
11.541333 232.117233
11.546667 238.660324
11.552000 243.235199
11.557333 243.492569
11.562667 236.039597
11.568000 138.322830
11.573334 138.302200
11.578667 130.746552
11.584000 96.868431
11.589334 93.691383
11.594666 89.465309
11.600000 86.945984
11.605333 87.013680
11.610666 87.191788
11.616000 87.272682
11.621333 257.018188
11.626667 257.894470
11.632000 86.020439
11.637333 83.357780
11.642667 82.806808
11.648000 80.151169
11.653334 234.315933
11.658667 234.068878
11.664000 234.022629
11.669333 234.151901
11.674666 234.565094
11.680000 254.971664
11.685333 255.590759
11.690666 258.453583
11.696000 262.455688
11.701333 267.100006
11.706667 269.519897
11.712000 269.194672
11.717334 265.745544
11.722667 265.011353
11.728000 535.438171
11.733334 538.927124
11.738667 542.318604
11.744000 545.930481
11.749333 269.588806
11.754666 269.237854
11.760000 265.729279
11.765333 259.020111
11.770667 256.284088
11.776000 255.373596
11.781333 254.059921
11.786667 250.932724
11.792000 249.316895
11.797334 248.599930
11.802667 248.058731
11.808000 246.915009
11.813334 233.512482
11.818666 233.076614
11.824000 233.434280
11.829333 235.232513
11.834666 241.126236
11.840000 243.990097
11.845333 4754.098633
11.850667 4844.610840
11.856000 4919.011230
11.861333 4930.097168
11.866667 4796.312012
11.872000 4484.825195
11.877334 4209.773438
11.882667 4177.651367
11.888000 4373.420898
11.893333 4715.757324
11.898666 4875.824219
11.904000 4816.979980
11.909333 4524.666016
11.914667 4166.207520
11.920000 3863.167725
11.925333 128.448181
11.930667 255.925827
11.936000 256.263794
11.941334 258.020752
11.946667 262.481659
11.952000 264.067810
11.957334 264.647339
11.962667 264.316254
11.968000 262.408875
11.973333 259.027161
11.978666 255.925858
11.984000 253.398239
11.989333 251.346573
11.994667 250.590500
12.000000 251.150131
12.005333 252.378571
12.010667 253.452866
12.016000 254.046234
12.021334 254.339981
12.026667 254.758667
12.032000 252.774261
12.037333 130.979904
12.042666 131.649826
12.048000 131.638168
12.053333 129.993134
12.058666 103.301239
12.064000 99.667496
12.069333 99.645432
12.074667 89.075668
12.080000 86.477303
12.085333 86.794930
12.090667 87.093971
12.096000 130.740616
12.101334 87.104958
12.106667 87.017265
12.112000 86.810852
12.117333 259.083374
12.122666 258.150787
12.128000 257.160645
12.133333 256.201141
12.138667 255.247742
12.144000 254.345657
12.149333 253.624893
12.154667 253.012894
12.160000 2783.346191
12.165334 236.800827
12.170667 234.767685
12.176000 413.919037
12.181334 415.282166
12.186666 210.425674
12.192000 210.035004
12.197333 209.508057
12.202666 211.589951
12.208000 211.897995
12.213333 209.799805
12.218667 208.170853
12.224000 205.957230
12.229333 203.659760
12.234667 202.258850
12.240000 199.250717
12.245334 196.294067
12.250667 194.706604
12.256000 193.539856
12.261333 192.823318
12.266666 192.629730
12.272000 192.623550
12.277333 192.494003
12.282666 191.993881
12.288000 94.837212
12.293333 189.361832
12.298667 189.953827
12.304000 190.612228
12.309334 191.691208
12.314667 193.308960
12.320000 194.511322
12.325334 195.228195
12.330667 195.783432
12.336000 196.081619
12.341333 195.581497
12.346666 193.135849
12.352000 191.128311
12.357333 190.766281
12.362667 193.671539
12.368000 198.578140
12.373333 203.121902
12.378667 204.661377
12.384000 205.535248
12.389334 212.343277
12.394667 212.047531
12.400000 211.748154
12.405334 211.890808
12.410666 212.136459
12.416000 211.485825
12.421333 207.145035
12.426666 207.658951
12.432000 208.653564
12.437333 196.318848
12.442667 184.343185
12.448000 3461.827881
12.453333 3569.339111
12.458667 3589.522217
12.464000 3532.523926
12.469334 3456.556885
12.474667 3446.728516
12.480000 201.370148
12.485333 182.632629
12.490666 180.850677
12.496000 166.260529
12.501333 136.501755
12.506667 135.078827
12.512000 101.145004
12.517333 98.220062
12.522667 95.624031
12.528000 92.194168
12.533334 90.397987
12.538667 90.498627
12.544000 5694.619141
12.549334 5664.637695
12.554667 5692.327637
12.560000 5728.589844
12.565333 5698.833496
12.570666 5624.757812
12.576000 5574.238281
12.581333 5583.023438
12.586667 5611.122559
12.592000 5576.725586
12.597333 5510.419434
12.602667 5531.874512
12.608000 5672.310547
12.613334 66.985947
12.618667 66.985992
12.624000 65.361298
12.629333 65.340652
12.634666 65.387001
12.640000 65.275230
12.645333 65.024254
12.650666 65.077644
12.656000 66.075188
12.661333 66.057655
12.666667 65.177299
12.672000 66.631027
12.677333 67.370499
12.682667 68.743866
12.688000 209.829071
12.693334 209.699722
12.698667 209.718277
12.704000 209.090378
12.709333 207.961884
12.714666 207.704651
12.720000 207.692520
12.725333 207.549606
12.730667 207.628235
12.736000 251.217422
12.741333 251.453171
12.746667 251.330460
12.752000 250.573761
12.757334 249.777908
12.762667 249.360153
12.768000 248.082581
12.773334 246.889130
12.778666 246.258011
12.784000 314.823792
12.789333 315.278534
12.794666 315.098267
12.800000 314.147186
12.805333 156.745316
12.810667 156.406494
12.816000 149.708908
12.821333 144.165237
12.826667 100.933670
12.832000 98.459686
12.837334 98.151848
12.842667 90.100525
12.848000 87.833549
12.853333 83.327850
12.858666 83.297478
12.864000 83.280228
12.869333 79.077972
12.874666 79.084152
12.880000 78.049812
12.885333 78.129410
12.890667 78.222816
12.896000 80.685188
12.901334 310.047211
12.906667 308.959869
12.912000 308.778107
12.917334 309.045746
12.922667 309.381500
12.928000 309.821259
12.933333 310.292450
12.938666 310.855682
12.944000 311.736786
12.949333 312.376556
12.954667 312.713287
12.960000 312.967712
12.965333 313.426788
12.970667 314.305634
12.976000 315.261871
12.981334 315.826477
12.986667 316.213226
12.992000 316.418304
12.997334 316.422455
13.002666 316.589844
13.008000 316.989777
13.013333 317.391693
13.018666 317.061310
13.024000 315.341217
13.029333 138.750259
13.034667 132.805008
13.040000 137.695465
13.045333 137.515503
13.050667 137.036560
13.056000 136.684891
13.061334 140.460373
13.066667 147.086273
13.072000 147.891190
13.077333 143.177536
13.082666 143.796524
13.088000 144.227295
13.093333 145.481461
13.098666 150.800339
13.104000 151.764801
13.109333 152.303665
13.114667 152.826187
13.120000 153.572647
13.125334 154.433548
13.130667 155.067215
13.136000 155.386627
13.141334 155.859192
13.146667 157.563660
13.152000 159.866699
13.157333 319.020813
13.162666 320.049103
13.168000 153.498993
13.173333 153.407974
13.178667 153.367355
13.184000 102.913605
13.189333 616.635620
13.194667 619.990906
13.200000 293.890259
13.205334 294.491089
13.210667 147.575928
13.216000 147.134369
13.221334 145.547501
13.226666 3237.530518
13.232000 3237.699951
13.237333 3257.750732
13.242666 3276.217773
13.248000 3298.760254
13.253333 3299.703369
13.258667 3218.215576
13.264000 3112.692871
13.269333 3042.970947
13.274667 3008.006592
13.280000 2995.690674
13.285334 144.170914
13.290667 3018.471436
13.296000 3012.882080
13.301333 139.108276
13.306666 138.444321
13.312000 138.217178
13.317333 144.837982
13.322667 579.257751
13.328000 577.218323
13.333333 574.392700
13.338667 571.727295
13.344000 140.730255
13.349334 140.681290
13.354667 141.796768
13.360000 141.867508
13.365334 142.093948
13.370667 142.445343
13.376000 561.044739
13.381333 551.195374
13.386666 482.295868
13.392000 147.217468
13.397333 147.977463
13.402667 148.490799
13.408000 148.584778
13.413333 148.563080
13.418667 148.476791
13.424000 148.213867
13.429334 424.039856
13.434667 417.059296
13.440000 415.898865
13.445333 415.408264
13.450666 208.981522
13.456000 207.878021
13.461333 730.024658
13.466666 144.015900
13.472000 143.983185
13.477333 723.612488
13.482667 142.838531
13.488000 142.268723
13.493333 141.836990
13.498667 141.113983
13.504000 140.394226
13.509334 140.062378
13.514667 139.819504
13.520000 138.873184
13.525333 137.337540
13.530666 136.904587
13.536000 136.813446
13.541333 137.049988
13.546667 133.326660
13.552000 133.145660
13.557333 132.201096
13.562667 132.471756
13.568000 137.237885
13.573334 137.165909
13.578667 136.509735
13.584000 136.624222
13.589334 137.383194
13.594666 138.009659
13.600000 142.562500
13.605333 142.189392
13.610666 2848.811768
13.616000 2782.015625
13.621333 2779.991943
13.626667 2817.812500
13.632000 135.332336
13.637333 144.791534
13.642667 138.971909
13.648000 139.482574
13.653334 140.195023
13.658667 140.675201
13.664000 140.487350
13.669333 139.246384
13.674666 138.343811
13.680000 137.688080
13.685333 137.262222
13.690666 136.969879
13.696000 136.300125
13.701333 135.171539
13.706667 133.617935
13.712000 132.791092
13.717334 132.893738
13.722667 133.579437
13.728000 134.522324
13.733334 135.276855
13.738667 135.582611
13.744000 135.506302
13.749333 135.799225
13.754666 137.018677
13.760000 138.561813
13.765333 138.093765
13.770667 138.077011
13.776000 138.176193
13.781333 138.394989
13.786667 234.453339
13.792000 469.804749
13.797334 470.278442
13.802667 138.090454
13.808000 137.859436
13.813334 137.660919
13.818666 137.509827
13.824000 137.432770
13.829333 137.311737
13.834666 134.610443
13.840000 129.560165
13.845333 129.434143
13.850667 129.413055
13.856000 129.368515
13.861333 129.444519
13.866667 135.074554
13.872000 134.816132
13.877334 130.566498
13.882667 130.259399
13.888000 130.035889
13.893333 129.989899
13.898666 130.767136
13.904000 131.230331
13.909333 134.458389
13.914667 134.536469
13.920000 134.599121
13.925333 134.697449
13.930667 134.786774
13.936000 134.816895
13.941334 134.824356
13.946667 130.913925
13.952000 130.807159
13.957334 130.850525
13.962667 131.002411
13.968000 131.096588
13.973333 131.047104
13.978666 130.741776
13.984000 501.077240
13.989333 498.325806
13.994667 166.532028
14.000000 124.611931
14.005333 124.639725
14.010667 124.550240
14.016000 124.424553
14.021334 124.337349
14.026667 124.275314
14.032000 124.280617
14.037333 124.450470
14.042666 125.043159
14.048000 125.466202
14.053333 128.452896
14.058666 123.623734
14.064000 236.541504
14.069333 190.873184
14.074667 141.249466
14.080000 138.744949
14.085333 133.539215
14.090667 100.937439
14.096000 100.933914
14.101334 100.686638
14.106667 93.854698
14.112000 93.737984
14.117333 93.706818
14.122666 101.104843
14.128000 646.556091
14.133333 705.315979
14.138667 70.658173
14.144000 70.481354
14.149333 69.763748
14.154667 701.246277
14.160000 706.762207
14.165334 716.433716
14.170667 133.484329
14.176000 132.529205
14.181334 729.433167
14.186666 733.061401
14.192000 739.826782
14.197333 751.285522
14.202666 127.364700
14.208000 127.434792
14.213333 127.696564
14.218667 579.201904
14.224000 583.857971
14.229333 584.515747
14.234667 581.540894
14.240000 574.674255
14.245334 66.537643
14.250667 127.370819
14.256000 126.851166
14.261333 126.971260
14.266666 126.956528
14.272000 126.779747
14.277333 126.540733
14.282666 126.514145
14.288000 126.688942
14.293333 126.850899
14.298667 127.003754
14.304000 127.153877
14.309334 127.181839
14.314667 127.160416
14.320000 127.356865
14.325334 127.822968
14.330667 128.274445
14.336000 128.461823
14.341333 128.349670
14.346666 121.262436
14.352000 121.316345
14.357333 121.443802
14.362667 121.254944
14.368000 121.188812
14.373333 121.105934
14.378667 120.970444
14.384000 125.331680
14.389334 129.049377
14.394667 5372.394531
14.400000 147.307571
14.405334 147.261826
14.410666 147.267258
14.416000 147.281509
14.421333 147.227844
14.426666 146.908813
14.432000 138.615265
14.437333 138.590714
14.442667 139.390427
14.448000 139.920090
14.453333 140.051559
14.458667 140.080658
14.464000 140.084488
14.469334 140.179153
14.474667 140.206894
14.480000 139.778320
14.485333 138.757751
14.490666 138.023285
14.496000 137.343033
14.501333 136.773560
14.506667 136.452759
14.512000 136.218063
14.517333 135.795731
14.522667 134.921112
14.528000 131.441116
14.533334 131.267685
14.538667 189.650406
14.544000 188.086716
14.549334 132.500885
14.554667 129.948364
14.560000 127.169998
14.565333 99.651817
14.570666 95.328232
14.576000 92.152122
14.581333 91.963562
14.586667 89.707367
14.592000 85.905731
14.597333 83.201447
14.602667 2559.748535
14.608000 2555.820557
14.613334 2587.359131
14.618667 69.365273
14.624000 69.308197
14.629333 69.285530
14.634666 417.491516
14.640000 416.768799
14.645333 416.810699
14.650666 416.910339
14.656000 416.933624
14.661333 416.900909
14.666667 69.248886
14.672000 416.559631
14.677333 416.399048
14.682667 416.355804
14.688000 416.115723
14.693334 712.317505
14.698667 752.058289
14.704000 160.784348
14.709333 160.753098
14.714666 160.905762
14.720000 161.281891
14.725333 164.754715
14.730667 165.411453
14.736000 165.910263
14.741333 166.172028
14.746667 165.653915
14.752000 164.785507
14.757334 164.338196
14.762667 164.108093
14.768000 163.741806
14.773334 159.083328
14.778666 158.190704
14.784000 158.760025
14.789333 160.424454
14.794666 163.449646
14.800000 164.057434
14.805333 163.822937
14.810667 163.540146
14.816000 163.939651
14.821333 164.571472
14.826667 163.886810
14.832000 162.248657
14.837334 160.261703
14.842667 159.960220
14.848000 160.522766
14.853333 161.062515
14.858666 161.372040
14.864000 161.853119
14.869333 162.958328
14.874666 164.083801
14.880000 165.264984
14.885333 165.955872
14.890667 165.506012
14.896000 164.989532
14.901334 164.536026
14.906667 164.059036
14.912000 163.677155
14.917334 105.955757
14.922667 105.438370
14.928000 84.944412
14.933333 86.806221
14.938666 82.756607
14.944000 82.551552
14.949333 82.485764
14.954667 82.483093
14.960000 82.420349
14.965333 82.400047
14.970667 82.595634
14.976000 82.639633
14.981334 82.422531
14.986667 82.306358
14.992000 82.381706
14.997334 82.539513
