0.000000 0.000000
0.005333 0.000000
0.010667 208.199005
0.016000 208.048370
0.021333 207.780914
0.026667 207.392426
0.032000 206.923752
0.037333 206.331711
0.042667 205.779160
0.048000 205.446533
0.053333 205.345673
0.058667 205.214905
0.064000 199.095718
0.069333 198.705948
0.074667 198.073502
0.080000 197.019547
0.085333 195.812592
0.090667 194.536819
0.096000 193.420044
0.101333 192.774506
0.106667 192.473343
0.112000 192.346085
0.117333 192.008316
0.122667 191.281540
0.128000 191.102661
0.133333 191.323288
0.138667 193.291046
0.144000 305.762085
0.149333 89.227203
0.154667 331.400940
0.160000 331.381744
0.165333 584.550842
0.170667 583.451294
0.176000 581.077209
0.181333 580.429077
0.186667 586.103638
0.192000 588.790283
0.197333 588.085999
0.202667 586.675598
0.208000 586.217041
0.213333 585.626404
0.218667 583.236877
0.224000 581.738220
0.229333 582.351379
0.234667 583.425049
0.240000 584.114380
0.245333 581.356323
0.250667 583.863892
0.256000 614.913147
0.261333 614.993530
0.266667 69.693138
0.272000 613.644958
0.277333 614.417419
0.282667 615.663452
0.288000 615.730103
0.293333 614.468201
0.298667 611.844116
0.304000 608.821716
0.309333 608.515076
0.314667 608.348145
0.320000 608.042175
0.325333 607.782410
0.330667 608.082703
0.336000 60.993717
0.341333 66.274170
0.346667 0.000000
0.352000 0.000000
0.357333 127.599686
0.362667 126.823044
0.368000 116.503716
0.373333 104.412895
0.378667 103.258293
0.384000 103.059387
0.389333 105.584259
0.394667 122.150925
0.400000 143.969711
0.405333 138.692535
0.410667 122.146492
0.416000 103.912994
0.421333 87.971100
0.426667 75.959167
0.432000 75.843575
0.437333 104.330025
0.442667 104.292984
0.448000 92.620918
0.453333 104.270592
0.458667 104.321442
0.464000 139.044479
0.469333 59.542812
0.474667 59.538689
0.480000 61.491169
0.485333 59.452930
0.490667 59.435509
0.496000 64.085533
0.501333 64.083191
0.506667 64.048950
0.512000 64.029877
0.517333 64.030457
0.522667 64.058037
0.528000 276.929901
0.533333 276.595764
0.538667 276.206482
0.544000 276.046326
0.549333 275.950531
0.554667 275.652679
0.560000 64.012901
0.565333 64.037430
0.570667 66.065895
0.576000 317.066650
0.581333 61.373138
0.586667 66.064293
0.592000 68.681885
0.597333 66.054420
0.602667 65.948326
0.608000 66.139206
0.613333 66.180481
0.618667 61.731346
0.624000 64.456314
0.629333 66.027977
0.634667 66.088326
0.640000 64.646675
0.645333 65.885002
0.650667 66.092346
0.656000 66.108902
0.661333 64.692307
0.666667 64.726959
0.672000 66.089142
0.677333 62.818157
0.682667 62.909996
0.688000 310.216644
0.693333 309.119476
0.698667 309.096100
0.704000 311.137115
0.709333 312.030243
0.714667 311.995056
0.720000 312.405640
0.725333 313.389709
0.730667 313.242401
0.736000 312.895721
0.741333 313.252441
0.746667 313.536316
0.752000 313.769196
0.757333 314.720062
0.762667 104.194756
0.768000 315.401978
0.773333 314.603027
0.778667 314.967041
0.784000 104.161301
0.789333 315.368408
0.794667 314.715210
0.800000 317.060730
0.805333 317.908569
0.810667 318.545013
0.816000 327.454712
0.821333 339.335388
0.826667 245.886246
0.832000 247.472931
0.837333 247.449463
0.842667 246.810989
0.848000 245.904938
0.853333 245.726532
0.858667 246.631317
0.864000 248.361099
0.869333 250.666138
0.874667 250.973938
0.880000 248.915100
0.885333 247.723526
0.890667 243.652771
0.896000 242.163528
0.901333 240.241150
0.906667 239.484680
0.912000 239.185898
0.917333 239.369354
0.922667 239.740494
0.928000 240.330963
0.933333 241.251038
0.938667 242.244583
0.944000 243.760818
0.949333 246.234528
0.954667 247.962143
0.960000 248.737350
0.965333 249.542999
0.970667 252.155243
0.976000 254.480515
0.981333 255.975174
0.986667 259.476318
0.992000 260.501038
0.997333 261.585266
1.002667 263.072327
1.008000 265.156799
1.013333 266.447235
1.018667 266.502869
1.024000 265.193634
1.029333 262.957458
1.034667 130.404129
1.040000 257.026611
1.045333 10977.602539
1.050667 10937.389648
1.056000 11005.492188
1.061333 11077.577148
1.066667 11066.712891
1.072000 10962.868164
1.077333 10781.059570
1.082667 10576.040039
1.088000 10426.116211
1.093333 10322.431641
1.098667 3647.777588
1.104000 3624.244873
1.109333 10243.452148
1.114667 3604.130127
1.120000 3633.865479
1.125333 3669.297119
1.130667 3701.360352
1.136000 3703.950928
1.141333 3662.977783
1.146667 3605.895508
1.152000 3634.783447
1.157333 3687.851074
1.162667 3680.685547
1.168000 3642.341553
1.173333 3608.874023
1.178667 3606.787354
1.184000 3619.182861
1.189333 3611.483643
1.194667 68.733490
1.200000 68.774483
1.205333 68.466934
1.210667 66.306808
1.216000 68.640587
1.221333 73.065742
1.226667 76.584450
1.232000 68.766922
1.237333 68.767990
1.242667 68.579887
1.248000 0.000000
1.253333 774.490540
1.258667 768.355957
1.264000 1392.855103
1.269333 1380.048950
1.274667 241.666245
1.280000 0.000000
1.285333 200.481186
1.290667 200.654541
1.296000 201.493652
1.301333 203.295929
1.306667 660.808533
1.312000 665.116760
1.317333 665.958679
1.322667 214.178925
1.328000 210.230820
1.333333 209.974274
1.338667 209.937759
1.344000 209.430191
1.349333 207.230377
1.354667 206.467636
1.360000 205.614349
1.365333 202.503708
1.370667 191.906281
1.376000 191.089264
1.381333 186.894348
1.386667 186.465729
1.392000 185.693314
1.397333 186.000107
1.402667 187.103409
1.408000 188.968506
1.413333 190.765869
1.418667 193.650345
1.424000 204.950851
1.429333 205.482101
1.434667 208.010086
1.440000 208.819748
1.445333 210.340637
1.450667 212.074493
1.456000 223.094742
1.461333 224.134308
1.466667 225.812271
1.472000 226.010574
1.477333 229.969330
1.482667 74.275314
1.488000 4139.235840
1.493333 4106.133301
1.498667 4017.480713
1.504000 3960.332520
1.509333 3932.512939
1.514667 3897.690430
1.520000 3818.636230
1.525333 3741.714844
1.530667 3741.289551
1.536000 3748.901855
1.541333 3723.827393
1.546667 3693.975342
1.552000 3667.702881
1.557333 3629.914062
1.562667 3583.509033
1.568000 3565.900146
1.573333 3593.933838
1.578667 3628.752930
1.584000 3639.938477
1.589333 3642.861572
1.594667 3641.062988
1.600000 3634.543213
1.605333 3641.869141
1.610667 3674.329590
1.616000 3696.968750
1.621333 3683.579834
1.626667 3643.255371
1.632000 3605.072510
1.637333 3583.886230
1.642667 2696.846680
1.648000 103.785980
1.653333 103.851463
1.658667 104.349815
1.664000 104.390579
1.669333 132.661209
1.674667 132.655472
1.680000 104.043488
1.685333 104.002861
1.690667 104.027138
1.696000 104.048996
1.701333 104.110992
1.706667 9526.745117
1.712000 9653.688477
1.717333 9952.625000
1.722667 58.394508
1.728000 86.311584
1.733333 68.258369
1.738667 55.699150
1.744000 276.896820
1.749333 262.991852
1.754667 248.020859
1.760000 248.040634
1.765333 248.322510
1.770667 248.921631
1.776000 249.423340
1.781333 249.268784
1.786667 248.781784
1.792000 247.995819
1.797333 245.495682
1.802667 241.407257
1.808000 238.625031
1.813333 236.696915
1.818667 235.246399
1.824000 234.723175
1.829333 234.964081
1.834667 235.866608
1.840000 237.499344
1.845333 239.063461
1.850667 240.628036
1.856000 242.264740
1.861333 245.637451
1.866667 247.856323
1.872000 252.528793
1.877333 254.834625
1.882667 257.215240
1.888000 260.520782
1.893333 261.951050
1.898667 263.644867
1.904000 266.867004
1.909333 267.777374
1.914667 268.492401
1.920000 269.656799
1.925333 272.097565
1.930667 273.562561
1.936000 273.769684
1.941333 272.098785
1.946667 270.855560
1.952000 269.738953
1.957333 268.353577
1.962667 266.463715
1.968000 265.003204
1.973333 264.465759
1.978667 85.237015
1.984000 62.973648
1.989333 62.966621
1.994667 3463.492676
2.000000 3480.128174
2.005333 3497.225586
2.010667 3501.823975
2.016000 3505.748779
2.021333 3522.277832
2.026667 3556.392090
2.032000 3583.311279
2.037333 3593.312012
2.042667 3593.207275
2.048000 3564.436768
2.053333 3534.998291
2.058667 3534.097412
2.064000 3563.637695
2.069333 3599.001709
2.074667 3614.827881
2.080000 3613.949707
2.085333 3614.673584
2.090667 3617.865967
2.096000 3616.713379
2.101333 3583.495361
2.106667 3471.238770
2.112000 3362.740967
2.117333 2636.656982
2.122667 105.754219
2.128000 102.709732
2.133333 105.378151
2.138667 105.323601
2.144000 105.335144
2.149333 0.000000
2.154667 0.000000
2.160000 0.000000
2.165333 125.663414
2.170667 115.462234
2.176000 102.419624
2.181333 102.243797
2.186667 105.886803
2.192000 109.730927
2.197333 115.614487
2.202667 131.055557
2.208000 134.223724
2.213333 132.001617
2.218667 105.637718
2.224000 87.961121
2.229333 75.274681
2.234667 73.470131
2.240000 110.088425
2.245333 110.112633
2.250667 110.216103
2.256000 110.240685
2.261333 110.073135
2.266667 109.516617
2.272000 214.922241
2.277333 211.917114
2.282667 209.537842
2.288000 206.436188
2.293333 202.914780
2.298667 200.052383
2.304000 193.927109
2.309333 191.550308
2.314667 189.569321
2.320000 188.502350
2.325333 188.155319
2.330667 188.721680
2.336000 189.648865
2.341333 190.969925
2.346667 191.839996
2.352000 195.368607
2.357333 204.806274
2.362667 206.674896
2.368000 208.170639
2.373333 70.197968
2.378667 70.383949
2.384000 70.883453
2.389333 70.981049
2.394667 215.107071
2.400000 70.879822
2.405333 70.637970
2.410667 70.227905
2.416000 70.113182
2.421333 69.746605
2.426667 69.309860
2.432000 104.143745
2.437333 520.643982
2.442667 266.098145
2.448000 265.776245
2.453333 265.019165
2.458667 87.667755
2.464000 87.886711
2.469333 87.939331
2.474667 87.823616
2.480000 265.073517
2.485333 87.765793
2.490667 87.652306
2.496000 87.629723
2.501333 87.881493
2.506667 87.873505
2.512000 87.791740
2.517333 87.640816
2.522667 87.522682
2.528000 87.569084
2.533333 87.717232
2.538667 86.937752
2.544000 265.481354
2.549333 264.772858
2.554667 264.116150
2.560000 263.429840
2.565333 263.087860
2.570667 263.262207
2.576000 264.061646
2.581333 264.638367
2.586667 348.517151
2.592000 264.567474
2.597333 265.378632
2.602667 70.154510
2.608000 70.227669
2.613333 69.896339
2.618667 69.986015
2.624000 266.723907
2.629333 264.226288
2.634667 263.301941
2.640000 262.592438
2.645333 262.084839
2.650667 262.036621
2.656000 262.223450
2.661333 261.421234
2.666667 257.755890
2.672000 242.139862
2.677333 241.064926
2.682667 241.731781
2.688000 243.704376
2.693333 245.521606
2.698667 246.250229
2.704000 246.273621
2.709333 246.061707
2.714667 245.642609
2.720000 244.676392
2.725333 243.188385
2.730667 241.478714
2.736000 239.669342
2.741333 237.533096
2.746667 236.648178
2.752000 236.705475
2.757333 237.088455
2.762667 237.824326
2.768000 239.580429
2.773333 242.253815
2.778667 244.447037
2.784000 246.272812
2.789333 248.257065
2.794667 250.190445
2.800000 252.098267
2.805333 253.895432
2.810667 255.589020
2.816000 257.770111
2.821333 260.434662
2.826667 263.628632
2.832000 264.825043
2.837333 265.179565
2.842667 265.761017
2.848000 269.234192
2.853333 270.149414
2.858667 270.747620
2.864000 269.664673
2.869333 268.437439
2.874667 267.987854
2.880000 268.068695
2.885333 268.237457
2.890667 268.386322
2.896000 268.554413
2.901333 267.981689
2.906667 89.007927
2.912000 69.184990
2.917333 70.189743
2.922667 70.161034
2.928000 70.147430
2.933333 69.644859
2.938667 69.998512
2.944000 69.949013
2.949333 10095.395508
2.954667 9849.306641
2.960000 9658.574219
2.965333 9599.620117
2.970667 69.743637
2.976000 69.748604
2.981333 69.717621
2.986667 70.206490
2.992000 70.161781
2.997333 70.081047
3.002667 70.119705
3.008000 70.177765
3.013333 70.174019
3.018667 70.016777
3.024000 70.031525
3.029333 70.030060
3.034667 69.925735
3.040000 69.916725
3.045333 69.961906
3.050667 69.260452
3.056000 500.605255
3.061333 500.672485
3.066667 1432.355835
3.072000 1421.194824
3.077333 1406.210449
3.082667 548.844299
3.088000 553.590881
3.093333 552.876892
3.098667 0.000000
3.104000 85.300735
3.109333 1037.025391
3.114667 662.429138
3.120000 663.321472
3.125333 664.575562
3.130667 667.830139
3.136000 205.896484
3.141333 207.178436
3.146667 208.084930
3.152000 208.315445
3.157333 208.064774
3.162667 207.562241
3.168000 206.753326
3.173333 204.832199
3.178667 202.474960
3.184000 198.563004
3.189333 194.497513
3.194667 192.511200
3.200000 187.240692
3.205333 186.554947
3.210667 186.640625
3.216000 187.251556
3.221333 188.340561
3.226667 189.534927
3.232000 192.425812
3.237333 197.017868
3.242667 201.861115
3.248000 203.683304
3.253333 204.788467
3.258667 205.473557
3.264000 208.287521
3.269333 208.641907
3.274667 208.605240
3.280000 104.023117
3.285333 103.378433
3.290667 103.403526
3.296000 103.536682
3.301333 104.238037
3.306667 473.699677
3.312000 470.140961
3.317333 468.656830
3.322667 468.761414
3.328000 469.385620
3.333333 312.985779
3.338667 313.066223
3.344000 461.327667
3.349333 461.013092
3.354667 463.010040
3.360000 308.147552
3.365333 308.101288
3.370667 231.735626
3.376000 231.843201
3.381333 311.102936
3.386667 473.413177
3.392000 134.022476
3.397333 134.064987
3.402667 134.097061
3.408000 84.656120
3.413333 306.995819
3.418667 306.307678
3.424000 305.874817
3.429333 66.634163
3.434667 66.589211
3.440000 66.581734
3.445333 66.557625
3.450667 77.948799
3.456000 66.479568
3.461333 66.539001
3.466667 77.946289
3.472000 66.485336
3.477333 66.542633
3.482667 66.564621
3.488000 66.491707
3.493333 66.402290
3.498667 66.420631
3.504000 66.018585
3.509333 65.557732
3.514667 65.601471
3.520000 466.753540
3.525333 466.480621
3.530667 465.834198
3.536000 465.353333
3.541333 465.704102
3.546667 466.665741
3.552000 467.606781
3.557333 467.856964
3.562667 466.975830
3.568000 155.101868
3.573333 466.431274
3.578667 248.923874
3.584000 249.630798
3.589333 250.411011
3.594667 251.071991
3.600000 251.158997
3.605333 250.592148
3.610667 249.450516
3.616000 247.471359
3.621333 244.950897
3.626667 242.512512
3.632000 240.574753
3.637333 239.531067
3.642667 238.600372
3.648000 237.912460
3.653333 238.042908
3.658667 238.946762
3.664000 240.302719
3.669333 241.788986
3.674667 244.166626
3.680000 249.004898
3.685333 251.861603
3.690667 254.450394
3.696000 255.813385
3.701333 257.020752
3.706667 259.283234
3.712000 260.887604
3.717333 262.231934
3.722667 262.907410
3.728000 263.241150
3.733333 263.649109
3.738667 264.012695
3.744000 265.960297
3.749333 260.806519
3.754667 260.850952
3.760000 260.654755
3.765333 265.559113
3.770667 265.423767
3.776000 265.448547
3.781333 258.907257
3.786667 258.485046
3.792000 255.470703
3.797333 254.656738
3.802667 259.230774
3.808000 259.290649
3.813333 86.158676
3.818667 86.158737
3.824000 65.803673
3.829333 65.803482
3.834667 76.880463
3.840000 65.821335
3.845333 73.301559
3.850667 69.540390
3.856000 68.218338
3.861333 3523.255615
3.866667 3521.675781
3.872000 3520.376709
3.877333 3532.229980
3.882667 3574.182617
3.888000 3626.251465
3.893333 3659.636475
3.898667 3664.180664
3.904000 3664.743408
3.909333 3678.400146
3.914667 3697.677979
3.920000 3713.834717
3.925333 3725.795166
3.930667 3733.620605
3.936000 3737.664062
3.941333 3732.548096
3.946667 3711.849609
3.952000 3689.311035
3.957333 0.000000
3.962667 0.000000
3.968000 132.558990
3.973333 131.002884
3.978667 128.062286
3.984000 110.149048
3.989333 104.780220
3.994667 97.991783
4.000000 107.134033
4.005333 119.082199
4.010667 129.292953
4.016000 147.984146
4.021333 119.690025
4.026667 94.178749
4.032000 79.716568
4.037333 69.491898
4.042666 69.530273
4.048000 69.469292
4.053333 59.535534
4.058667 69.420868
4.064000 69.467537
4.069334 69.406075
4.074667 69.323044
4.080000 69.371155
4.085333 69.503899
4.090667 69.636871
4.096000 139.304138
4.101333 139.017197
4.106667 138.875763
4.112000 138.917892
4.117333 69.399658
4.122667 69.462067
4.128000 69.512451
4.133333 69.549065
4.138667 69.522118
4.144000 69.398125
4.149333 69.285736
4.154667 69.255966
4.160000 69.292755
4.165333 69.442413
4.170667 69.516304
4.176000 69.443367
4.181334 69.433998
4.186666 69.383690
4.192000 69.110283
4.197333 69.082153
4.202667 69.217163
4.208000 69.790688
4.213333 69.775635
4.218667 69.110275
4.224000 68.916603
4.229333 69.297867
4.234667 69.732208
4.240000 69.671463
4.245333 69.568329
4.250667 69.650696
4.256000 69.654121
4.261333 69.372963
4.266667 69.218559
4.272000 69.254715
4.277333 69.376152
4.282667 69.352768
4.288000 69.075058
4.293334 68.927193
4.298666 69.190620
4.304000 69.575043
4.309333 69.275826
4.314667 69.258598
4.320000 69.306419
4.325333 69.571220
4.330667 69.233322
4.336000 68.775330
4.341333 69.285629
4.346667 69.721825
4.352000 69.497040
4.357333 69.368599
4.362667 69.443245
4.368000 69.524979
4.373333 69.404037
4.378667 69.180496
4.384000 69.215195
4.389333 69.372314
4.394667 69.442520
4.400000 235.951782
4.405334 236.983536
4.410666 369.076294
4.416000 369.511597
4.421333 143.510529
4.426667 273.381592
4.432000 243.431381
4.437333 241.922836
4.442667 241.264603
4.448000 241.310165
4.453333 242.232346
4.458667 243.458054
4.464000 244.210602
4.469333 244.101868
4.474667 243.404739
4.480000 242.969757
4.485333 242.033752
4.490667 238.635406
4.496000 237.284668
4.501333 234.642517
4.506667 231.930847
4.512000 230.399277
4.517334 229.685837
4.522666 229.524979
4.528000 229.484543
4.533333 229.594009
4.538667 231.089722
4.544000 233.419037
4.549333 235.920258
4.554667 237.540726
4.560000 239.197449
4.565333 242.076416
4.570667 246.133545
4.576000 249.967499
4.581333 253.638870
4.586667 255.536575
4.592000 257.759033
4.597333 260.358551
4.602667 263.187622
4.608000 264.777405
4.613333 265.710785
4.618667 266.141724
4.624000 265.728027
4.629333 264.524933
4.634666 263.707092
4.640000 263.064026
4.645333 254.494507
4.650667 130.841660
4.656000 83.917686
4.661334 83.768013
4.666667 68.676064
4.672000 68.678543
4.677333 5955.648438
4.682667 5795.215820
4.688000 5519.853516
4.693333 5517.444336
4.698667 5682.648926
4.704000 5813.416016
4.709333 69.633049
4.714667 69.233902
4.720000 69.173195
4.725333 69.170441
4.730667 69.496536
4.736000 69.529114
4.741333 69.551041
4.746666 68.815834
4.752000 69.001724
4.757333 68.990990
4.762667 69.399475
4.768000 69.326248
4.773334 69.276733
4.778666 69.309006
4.784000 69.288818
4.789333 68.784485
4.794667 68.766220
4.800000 68.977791
4.805333 69.136978
4.810667 69.182312
4.816000 69.267242
4.821333 69.326904
4.826667 69.287476
4.832000 69.212898
4.837333 69.084419
4.842667 69.108353
4.848000 69.144218
4.853333 69.148026
4.858667 498.311371
4.864000 495.299957
4.869333 497.729095
4.874667 1412.189819
4.880000 1397.390015
4.885334 531.103333
4.890666 196.157867
4.896000 196.857101
4.901333 326.750153
4.906667 328.516602
4.912000 298.789825
4.917333 679.179382
4.922667 669.842346
4.928000 665.801941
4.933333 660.225464
4.938667 213.919540
4.944000 210.208649
4.949333 205.804810
4.954667 205.014893
4.960000 205.063232
4.965333 205.311829
4.970667 194.946793
4.976000 194.154877
4.981333 193.519089
4.986667 193.123474
4.992000 193.407837
4.997334 194.419144
5.002666 195.358200
5.008000 203.729492
5.013333 204.683578
5.018667 205.203430
5.024000 205.947433
5.029333 207.308350
5.034667 207.853928
5.040000 208.373199
5.045333 208.929428
5.050667 209.274460
5.056000 209.458313
5.061333 209.745926
5.066667 210.139145
5.072000 210.275482
5.077333 210.053940
5.082667 209.797897
5.088000 209.468658
5.093333 208.897903
5.098667 69.755371
5.104000 68.688454
5.109334 68.436630
5.114666 68.482735
5.120000 10969.072266
5.125333 3608.135986
5.130667 3620.991943
5.136000 3631.949219
5.141333 3644.395264
5.146667 3665.864746
5.152000 3680.258545
5.157333 3673.503906
5.162667 3670.585205
5.168000 3668.435547
5.173333 3648.348877
5.178667 3610.917969
5.184000 3594.156006
5.189333 3609.916504
5.194667 3609.342529
5.200000 3569.013916
5.205333 3530.992676
5.210667 3525.479980
5.216000 3557.223145
5.221334 3594.045898
5.226666 3614.107422
5.232000 3614.184814
5.237333 3586.041992
5.242667 197.557083
5.248000 197.078613
5.253334 69.249702
5.258667 144.491028
5.264000 197.709183
5.269333 68.969749
5.274667 68.847389
5.280000 144.299957
5.285333 144.473557
5.290667 69.075615
5.296000 142.473190
5.301333 142.273132
5.306667 46.875000
5.312000 69.420349
5.317333 10652.501953
5.322667 113.864433
5.328000 0.000000
5.333333 0.000000
5.338666 259.395966
5.344000 245.373169
5.349333 245.839539
5.354667 246.850739
5.360000 247.785645
5.365334 248.057434
5.370667 247.878387
5.376000 247.561478
5.381333 246.962921
5.386667 245.333542
5.392000 242.322876
5.397333 239.784790
5.402667 237.041992
5.408000 235.886673
5.413333 234.746841
5.418667 234.075867
5.424000 234.037308
5.429333 234.452591
5.434667 236.357056
5.440000 240.132355
5.445333 242.515076
5.450667 244.716049
5.456000 247.546082
5.461333 250.561279
5.466667 254.385544
5.472000 256.809418
5.477334 258.722778
5.482666 260.689911
5.488000 262.621368
5.493333 263.281433
5.498667 263.380615
5.504000 263.178101
5.509333 262.747650
5.514667 262.375549
5.520000 262.033997
5.525333 261.705261
5.530667 261.949707
5.536000 263.021088
5.541333 263.720886
5.546667 263.831299
5.552000 263.699371
5.557333 263.474457
5.562667 263.358368
5.568000 263.722748
5.573333 263.653717
5.578667 263.336487
5.584000 263.317902
5.589334 263.458801
5.594666 263.721069
5.600000 264.154602
5.605333 66.196823
5.610667 65.281555
5.616000 64.328598
5.621333 3787.714600
5.626667 7710.294434
5.632000 7827.559082
5.637333 3774.058838
5.642667 3774.239990
5.648000 3771.124756
5.653333 3768.735352
5.658667 3775.224854
5.664000 3796.471924
5.669333 3840.553711
5.674667 3904.091309
5.680000 3903.049072
5.685333 3890.098633
5.690667 3899.152832
5.696000 3926.330078
5.701334 3951.072266
5.706666 3935.074707
5.712000 3869.395264
5.717333 3824.738037
5.722667 488.617737
5.728000 231.272720
5.733333 232.298965
5.738667 232.416702
5.744000 232.124664
5.749333 234.175537
5.754667 117.551575
5.760000 0.000000
5.765333 0.000000
5.770667 131.588989
5.776000 127.857063
5.781333 124.821419
5.786667 105.998825
5.792000 103.303276
5.797333 105.871407
5.802667 109.632896
5.808000 115.545380
5.813334 139.454102
5.818666 140.237701
5.824000 130.291992
5.829333 92.578300
5.834667 92.450920
5.840000 83.494904
5.845333 83.485786
5.850667 92.622498
5.856000 104.303917
5.861333 104.282646
5.866667 87.733566
5.872000 69.554710
5.877333 69.523056
5.882667 69.559814
5.888000 88.009201
5.893333 50.346874
5.898667 87.894783
5.904000 69.935486
5.909333 70.064789
5.914667 87.291878
5.920000 87.804298
5.925333 88.087700
5.930666 88.112923
5.936000 88.020432
5.941333 88.115540
5.946667 88.232018
5.952000 84.746269
5.957334 84.833694
5.962667 88.145752
5.968000 85.833450
5.973333 86.562027
5.978667 88.108345
5.984000 88.094688
5.989333 88.195023
5.994667 91.052544
6.000000 0.000000
6.005333 205.063858
6.010667 205.395981
6.016000 205.904648
6.021333 92.902313
6.026667 84.298508
6.032000 84.219208
6.037333 88.968590
6.042666 88.680283
6.048000 87.794914
6.053333 70.370979
6.058667 70.273949
6.064000 70.178116
6.069334 70.350258
6.074667 70.698166
6.080000 70.813171
6.085333 117.785713
6.090667 86.413582
6.096000 86.457329
6.101333 118.070778
6.106667 117.841873
6.112000 70.492661
6.117333 70.405640
6.122667 87.104187
6.128000 92.340622
6.133333 116.799469
6.138667 70.406357
6.144000 70.779129
6.149333 112.660851
6.154667 109.128563
6.160000 112.012962
6.165333 115.114326
6.170667 123.174446
6.176000 110.371864
6.181334 110.141533
6.186666 106.266594
6.192000 105.518456
6.197333 106.556396
6.202667 106.762230
6.208000 367.211304
6.213333 367.044830
6.218667 366.510498
6.224000 353.854401
6.229333 353.902557
6.234667 354.212341
6.240000 354.259735
6.245333 353.461487
6.250667 352.420624
6.256000 352.067688
6.261333 351.845337
6.266667 350.962158
6.272000 374.389587
6.277333 377.663635
6.282667 378.156860
6.288000 464.526581
6.293334 464.532623
6.298666 464.473694
6.304000 464.363617
6.309333 464.278839
6.314667 464.364105
6.320000 464.518951
6.325333 464.559601
6.330667 464.595642
6.336000 465.182953
6.341333 469.093109
6.346667 346.542175
6.352000 173.251541
6.357333 173.709793
6.362667 346.856628
6.368000 345.736755
6.373333 345.320709
6.378667 173.393707
6.384000 174.433914
6.389333 173.684937
6.394667 493.631042
6.400000 494.097137
6.405334 494.616211
6.410666 490.466431
6.416000 473.232758
6.421333 86.802467
6.426667 87.386040
6.432000 87.724983
6.437333 87.323166
6.442667 347.248718
6.448000 345.860718
6.453333 0.000000
6.458667 92.362549
6.464000 86.323616
6.469333 84.471344
6.474667 84.348961
6.480000 85.939247
6.485333 88.383408
6.490667 88.102310
6.496000 85.256088
6.501333 85.223495
6.506667 85.656181
6.512000 85.999985
6.517334 85.718704
6.522666 85.452927
6.528000 85.549713
6.533333 86.205002
6.538667 86.517906
6.544000 85.409927
6.549333 84.992348
6.554667 85.430061
6.560000 87.875175
6.565333 88.372787
6.570667 85.570557
6.576000 84.593933
6.581333 85.345749
6.586667 86.825172
6.592000 86.205330
6.597333 85.370117
6.602667 85.060959
6.608000 85.394814
6.613333 86.630981
6.618667 87.015289
6.624000 87.545143
6.629333 87.602455
6.634666 87.369507
6.640000 357.764893
6.645333 356.181488
6.650667 354.895172
6.656000 354.818481
6.661334 50.272736
6.666667 0.000000
6.672000 0.000000
6.677333 130.685608
6.682667 127.162003
6.688000 104.371025
6.693333 103.111816
6.698667 102.999733
6.704000 107.942429
6.709333 114.653122
6.714667 126.774940
6.720000 137.295135
6.725333 132.023697
6.730667 118.382057
6.736000 92.499100
6.741333 83.386429
6.746666 83.266014
6.752000 47.507584
6.757333 47.510548
6.762667 92.570221
6.768000 87.871597
6.773334 83.310272
6.778666 69.381561
6.784000 64.013924
6.789333 47.558239
6.794667 47.545670
6.800000 87.799904
6.805333 69.637543
6.810667 69.626587
6.816000 50.435425
6.821333 50.362434
6.826667 87.375992
6.832000 87.214615
6.837333 87.346344
6.842667 87.614693
6.848000 87.749641
6.853333 87.261124
6.858667 84.965240
6.864000 85.058189
6.869333 85.468788
6.874667 90.794403
6.880000 85.224121
6.885334 85.003983
6.890666 85.055473
6.896000 85.244705
6.901333 91.340019
6.906667 86.214348
6.912000 88.404808
6.917333 88.380806
6.922667 88.317879
6.928000 87.328072
6.933333 87.322220
6.938667 87.269569
6.944000 356.152191
6.949333 368.434845
6.954667 361.504303
6.960000 69.579491
6.965333 352.914459
6.970667 351.111237
6.976000 351.992462
6.981333 69.718559
6.986667 362.658783
6.992000 367.086792
6.997334 365.242950
7.002666 359.459473
7.008000 189.425797
7.013333 184.369858
7.018667 184.518372
7.024000 154.379211
7.029333 143.554291
7.034667 149.478775
7.040000 150.676224
7.045333 157.643295
7.050667 158.496262
7.056000 154.948212
7.061333 153.946487
7.066667 153.223694
7.072000 153.228165
7.077333 154.054596
7.082667 156.964691
7.088000 158.717209
7.093333 160.287369
7.098667 161.783478
7.104000 162.904053
7.109334 167.104263
7.114666 168.534561
7.120000 169.909729
7.125333 171.096268
7.130667 176.056091
7.136000 177.578293
7.141333 182.605087
7.146667 185.550735
7.152000 191.994049
7.157333 194.643082
7.162667 201.784973
7.168000 204.231888
7.173333 206.338181
7.178667 210.092407
7.184000 211.544952
7.189333 212.867722
7.194667 213.046387
7.200000 212.179245
7.205333 211.357742
7.210667 210.738358
7.216000 209.145844
7.221334 208.741486
7.226666 208.632294
7.232000 208.451736
7.237333 1028.629395
7.242667 1031.234375
7.248000 5343.969727
7.253334 5686.996582
7.258667 5702.659180
7.264000 5460.137207
7.269333 5238.180176
7.274667 5162.885742
7.280000 5336.081543
7.285333 5732.486816
7.290667 5854.409668
7.296000 5486.827637
7.301333 9799.811523
7.306667 10378.005859
7.312000 11042.734375
7.317333 0.000000
7.322667 4016.465088
7.328000 4211.858398
7.333333 4379.852539
7.338666 4402.303223
7.344000 2421.413574
7.349333 2415.712646
7.354667 222.304962
7.360000 222.068466
7.365334 221.957886
7.370667 226.224411
7.376000 226.198013
7.381333 222.484634
7.386667 221.843536
7.392000 219.259949
7.397333 218.019516
7.402667 215.381378
7.408000 214.439636
7.413333 211.177948
7.418667 207.347488
7.424000 204.282318
7.429333 203.246994
7.434667 200.683273
7.440000 200.393890
7.445333 200.409348
7.450667 200.696899
7.456000 203.292603
7.461333 204.166855
7.466667 207.584656
7.472000 209.489410
7.477334 210.320984
7.482666 210.639374
7.488000 210.838348
7.493333 210.932495
7.498667 203.805786
7.504000 214.567978
7.509333 214.620163
7.514667 222.623886
7.520000 222.688492
7.525333 226.247437
7.530667 225.868240
7.536000 222.214462
7.541333 222.069443
7.546667 221.161255
7.552000 218.553238
7.557333 216.420135
7.562667 213.178391
7.568000 210.294800
7.573333 207.871002
7.578667 202.611191
7.584000 200.065430
7.589334 198.716095
7.594666 198.000229
7.600000 197.504776
7.605333 197.427704
7.610667 198.243210
7.616000 200.669678
7.621333 210.126007
7.626667 208.847168
7.632000 208.726135
7.637333 210.072586
7.642667 211.645569
7.648000 213.586945
7.653333 214.959961
7.658667 216.485458
7.664000 217.406067
7.669333 217.183426
7.674667 215.854675
7.680000 213.474884
7.685333 211.412842
7.690667 209.203659
7.696000 207.568893
7.701334 205.642029
7.706666 204.200745
7.712000 203.770813
7.717333 203.310989
7.722667 202.615875
7.728000 202.506134
7.733333 202.626328
7.738667 202.841446
7.744000 203.416779
7.749333 204.139297
7.754667 204.725067
7.760000 206.321976
7.765333 207.827774
7.770667 208.753510
7.776000 209.625153
7.781333 210.982285
7.786667 213.178238
7.792000 214.598862
7.797333 215.509644
7.802667 216.903580
7.808000 217.482452
7.813334 217.507935
7.818666 217.148911
7.824000 216.472351
7.829333 215.979538
7.834667 215.481796
7.840000 214.486023
7.845333 213.510803
7.850667 212.696198
7.856000 211.572830
7.861333 210.200897
7.866667 209.069183
7.872000 208.717621
7.877333 208.453796
7.882667 208.162918
7.888000 208.058212
7.893333 208.069122
7.898667 208.061081
7.904000 208.089432
7.909333 208.079956
7.914667 207.811646
7.920000 206.863846
7.925333 202.342499
7.930666 96.394234
7.936000 201.656982
7.941333 204.473495
7.946667 206.185532
7.952000 207.134628
7.957334 207.796799
7.962667 208.120422
7.968000 208.353790
7.973333 208.637756
7.978667 208.865601
7.984000 208.985596
7.989333 209.028214
7.994667 208.982132
8.000000 208.857880
8.005333 208.664047
8.010667 208.242508
8.016000 207.645477
8.021334 206.992905
8.026667 205.797195
8.032000 204.761398
8.037333 204.153885
8.042666 203.283173
8.048000 202.662521
8.053333 202.711456
8.058666 203.382568
8.064000 203.630264
8.069333 203.428192
8.074667 4013.193359
8.080000 4016.745850
8.085333 4038.259277
8.090667 4061.082520
8.096000 4061.568848
8.101334 4039.840576
8.106667 4045.283203
8.112000 4111.691406
8.117333 4142.303711
8.122666 4093.183594
8.128000 3953.340576
8.133333 3814.717041
8.138667 3893.065918
8.144000 3973.952393
8.149333 3928.564209
8.154667 3707.610840
8.160000 3452.427490
8.165334 3333.145020
8.170667 3239.528076
8.176000 3092.362549
8.181334 3051.043701
8.186666 196.423233
8.192000 197.073532
8.197333 186.470657
8.202666 186.288254
8.208000 184.921127
8.213333 183.701477
8.218667 183.381958
8.224000 183.409729
8.229333 183.519882
8.234667 183.499435
8.240000 182.773849
8.245334 174.060242
8.250667 169.030792
8.256000 167.688141
8.261333 167.591583
8.266666 170.386719
8.272000 169.887589
8.277333 85.187088
8.282666 180.917267
8.288000 181.798737
8.293333 184.384964
8.298667 190.864822
8.304000 200.457169
8.309334 203.657196
8.314667 205.084137
8.320000 207.419495
8.325334 210.111618
8.330667 213.323563
8.336000 216.161194
8.341333 217.905029
8.346666 219.414688
8.352000 220.447464
8.357333 220.709381
8.362667 220.629898
8.368000 220.230850
8.373333 219.566055
8.378667 218.997299
8.384000 228.373886
8.389334 227.077881
8.394667 226.507050
8.400000 227.402878
8.405334 228.450287
8.410666 229.372482
8.416000 230.204056
8.421333 231.072342
8.426666 231.855057
8.432000 232.333130
8.437333 231.971939
8.442667 229.643555
8.448000 230.506104
8.453333 464.630035
8.458667 468.615570
8.464000 472.072876
8.469334 476.555908
8.474667 483.680023
8.480000 267.200500
8.485333 270.251373
8.490666 137.564636
8.496000 256.705872
8.501333 255.648773
8.506667 505.439850
8.512000 503.262665
8.517333 256.152710
8.522667 258.233154
8.528000 260.939728
8.533334 261.311005
8.538667 260.474792
8.544000 264.608429
8.549334 251.771118
8.554667 244.921982
8.560000 237.044571
8.565333 233.735092
8.570666 209.786606
8.576000 209.326889
8.581333 418.875122
8.586667 416.080017
8.592000 412.386139
8.597333 407.333252
8.602667 353.322418
8.608000 349.357849
8.613334 349.386749
8.618667 180.641693
8.624000 180.932648
8.629333 168.284836
8.634666 165.560364
8.640000 165.331711
8.645333 165.675507
8.650666 165.954254
8.656000 166.156204
8.661333 166.405853
8.666667 166.750549
8.672000 167.159851
8.677333 167.563293
8.682667 167.835648
8.688000 167.883820
8.693334 167.737579
8.698667 167.521286
8.704000 167.306747
8.709333 167.073151
8.714666 166.724716
8.720000 166.176849
8.725333 165.429016
8.730667 164.869476
8.736000 165.074280
8.741333 167.791351
8.746667 168.193176
8.752000 168.354996
8.757334 168.233582
8.762667 167.982819
8.768000 167.715622
8.773334 167.376297
8.778666 167.118423
8.784000 167.055008
8.789333 167.168320
8.794666 176.729614
8.800000 176.971710
8.805333 3368.401855
8.810667 182.227692
8.816000 181.735992
8.821333 179.747894
8.826667 178.794540
8.832000 187.583115
8.837334 178.693542
8.842667 170.527100
8.848000 170.484558
8.853333 170.467682
8.858666 170.507462
8.864000 170.586060
8.869333 170.094406
8.874666 161.485489
8.880000 168.268753
8.885333 3538.587402
8.890667 3537.554688
8.896000 3543.372803
8.901334 138.494980
8.906667 138.685532
8.912000 138.724121
8.917334 133.560501
8.922667 3640.406738
8.928000 3683.787842
8.933333 3642.583984
8.938666 3560.766357
8.944000 211.297531
8.949333 210.603073
8.954667 208.787430
8.960000 207.695374
8.965333 206.578094
8.970667 205.630814
8.976000 205.941864
8.981334 206.547165
8.986667 206.957947
8.992000 207.168716
8.997334 207.059799
9.002666 206.354492
9.008000 205.346649
9.013333 204.588058
9.018666 203.621918
9.024000 202.680954
9.029333 203.147476
9.034667 203.912766
9.040000 205.332275
9.045333 207.021576
9.050667 209.406357
9.056000 210.682648
9.061334 210.768707
9.066667 215.137543
9.072000 215.241058
9.077333 206.438004
9.082666 7843.212402
9.088000 7849.389648
9.093333 7732.457520
9.098666 7622.554199
9.104000 7661.188477
9.109333 7795.947754
9.114667 8053.955566
9.120000 8577.160156
9.125334 8956.811523
9.130667 9188.812500
9.136000 9387.096680
9.141334 9515.477539
9.146667 9518.000000
9.152000 5126.088867
9.157333 229.318878
9.162666 227.885117
9.168000 224.730881
9.173333 222.988297
9.178667 213.619629
9.184000 209.683731
9.189333 207.036926
9.194667 205.887924
9.200000 205.710205
9.205334 206.496902
9.210667 207.478180
9.216000 208.119308
9.221334 208.599121
9.226666 208.929306
9.232000 209.016418
9.237333 208.546219
9.242666 207.500229
9.248000 206.571655
9.253333 205.902588
9.258667 205.343872
9.264000 204.311615
9.269333 203.274521
9.274667 202.745544
9.280000 202.385101
9.285334 201.773575
9.290667 200.825363
9.296000 203.346863
9.301333 204.458847
9.306666 205.642075
9.312000 206.770569
9.317333 207.400635
9.322667 208.252441
9.328000 209.727737
9.333333 210.436874
9.338667 209.191956
9.344000 206.016449
9.349334 202.750687
9.354667 199.192276
9.360000 195.242767
9.365334 190.743851
9.370667 184.932480
9.376000 180.388901
9.381333 176.799713
9.386666 2625.151611
9.392000 2638.446045
9.397333 2678.874023
9.402667 2771.190186
9.408000 186.389404
9.413333 199.930847
9.418667 212.451736
9.424000 212.599243
9.429334 213.063690
9.434667 213.413803
9.440000 213.430435
9.445333 213.037109
9.450666 212.394135
9.456000 211.602875
9.461333 210.673080
9.466666 209.911713
9.472000 209.137680
9.477333 208.334412
9.482667 207.672638
9.488000 207.228943
9.493333 206.992828
9.498667 206.802307
9.504000 206.463181
9.509334 206.179489
9.514667 415.467041
9.520000 183.712265
9.525333 166.545349
9.530666 416.268921
9.536000 416.082245
9.541333 415.923737
9.546667 415.475555
9.552000 414.996399
9.557333 415.023682
9.562667 415.556519
9.568000 415.219849
9.573334 416.578796
9.578667 4078.577637
9.584000 4212.927246
9.589334 4235.519043
9.594666 4110.426270
9.600000 3938.469238
9.605333 3825.115234
9.610666 3768.455322
9.616000 3732.078613
9.621333 3684.741699
9.626667 3615.058594
9.632000 3510.688721
9.637333 358.523651
9.642667 360.345520
9.648000 362.606232
9.653334 496.581055
9.658667 504.937195
9.664000 511.859711
9.669333 521.489746
9.674666 532.007019
9.680000 538.725647
9.685333 539.735291
9.690666 265.420044
9.696000 264.919464
9.701333 265.004242
9.706667 265.014343
9.712000 265.142487
9.717334 265.250458
9.722667 265.098999
9.728000 264.837097
9.733334 264.893524
9.738667 265.581299
9.744000 263.974274
9.749333 263.608002
9.754666 201.603836
9.760000 201.402420
9.765333 101.176025
9.770667 215.961578
9.776000 215.841187
9.781333 214.473679
9.786667 212.590958
9.792000 207.447769
9.797334 203.004120
9.802667 202.956390
9.808000 203.851227
9.813334 200.619934
9.818666 199.848724
9.824000 199.370712
9.829333 199.374893
9.834666 199.819855
9.840000 200.537857
9.845333 210.121307
9.850667 212.714233
9.856000 212.133972
9.861333 211.232513
9.866667 261.625671
9.872000 260.643250
9.877334 261.028503
9.882667 261.854370
9.888000 262.303436
9.893333 261.642151
9.898666 260.498138
9.904000 509.571747
9.909333 506.512726
9.914667 505.607483
9.920000 261.436890
9.925333 263.290955
9.930667 263.484558
9.936000 263.244568
9.941334 262.953583
9.946667 262.114960
9.952000 304.218689
9.957334 304.852600
9.962667 104.103256
9.968000 104.611382
9.973333 189.575195
9.978666 343.285278
9.984000 157.051331
9.989333 157.337936
9.994667 159.010498
10.000000 160.836243
10.005333 161.892990
10.010667 162.001587
10.016000 161.718445
10.021334 174.058578
10.026667 89.450890
10.032000 89.513359
10.037333 88.627693
10.042666 203.191696
10.048000 298.159576
10.053333 296.290039
10.058666 299.098938
10.064000 4099.368652
10.069333 246.518417
10.074667 246.292084
10.080000 892.562744
10.085333 295.823029
10.090667 0.000000
10.096000 273.351654
10.101334 207.965591
10.106667 212.309860
10.112000 212.617584
10.117333 213.181625
10.122666 213.399979
10.128000 213.727722
10.133333 223.587891
10.138667 226.065414
10.144000 228.550018
10.149333 229.895645
10.154667 230.822586
10.160000 230.947037
10.165334 230.552780
10.170667 229.829681
10.176000 228.487457
10.181334 227.314896
10.186666 227.059540
10.192000 226.917465
10.197333 226.095016
10.202666 224.808319
10.208000 224.511612
10.213333 225.658325
10.218667 226.872833
10.224000 227.881653
10.229333 228.941177
10.234667 230.961060
10.240000 232.807236
10.245334 233.827225
10.250667 234.975815
10.256000 235.744644
10.261333 236.297668
10.266666 238.063461
10.272000 240.392792
10.277333 241.025116
10.282666 241.176147
10.288000 242.215332
10.293333 243.560135
10.298667 244.519287
10.304000 246.526382
10.309334 250.233414
10.314667 251.740341
10.320000 252.312057
10.325334 254.310684
10.330667 258.682190
10.336000 261.755341
10.341333 263.262177
10.346666 263.897278
10.352000 264.694763
10.357333 265.286530
10.362667 261.332794
10.368000 250.327774
10.373333 246.089218
10.378667 244.085251
10.384000 242.611115
10.389334 238.292450
10.394667 210.077820
10.400000 207.379639
10.405334 403.420654
10.410666 396.667450
10.416000 375.867493
10.421333 388.800812
10.426666 398.842468
10.432000 344.093628
10.437333 167.416580
10.442667 167.718277
10.448000 167.412399
10.453333 166.503464
10.458667 166.285309
10.464000 166.727783
10.469334 167.053009
10.474667 333.651428
10.480000 335.515106
10.485333 337.069305
10.490666 334.250214
10.496000 333.993622
10.501333 165.376846
10.506667 166.193695
10.512000 166.833191
10.517333 166.527725
10.522667 323.130737
10.528000 319.111145
10.533334 317.429657
10.538667 317.562164
10.544000 319.167175
10.549334 320.920837
10.554667 321.712158
10.560000 321.689728
10.565333 321.004669
10.570666 319.784515
10.576000 319.529755
10.581333 320.106384
10.586667 319.711884
10.592000 317.868896
10.597333 158.154755
10.602667 157.091507
10.608000 156.911316
10.613334 313.793304
10.618667 313.292328
10.624000 313.406189
10.629333 186.777786
10.634666 183.307861
10.640000 153.877777
10.645333 3995.604980
10.650666 4062.850098
10.656000 315.702911
10.661333 317.937653
10.666667 319.036346
10.672000 319.495605
10.677333 319.976257
10.682667 307.066376
10.688000 229.765549
10.693334 3799.586182
10.698667 3787.190186
10.704000 3750.914062
10.709333 3725.550293
10.714666 3732.040771
10.720000 3791.931396
10.725333 3868.664307
10.730667 3867.463623
10.736000 320.226746
10.741333 320.061157
10.746667 319.596954
10.752000 471.719727
10.757334 473.300293
10.762667 236.122635
10.768000 236.610580
10.773334 236.389313
10.778666 234.387436
10.784000 233.195541
10.789333 229.818710
10.794666 158.287735
10.800000 222.417526
10.805333 222.552933
10.810667 106.503952
10.816000 106.502724
10.821333 213.673508
10.826667 213.076965
10.832000 211.977081
10.837334 210.821945
10.842667 209.784836
10.848000 208.622360
10.853333 206.756653
10.858666 204.797607
10.864000 202.623428
10.869333 201.445282
10.874666 199.293457
10.880000 199.111588
10.885333 199.496414
10.890667 200.131241
10.896000 201.758392
10.901334 204.286484
10.906667 207.624588
10.912000 209.296234
10.917334 211.772430
10.922667 213.240311
10.928000 214.276337
10.933333 215.139771
10.938666 215.757172
10.944000 215.856522
10.949333 215.439484
10.954667 214.953934
10.960000 214.773178
10.965333 207.526443
10.970667 218.280121
10.976000 222.075699
10.981334 202.104507
10.986667 93.861458
10.992000 93.875580
10.997334 204.008408
11.002666 204.137848
11.008000 204.954041
11.013333 208.315247
11.018666 208.059982
11.024000 208.008896
11.029333 208.722809
11.034667 209.224701
11.040000 210.569092
11.045333 215.070190
11.050667 214.948486
11.056000 214.664841
11.061334 211.999466
11.066667 212.163818
11.072000 7433.401855
11.077333 7654.501953
11.082666 7740.775391
11.088000 7708.873535
11.093333 7606.431641
11.098666 7473.299805
11.104000 7468.714844
11.109333 7658.997070
11.114667 2644.003662
11.120000 7908.799805
11.125334 7886.078125
11.130667 7850.690918
11.136000 7750.734863
11.141334 7618.830078
11.146667 7569.031738
11.152000 7587.382812
11.157333 4162.429688
11.162666 4258.627930
11.168000 4320.842773
11.173333 4258.970215
11.178667 4158.012695
11.184000 0.000000
11.189333 0.000000
11.194667 131.228882
11.200000 127.575081
11.205334 103.933220
11.210667 102.516815
11.216000 102.531921
11.221334 109.035706
11.226666 116.311134
11.232000 124.406120
11.237333 47.011742
11.242666 118.684326
11.248000 113.504059
11.253333 108.882568
11.258667 72.646927
11.264000 72.537949
11.269333 72.367546
11.274667 104.319489
11.280000 104.520760
11.285334 104.441536
11.290667 104.292435
11.296000 103.231316
11.301333 212.089539
11.306666 212.164581
11.312000 211.179794
11.317333 209.486877
11.322667 208.909775
11.328000 208.779922
11.333333 208.990372
11.338667 209.569870
11.344000 210.717743
11.349334 212.128067
11.354667 204.154800
11.360000 205.412308
11.365334 207.298752
11.370667 211.843643
11.376000 213.606155
11.381333 214.555557
11.386666 215.690018
11.392000 216.281647
11.397333 215.978745
11.402667 214.828598
11.408000 213.548355
11.413333 212.205917
11.418667 211.137970
11.424000 209.006195
11.429334 207.714508
11.434667 198.536865
11.440000 197.797089
11.445333 197.457443
11.450666 197.671402
11.456000 198.376953
11.461333 190.607895
11.466666 191.004288
11.472000 192.152786
11.477333 7327.023438
11.482667 7164.035645
11.488000 6808.996582
11.493333 3617.236084
11.498667 2522.193359
11.504000 6860.280273
11.509334 7079.690430
11.514667 7065.629883
11.520000 6988.823242
11.525333 7000.934082
11.530666 7236.109375
11.536000 7548.434082
11.541333 220.233337
11.546667 220.886902
11.552000 221.910217
11.557333 222.613358
11.562667 223.292664
11.568000 223.071747
11.573334 222.186966
11.578667 220.588364
11.584000 217.517517
11.589334 215.481400
11.594666 212.987610
11.600000 210.268204
11.605333 206.889435
11.610666 205.234619
11.616000 204.480118
11.621333 203.423950
11.626667 203.181213
11.632000 203.044434
11.637333 202.951508
11.642667 203.074371
11.648000 203.142365
11.653334 204.286423
11.658667 205.224136
11.664000 207.531738
11.669333 207.431198
11.674666 207.788696
11.680000 208.212585
11.685333 210.012268
11.690666 210.340988
11.696000 211.628616
11.701333 225.365402
11.706667 227.197647
11.712000 231.046783
11.717334 105.677917
11.722667 105.322716
11.728000 207.139984
11.733334 207.300064
11.738667 206.343033
11.744000 204.581726
11.749333 202.928055
11.754666 200.946381
11.760000 189.386505
11.765333 186.369980
11.770667 184.802368
11.776000 183.996582
11.781333 183.282730
11.786667 182.735687
11.792000 182.337128
11.797334 173.492142
11.802667 173.667938
11.808000 172.647934
11.813334 83.848099
11.818666 163.197891
11.824000 163.178223
11.829333 148.624512
11.834666 148.249908
11.840000 148.189041
11.845333 193.846619
11.850667 230.587753
11.856000 3190.874756
11.861333 3175.835938
11.866667 3199.399902
11.872000 145.616989
11.877334 142.529129
11.882667 142.934143
11.888000 3488.465820
11.893333 3488.071045
11.898666 3504.117432
11.904000 3520.583252
11.909333 463.777557
11.914667 450.863617
11.920000 448.209808
11.925333 229.499329
11.930667 230.319153
11.936000 230.496536
11.941334 229.667435
11.946667 225.201660
11.952000 222.823410
11.957334 222.010071
11.962667 221.303009
11.968000 220.159088
11.973333 218.466370
11.978666 216.599747
11.984000 211.536713
11.989333 210.508469
11.994667 210.323563
12.000000 210.176727
12.005333 209.771286
12.010667 209.574280
12.016000 506.790710
12.021334 506.138428
12.026667 76.590645
12.032000 295.992340
12.037333 293.484528
12.042666 505.138092
12.048000 497.036285
12.053333 496.338440
12.058666 497.291504
12.064000 496.856384
12.069333 495.640228
12.074667 496.008484
12.080000 499.423737
12.085333 496.231689
12.090667 492.861206
12.096000 288.743683
12.101334 286.165680
12.106667 242.349380
12.112000 243.561401
12.117333 247.038727
12.122666 249.294571
12.128000 132.166641
12.133333 131.201675
12.138667 417.122681
12.144000 413.913727
12.149333 413.595459
12.154667 413.712738
12.160000 414.237061
12.165334 205.028595
12.170667 204.092117
12.176000 192.414871
12.181334 187.833572
12.186666 184.789688
12.192000 183.286896
12.197333 182.789993
12.202666 182.236893
12.208000 181.525162
12.213333 168.427872
12.218667 168.378586
12.224000 168.492630
12.229333 178.669571
12.234667 181.085388
12.240000 181.593491
12.245334 181.768570
12.250667 181.235352
12.256000 180.742142
12.261333 181.056488
12.266666 181.402985
12.272000 181.418503
12.277333 180.822342
12.282666 179.707245
12.288000 177.662872
12.293333 175.892487
12.298667 170.647354
12.304000 169.538330
12.309334 169.555344
12.314667 169.709076
12.320000 170.645126
12.325334 171.128601
12.330667 170.935486
12.336000 170.803116
12.341333 170.981064
12.346666 171.206833
12.352000 171.295853
12.357333 171.462158
12.362667 171.491348
12.368000 171.121353
12.373333 170.995392
12.378667 171.090500
12.384000 171.308243
12.389334 171.337006
12.394667 170.853790
12.400000 170.190964
12.405334 168.857056
12.410666 167.404724
12.416000 166.931442
12.421333 167.083130
12.426666 167.788605
12.432000 163.518860
12.437333 161.469772
12.442667 157.225235
12.448000 183.094925
12.453333 182.992081
12.458667 188.727203
12.464000 174.959671
12.469334 175.337204
12.474667 169.039246
12.480000 172.606735
12.485333 8152.158203
12.490666 8422.015625
12.496000 8662.756836
12.501333 8803.364258
12.506667 9054.002930
12.512000 9517.068359
12.517333 10045.808594
12.522667 10604.355469
12.528000 11025.746094
12.533334 11248.267578
12.538667 0.000000
12.544000 3701.349854
12.549334 3793.890137
12.554667 284.274414
12.560000 284.182953
12.565333 239.402054
12.570666 217.581253
12.576000 218.109222
12.581333 220.198502
12.586667 221.272034
12.592000 221.351608
12.597333 220.435852
12.602667 217.677948
12.608000 215.150711
12.613334 213.405991
12.618667 210.822617
12.624000 208.220078
12.629333 206.816696
12.634666 204.792267
12.640000 203.772964
12.645333 203.711014
12.650666 199.063400
12.656000 198.709030
12.661333 198.885757
12.666667 199.280701
12.672000 200.002106
12.677333 201.224152
12.682667 203.211731
12.688000 207.540100
12.693334 208.852615
12.698667 210.162399
12.704000 211.461044
12.709333 212.646622
12.714666 213.747833
12.720000 214.379105
12.725333 214.542358
12.730667 425.212524
12.736000 419.747589
12.741333 206.377396
12.746667 174.151642
12.752000 173.799332
12.757334 201.241928
12.762667 212.519806
12.768000 204.748795
12.773334 206.856125
12.778666 209.291397
12.784000 210.074203
12.789333 209.855759
12.794666 208.028870
12.800000 206.260315
12.805333 205.358459
12.810667 204.457825
12.816000 203.074936
12.821333 201.199448
12.826667 199.243576
12.832000 198.409271
12.837334 198.205307
12.842667 2526.201416
12.848000 2535.161133
12.853333 2548.159180
12.858666 439.448090
12.864000 139.702667
12.869333 210.450012
12.874666 485.410614
12.880000 2408.153809
12.885333 2408.590820
12.890667 2424.660400
12.896000 243.008972
12.901334 242.274994
12.906667 220.297058
12.912000 190.140488
12.917334 180.913605
12.922667 180.867203
12.928000 168.627975
12.933333 168.520172
12.938666 168.506989
12.944000 168.394821
12.949333 168.108841
12.954667 157.251434
12.960000 156.455170
12.965333 3058.909180
12.970667 3047.057129
12.976000 3022.782471
12.981334 168.735031
12.986667 168.007767
12.992000 129.950455
12.997334 129.855850
13.002666 118.108398
13.008000 104.596855
13.013333 101.030235
13.018666 100.699974
13.024000 107.173691
13.029333 111.972076
13.034667 118.482155
13.040000 123.679008
13.045333 119.313866
13.050667 119.206070
13.056000 112.423203
13.061334 75.790619
13.066667 73.057755
13.072000 218.616699
13.077333 216.450638
13.082666 107.186073
13.088000 106.316483
13.093333 105.859978
13.098666 210.787415
13.104000 210.018326
13.109333 209.564636
13.114667 209.162003
13.120000 208.676514
13.125334 208.134720
13.130667 207.544907
13.136000 206.751770
13.141334 205.757019
13.146667 204.812637
13.152000 204.000427
13.157333 203.546799
13.162666 203.808807
13.168000 204.789856
13.173333 206.040039
13.178667 207.154633
13.184000 208.255188
13.189333 209.352737
13.194667 210.268402
13.200000 210.959183
13.205334 211.478577
13.210667 211.788956
13.216000 211.406952
13.221334 208.572693
13.226666 198.607788
13.232000 198.691696
13.237333 6855.926270
13.242666 7029.831543
13.248000 7083.227539
13.253333 6999.725586
13.258667 6874.580078
13.264000 335.072571
13.269333 335.814758
13.274667 6876.552734
13.280000 6898.060547
13.285334 6841.102539
13.290667 6716.250488
13.296000 6500.872070
13.301333 3403.992432
13.306666 3419.807617
13.312000 365.081085
13.317333 358.412231
13.322667 357.594971
13.328000 350.915924
13.333333 358.250275
13.338667 358.585663
13.344000 112.380203
13.349334 112.222313
13.354667 216.685654
13.360000 216.804932
13.365334 216.232285
13.370667 215.405899
13.376000 214.641068
13.381333 214.062912
13.386666 213.661652
13.392000 213.464981
13.397333 213.090439
13.402667 212.285019
13.408000 211.194885
13.413333 209.998642
13.418667 208.978088
13.424000 208.202377
13.429334 207.574768
13.434667 207.102234
13.440000 206.747879
13.445333 136.479446
13.450666 132.061600
13.456000 103.065056
13.461333 103.245552
13.466666 103.422813
13.472000 103.827438
13.477333 108.653648
13.482667 113.090439
13.488000 113.716705
13.493333 72.977745
13.498667 114.318771
13.504000 110.840813
13.509334 110.831116
13.514667 74.372841
13.520000 74.419289
13.525333 110.055687
13.530666 109.582397
13.536000 108.849785
13.541333 103.915733
13.546667 103.713760
13.552000 207.888504
13.557333 207.095413
13.562667 191.803238
13.568000 183.398666
13.573334 180.301544
13.578667 177.112701
13.584000 175.013580
13.589334 173.472107
13.594666 172.390686
13.600000 170.660248
13.605333 169.087479
13.610666 171.019928
13.616000 171.903046
13.621333 172.132538
13.626667 172.215073
13.632000 172.229324
13.637333 173.486328
13.642667 177.938187
13.648000 179.846466
13.653334 180.207489
13.658667 188.017853
13.664000 188.614868
13.669333 189.167847
13.674666 189.646530
13.680000 189.833694
13.685333 190.045425
13.690666 193.893356
13.696000 194.101395
13.701333 194.217682
13.706667 197.762558
13.712000 199.958054
13.717334 200.621109
13.722667 210.937775
13.728000 211.047470
13.733334 211.635880
13.738667 213.737518
13.744000 216.270386
13.749333 218.866394
13.754666 220.759338
13.760000 221.283737
13.765333 220.950974
13.770667 219.825592
13.776000 112.142212
13.781333 224.632416
13.786667 223.931625
13.792000 223.613144
13.797334 223.784439
13.802667 225.139236
13.808000 230.694168
13.813334 230.995087
13.818666 229.221985
13.824000 234.797333
13.829333 240.823334
13.834666 244.582260
13.840000 247.524445
13.845333 250.266937
13.850667 253.234207
13.856000 258.056396
13.861333 255.360886
13.866667 254.151596
13.872000 258.015778
13.877334 272.715759
13.882667 271.178284
13.888000 269.799500
13.893333 127.328224
13.898666 126.293900
13.904000 126.585991
13.909333 110.126083
13.914667 110.319237
13.920000 95.157532
13.925333 96.657646
13.930667 117.561974
13.936000 118.624954
13.941334 160.832169
13.946667 160.299225
13.952000 113.738350
13.957334 106.372284
13.962667 104.827477
13.968000 419.749176
13.973333 416.508911
13.978666 407.084290
13.984000 391.294128
13.989333 385.286530
13.994667 379.692322
14.000000 181.638260
14.005333 179.239395
14.010667 178.070648
14.016000 177.490723
14.021334 176.760117
14.026667 175.524307
14.032000 174.441010
14.037333 173.563400
14.042666 173.028900
14.048000 172.879929
14.053333 172.842026
14.058666 172.770615
14.064000 172.717346
14.069333 172.594208
14.074667 172.467941
14.080000 172.541824
14.085333 172.669098
14.090667 172.699173
14.096000 172.673248
14.101334 172.727707
14.106667 173.027817
14.112000 173.262009
14.117333 173.309235
14.122666 173.250137
14.128000 173.132401
14.133333 173.012924
14.138667 172.988876
14.144000 173.101913
14.149333 173.065750
14.154667 172.318649
14.160000 171.460190
14.165334 171.097153
14.170667 170.793594
14.176000 170.351532
14.181334 169.734802
14.186666 168.785721
14.192000 168.339264
14.197333 168.276398
14.202666 167.909439
14.208000 167.921219
14.213333 168.060135
14.218667 168.224182
14.224000 155.791306
14.229333 156.167389
14.234667 171.688736
14.240000 172.108810
14.245334 140.174515
14.250667 140.316315
14.256000 140.461136
14.261333 141.056458
14.266666 141.954514
14.272000 727.294006
14.277333 727.443359
14.282666 725.614136
14.288000 717.134399
14.293333 703.974548
14.298667 152.040909
14.304000 68.651955
14.309334 712.961670
14.314667 706.467712
14.320000 184.355179
14.325334 184.637939
14.330667 318.097168
14.336000 51.413143
14.341333 0.000000
14.346666 0.000000
14.352000 128.206879
14.357333 126.106133
14.362667 108.908600
14.368000 105.271545
14.373333 105.142822
14.378667 105.968887
14.384000 113.109573
14.389334 131.621521
14.394667 132.300339
14.400000 132.921829
14.405334 102.444092
14.410666 103.192879
14.416000 103.434669
14.421333 70.125534
14.426666 211.571594
14.432000 212.288391
14.437333 212.587112
14.442667 106.611145
14.448000 105.958771
14.453333 210.899673
14.458667 210.359116
14.464000 209.966949
14.469334 208.959900
14.474667 206.550079
14.480000 205.461823
14.485333 204.730301
14.490666 204.342941
14.496000 204.148376
14.501333 204.087952
14.506667 204.211411
14.512000 204.521942
14.517333 204.897751
14.522667 205.338013
14.528000 206.202271
14.533334 207.256439
14.538667 207.638672
14.544000 207.543854
14.549334 207.279877
14.554667 207.011108
14.560000 206.893295
14.565333 207.029099
14.570666 207.775131
14.576000 207.968079
14.581333 211.073151
14.586667 214.390533
14.592000 214.631790
14.597333 214.881500
14.602667 214.603119
14.608000 214.236496
14.613334 212.676300
14.618667 211.713882
14.624000 209.574112
14.629333 208.197327
14.634666 207.233231
14.640000 206.837585
14.645333 204.623428
14.650666 204.441956
14.656000 204.349533
14.661333 204.336182
14.666667 207.450043
14.672000 207.712509
14.677333 211.398132
14.682667 211.558441
14.688000 203.734451
14.693334 203.731094
14.698667 203.951035
14.704000 10690.642578
14.709333 53673.152344
14.714666 4372.925781
14.720000 4377.233398
14.725333 4427.753418
14.730667 6100.135742
14.736000 12921.258789
14.741333 10485.478516
14.746667 10297.009766
14.752000 10924.618164
14.757334 11014.239258
14.762667 10644.770508
14.768000 10861.958984
14.773334 17180.677734
14.778666 1455.226440
14.784000 15466.095703
14.789333 10901.207031
14.794666 11050.135742
14.800000 11329.631836
14.805333 129.764893
14.810667 125.938148
14.816000 103.714218
14.821333 103.665749
14.826667 101.931129
14.832000 106.592804
14.837334 108.960732
14.842667 143.936264
14.848000 145.398895
14.853333 146.363541
14.858666 109.605354
14.864000 109.582542
14.869333 109.377594
14.874666 215.314835
14.880000 213.709839
14.885333 107.444969
14.890667 104.854500
14.896000 104.236633
14.901334 103.819115
14.906667 206.790894
14.912000 206.138885
14.917334 205.378815
14.922667 204.643723
14.928000 204.250046
14.933333 204.279770
14.938666 205.071487
14.944000 206.638809
14.949333 207.902100
14.954667 209.141830
14.960000 210.249893
14.965333 210.942917
14.970667 211.522049
14.976000 212.837830
14.981334 216.309113
14.986667 220.129089
14.992000 222.184555
14.997334 220.282928
15.002666 217.584335
15.008000 215.507401
15.013333 213.459808
15.018666 211.173050
15.024000 208.493973
15.029333 205.656784
15.034667 202.313751
15.040000 200.628326
15.045333 198.905167
15.050667 197.604980
15.056000 195.835495
15.061334 194.955719
15.066667 195.972565
15.072000 198.302292
15.077333 200.324142
15.082666 202.063766
15.088000 204.036148
15.093333 206.524078
15.098666 209.326431
15.104000 211.766464
15.109333 213.520325
15.114667 214.624741
15.120000 215.040176
15.125334 215.106094
15.130667 214.842392
15.136000 214.293549
15.141334 213.636658
15.146667 211.608826
15.152000 208.547211
15.157333 204.834717
15.162666 202.494537
15.168000 200.784485
15.173333 199.879410
15.178667 199.899704
15.184000 200.600891
15.189333 201.714783
15.194667 207.119293
15.200000 208.919861
15.205334 209.979431
15.210667 210.669205
15.216000 210.811951
15.221334 210.113907
15.226666 105.281723
15.232000 105.193268
15.237333 309.023926
15.242666 309.685608
15.248000 309.591492
15.253333 317.823425
15.258667 309.667847
15.264000 311.150269
15.269333 3321.448730
15.274667 3333.742920
15.280000 3452.919922
15.285334 3699.640869
15.290667 3902.246338
15.296000 3984.217529
15.301333 4023.445312
15.306666 4060.320557
15.312000 4068.970459
15.317333 3848.401611
15.322667 3319.478760
15.328000 3288.035645
15.333333 239.966949
15.338667 188.043121
15.344000 186.696808
15.349334 185.290115
15.354667 184.940796
15.360000 169.327789
15.365334 169.014999
15.370667 160.088394
15.376000 151.927109
15.381333 149.738052
15.386666 140.951004
15.392000 104.225121
15.397333 104.028015
15.402667 3108.785889
15.408000 3064.119873
15.413333 3063.176025
15.418667 3065.537598
15.424000 104.444618
15.429334 309.658447
15.434667 309.584351
15.440000 309.435974
15.445333 307.798126
15.450666 104.559792
15.456000 103.707184
15.461333 103.701279
15.466666 102.625992
15.472000 104.037346
15.477333 104.109962
15.482667 0.000000
15.488000 0.000000
15.493333 0.000000
15.498667 0.000000
15.504000 66.747025
15.509334 65.407555
15.514667 79.647766
15.520000 157.787384
15.525333 158.401199
15.530666 95.390793
15.536000 158.642441
15.541333 149.131683
15.546667 148.096802
15.552000 146.976639
15.557333 147.077240
15.562667 140.886200
15.568000 141.063248
15.573334 141.388504
15.578667 495.185272
15.584000 492.878601
15.589334 490.659210
15.594666 449.117798
15.600000 450.933380
15.605333 207.616653
15.610666 207.579956
15.616000 97.027710
15.621333 457.409882
15.626667 459.652924
15.632000 91.906418
15.637333 94.178696
15.642667 92.004669
15.648000 92.005051
15.653334 89.863914
15.658667 90.040306
15.664000 181.831314
15.669333 182.166245
15.674666 182.826828
15.680000 182.912460
15.685333 177.609192
15.690666 178.080200
15.696000 179.079269
15.701333 784.589172
15.706667 1410.893921
15.712000 1404.104614
15.717334 1393.604614
15.722667 189.716278
15.728000 199.923584
15.733334 200.178528
15.738667 177.244827
15.744000 177.589111
15.749333 178.732803
15.754666 180.089859
15.760000 645.476013
15.765333 180.871704
15.770667 180.763519
15.776000 180.573944
15.781333 180.731323
15.786667 181.258148
15.792000 181.478394
15.797334 181.146057
15.802667 180.520386
15.808000 180.139023
15.813334 179.674469
15.818666 178.810318
15.824000 178.121262
15.829333 177.413239
15.834666 176.852615
15.840000 176.499374
15.845333 176.266251
15.850667 176.037399
15.856000 175.794113
15.861333 175.601929
15.866667 87.869682
15.872000 87.822395
15.877334 87.733543
15.882667 87.711655
15.888000 178.342422
15.893333 174.274460
15.898666 174.064957
15.904000 174.025665
15.909333 173.314758
15.914667 178.766190
15.920000 170.163559
15.925333 168.490112
15.930667 167.820496
15.936000 167.349991
15.941334 171.689926
15.946667 171.618057
15.952000 171.659927
15.957334 171.742218
15.962667 165.027512
15.968000 165.810883
15.973333 169.980530
15.978666 175.809143
15.984000 176.511642
15.989333 176.777832
15.994667 175.558197
16.000000 174.526062
16.005333 173.964783
16.010666 3161.712158
16.016001 3200.746338
16.021334 3238.523682
16.026667 3298.599854
16.032000 3361.213867
16.037333 3368.657471
16.042667 3358.523682
16.048000 3373.293213
16.053333 156.650665
16.058666 411.382721
16.063999 472.324860
16.069334 3190.590576
16.074667 3190.336426
16.080000 417.229034
16.085333 134.994629
16.090666 714.304626
16.096001 719.152161
16.101334 725.343140
16.106667 456.439392
16.112000 458.091675
16.117332 461.012634
16.122667 416.966339
16.128000 420.226715
16.133333 421.319031
16.138666 133.790421
16.143999 134.698425
16.149334 145.580093
16.154667 189.571091
16.160000 194.257828
16.165333 205.598038
16.170666 216.225006
16.176001 211.421661
16.181334 209.750748
16.186666 209.053696
16.191999 209.253204
16.197332 209.800293
16.202667 210.266205
16.208000 210.662827
16.213333 211.124756
16.218666 211.602295
16.224001 211.845367
16.229334 211.490021
16.234667 210.822006
16.240000 210.106949
16.245333 209.551743
16.250668 208.943207
16.256001 206.994888
16.261333 204.984940
16.266666 203.725525
16.271999 203.223053
16.277334 203.132538
16.282667 203.024597
16.288000 203.317291
16.293333 204.575623
16.298666 206.031326
16.304001 207.128387
16.309334 208.621170
16.314667 210.757278
16.320000 212.127609
16.325333 212.745239
16.330667 213.229706
16.336000 213.657440
16.341333 213.898056
16.346666 214.248001
16.351999 215.017883
16.357334 215.595901
16.362667 215.782578
16.368000 215.835938
16.373333 215.865570
16.378666 215.675369
16.384001 215.036072
16.389334 214.327377
16.394667 213.295746
16.400000 212.131516
16.405333 211.323395
16.410667 210.171326
16.416000 208.755478
16.421333 207.623642
16.426666 207.055527
16.431999 206.879700
16.437334 206.908127
16.442667 207.296646
16.448000 208.279236
16.453333 209.448212
16.458666 210.382797
16.464001 211.364548
16.469334 212.407135
16.474667 213.261002
16.480000 213.566925
16.485332 213.556061
16.490667 213.381226
16.496000 212.872559
16.501333 211.770401
16.506666 208.730621
16.511999 205.499130
16.517334 202.639633
16.522667 200.785889
16.528000 198.678986
16.533333 189.520187
16.538666 180.961945
16.544001 174.792404
16.549334 174.722015
16.554667 3670.252686
16.559999 3751.281738
16.565332 3800.683838
16.570667 3818.280029
16.576000 3822.573486
16.581333 3827.371338
16.586666 3863.754395
16.591999 46.875000
16.597334 0.000000
16.602667 0.000000
16.608000 127.074066
16.613333 125.611374
16.618668 104.753304
16.624001 102.525986
16.629333 104.927536
16.634666 107.939102
16.639999 109.151543
16.645334 108.077965
16.650667 142.058594
16.656000 140.791641
16.661333 105.217644
16.666666 104.797241
16.672001 104.667366
16.677334 69.659767
16.682667 69.306160
16.688000 206.548859
16.693333 206.218597
16.698668 103.178055
16.704000 103.378006
16.709333 103.788780
16.714666 207.687180
16.719999 208.171936
16.725334 208.394897
16.730667 208.428619
16.736000 208.529846
16.741333 208.701843
16.746666 208.757996
16.752001 208.870575
16.757334 209.193314
16.762667 209.418686
16.768000 419.697113
16.773333 419.120270
16.778667 418.788086
16.784000 419.785217
16.789333 421.753906
16.794666 421.815613
16.799999 419.201813
16.805334 415.437408
16.810667 69.771576
16.816000 69.702843
16.821333 69.642677
16.826666 69.647057
16.832001 69.852654
16.837334 70.183998
16.842667 70.161133
16.848000 70.150497
16.853333 70.034874
16.858667 69.900360
16.864000 70.011612
16.869333 69.914490
16.874666 517.554260
16.879999 519.355469
16.885334 520.162170
16.890667 265.832520
16.896000 265.772247
16.901333 520.551331
16.906666 87.846992
16.912001 87.867523
16.917334 87.767815
16.922667 265.094177
16.927999 87.578873
16.933332 87.613396
16.938667 87.257118
16.944000 87.166252
16.949333 87.227051
16.954666 456.476715
16.959999 453.507172
16.965334 213.491165
16.970667 216.199371
16.976000 216.488007
16.981333 214.939194
16.986666 213.239517
16.992001 211.682053
16.997334 210.309555
17.002666 209.024551
17.007999 207.729218
17.013334 206.618134
17.018667 205.555237
17.024000 203.621124
17.029333 202.340591
17.034666 201.584335
17.040001 201.207108
17.045334 200.918121
17.050667 200.709763
17.056000 201.568436
17.061333 203.022659
17.066668 204.997284
17.072001 206.892273
17.077333 208.074936
17.082666 208.190109
17.087999 207.724823
17.093334 207.582489
17.098667 208.215424
17.104000 208.627258
17.109333 208.802872
17.114666 209.097214
17.120001 103.980049
17.125334 104.413895
17.130667 204.429901
17.136000 193.560349
17.141333 190.885376
17.146667 94.122543
17.152000 93.842125
17.157333 93.714165
17.162666 88.188248
17.167999 87.655975
17.173334 86.920952
17.178667 86.690605
17.184000 86.789825
17.189333 86.960052
17.194666 87.147903
17.200001 87.414398
17.205334 88.339218
17.210667 89.574509
17.216000 90.165268
17.221333 90.722900
17.226667 91.248383
17.232000 91.289978
17.237333 91.035454
17.242666 90.452812
17.247999 90.022820
17.253334 89.820549
17.258667 89.452263
17.264000 88.924110
17.269333 300.413513
17.274666 297.159058
17.280001 69.938423
17.285334 69.759598
17.290667 69.771561
17.296000 70.263924
17.301332 74.535248
17.306667 74.051956
17.312000 275.591187
17.317333 281.497314
17.322666 281.951935
17.327999 283.419739
17.333334 268.716248
17.338667 267.590912
17.344000 266.650848
17.349333 251.634338
17.354666 252.770309
17.360001 238.078430
17.365334 228.259674
17.370667 450.308350
17.375999 447.829987
17.381332 445.008057
17.386667 441.756439
17.392000 440.516418
17.397333 439.750580
17.402666 435.283691
17.408001 394.493622
17.413334 392.362427
17.418667 390.750580
17.424000 387.107910
17.429333 173.503937
17.434668 172.473801
17.440001 170.796448
17.445333 164.289154
17.450666 164.940826
17.455999 165.164505
17.461334 164.783966
17.466667 3642.909912
17.472000 3683.140869
17.477333 3692.864014
17.482666 3673.563477
17.488001 3675.018311
17.493334 3778.173096
17.498667 4132.758789
17.504000 492.123993
17.509333 493.721802
17.514668 1448.552368
17.520000 529.733582
17.525333 529.669373
17.530666 0.000000
17.535999 297.372437
17.541334 297.571075
17.546667 132.061218
17.552000 131.914795
17.557333 659.254944
17.562666 664.228699
17.568001 671.547913
17.573334 681.506592
17.578667 689.144287
17.584000 2685.981689
17.589333 2704.374756
17.594667 2695.248779
17.600000 2775.980957
17.605333 3628.375488
17.610666 410.765045
17.615999 409.097168
17.621334 406.989441
17.626667 179.820374
17.632000 179.375061
17.637333 178.915634
17.642666 178.564255
17.648001 178.327271
17.653334 178.039505
17.658667 186.747345
17.664000 176.657394
17.669333 175.355270
17.674667 175.052551
17.680000 174.827484
17.685333 174.290192
17.690666 173.539017
17.695999 173.057175
17.701334 172.845749
17.706667 172.915466
17.712000 173.243912
17.717333 173.683228
17.722666 174.129837
17.728001 174.452911
17.733334 174.403748
17.738667 174.350632
17.743999 87.427246
17.749332 187.933411
17.754667 460.314240
17.760000 462.860626
17.765333 466.482178
17.770666 469.882568
17.775999 182.043579
17.781334 182.722977
17.786667 185.078842
17.792000 185.586960
17.797333 185.191483
17.802668 185.254639
17.808001 186.831223
17.813334 186.853195
17.818666 156.123871
17.823999 155.893997
17.829334 156.141449
17.834667 156.242340
17.840000 316.163391
17.845333 315.795776
17.850666 156.736221
17.856001 156.977661
17.861334 156.838531
17.866667 84.720871
17.872000 84.799828
17.877333 84.948288
17.882668 77.969315
17.888000 77.848633
17.893333 77.904045
17.898666 77.939583
17.903999 66.612709
17.909334 66.606300
17.914667 66.477119
17.920000 66.459824
17.925333 66.488701
17.930666 66.434074
17.936001 65.844765
17.941334 64.572044
17.946667 68.410133
17.952000 64.709129
17.957333 65.370644
17.962667 65.697037
17.968000 462.512848
17.973333 66.269394
17.978666 306.283997
17.983999 307.524139
17.989334 308.436981
17.994667 204.190430
18.000000 200.528671
18.005333 199.869110
18.010666 199.482422
18.016001 198.524261
18.021334 194.092865
18.026667 191.040741
18.032000 190.388016
18.037333 190.094543
18.042667 189.481888
18.048000 188.609146
18.053333 188.345367
18.058666 188.555038
18.063999 189.147339
18.069334 190.319733
18.074667 191.972580
18.080000 196.130966
18.085333 200.574417
18.090666 201.612686
18.096001 202.655716
18.101334 203.960587
18.106667 205.082108
18.112000 205.934525
18.117332 206.641983
18.122667 207.044022
18.128000 207.018051
18.133333 206.587280
18.138666 206.002869
18.143999 205.957458
18.149334 208.368591
18.154667 209.049164
18.160000 208.283768
18.165333 207.591629
18.170666 206.732285
18.176001 86.684341
18.181334 86.850876
18.186666 87.379219
18.191999 193.759354
18.197332 193.881378
18.202667 200.118744
18.208000 200.162628
18.213333 203.172623
18.218666 204.006592
18.224001 204.172455
18.229334 203.989655
18.234667 203.534134
18.240000 203.385239
18.245333 203.194641
18.250668 199.493149
18.256001 0.000000
18.261333 81.770523
18.266666 65.839600
18.271999 65.816788
18.277334 68.297997
18.282667 65.776596
18.288000 65.782509
18.293333 68.238930
18.298666 68.206207
18.304001 67.601334
18.309334 0.000000
18.314667 0.000000
18.320000 231.008179
18.325333 219.251282
18.330667 218.238419
18.336000 217.006119
18.341333 217.088791
18.346666 217.736694
18.351999 213.928558
18.357334 9601.365234
18.362667 64.701019
18.368000 65.712013
18.373333 71.412170
18.378666 70.242668
18.384001 69.268173
18.389334 70.115028
18.394667 70.819756
18.400000 7251.879395
18.405333 7656.667969
18.410667 7897.573730
18.416000 132.306641
18.421333 132.483704
18.426666 125.446976
18.431999 106.034515
18.437334 98.190979
18.442667 101.256508
18.448000 112.067360
18.453333 115.375366
18.458666 115.262428
18.464001 114.789833
18.469334 112.419579
18.474667 111.644318
18.480000 73.988754
18.485332 73.584236
18.490667 73.080261
18.496000 217.084442
18.501333 71.655754
18.506666 70.295593
18.511999 70.189163
18.517334 210.404114
18.522667 209.959824
18.528000 209.548553
18.533333 209.354813
18.538666 209.545334
18.544001 210.084930
18.549334 210.668076
18.554667 211.229050
18.559999 211.268036
18.565332 210.640091
18.570667 210.051651
18.576000 209.309067
18.581333 208.706390
18.586666 69.350609
18.591999 69.347351
18.597334 69.361534
18.602667 69.362022
18.608000 69.353203
18.613333 69.345390
18.618668 69.315773
18.624001 69.283676
18.629333 69.326691
18.634666 69.308540
18.639999 69.238091
18.645334 69.685928
18.650667 70.215660
18.656000 70.003250
18.661333 69.227631
18.666666 68.741920
18.672001 68.000290
18.677334 69.138321
18.682667 69.527489
18.688000 72.627716
18.693333 72.457832
18.698668 70.751381
18.704000 70.168655
18.709333 69.383278
18.714666 209.255463
18.719999 205.658524
18.725334 205.219635
18.730667 101.058304
18.736000 100.729744
18.741333 203.089966
18.746666 203.502686
18.752001 206.873047
18.757334 210.959030
18.762667 213.733765
18.768000 214.979370
18.773333 215.976822
18.778667 216.811920
18.784000 217.470581
18.789333 217.677109
18.794666 217.402924
18.799999 216.670929
18.805334 215.436203
18.810667 213.623535
18.816000 211.467224
18.821333 209.424088
18.826666 205.837296
18.832001 204.185043
18.837334 203.271591
18.842667 202.055573
18.848000 201.319763
18.853333 201.239319
18.858667 201.817963
18.864000 202.953201
18.869333 205.873154
18.874666 208.225418
18.879999 210.126175
18.885334 211.231018
18.890667 216.018814
18.896000 219.844162
18.901333 219.964172
18.906666 219.061569
18.912001 218.608597
18.917334 221.093170
18.922667 235.053314
18.927999 484.537994
18.933332 484.895020
18.938667 479.625000
18.944000 238.673996
18.949333 235.255035
18.954666 233.733429
18.959999 233.163696
18.965334 233.050003
18.970667 233.044739
18.976000 232.751694
18.981333 232.112076
18.986666 231.956680
18.992001 232.288315
18.997334 232.675125
19.002666 233.014847
19.007999 233.267944
19.013334 233.211823
19.018667 233.033707
19.024000 233.060410
19.029333 233.493683
19.034666 2815.529297
19.040001 2807.311768
19.045334 2795.086426
19.050667 2743.726562
19.056000 2668.545410
19.061333 3241.676270
19.066668 3166.490967
19.072001 3001.947510
19.077333 2922.476074
19.082666 2882.455322
19.087999 2885.744141
19.093334 2979.084961
19.098667 3170.921875
19.104000 4004.737061
19.109333 4223.111816
19.114666 4307.308105
19.120001 4354.994141
19.125334 4406.458008
19.130667 308.310394
19.136000 310.755737
19.141333 311.135040
19.146667 275.743378
19.152000 275.142242
19.157333 243.456482
19.162666 242.168381
19.167999 270.103790
19.173334 269.903564
19.178667 2142.130371
19.184000 229.971329
19.189333 230.803375
19.194666 209.303345
19.200001 211.314224
19.205334 193.592072
19.210667 193.376160
19.216000 184.188904
19.221333 183.110794
19.226667 182.164703
19.232000 181.248856
19.237333 180.255203
19.242666 179.227142
19.247999 178.386124
19.253334 169.787338
19.258667 169.336105
19.264000 169.084457
19.269333 168.884201
19.274666 168.586975
19.280001 168.308868
19.285334 168.117447
19.290667 168.549026
19.296000 172.406158
19.301332 172.816498
19.306667 172.450165
19.312000 367.908447
19.317333 371.705353
19.322666 1399.504883
19.327999 387.382538
19.333334 195.438126
19.338667 196.269455
19.344000 166.255478
19.349333 328.586548
19.354666 186.477478
19.360001 186.199493
19.365334 89.261490
19.370667 413.937927
19.375999 174.609161
19.381332 174.954788
19.386667 175.358200
19.392000 175.853302
19.397333 176.285309
19.402666 176.463516
19.408001 176.129898
19.413334 175.602844
19.418667 174.974442
19.424000 174.091949
19.429333 173.013046
19.434668 172.196503
19.440001 171.545410
19.445333 170.780777
19.450666 170.118561
19.455999 170.106491
19.461334 170.383270
19.466667 170.254135
19.472000 168.901001
19.477333 167.627075
19.482666 167.296295
19.488001 166.916260
19.493334 166.353210
19.498667 166.012085
19.504000 166.229355
19.509333 171.358932
19.514668 172.249054
19.520000 172.220139
19.525333 171.016846
19.530666 170.616608
19.535999 170.809509
19.541334 171.016479
19.546667 171.196274
19.552000 171.554535
19.557333 172.188278
19.562666 173.238892
19.568001 173.918411
19.573334 173.914368
19.578667 173.511154
19.584000 173.019531
19.589333 172.697174
19.594667 172.857986
19.600000 173.804352
19.605333 174.691269
19.610666 175.457657
19.615999 168.496628
19.621334 169.206375
19.626667 181.750778
19.632000 172.578659
19.637333 164.360474
19.642666 164.529907
19.648001 150.761078
19.653334 150.784515
19.658667 150.612534
19.664000 143.146011
19.669333 143.286972
19.674667 143.525742
19.680000 144.058563
19.685333 3204.631348
19.690666 145.454910
19.695999 414.350464
19.701334 0.000000
19.706667 4610.268066
19.712000 5053.430176
19.717333 5440.802246
19.722666 5756.804199
19.728001 5944.472656
19.733334 6124.778809
19.738667 6471.511230
19.743999 6920.770020
19.749332 7456.773438
19.754667 7878.985352
19.760000 8405.697266
19.765333 9515.255859
19.770666 10856.976562
19.775999 60.534378
19.781334 61.002430
19.786667 0.000000
19.792000 0.000000
19.797333 0.000000
19.802668 0.000000
19.808001 219.127869
19.813334 215.069489
19.818666 209.999664
19.823999 210.123077
19.829334 210.579178
19.834667 212.220169
19.840000 213.444626
19.845333 213.540741
19.850666 213.168152
19.856001 212.268478
19.861334 58.741852
19.866667 59.122135
19.872000 69.528137
19.877333 74.541840
19.882668 63.409184
19.888000 2522.569092
19.893333 2541.046143
19.898666 2559.364014
19.903999 2572.254150
19.909334 2578.015137
19.914667 2565.874268
19.920000 2493.140137
19.925333 225.478745
19.930666 225.084076
19.936001 225.011871
19.941334 228.208679
19.946667 228.672638
19.952000 228.462753
19.957333 228.336685
19.962667 228.392044
19.968000 228.377335
19.973333 228.133575
19.978666 227.733551
19.983999 227.337219
19.989334 226.538422
19.994667 101.961945
20.000000 198.798920
20.005333 201.736298
20.010666 204.083054
20.016001 207.647659
20.021334 207.633072
20.026667 207.995728
20.032000 208.195786
20.037333 208.023254
20.042667 207.681763
20.048000 207.263535
20.053333 206.723434
20.058666 205.864426
20.063999 204.886887
20.069334 204.193939
20.074667 203.755096
20.080000 203.393570
20.085333 202.881653
20.090666 202.397705
20.096001 202.016266
20.101334 201.851074
20.106667 202.125214
20.112000 202.589645
20.117332 202.900894
20.122667 203.333069
20.128000 204.622086
20.133333 206.356949
20.138666 207.552231
20.143999 208.322174
20.149334 209.201202
20.154667 210.282043
20.160000 211.737457
20.165333 213.654205
20.170666 214.759781
20.176001 215.499893
20.181334 216.447769
20.186666 217.317123
20.191999 217.683746
20.197332 217.770279
20.202667 217.594498
20.208000 216.634247
20.213333 0.000000
20.218666 128.057480
20.224001 127.421539
20.229334 115.579536
20.234667 104.536316
20.240000 103.883011
20.245333 107.609550
20.250668 113.261169
20.256001 123.669418
20.261333 139.849152
20.266666 148.780960
20.271999 103.758675
20.277334 104.623802
20.282667 104.802315
20.288000 70.031929
20.293333 105.214455
20.298666 105.347549
20.304001 105.493988
20.309334 105.702576
20.314667 105.910179
20.320000 212.017792
20.325333 211.928192
20.330667 211.600082
20.336000 209.875687
20.341333 208.762421
20.346666 208.405075
20.351999 206.253418
20.357334 204.849762
20.362667 204.446472
20.368000 204.184631
20.373333 203.892532
20.378666 203.783035
20.384001 205.038101
20.389334 206.531998
20.394667 207.538727
20.400000 208.788879
20.405333 210.534225
20.410667 212.330978
20.416000 213.563873
20.421333 214.889084
20.426666 218.267914
20.431999 218.990097
20.437334 218.390991
20.442667 217.220978
20.448000 215.544601
20.453333 307.277374
20.458666 303.856873
20.464001 582.959961
20.469334 569.328125
20.474667 87.410141
20.480000 88.017014
20.485332 88.135323
20.490667 88.067062
20.496000 87.978607
20.501333 87.836014
20.506666 84.866554
20.511999 88.040924
20.517334 88.236954
20.522667 88.229523
20.528000 88.082962
20.533333 87.911644
20.538666 86.948708
20.544001 86.454712
20.549334 85.767502
20.554667 85.396416
20.559999 85.432358
20.565332 85.439308
20.570667 84.477547
20.576000 81.602074
20.581333 216.533081
20.586666 217.061066
20.591999 221.614609
20.597334 222.801926
20.602667 222.406815
20.608000 219.451492
20.613333 218.037933
20.618668 216.671021
20.624001 214.888718
20.629333 213.656128
20.634666 211.566299
20.639999 209.738693
20.645334 208.583954
20.650667 206.350769
20.656000 205.158707
20.661333 204.247391
20.666666 200.639755
20.672001 198.842209
20.677334 198.585968
20.682667 189.820877
20.688000 187.614639
20.693333 371.635620
20.698668 366.706299
20.704000 364.760834
20.709333 367.859070
20.714666 164.304291
20.719999 164.292053
20.725334 164.050201
20.730667 172.236404
20.736000 171.650711
20.741333 171.133835
20.746666 178.894318
20.752001 179.466919
20.757334 182.005386
20.762667 184.107040
20.768000 185.020233
20.773333 184.994492
20.778667 375.062256
20.784000 373.322784
20.789333 371.557892
20.794666 366.597626
20.799999 173.806763
20.805334 348.641174
20.810667 348.719452
20.816000 348.768036
20.821333 174.305710
20.826666 174.740356
20.832001 174.957947
20.837334 172.454803
20.842667 492.817780
20.848000 495.290253
20.853333 495.555359
20.858667 489.949097
20.864000 467.287079
20.869333 87.084297
20.874666 87.719872
20.879999 87.724777
20.885334 87.361534
20.890667 348.689514
20.896000 87.135941
20.901333 46.875000
20.906666 100.717812
20.912001 79.172050
20.917334 253.103745
20.922667 247.139832
20.927999 239.715897
20.933332 240.067932
20.938667 243.354202
20.944000 243.861496
20.949333 243.818634
20.954666 243.603714
20.959999 242.788696
20.965334 482.805634
20.970667 233.584564
20.976000 231.350510
20.981333 428.527649
20.986666 202.025909
20.992001 96.893417
20.997334 92.952408
21.002666 89.181541
21.007999 87.201813
21.013334 87.062050
21.018667 86.834038
21.024000 86.331497
21.029333 88.073845
21.034666 4297.414062
21.040001 4249.064453
21.045334 4213.604980
21.050667 4209.070312
21.056000 4244.639648
21.061333 4318.950684
21.066668 4344.896973
21.072001 4303.802246
21.077333 4370.124512
21.082666 4476.798340
21.087999 4425.302734
21.093334 4362.776855
21.098667 4402.791504
21.104000 4584.458008
21.109333 4745.552734
21.114666 4726.527832
21.120001 4620.739746
21.125334 122.460960
21.130667 109.852264
21.136000 99.682556
21.141333 99.706017
21.146667 105.359955
21.152000 108.870277
21.157333 117.054810
21.162666 129.038406
21.167999 69.750290
21.173334 180.944290
21.178667 90.319672
21.184000 88.374245
21.189333 86.981560
21.194666 86.832222
21.200001 83.729347
21.205334 110.016937
21.210667 83.117867
21.216000 82.412819
21.221333 82.198341
21.226667 82.112488
21.232000 165.299927
21.237333 166.582260
21.242666 84.149437
21.247999 85.585335
21.253334 86.818909
21.258667 181.755112
21.264000 182.205734
21.269333 181.932068
21.274666 92.409149
21.280001 86.952744
21.285334 86.965721
21.290667 4144.354492
21.296000 4020.508057
21.301332 3895.933838
21.306667 7270.118652
21.312000 7389.192383
21.317333 7450.765137
21.322666 7414.407227
21.327999 7265.846191
21.333334 3888.865967
21.338667 3900.664307
21.344000 3960.798340
21.349333 4052.546387
21.354666 4140.721680
21.360001 4185.447266
21.365334 188.011520
21.370667 171.626343
21.375999 170.533722
21.381332 162.888763
21.386667 161.859695
21.392000 156.415863
21.397333 155.472763
21.402666 154.505859
21.408001 153.112091
21.413334 151.693314
21.418667 150.816132
21.424000 150.147339
21.429333 149.701950
21.434668 149.654556
21.440001 150.167603
21.445333 151.263092
21.450666 153.320007
21.455999 155.777512
21.461334 158.071487
21.466667 161.112350
21.472000 163.791718
21.477333 166.567551
21.482666 169.588287
21.488001 171.692230
21.493334 173.357010
21.498667 174.670654
21.504000 175.915192
21.509333 176.964935
21.514668 178.220306
21.520000 179.602737
21.525333 180.533279
21.530666 181.020676
21.535999 181.049469
21.541334 180.765076
21.546667 179.918060
21.552000 177.476974
21.557333 174.125992
21.562666 170.745163
21.568001 164.275177
21.573334 154.553802
21.578667 154.685959
21.584000 154.976212
21.589333 155.373856
21.594667 168.864075
21.600000 196.699173
21.605333 197.268829
21.610666 197.469788
21.615999 194.280899
21.621334 196.480667
21.626667 197.215591
21.632000 201.663544
21.637333 205.393158
21.642666 209.512451
21.648001 211.507645
21.653334 212.660080
21.658667 213.354279
21.664000 213.970306
21.669333 214.302063
21.674667 214.048309
21.680000 213.334137
21.685333 212.260422
21.690666 209.535889
21.695999 206.426208
21.701334 206.554047
21.706667 207.273636
21.712000 208.410431
21.717333 209.872482
21.722666 211.771713
21.728001 213.719772
21.733334 230.736374
21.738667 233.653046
21.743999 235.664429
21.749332 238.081879
21.754667 242.365555
21.760000 244.646378
21.765333 246.281982
21.770666 247.655273
21.775999 248.531906
21.781334 248.707748
21.786667 248.025772
21.792000 246.354279
21.797333 244.966232
21.802668 244.630875
21.808001 214.892746
21.813334 207.638596
21.818666 207.464417
21.823999 207.539291
21.829334 219.441803
21.834667 205.720383
21.840000 205.811493
21.845333 205.863525
21.850666 205.692581
21.856001 205.103531
21.861334 204.391830
21.866667 204.419312
21.872000 204.952774
21.877333 205.892822
21.882668 207.047226
21.888000 207.753540
21.893333 208.377350
21.898666 209.042999
21.903999 210.388535
21.909334 212.134842
21.914667 212.945923
21.920000 211.833466
21.925333 211.000305
21.930666 210.725952
21.936001 210.376297
21.941334 209.066513
21.946667 206.008423
21.952000 205.190430
21.957333 204.757675
21.962667 203.903946
21.968000 201.223938
21.973333 200.867386
21.978666 201.097366
21.983999 201.298721
21.989334 201.601410
21.994667 212.399307
22.000000 212.067398
22.005333 212.047638
22.010666 211.868027
22.016001 215.452820
22.021334 321.215027
22.026667 127.994926
22.032000 129.650269
22.037333 110.055061
22.042667 109.978157
22.048000 109.429649
22.053333 109.517242
22.058666 126.584915
22.063999 129.820267
22.069334 129.785324
22.074667 103.254166
22.080000 103.035301
22.085333 103.017456
22.090666 99.645233
22.096001 83.436272
22.101334 112.698128
22.106667 111.559608
22.112000 110.744598
22.117332 104.329979
22.122667 104.320831
22.128000 421.456573
22.133333 418.530609
22.138666 416.921021
22.143999 103.546570
22.149334 103.329262
22.154667 103.204826
22.160000 103.051178
22.165333 103.015999
22.170666 283.919830
22.176001 206.847275
22.181334 207.209793
22.186666 206.931885
22.191999 315.555176
22.197332 315.379395
22.202667 288.242065
22.208000 288.042694
22.213333 108.318001
22.218666 104.930031
22.224001 104.504494
22.229334 103.891418
22.234667 103.717369
22.240000 103.712463
22.245333 103.752090
22.250668 103.777786
22.256001 106.396240
22.261333 106.175102
22.266666 104.206345
22.271999 104.229347
22.277334 104.260353
22.282667 103.510559
22.288000 103.258148
22.293333 103.226059
22.298666 412.214539
22.304001 415.407654
22.309334 418.338898
22.314667 420.844208
22.320000 422.461945
22.325333 424.569946
22.330667 428.129425
22.336000 429.910706
22.341333 211.462311
22.346666 212.449661
22.351999 212.959839
22.357334 416.201874
22.362667 411.150452
22.368000 104.911156
22.373333 106.148590
22.378666 106.074036
22.384001 106.041985
22.389334 225.274200
22.394667 225.147705
22.400000 224.531830
22.405333 221.271118
22.410667 105.576744
22.416000 106.843620
22.421333 221.959793
22.426666 227.642303
22.431999 109.184212
22.437334 105.502831
22.442667 105.150757
22.448000 109.676888
22.453333 106.143326
22.458666 106.475403
22.464001 106.396225
22.469334 107.137177
22.474667 107.087151
22.480000 105.816826
22.485332 103.428658
22.490667 204.759613
22.496000 219.024796
22.501333 3161.947021
22.506666 190.485168
22.511999 179.226501
22.517334 168.417892
22.522667 168.591537
22.528000 159.258621
22.533333 302.951904
22.538666 303.615204
22.544001 310.550873
22.549334 314.086639
22.554667 315.194427
22.559999 315.829987
22.565332 316.009979
22.570667 109.446632
22.576000 109.798538
22.581333 107.122093
22.586666 107.112244
22.591999 107.017761
22.597334 317.383026
22.602667 104.931808
22.608000 420.193665
22.613333 420.404968
22.618668 418.321045
22.624001 412.835785
22.629333 107.258728
22.634666 410.652222
22.639999 411.329590
22.645334 411.527985
22.650667 411.488495
22.656000 106.015656
22.661333 106.292580
22.666666 106.659988
22.672001 106.723900
22.677334 106.636703
22.682667 106.445587
22.688000 106.225296
22.693333 106.103638
22.698668 106.074646
22.704000 311.875702
22.709333 312.006897
22.714666 312.109314
22.719999 311.898346
22.725334 311.492462
22.730667 104.172371
22.736000 103.997841
22.741333 103.771812
22.746666 103.664268
22.752001 103.672180
22.757334 103.730553
22.762667 103.810585
22.768000 103.892128
22.773333 416.233032
22.778667 416.453827
22.784000 415.910004
22.789333 104.332489
22.794666 104.506218
22.799999 104.641289
22.805334 104.868065
22.810667 105.077583
22.816000 105.102806
22.821333 104.981163
22.826666 104.858177
22.832001 104.837555
22.837334 104.746956
22.842667 104.491341
22.848000 104.311150
22.853333 104.400978
22.858667 104.526230
22.864000 104.419044
22.869333 104.232597
22.874666 104.183594
22.879999 104.275352
22.885334 104.364944
22.890667 104.342499
22.896000 104.015045
22.901333 103.689125
22.906666 103.704109
22.912001 103.783134
22.917334 103.689178
22.922667 494.153839
22.927999 509.213745
22.933332 523.134766
22.938667 533.477356
22.944000 546.321838
22.949333 556.301880
22.954666 199.678528
22.959999 147.866241
22.965334 147.765747
22.970667 108.292831
22.976000 1025.400879
22.981333 1023.600220
22.986666 1023.059265
22.992001 677.037170
22.997334 695.383911
23.002666 552.527344
23.007999 551.329285
23.013334 75.799301
23.018667 833.478210
23.024000 834.628174
23.029333 69.434410
23.034666 69.427711
23.040001 69.406113
23.045334 83.244614
23.050667 69.378075
23.056000 69.372826
23.061333 83.205360
23.066668 69.385757
23.072001 69.383095
23.077333 75.731133
23.082666 75.722847
23.087999 278.387634
23.093334 83.237556
23.098667 83.160370
23.104000 83.050850
23.109333 83.099052
23.114666 66.382286
23.120001 103.815697
23.125334 103.658119
23.130667 103.575508
23.136000 103.722092
23.141333 104.611389
23.146667 73.862915
23.152000 244.453827
23.157333 243.554825
23.162666 242.436188
23.167999 480.977417
23.173334 239.467850
23.178667 240.085556
23.184000 242.254761
23.189333 243.662277
23.194666 244.357315
23.200001 244.652222
23.205334 243.416885
23.210667 233.802658
23.216000 229.085480
23.221333 225.959518
23.226667 225.911743
23.232000 226.609695
23.237333 226.837143
23.242666 225.991074
23.247999 226.673004
23.253334 227.994080
23.258667 227.687225
23.264000 226.892273
23.269333 224.511627
23.274666 220.813431
23.280001 215.583389
23.285334 212.124924
23.290667 207.123444
23.296000 203.223068
23.301332 201.698227
23.306667 200.721313
23.312000 199.943375
23.317333 198.649628
23.322666 197.358383
23.327999 196.411530
23.333334 195.667465
23.338667 185.373260
23.344000 175.867935
23.349333 182.530319
23.354666 2951.719238
23.360001 3003.685303
23.365334 3077.488281
23.370667 3190.329834
23.375999 3347.331299
23.381332 3404.437744
23.386667 237.141235
23.392000 236.990570
23.397333 236.983597
23.402666 222.382568
23.408001 222.774719
23.413334 223.092072
23.418667 223.252426
23.424000 235.084259
23.429333 235.192062
23.434668 235.058777
23.440001 225.746201
23.445333 471.753571
23.450666 471.483521
23.455999 197.809357
23.461334 198.412140
23.466667 189.014374
23.472000 189.110306
23.477333 189.036194
23.482666 183.308655
23.488001 173.381454
23.493334 173.934952
23.498667 175.517181
23.504000 175.508759
23.509333 173.118088
23.514668 173.089767
23.520000 172.863297
23.525333 172.558487
23.530666 172.357697
23.535999 172.311340
23.541334 172.452759
23.546667 172.556778
23.552000 172.647232
23.557333 172.799316
23.562666 172.681961
23.568001 172.139191
23.573334 172.017227
23.578667 172.481018
23.584000 173.756622
23.589333 173.836121
23.594667 173.039673
23.600000 163.922287
23.605333 164.509369
23.610666 171.839859
23.615999 172.222183
23.621334 173.047531
23.626667 173.903702
23.632000 174.429947
23.637333 174.682999
23.642666 174.745285
23.648001 174.749771
23.653334 174.769272
23.658667 174.800766
23.664000 174.703873
23.669333 174.375443
23.674667 174.053818
23.680000 173.846130
23.685333 173.866135
23.690666 174.142868
23.695999 174.167801
23.701334 173.762054
23.706667 173.453873
23.712000 173.128738
23.717333 172.857635
23.722666 172.787231
23.728001 172.685516
23.733334 172.488754
23.738667 172.349747
23.743999 172.261642
23.749332 172.176147
23.754667 172.083221
23.760000 172.003677
23.765333 172.232742
23.770666 172.819107
23.775999 173.259735
23.781334 173.407349
23.786667 173.388245
23.792000 173.235840
23.797333 173.162079
23.802668 173.486801
23.808001 173.858597
23.813334 174.228134
23.818666 174.649857
23.823999 174.727066
23.829334 133.067780
23.834667 131.852295
23.840000 100.247948
23.845333 100.145943
23.850666 100.074059
23.856001 100.090729
23.861334 104.466034
23.866667 130.973816
23.872000 135.519882
23.877333 135.180191
23.882668 134.859177
23.888000 105.126488
23.893333 105.212608
23.898666 425.419342
23.903999 422.967865
23.909334 66.090302
23.914667 2857.223877
23.920000 80.116165
23.925333 80.003593
23.930666 405.017395
23.936001 404.853271
23.941334 137.970612
23.946667 405.674347
23.952000 407.146057
23.957333 407.545715
23.962667 408.357758
23.968000 411.412903
23.973333 414.024536
23.978666 414.387634
23.983999 414.487976
23.989334 415.005554
23.994667 414.306091
24.000000 0.000000
