0.000000 0.000000
0.005333 271.138184
0.010667 269.163239
0.016000 266.660400
0.021333 263.753357
0.026667 262.752655
0.032000 215.364212
0.037333 160.524826
0.042667 160.290192
0.048000 160.474945
0.053333 161.667313
0.058667 163.366669
0.064000 164.158920
0.069333 164.704163
0.074667 165.199112
0.080000 165.568130
0.085333 165.386658
0.090667 165.099960
0.096000 165.231049
0.101333 165.507187
0.106667 165.231522
0.112000 164.249954
0.117333 163.372330
0.122667 163.030792
0.128000 162.951584
0.133333 162.633026
0.138667 162.135330
0.144000 161.834000
0.149333 161.962906
0.154667 162.584488
0.160000 163.055923
0.165333 163.331024
0.170667 164.140091
0.176000 165.488998
0.181333 166.506714
0.186667 166.511063
0.192000 165.734116
0.197333 165.009338
0.202667 164.584183
0.208000 164.254715
0.213333 163.634445
0.218667 162.700195
0.224000 162.156494
0.229333 162.673431
0.234667 163.599640
0.240000 163.126526
0.245333 162.149414
0.250667 161.444382
0.256000 275.340942
0.261333 276.354706
0.266667 163.030762
0.272000 163.115433
0.277333 163.091003
0.282667 163.054230
0.288000 402.275818
0.293333 404.285309
0.298667 165.292679
0.304000 165.048874
0.309333 164.406967
0.314667 4260.465820
0.320000 4213.428223
0.325333 4186.864746
0.330667 4161.700195
0.336000 4117.223145
0.341333 4075.479736
0.346667 4127.448730
0.352000 4155.825195
0.357333 4123.847656
0.362667 4079.813232
0.368000 4053.978271
0.373333 4070.077393
0.378667 4103.933105
0.384000 4134.463379
0.389333 4160.740234
0.394667 4159.269531
0.400000 4099.347656
0.405333 3999.876465
0.410667 3914.962646
0.416000 3880.312988
0.421333 3888.596680
0.426667 3908.057373
0.432000 3920.241943
0.437333 3956.001465
0.442667 4019.364746
0.448000 4062.443115
0.453333 4058.215820
0.458667 4012.370361
0.464000 3906.468262
0.469333 3775.536621
0.474667 3712.283447
0.480000 123.473763
0.485333 110.710098
0.490667 145.910004
0.496000 145.097702
0.501333 194.985748
0.506667 575.663635
0.512000 578.431335
0.517333 578.226624
0.522667 168.473816
0.528000 168.194824
0.533333 168.074966
0.538667 167.939972
0.544000 167.783417
0.549333 167.701065
0.554667 167.798111
0.560000 168.078201
0.565333 168.492279
0.570667 168.997055
0.576000 169.410797
0.581333 169.629349
0.586667 169.653091
0.592000 169.545029
0.597333 169.435699
0.602667 169.295670
0.608000 168.911636
0.613333 168.409500
0.618667 168.166565
0.624000 168.119080
0.629333 168.031433
0.634667 167.724960
0.640000 167.375031
0.645333 167.162430
0.650667 166.941772
0.656000 166.346893
0.661333 164.378281
0.666667 162.280609
0.672000 160.272614
0.677333 160.175522
0.682667 162.561752
0.688000 167.683151
0.693333 167.616058
0.698667 148.034485
0.704000 138.786377
0.709333 138.367172
0.714667 138.187668
0.720000 138.205444
0.725333 137.860199
0.730667 136.949966
0.736000 137.154129
0.741333 137.784714
0.746667 142.691727
0.752000 142.859070
0.757333 142.916290
0.762667 147.606567
0.768000 147.937119
0.773333 148.294601
0.778667 148.528397
0.784000 148.599930
0.789333 148.405365
0.794667 148.208755
0.800000 148.207413
0.805333 148.268967
0.810667 148.174942
0.816000 147.744843
0.821333 147.324142
0.826667 146.987747
0.832000 146.657898
0.837333 146.413025
0.842667 146.169800
0.848000 145.786987
0.853333 145.251328
0.858667 298.978455
0.864000 298.825745
0.869333 299.008667
0.874667 146.280533
0.880000 146.426025
0.885333 133.214233
0.890667 143.513718
0.896000 143.834015
0.901333 167.672653
0.906667 167.641403
0.912000 92.288094
0.917333 232.812363
0.922667 231.232666
0.928000 167.714935
0.933333 132.309586
0.938667 132.247482
0.944000 133.525742
0.949333 134.171204
0.954667 107.500549
0.960000 107.453049
0.965333 249.876480
0.970667 248.496964
0.976000 205.137756
0.981333 204.316391
0.986667 204.615570
0.992000 205.011902
0.997333 75.748665
1.002667 75.702003
1.008000 150.698563
1.013333 206.194595
1.018667 144.167496
1.024000 143.634094
1.029333 143.122696
1.034667 142.715561
1.040000 142.282684
1.045333 141.504242
1.050667 140.566757
1.056000 140.437897
1.061333 140.617645
1.066667 140.882309
1.072000 141.266052
1.077333 141.815765
1.082667 142.885193
1.088000 145.236847
1.093333 146.037552
1.098667 147.183075
1.104000 148.235657
1.109333 148.642624
1.114667 148.843185
1.120000 149.013855
1.125333 149.067230
1.130667 148.773636
1.136000 147.639542
1.141333 146.525558
1.146667 145.742157
1.152000 144.780624
1.157333 144.207779
1.162667 143.659637
1.168000 142.903854
1.173333 142.078430
1.178667 141.305954
1.184000 140.032944
1.189333 139.254990
1.194667 139.078873
1.200000 139.136414
1.205333 139.579971
1.210667 140.711578
1.216000 141.603470
1.221333 142.405701
1.226667 108.114204
1.232000 206.177994
1.237333 205.729263
1.242667 148.562027
1.248000 148.994400
1.253333 91.183670
1.258667 235.915344
1.264000 154.326904
1.269333 154.435135
1.274667 154.146454
1.280000 153.349655
1.285333 92.754189
1.290667 92.417847
1.296000 92.136398
1.301333 92.075233
1.306667 92.170860
1.312000 143.061523
1.317333 142.646591
1.322667 142.518112
1.328000 142.597458
1.333333 137.987274
1.338667 187.553207
1.344000 187.473740
1.349333 187.444611
1.354667 187.659607
1.360000 188.378220
1.365333 372.810486
1.370667 372.389069
1.376000 188.229980
1.381333 187.822784
1.386667 187.265808
1.392000 185.980179
1.397333 184.717484
1.402667 184.315536
1.408000 184.169540
1.413333 184.102844
1.418667 184.095276
1.424000 184.105881
1.429333 133.452805
1.434667 133.518982
1.440000 91.959015
1.445333 92.070076
1.450667 286.265869
1.456000 287.057983
1.461333 170.296951
1.466667 169.395035
1.472000 168.926514
1.477333 168.744019
1.482667 168.651505
1.488000 168.591095
1.493333 168.525208
1.498667 168.402893
1.504000 168.191071
1.509333 167.980530
1.514667 167.916321
1.520000 167.891022
1.525333 167.729187
1.530667 167.460388
1.536000 167.223984
1.541333 167.090790
1.546667 167.067642
1.552000 167.114151
1.557333 167.091888
1.562667 166.896912
1.568000 166.713058
1.573333 166.825409
1.578667 167.153397
1.584000 167.560196
1.589333 176.345047
1.594667 176.833557
1.600000 177.055038
1.605333 177.160812
1.610667 177.150360
1.616000 177.082321
1.621333 177.178909
1.626667 186.213654
1.632000 186.543137
1.637333 186.526016
1.642667 186.471100
1.648000 186.509430
1.653333 186.512741
1.658667 186.412247
1.664000 186.283798
1.669333 186.245667
1.674667 186.308609
1.680000 186.397720
1.685333 186.441422
1.690667 186.453491
1.696000 186.463913
1.701333 186.466370
1.706667 186.446548
1.712000 186.389633
1.717333 186.350830
1.722667 186.375870
1.728000 186.414108
1.733333 186.415634
1.738667 186.380295
1.744000 186.344147
1.749333 186.303818
1.754667 186.331161
1.760000 186.482620
1.765333 186.627579
1.770667 186.646042
1.776000 186.554596
1.781333 186.454987
1.786667 186.387466
1.792000 186.290573
1.797333 186.143631
1.802667 186.011154
1.808000 185.941513
1.813333 185.888885
1.818667 185.795731
1.824000 185.685059
1.829333 185.644379
1.834667 185.658920
1.840000 185.612411
1.845333 185.493118
1.850667 185.401215
1.856000 185.361084
1.861333 185.371719
1.866667 185.497482
1.872000 185.755386
1.877333 185.946991
1.882667 185.823639
1.888000 185.534073
1.893333 185.455383
1.898667 185.941132
1.904000 0.000000
1.909333 271.237427
1.914667 271.687866
1.920000 114.958557
1.925333 204.927780
1.930667 188.052536
1.936000 187.619049
1.941333 93.497971
1.946667 93.686729
1.952000 187.311325
1.957333 185.218231
1.962667 184.169495
1.968000 184.552841
1.973333 187.523285
1.978667 178.198898
1.984000 177.739883
1.989333 177.676407
1.994667 177.793167
2.000000 177.755280
2.005333 177.683060
2.010667 167.955276
2.016000 167.732285
2.021333 167.652161
2.026667 167.552353
2.032000 167.421036
2.037333 167.348984
2.042667 167.330307
2.048000 167.319534
2.053333 167.334305
2.058667 167.393234
2.064000 167.436737
2.069333 167.410629
2.074667 167.392227
2.080000 167.418549
2.085333 167.449600
2.090667 167.407913
2.096000 167.300430
2.101333 167.204269
2.106667 167.133911
2.112000 167.099289
2.117333 167.062225
2.122667 166.989960
2.128000 166.925903
2.133333 166.928879
2.138667 166.996246
2.144000 167.092270
2.149333 167.179230
2.154667 164.247574
2.160000 206.040787
2.165333 148.385208
2.170667 148.492233
2.176000 148.476776
2.181333 148.411530
2.186667 148.347534
2.192000 148.308838
2.197333 148.300522
2.202667 148.285019
2.208000 148.243805
2.213333 148.198929
2.218667 148.188477
2.224000 148.191727
2.229333 148.195740
2.234667 148.227386
2.240000 148.280884
2.245333 148.309586
2.250667 148.302628
2.256000 148.273788
2.261333 148.209702
2.266667 148.171249
2.272000 148.232208
2.277333 148.356995
2.282667 148.446487
2.288000 148.488800
2.293333 148.510986
2.298667 148.506958
2.304000 148.470688
2.309333 148.416718
2.314667 148.388809
2.320000 148.384430
2.325333 148.362473
2.330667 148.309235
2.336000 148.267426
2.341333 148.263687
2.346667 148.278198
2.352000 148.317657
2.357333 148.383698
2.362667 148.433411
2.368000 148.443146
2.373333 148.431046
2.378667 148.404633
2.384000 148.387589
2.389333 148.401596
2.394667 148.435608
2.400000 112.218040
2.405333 112.423019
2.410667 112.517319
2.416000 112.506851
2.421333 112.450546
2.426667 112.332001
2.432000 112.219528
2.437333 112.199287
2.442667 112.244904
2.448000 112.315994
2.453333 112.360550
2.458667 112.355896
2.464000 112.347939
2.469333 112.370773
2.474667 112.416420
2.480000 112.449997
2.485333 112.435646
2.490667 112.422707
2.496000 112.461464
2.501333 112.485001
2.506667 112.417831
2.512000 112.349350
2.517333 112.370346
2.522667 112.463562
2.528000 112.512154
2.533333 112.464417
2.538667 112.423767
2.544000 112.390022
2.549333 112.325584
2.554667 112.269585
2.560000 112.254951
2.565333 112.295334
2.570667 112.343887
2.576000 112.346420
2.581333 112.265572
2.586667 112.132057
2.592000 112.059959
2.597333 112.085686
2.602667 112.126465
2.608000 112.120926
2.613333 112.049965
2.618667 111.980278
2.624000 111.968735
2.629333 112.098457
2.634667 205.712769
2.640000 126.302307
2.645333 126.269562
2.650667 125.866447
2.656000 125.332352
2.661333 125.141327
2.666667 125.117981
2.672000 125.200722
2.677333 125.273079
2.682667 125.226448
2.688000 125.108177
2.693333 125.076759
2.698667 125.303764
2.704000 125.508972
2.709333 125.425934
2.714667 125.276138
2.720000 125.344238
2.725333 125.678429
2.730667 125.910316
2.736000 125.912689
2.741333 125.840485
2.746667 125.733063
2.752000 125.568611
2.757333 125.452461
2.762667 125.530602
2.768000 125.775772
2.773333 125.979683
2.778667 126.060089
2.784000 125.997536
2.789333 125.882706
2.794667 125.854149
2.800000 125.911217
2.805333 125.862648
2.810667 125.626961
2.816000 125.455894
2.821333 125.473381
2.826667 125.361694
2.832000 125.069908
2.837333 125.007423
2.842667 125.181549
2.848000 125.236847
2.853333 125.383186
2.858667 126.146614
2.864000 0.000000
2.869333 176.739624
2.874667 176.591614
2.880000 113.374435
2.885333 112.083679
2.890667 112.284897
2.896000 147.567566
2.901333 147.883942
2.906667 148.146118
2.912000 148.151108
2.917333 148.139755
2.922667 148.273499
2.928000 148.441086
2.933333 148.490280
2.938667 148.418259
2.944000 148.252502
2.949333 148.061691
2.954667 148.019577
2.960000 148.150299
2.965333 148.187027
2.970667 148.159149
2.976000 148.221603
2.981333 534.873840
2.986667 532.809570
2.992000 530.692627
2.997333 148.469666
3.002667 530.152588
3.008000 527.166565
3.013333 527.134949
3.018667 529.863770
3.024000 148.541763
3.029333 148.473343
3.034667 148.251617
3.040000 148.060669
3.045333 148.137146
3.050667 148.360764
3.056000 148.512405
3.061333 148.512650
3.066667 148.413284
3.072000 148.330063
3.077333 148.364960
3.082667 148.391876
3.088000 148.300858
3.093333 148.274628
3.098667 463.124878
3.104000 456.540222
3.109333 98.963425
3.114667 98.700684
3.120000 204.331619
3.125333 203.726364
3.130667 188.372253
3.136000 187.768967
3.141333 187.589905
3.146667 187.647552
3.152000 187.675598
3.157333 187.660889
3.162667 187.644363
3.168000 187.475845
3.173333 187.252960
3.178667 187.246689
3.184000 187.182968
3.189333 186.985687
3.194667 186.820099
3.200000 186.846436
3.205333 187.235321
3.210667 187.762680
3.216000 188.001297
3.221333 187.910980
3.226667 187.614395
3.232000 187.406433
3.237333 187.640900
3.242667 188.167801
3.248000 188.548523
3.253333 188.937607
3.258667 189.513672
3.264000 189.956238
3.269333 190.271484
3.274667 190.687378
3.280000 191.183380
3.285333 191.586487
3.290667 192.049072
3.296000 192.766724
3.301333 193.456009
3.306667 193.894440
3.312000 194.248291
3.317333 194.605743
3.322667 194.944809
3.328000 195.282013
3.333333 195.627457
3.338667 195.830826
3.344000 195.691742
3.349333 98.140305
3.354667 97.327965
3.360000 97.152863
3.365333 99.086983
3.370667 99.028900
3.376000 98.812340
3.381333 98.695686
3.386667 98.692390
3.392000 98.711327
3.397333 98.695854
3.402667 98.657127
3.408000 98.663811
3.413333 98.731964
3.418667 98.776955
3.424000 98.717957
3.429333 98.617073
3.434667 98.597733
3.440000 98.621498
3.445333 98.618309
3.450667 98.582771
3.456000 98.568069
3.461333 98.577301
3.466667 98.555702
3.472000 98.509979
3.477333 98.455933
3.482667 98.445740
3.488000 98.468597
3.493333 98.520241
3.498667 98.543869
3.504000 98.575851
3.509333 98.609947
3.514667 98.647850
3.520000 98.638580
3.525333 98.597656
3.530667 98.555595
3.536000 98.531631
3.541333 98.520927
3.546667 98.557190
3.552000 98.617836
3.557333 98.657188
3.562667 98.686302
3.568000 98.723412
3.573333 98.744438
3.578667 98.718140
3.584000 98.616913
3.589333 98.511749
3.594667 98.541740
3.600000 98.657448
3.605333 98.723198
3.610667 98.750801
3.616000 98.781876
3.621333 98.752586
3.626667 98.676903
3.632000 98.615707
3.637333 98.606079
3.642667 98.621658
3.648000 98.618393
3.653333 98.589539
3.658667 98.611343
3.664000 98.672142
3.669333 98.686821
3.674667 98.648521
3.680000 98.639694
3.685333 98.680466
3.690667 198.038101
3.696000 198.011368
3.701333 98.703636
3.706667 198.020172
3.712000 198.248276
3.717333 198.537933
3.722667 198.832825
3.728000 198.672653
3.733333 198.053329
3.738667 197.752792
3.744000 197.870697
3.749333 197.911240
3.754667 197.680878
3.760000 197.486847
3.765333 197.546906
3.770667 197.535614
3.776000 197.450165
3.781333 197.477585
3.786667 197.520569
3.792000 197.386963
3.797333 98.566078
3.802667 98.545921
3.808000 98.527771
3.813333 197.384689
3.818667 0.000000
3.824000 251.318176
3.829333 251.908905
3.834667 270.903290
3.840000 270.791931
3.845333 269.004517
3.850667 265.443207
3.856000 110.999405
3.861333 110.973488
3.866667 110.841904
3.872000 198.078705
3.877333 198.002579
3.882667 197.739960
3.888000 197.477341
3.893333 197.330826
3.898667 391.632690
3.904000 391.534882
3.909333 390.766663
3.914667 336.489502
3.920000 336.877716
3.925333 167.144547
3.930667 167.260666
3.936000 167.304321
3.941333 336.230133
3.946667 335.905243
3.952000 335.631989
3.957333 335.165039
3.962667 334.939636
3.968000 335.337921
3.973333 111.316818
3.978667 111.353325
3.984000 111.386002
3.989333 337.184723
3.994667 336.733582
4.000000 111.210419
4.005333 111.178581
4.010667 334.157684
4.016000 333.812408
4.021333 333.779297
4.026667 334.125519
4.032000 334.653412
4.037333 335.075165
4.042666 334.996185
4.048000 333.431580
4.053333 330.429382
4.058667 328.370422
4.064000 167.141876
4.069334 167.250977
4.074667 339.539246
4.080000 342.294525
4.085333 182.527573
4.090667 183.808167
4.096000 184.544464
4.101333 184.907166
4.106667 123.405334
4.112000 123.407425
4.117333 123.336937
4.122667 123.287903
4.128000 184.872223
4.133333 184.817978
4.138667 184.708374
4.144000 184.768906
4.149333 370.873962
4.154667 371.335175
4.160000 371.696838
4.165333 371.643127
4.170667 370.978271
4.176000 370.247192
4.181334 369.641022
4.186666 369.292328
4.192000 369.589172
4.197333 370.157623
4.202667 370.224213
4.208000 369.876648
4.213333 369.745911
4.218667 369.887390
4.224000 370.149780
4.229333 370.446075
4.234667 370.654541
4.240000 370.639771
4.245333 370.447113
4.250667 370.303833
4.256000 370.236176
4.261333 370.074585
4.266667 369.923309
4.272000 370.144440
4.277333 370.642700
4.282667 370.966583
4.288000 370.950104
4.293334 370.937744
4.298666 371.880035
4.304000 123.332817
4.309333 123.510117
4.314667 123.571831
4.320000 119.265213
4.325333 351.836517
4.330667 345.462189
4.336000 111.245804
4.341333 110.978752
4.346667 110.827560
4.352000 110.852180
4.357333 110.926132
4.362667 110.896622
4.368000 110.776772
4.373333 110.712975
4.378667 110.723969
4.384000 110.750328
4.389333 110.796951
4.394667 110.843452
4.400000 110.822273
4.405334 110.739319
4.410666 110.689301
4.416000 110.697433
4.421333 110.689346
4.426667 110.635162
4.432000 110.630966
4.437333 110.707947
4.442667 110.753014
4.448000 110.706337
4.453333 110.655884
4.458667 110.633720
4.464000 110.579567
4.469333 110.515038
4.474667 110.505417
4.480000 110.550148
4.485333 110.613159
4.490667 110.662567
4.496000 110.671646
4.501333 110.654274
4.506667 110.667274
4.512000 110.693756
4.517334 110.671577
4.522666 110.658073
4.528000 110.712715
4.533333 110.751007
4.538667 110.738914
4.544000 110.714218
4.549333 110.721504
4.554667 110.774933
4.560000 110.874832
4.565333 110.909851
4.570667 110.938667
4.576000 111.377602
4.581333 111.710152
4.586667 111.759514
4.592000 111.736008
4.597333 111.698189
4.602667 111.615936
4.608000 111.417381
4.613333 111.196220
4.618667 111.034859
4.624000 110.881142
4.629333 110.784843
4.634666 110.726555
4.640000 110.647011
4.645333 110.545776
4.650667 110.503197
4.656000 110.533897
4.661334 110.547760
4.666667 110.545059
4.672000 110.565109
4.677333 110.584206
4.682667 110.551819
4.688000 110.510071
4.693333 110.541496
4.698667 110.596252
4.704000 110.610703
4.709333 110.613403
4.714667 110.599213
4.720000 110.555145
4.725333 110.500221
4.730667 110.440254
4.736000 110.389160
4.741333 110.409279
4.746666 110.506348
4.752000 110.577202
4.757333 110.581886
4.762667 110.550812
4.768000 110.577087
4.773334 110.827324
4.778666 251.220596
4.784000 242.799316
4.789333 243.116425
4.794667 244.146286
4.800000 244.704193
4.805333 242.835861
4.810667 206.632919
4.816000 206.393387
4.821333 239.202621
4.826667 239.192612
4.832000 239.418655
4.837333 202.477158
4.842667 201.946121
4.848000 201.507858
4.853333 200.807343
4.858667 201.292099
4.864000 203.151688
4.869333 204.975800
4.874667 206.461136
4.880000 206.955399
4.885334 206.219055
4.890666 205.575211
4.896000 206.262009
4.901333 110.359138
4.906667 110.663559
4.912000 110.873848
4.917333 110.991226
4.922667 110.871155
4.928000 110.512299
4.933333 110.411385
4.938667 206.367462
4.944000 206.794464
4.949333 110.189026
4.954667 110.290062
4.960000 110.505287
4.965333 110.631233
4.970667 110.826828
4.976000 110.957565
4.981333 110.776031
4.986667 110.511673
4.992000 110.429741
4.997334 110.514420
5.002666 110.598763
5.008000 110.638344
5.013333 332.686584
5.018667 110.883507
5.024000 110.977180
5.029333 110.761078
5.034667 110.149506
5.040000 109.551231
5.045333 204.448425
5.050667 204.996567
5.056000 205.741501
5.061333 206.516342
5.066667 207.001038
5.072000 207.321808
5.077333 207.422455
5.082667 207.164917
5.088000 206.898682
5.093333 206.828583
5.098667 206.823349
5.104000 206.765839
5.109334 206.797989
5.114666 206.955429
5.120000 110.303398
5.125333 110.251396
5.130667 110.258026
5.136000 110.378716
5.141333 110.464882
5.146667 110.457878
5.152000 110.474670
5.157333 110.603149
5.162667 227.754150
5.168000 225.731949
5.173333 223.983215
5.178667 110.863869
5.184000 111.009674
5.189333 111.061104
5.194667 111.011894
5.200000 110.956642
5.205333 110.949738
5.210667 111.000076
5.216000 111.037338
5.221334 111.020798
5.226666 111.067780
5.232000 111.234344
5.237333 111.348007
5.242667 111.264931
5.248000 111.158463
5.253334 111.210136
5.258667 111.368919
5.264000 111.429237
5.269333 110.169136
5.274667 75.712715
5.280000 82.907814
5.285333 205.022324
5.290667 206.153900
5.296000 206.774780
5.301333 206.997635
5.306667 207.155731
5.312000 111.107315
5.317333 111.122284
5.322667 111.077385
5.328000 111.017136
5.333333 110.946434
5.338666 110.850830
5.344000 110.790253
5.349333 110.790070
5.354667 110.728439
5.360000 110.561760
5.365334 110.466850
5.370667 110.496399
5.376000 110.599228
5.381333 110.743683
5.386667 110.869301
5.392000 110.968613
5.397333 111.033218
5.402667 111.043869
5.408000 111.035637
5.413333 223.986450
5.418667 223.909912
5.424000 110.888161
5.429333 110.786476
5.434667 110.667847
5.440000 110.574608
5.445333 110.548515
5.450667 207.606583
5.456000 207.845825
5.461333 110.732193
5.466667 110.800537
5.472000 110.736389
5.477334 110.729805
5.482666 226.709396
5.488000 226.834229
5.493333 110.782745
5.498667 110.891884
5.504000 226.830185
5.509333 207.929169
5.514667 207.607712
5.520000 207.006393
5.525333 206.410355
5.530667 206.129486
5.536000 206.112335
5.541333 205.777893
5.546667 204.734192
5.552000 203.511871
5.557333 202.588791
5.562667 201.734406
5.568000 199.877060
5.573333 198.965088
5.578667 200.251648
5.584000 202.182739
5.589334 200.440491
5.594666 199.409454
5.600000 200.843628
5.605333 201.701965
5.610667 200.070435
5.616000 197.518753
5.621333 197.605148
5.626667 198.796509
5.632000 199.250595
5.637333 198.833237
5.642667 198.336548
5.648000 197.996964
5.653333 198.053848
5.658667 198.468628
5.664000 199.330490
5.669333 201.715607
5.674667 203.065369
5.680000 201.543411
5.685333 200.427383
5.690667 201.115067
5.696000 99.792274
5.701334 99.137527
5.706666 83.995720
5.712000 111.081650
5.717333 110.762421
5.722667 110.613655
5.728000 110.565140
5.733333 513.085022
5.738667 514.706299
5.744000 511.231812
5.749333 274.873199
5.754667 108.347923
5.760000 111.362976
5.765333 204.383728
5.770667 203.554520
5.776000 202.443390
5.781333 203.191238
5.786667 123.965103
5.792000 124.051376
5.797333 204.979187
5.802667 204.419510
5.808000 203.976959
5.813334 204.107971
5.818666 204.494492
5.824000 204.588135
5.829333 204.263214
5.834667 203.919022
5.840000 204.006607
5.845333 204.330521
5.850667 204.573563
5.856000 204.985291
5.861333 205.500885
5.866667 205.660141
5.872000 205.818115
5.877333 92.127045
5.882667 91.843651
5.888000 91.282257
5.893333 91.342278
5.898667 100.997528
5.904000 101.349663
5.909333 112.034813
5.914667 91.590805
5.920000 91.521843
5.925333 91.487305
5.930666 99.894104
5.936000 110.509636
5.941333 110.427238
5.946667 110.484329
5.952000 99.500175
5.957334 99.742096
5.962667 91.379601
5.968000 91.329018
5.973333 46.875000
5.978667 99.258560
5.984000 98.805733
5.989333 94.105431
5.994667 205.862366
6.000000 205.487808
6.005333 205.225784
6.010667 204.950836
6.016000 204.724701
6.021333 204.764999
6.026667 204.923721
6.032000 204.959534
6.037333 204.964142
6.042666 205.011047
6.048000 205.058823
6.053333 247.297150
6.058667 123.565948
6.064000 123.350159
6.069334 123.087692
6.074667 123.149994
6.080000 97.587265
6.085333 335.903809
6.090667 336.724426
6.096000 140.219818
6.101333 83.725800
6.106667 101.930061
6.112000 98.843323
6.117333 98.824997
6.122667 99.250061
6.128000 99.556549
6.133333 99.315613
6.138667 91.055290
6.144000 91.168991
6.149333 98.827614
6.154667 98.005173
6.160000 97.991539
6.165333 98.646805
6.170667 98.870773
6.176000 98.872551
6.181334 90.434624
6.186666 90.205177
6.192000 98.677788
6.197333 110.037544
6.202667 110.237961
6.208000 110.509872
6.213333 141.456390
6.218667 141.393585
6.224000 123.841339
6.229333 123.823837
6.234667 0.000000
6.240000 66.530693
6.245333 99.303505
6.250667 196.057129
6.256000 195.591156
6.261333 195.165527
6.266667 195.132004
6.272000 195.445938
6.277333 195.739853
6.282667 195.652985
6.288000 195.428299
6.293334 195.394348
6.298666 195.490646
6.304000 195.666931
6.309333 195.941589
6.314667 196.265717
6.320000 196.381989
6.325333 196.198746
6.330667 196.102173
6.336000 196.478073
6.341333 196.942490
6.346667 197.174576
6.352000 197.387894
6.357333 197.681107
6.362667 197.822754
6.368000 197.758347
6.373333 197.682068
6.378667 197.673279
6.384000 197.552170
6.389333 197.254196
6.394667 197.124847
6.400000 197.270798
6.405334 197.262222
6.410666 197.032059
6.416000 196.995743
6.421333 197.048828
6.426667 196.937592
6.432000 196.937729
6.437333 197.007736
6.442667 196.127609
6.448000 194.451035
6.453333 193.618546
6.458667 193.777222
6.464000 194.808807
6.469333 195.089279
6.474667 194.897873
6.480000 81.571640
6.485333 121.174385
6.490667 120.623825
6.496000 187.333969
6.501333 187.025024
6.506667 186.895523
6.512000 187.089584
6.517334 187.269363
6.522666 187.253632
6.528000 187.272629
6.533333 187.358398
6.538667 187.335129
6.544000 187.219284
6.549333 187.179047
6.554667 187.254272
6.560000 187.328964
6.565333 187.329834
6.570667 187.261612
6.576000 187.112198
6.581333 186.957916
6.586667 186.952271
6.592000 187.154648
6.597333 187.358398
6.602667 187.297668
6.608000 187.090851
6.613333 186.975693
6.618667 186.933716
6.624000 186.865326
6.629333 186.792435
6.634666 186.815857
6.640000 186.921295
6.645333 186.952362
6.650667 186.816818
6.656000 186.623032
6.661334 186.497543
6.666667 186.380508
6.672000 186.221497
6.677333 186.062027
6.682667 185.975311
6.688000 185.770782
6.693333 91.088623
6.698667 0.000000
6.704000 226.157791
6.709333 241.037460
6.714667 241.166092
6.720000 110.389130
6.725333 110.506844
6.730667 274.119110
6.736000 274.242249
6.741333 275.307129
6.746666 276.148987
6.752000 276.367737
6.757333 277.034821
6.762667 278.847809
6.768000 189.388840
6.773334 190.345169
6.778666 433.640533
6.784000 295.514252
6.789333 295.860046
6.794667 296.312134
6.800000 148.109177
6.805333 148.058136
6.810667 148.146774
6.816000 97.070885
6.821333 376.048889
6.826667 274.246490
6.832000 274.867889
6.837333 275.069519
6.842667 275.034332
6.848000 275.525848
6.853333 277.536285
6.858667 278.759827
6.864000 278.795197
6.869333 278.684448
6.874667 278.679260
6.880000 279.116974
6.885334 281.448029
6.890666 286.070496
6.896000 292.153564
6.901333 147.755249
6.906667 147.933685
6.912000 148.051575
6.917333 148.389771
6.922667 94.146027
6.928000 94.135391
6.933333 93.939102
6.938667 126.821106
6.944000 117.632896
6.949333 117.478325
6.954667 117.290062
6.960000 117.141457
6.965333 146.951584
6.970667 146.775162
6.976000 220.994598
6.981333 146.896576
6.986667 146.798248
6.992000 146.667847
6.997334 146.637787
7.002666 220.389938
7.008000 220.382492
7.013333 146.768524
7.018667 146.767029
7.024000 146.660721
7.029333 146.644745
7.034667 146.885223
7.040000 218.784515
7.045333 218.487198
7.050667 218.719284
7.056000 457.374298
7.061333 453.287323
7.066667 198.263718
7.072000 146.360229
7.077333 146.124115
7.082667 111.139259
7.088000 110.848221
7.093333 146.379044
7.098667 146.124603
7.104000 145.907608
7.109334 110.891136
7.114666 111.116821
7.120000 110.927368
7.125333 146.139069
7.130667 146.111465
7.136000 146.104965
7.141333 146.265411
7.146667 146.582764
7.152000 146.814056
7.157333 462.877411
7.162667 471.120209
7.168000 144.615067
7.173333 144.669464
7.178667 146.971954
7.184000 147.068451
7.189333 147.089844
7.194667 147.145508
7.200000 147.237885
7.205333 147.262711
7.210667 147.149338
7.216000 147.046066
7.221334 147.082458
7.226666 147.167984
7.232000 147.157898
7.237333 147.122452
7.242667 147.149475
7.248000 147.215408
7.253334 147.192688
7.258667 147.083710
7.264000 147.047821
7.269333 147.148010
7.274667 147.248367
7.280000 147.255280
7.285333 147.228714
7.290667 147.220001
7.296000 147.198120
7.301333 147.159714
7.306667 147.151627
7.312000 294.286621
7.317333 294.394653
7.322667 294.429199
7.328000 294.426025
7.333333 147.231155
7.338666 147.264679
7.344000 147.233292
7.349333 294.270752
7.354667 294.218231
7.360000 147.222519
7.365334 147.253601
7.370667 147.236145
7.376000 294.237793
7.381333 293.950714
7.386667 293.517181
7.392000 292.917633
7.397333 292.047913
7.402667 290.825439
7.408000 289.682434
7.413333 289.080536
7.418667 288.706207
7.424000 111.087006
7.429333 110.908585
7.434667 110.788612
7.440000 110.743652
7.445333 147.506638
7.450667 110.705200
7.456000 110.623024
7.461333 147.284561
7.466667 147.210129
7.472000 147.242081
7.477334 110.649750
7.482666 110.655228
7.488000 110.645302
7.493333 110.582092
7.498667 110.486481
7.504000 110.433723
7.509333 110.438881
7.514667 110.427002
7.520000 110.352364
7.525333 110.391273
7.530667 110.546768
7.536000 110.593597
7.541333 110.545868
7.546667 110.482254
7.552000 110.461708
7.557333 110.474129
7.562667 110.487892
7.568000 110.507332
7.573333 110.552437
7.578667 278.002014
7.584000 110.677773
7.589334 138.554001
7.594666 138.679443
7.600000 277.358765
7.605333 277.852692
7.610667 279.163666
7.616000 138.890778
7.621333 138.903564
7.626667 138.954361
7.632000 138.995880
7.637333 138.873886
7.642667 138.632233
7.648000 92.634079
7.653333 260.858154
7.658667 261.489868
7.664000 261.943665
7.669333 261.744019
7.674667 109.075485
7.680000 73.935715
7.685333 186.835693
7.690667 186.783707
7.696000 187.026031
7.701334 187.070801
7.706666 186.503235
7.712000 186.208664
7.717333 186.230103
7.722667 186.181747
7.728000 185.886551
7.733333 185.341370
7.738667 184.833786
7.744000 184.745041
7.749333 185.064438
7.754667 185.622360
7.760000 186.003784
7.765333 186.001526
7.770667 186.002853
7.776000 186.252457
7.781333 186.762863
7.786667 187.432068
7.792000 92.063286
7.797333 92.023445
7.802667 91.888161
7.808000 91.732986
7.813334 91.613274
7.818666 91.539108
7.824000 88.779861
7.829333 88.792274
7.834667 111.195129
7.840000 111.050743
7.845333 91.754784
7.850667 91.891739
7.856000 92.108368
7.861333 92.275543
7.866667 186.907806
7.872000 186.592331
7.877333 91.959671
7.882667 91.643135
7.888000 91.469200
7.893333 93.779404
7.898667 144.871033
7.904000 145.515244
7.909333 73.813126
7.914667 144.822159
7.920000 93.678864
7.925333 145.716461
7.930666 277.908508
7.936000 135.675034
7.941333 135.999451
7.946667 137.405960
7.952000 277.165924
7.957334 277.418854
7.962667 277.870911
7.968000 138.620941
7.973333 138.225403
7.978667 278.170929
7.984000 278.364624
7.989333 278.190399
7.994667 138.467407
8.000000 138.735672
8.005333 278.954376
8.010667 278.674286
8.016000 279.117981
8.021334 139.557571
8.026667 279.611389
8.032000 279.894958
8.037333 279.404724
8.042666 278.023560
8.048000 138.386627
8.053333 138.494263
8.058666 277.374207
8.064000 277.077911
8.069333 277.027283
8.074667 138.419113
8.080000 138.471497
8.085333 276.928650
8.090667 277.442566
8.096000 277.754608
8.101334 138.306107
8.106667 138.516220
8.112000 138.833160
8.117333 278.586273
8.122666 278.552063
8.128000 278.746826
8.133333 138.406158
8.138667 141.981293
8.144000 0.000000
8.149333 110.755424
8.154667 110.756966
8.160000 110.808289
8.165334 110.879402
8.170667 110.962837
8.176000 111.022964
8.181334 111.015480
8.186666 110.913574
8.192000 110.856300
8.197333 110.905342
8.202666 110.948013
8.208000 147.373535
8.213333 147.453751
8.218667 147.575394
8.224000 147.745392
8.229333 73.927765
8.234667 73.962486
8.240000 74.023285
8.245334 110.946159
8.250667 110.975609
8.256000 110.988541
8.261333 74.011688
8.266666 74.036026
8.272000 74.059067
8.277333 74.066521
8.282666 110.952934
8.288000 110.970100
8.293333 222.304932
8.298667 74.095009
8.304000 74.098213
8.309334 74.105934
8.314667 74.129341
8.320000 74.161682
8.325334 74.168800
8.330667 74.152138
8.336000 167.217361
8.341333 74.153999
8.346666 74.170143
8.352000 74.202324
8.357333 74.208702
8.362667 74.180542
8.368000 74.136505
8.373333 74.116669
8.378667 74.139664
8.384000 74.171669
8.389334 74.172112
8.394667 74.137154
8.400000 74.132896
8.405334 74.131805
8.410666 74.159981
8.416000 74.270958
8.421333 74.334373
8.426666 149.268753
8.432000 149.351440
8.437333 149.367874
8.442667 149.275269
8.448000 149.121887
8.453333 149.034943
8.458667 149.029190
8.464000 149.020065
8.469334 148.957809
8.474667 148.905411
8.480000 148.909744
8.485333 148.936447
8.490666 148.918777
8.496000 148.847870
8.501333 148.801971
8.506667 148.855774
8.512000 148.919388
8.517333 148.870010
8.522667 148.782623
8.528000 148.784042
8.533334 148.832245
8.538667 148.853683
8.544000 148.887054
8.549334 148.919891
8.554667 148.906387
8.560000 148.887680
8.565333 148.890610
8.570666 148.889191
8.576000 148.865173
8.581333 148.852081
8.586667 148.832703
8.592000 148.790619
8.597333 148.756989
8.602667 148.769516
8.608000 148.876282
8.613334 184.609192
8.618667 184.752716
8.624000 184.834091
8.629333 185.114868
8.634666 185.746231
8.640000 74.200394
8.645333 74.200760
8.650666 218.635696
8.656000 218.528992
8.661333 218.747635
8.666667 370.221161
8.672000 444.651306
8.677333 443.627441
8.682667 441.107758
8.688000 218.264755
8.693334 218.438278
8.698667 202.355392
8.704000 201.877060
8.709333 201.528824
8.714666 372.037567
8.720000 372.911743
8.725333 373.314941
8.730667 373.112854
8.736000 371.702240
8.741333 369.930786
8.746667 368.570557
8.752000 367.536499
8.757334 367.184875
8.762667 147.563431
8.768000 147.687408
8.773334 147.866058
8.778666 148.087692
8.784000 439.471710
8.789333 148.320633
8.794666 148.287003
8.800000 148.264648
8.805333 440.936523
8.810667 148.363998
8.816000 148.340408
8.821333 148.249054
8.826667 148.101868
8.832000 147.839767
8.837334 147.453552
8.842667 147.150101
8.848000 147.297256
8.853333 147.665649
8.858666 147.676132
8.864000 147.650253
8.869333 147.750031
8.874666 147.780319
8.880000 147.825104
8.885333 147.978668
8.890667 148.129593
8.896000 148.075714
8.901334 147.901093
8.906667 147.729462
8.912000 147.702759
8.917334 73.895958
8.922667 147.712326
8.928000 147.726639
8.933333 147.766281
8.938666 147.783203
8.944000 147.698318
8.949333 73.712875
8.954667 73.665649
8.960000 147.440796
8.965333 147.435776
8.970667 147.408051
8.976000 147.400665
8.981334 147.398132
8.986667 147.432358
8.992000 147.534592
8.997334 147.578003
9.002666 147.555145
9.008000 73.783295
9.013333 73.840904
9.018666 73.901459
9.024000 73.952080
9.029333 73.994110
9.034667 148.186279
9.040000 148.300049
9.045333 148.402435
9.050667 148.422089
9.056000 148.391068
9.061334 148.368271
9.066667 148.374130
9.072000 148.401596
9.077333 450.127197
9.082666 450.940826
9.088000 368.686462
9.093333 123.433678
9.098666 123.173035
9.104000 123.011879
9.109333 74.121269
9.114667 125.142914
9.120000 125.285744
9.125334 125.340034
9.130667 125.386993
9.136000 125.360069
9.141334 125.272408
9.146667 125.352127
9.152000 125.548691
9.157333 122.611931
9.162666 367.737030
9.168000 122.930527
9.173333 125.083275
9.178667 369.052307
9.184000 370.294495
9.189333 370.050964
9.194667 125.201828
9.200000 125.105827
9.205334 124.443260
9.210667 124.023842
9.216000 123.830582
9.221334 123.738884
9.226666 123.927116
9.232000 124.293686
9.237333 124.604279
9.242666 124.935135
9.248000 125.064415
9.253333 124.873405
9.258667 124.356705
9.264000 124.259193
9.269333 124.421799
9.274667 124.594963
9.280000 124.618111
9.285334 124.453934
9.290667 124.270424
9.296000 124.264389
9.301333 124.378204
9.306666 124.447319
9.312000 124.384918
9.317333 124.079102
9.322667 123.825142
9.328000 300.200836
9.333333 299.202820
9.338667 148.482712
9.344000 148.449661
9.349334 148.012466
9.354667 110.779099
9.360000 110.608864
9.365334 110.684425
9.370667 110.790146
9.376000 110.873734
9.381333 110.925453
9.386666 110.942032
9.392000 110.863335
9.397333 110.713707
9.402667 110.586395
9.408000 110.518494
9.413333 110.510780
9.418667 110.563599
9.424000 110.636559
9.429334 110.727577
9.434667 110.846664
9.440000 110.935669
9.445333 110.927162
9.450666 110.913437
9.456000 111.001564
9.461333 111.144890
9.466666 111.232880
9.472000 111.253777
9.477333 111.193680
9.482667 111.135315
9.488000 111.185577
9.493333 111.236252
9.498667 111.178818
9.504000 111.059341
9.509334 111.009720
9.514667 111.097092
9.520000 111.231689
9.525333 111.247009
9.530666 111.157898
9.536000 111.118332
9.541333 111.165604
9.546667 111.260056
9.552000 111.306763
9.557333 111.271912
9.562667 223.477203
9.568000 226.973679
9.573334 227.499863
9.578667 205.675781
9.584000 205.410675
9.589334 205.331741
9.594666 147.656937
9.600000 147.404388
9.605333 146.609528
9.610666 143.096252
9.616000 143.355118
9.621333 143.413818
9.626667 143.771240
9.632000 120.372795
9.637333 205.995834
9.642667 143.612961
9.648000 143.403625
9.653334 143.525299
9.658667 61.100929
9.664000 131.179291
9.669333 144.220200
9.674666 144.654510
9.680000 131.694016
9.685333 121.553841
9.690666 122.116486
9.696000 122.577049
9.701333 366.525360
9.706667 147.473160
9.712000 147.522156
9.717334 138.003235
9.722667 123.348869
9.728000 123.323196
9.733334 123.086525
9.738667 123.085312
9.744000 92.069695
9.749333 92.080948
9.754666 92.141563
9.760000 92.229523
9.765333 92.280632
9.770667 92.318138
9.776000 90.382721
9.781333 90.363342
9.786667 92.434113
9.792000 92.328644
9.797334 92.279617
9.802667 85.481812
9.808000 85.335846
9.813334 122.802795
9.818666 118.250847
9.824000 118.102074
9.829333 84.856873
9.834666 84.759125
9.840000 252.895020
9.845333 250.394562
9.850667 231.497253
9.856000 233.630264
9.861333 238.200089
9.866667 240.656876
9.872000 241.282761
9.877334 121.592636
9.882667 121.632072
9.888000 121.543221
9.893333 121.777672
9.898666 122.397179
9.904000 122.992828
9.909333 96.310844
9.914667 96.549141
9.920000 255.142212
9.925333 125.812737
9.930667 126.051376
9.936000 80.571449
9.941334 211.147018
9.946667 214.801712
9.952000 131.121765
9.957334 131.024933
9.962667 81.751167
9.968000 81.655258
9.973333 83.334946
9.978666 83.465195
9.984000 83.005203
9.989333 205.313492
9.994667 205.347198
10.000000 205.238724
10.005333 205.368607
10.010667 128.945755
10.016000 204.070114
10.021334 83.901512
10.026667 83.506889
10.032000 219.608932
10.037333 218.986282
10.042666 110.891571
10.048000 111.220436
10.053333 116.217026
10.058666 507.884796
10.064000 509.655975
10.069333 518.129211
10.074667 404.499664
10.080000 135.793640
10.085333 141.865921
10.090667 141.638855
10.096000 153.673843
10.101334 161.679672
10.106667 166.710007
10.112000 166.923920
10.117333 172.723877
10.122666 173.217911
10.128000 173.632034
10.133333 173.799362
10.138667 171.427582
10.144000 171.230240
10.149333 171.447464
10.154667 4920.213867
10.160000 4996.469238
10.165334 5029.827637
10.170667 5008.865234
10.176000 4920.573242
10.181334 4799.992676
10.186666 4712.555176
10.192000 4661.397949
10.197333 4599.638672
10.202666 4521.700684
10.208000 4475.354980
10.213333 4450.270020
10.218667 4421.154785
10.224000 4422.728516
10.229333 4482.273438
10.234667 4535.706543
10.240000 4536.252930
10.245334 4521.600098
10.250667 4510.583008
10.256000 4450.352539
10.261333 139.283463
10.266666 139.698959
10.272000 140.356308
10.277333 140.788147
10.282666 141.367676
10.288000 141.879959
10.293333 154.858932
10.298667 154.901337
10.304000 161.250641
10.309334 161.778946
10.314667 163.145615
10.320000 165.262161
10.325334 170.627136
10.330667 172.580917
10.336000 178.547714
10.341333 178.523438
10.346666 182.333496
10.352000 183.385818
10.357333 184.128922
10.362667 185.173035
10.368000 186.234741
10.373333 187.116119
10.378667 187.911453
10.384000 188.735428
10.389334 189.590225
10.394667 190.332779
10.400000 190.807770
10.405334 191.025177
10.410666 191.058655
10.416000 191.095627
10.421333 191.313248
10.426666 191.573761
10.432000 191.740936
10.437333 192.119781
10.442667 192.897858
10.448000 193.911743
10.453333 195.210907
10.458667 197.090363
10.464000 199.105377
10.469334 201.213425
10.474667 203.768646
10.480000 206.637070
10.485333 209.172836
10.490666 211.464020
10.496000 213.995544
10.501333 217.961487
10.506667 220.978546
10.512000 222.304169
10.517333 222.998215
10.522667 223.243500
10.528000 223.237244
10.533334 223.005295
10.538667 110.881004
10.544000 110.568359
10.549334 219.034866
10.554667 217.721252
10.560000 216.806534
10.565333 216.538879
10.570666 216.706696
10.576000 217.108429
10.581333 217.788925
10.586667 218.679626
10.592000 219.404205
10.597333 219.449295
10.602667 217.799088
10.608000 216.371780
10.613334 216.471313
10.618667 217.436768
10.624000 219.020874
10.629333 218.528534
10.634666 216.968582
10.640000 74.171715
10.645333 73.878998
10.650666 73.713196
10.656000 74.041153
10.661333 74.101013
10.666667 74.082916
10.672000 236.403046
10.677333 298.791870
10.682667 74.342545
10.688000 74.201607
10.693334 73.920372
10.698667 73.891190
10.704000 73.914688
10.709333 73.976219
10.714666 73.909821
10.720000 203.885803
10.725333 204.679123
10.730667 205.452316
10.736000 97.013206
10.741333 96.939316
10.746667 97.430008
10.752000 205.558914
10.757334 207.588699
10.762667 207.174408
10.768000 100.366394
10.773334 103.085159
10.778666 106.712242
10.784000 109.818222
10.789333 224.817581
10.794666 226.635925
10.800000 226.757370
10.805333 225.094696
10.810667 222.610977
10.816000 220.747330
10.821333 219.666580
10.826667 218.935165
10.832000 218.165253
10.837334 217.284729
10.842667 216.680283
10.848000 216.658676
10.853333 216.841492
10.858666 216.989853
10.864000 217.049805
10.869333 216.904510
10.874666 216.568207
10.880000 216.364487
10.885333 216.444702
10.890667 216.655136
10.896000 217.014603
10.901334 217.584412
10.906667 218.369186
10.912000 219.381470
10.917334 220.672974
10.922667 222.250214
10.928000 223.791382
10.933333 224.903381
10.938666 225.530045
10.944000 225.775543
10.949333 225.757187
10.954667 225.547806
10.960000 225.085342
10.965333 224.360687
10.970667 223.590530
10.976000 222.782745
10.981334 221.720566
10.986667 220.416214
10.992000 219.133850
10.997334 217.990479
11.002666 217.076401
11.008000 216.410248
11.013333 215.940262
11.018666 107.805573
11.024000 107.745903
11.029333 215.840805
11.034667 216.529495
11.040000 217.198654
11.045333 217.681915
11.050667 218.252380
11.056000 219.067291
11.061334 220.005356
11.066667 221.028976
11.072000 222.169876
11.077333 223.124725
11.082666 223.738525
11.088000 224.099991
11.093333 224.091141
11.098666 223.721405
11.104000 223.319183
11.109333 223.023346
11.114667 222.695389
11.120000 222.187683
11.125334 221.430450
11.130667 220.473770
11.136000 219.504745
11.141334 218.716141
11.146667 218.095657
11.152000 217.613327
11.157333 217.370712
11.162666 217.540482
11.168000 218.107056
11.173333 218.864426
11.178667 219.743561
11.184000 220.667038
11.189333 221.503891
11.194667 222.269638
11.200000 222.844391
11.205334 223.006790
11.210667 222.726608
11.216000 222.205109
11.221334 221.714310
11.226666 221.474014
11.232000 221.357681
11.237333 220.936066
11.242666 219.991043
11.248000 218.924759
11.253333 218.119476
11.258667 217.601364
11.264000 217.510834
11.269333 217.844986
11.274667 218.231750
11.280000 218.388641
11.285334 218.183640
11.290667 217.531723
11.296000 216.371933
11.301333 214.028275
11.306666 210.592972
11.312000 208.053360
11.317333 74.318832
11.322667 74.139069
11.328000 73.988472
11.333333 73.973602
11.338667 74.012413
11.344000 74.029221
11.349334 74.089561
11.354667 74.276978
11.360000 74.306923
11.365334 74.196953
11.370667 74.074852
11.376000 74.069489
11.381333 74.071449
11.386666 74.049026
11.392000 74.076950
11.397333 74.051880
11.402667 74.009476
11.408000 74.007858
11.413333 73.951309
11.418667 73.805351
11.424000 73.716393
11.429334 73.693825
11.434667 73.761154
11.440000 73.870148
11.445333 73.859665
11.450666 73.818916
11.456000 73.872520
11.461333 73.983131
11.466666 74.301750
11.472000 74.494835
11.477333 3630.827393
11.482667 3816.679199
11.488000 1042.697632
11.493333 261.192352
11.498667 261.228973
11.504000 260.627167
11.509334 222.724228
11.514667 222.509476
11.520000 221.655121
11.525333 220.146408
11.530666 217.325363
11.536000 213.296768
11.541333 213.051102
11.546667 204.390488
11.552000 204.100220
11.557333 201.552002
11.562667 5109.565430
11.568000 5140.124512
11.573334 5154.600098
11.578667 5089.248535
11.584000 4996.041992
11.589334 4959.131348
11.594666 4922.017578
11.600000 4861.341309
11.605333 4823.833008
11.610666 4841.932129
11.616000 4873.541992
11.621333 4871.364746
11.626667 4849.025879
11.632000 4833.534668
11.637333 4841.566895
11.642667 84.048790
11.648000 82.834221
11.653334 86.413391
11.658667 90.009865
11.664000 90.889946
11.669333 92.549316
11.674666 92.684517
11.680000 92.591736
11.685333 91.678146
11.690666 91.161972
11.696000 92.837692
11.701333 96.948364
11.706667 96.667084
11.712000 89.248672
11.717334 89.683327
11.722667 90.073860
11.728000 93.485809
11.733334 93.374733
11.738667 198.099014
11.744000 209.977814
11.749333 222.273102
11.754666 222.018356
11.760000 222.624466
11.765333 224.766418
11.770667 226.006882
11.776000 226.199738
11.781333 225.581268
11.786667 224.370407
11.792000 223.347610
11.797334 223.001068
11.802667 223.162338
11.808000 223.283035
11.813334 222.848358
11.818666 221.975464
11.824000 221.112244
11.829333 220.610413
11.834666 220.467346
11.840000 220.477631
11.845333 220.547531
11.850667 220.731934
11.856000 221.022430
11.861333 221.251282
11.866667 221.176819
11.872000 220.820908
11.877334 220.480499
11.882667 220.286087
11.888000 220.274673
11.893333 220.536453
11.898666 220.845703
11.904000 220.882248
11.909333 220.739548
11.914667 220.702530
11.920000 220.782776
11.925333 220.788513
11.930667 220.665558
11.936000 220.498428
11.941334 220.336105
11.946667 220.152924
11.952000 219.915100
11.957334 219.577454
11.962667 219.107590
11.968000 218.572388
11.973333 837.722473
11.978666 841.615479
11.984000 848.617737
11.989333 213.762329
11.994667 211.708313
12.000000 209.496155
12.005333 207.182007
12.010667 205.165314
12.016000 202.897552
12.021334 200.184525
12.026667 197.905914
12.032000 196.028473
12.037333 194.040146
12.042666 192.328156
12.048000 191.189224
12.053333 190.542130
12.058666 190.409271
12.064000 190.685898
12.069333 191.185898
12.074667 191.812561
12.080000 192.593643
12.085333 193.540741
12.090667 194.558609
12.096000 195.443420
12.101334 196.135666
12.106667 196.811600
12.112000 197.518616
12.117333 198.118347
12.122666 198.412643
12.128000 198.288773
12.133333 197.816483
12.138667 197.150482
12.144000 196.383453
12.149333 195.852127
12.154667 195.718826
12.160000 195.817841
12.165334 196.041489
12.170667 196.235489
12.176000 196.134232
12.181334 195.718170
12.186666 195.293701
12.192000 195.106613
12.197333 195.046524
12.202666 194.967300
12.208000 194.858032
12.213333 194.835754
12.218667 194.891098
12.224000 194.960892
12.229333 195.169922
12.234667 195.511063
12.240000 195.770004
12.245334 195.766876
12.250667 195.523148
12.256000 195.291000
12.261333 195.444717
12.266666 195.885071
12.272000 196.205917
12.277333 196.488693
12.282666 196.906631
12.288000 197.370300
12.293333 197.604843
12.298667 197.749252
12.304000 198.085999
12.309334 198.425461
12.314667 198.533157
12.320000 198.389465
12.325334 198.120789
12.330667 197.848022
12.336000 197.479095
12.341333 196.949814
12.346666 196.433426
12.352000 195.985031
12.357333 195.499847
12.362667 195.029160
12.368000 194.637054
12.373333 194.340622
12.378667 194.068741
12.384000 193.851410
12.389334 193.835464
12.394667 194.104446
12.400000 194.299728
12.405334 193.924377
12.410666 193.343231
12.416000 193.095123
12.421333 193.380127
12.426666 193.682053
12.432000 194.013702
12.437333 195.026306
12.442667 196.608658
12.448000 512.351990
12.453333 1039.749146
12.458667 1038.995239
12.464000 303.860321
12.469334 302.530182
12.474667 98.142197
12.480000 196.069717
12.485333 196.150497
12.490666 196.117325
12.496000 195.524155
12.501333 191.205887
12.506667 188.848526
12.512000 187.478394
12.517333 185.720947
12.522667 185.241837
12.528000 184.796219
12.533334 183.215347
12.538667 96.696098
12.544000 196.356461
12.549334 196.329193
12.554667 196.815720
12.560000 197.659454
12.565333 197.672485
12.570666 197.072128
12.576000 196.501633
12.581333 195.351639
12.586667 194.008072
12.592000 97.595566
12.597333 97.642395
12.602667 194.853424
12.608000 4262.977539
12.613334 4187.435059
12.618667 4232.889160
12.624000 4371.459473
12.629333 4464.756836
12.634666 4446.581543
12.640000 4312.857910
12.645333 4174.057617
12.650666 4139.786133
12.656000 4112.392578
12.661333 4058.514893
12.666667 4027.582031
12.672000 4017.218750
12.677333 3982.568359
12.682667 3908.413086
12.688000 3857.309570
12.693334 111.486938
12.698667 110.922150
12.704000 106.888008
12.709333 202.016861
12.714666 201.361221
12.720000 200.628159
12.725333 199.742294
12.730667 199.022675
12.736000 198.780518
12.741333 198.844437
12.746667 198.848083
12.752000 198.586319
12.757334 198.061310
12.762667 197.421143
12.768000 196.955154
12.773334 196.798096
12.778666 196.848160
12.784000 196.921448
12.789333 196.827194
12.794666 196.481140
12.800000 196.022781
12.805333 195.731842
12.810667 195.653778
12.816000 195.698898
12.821333 195.790970
12.826667 195.880859
12.832000 195.982925
12.837334 196.177399
12.842667 196.398834
12.848000 196.504181
12.853333 196.514679
12.858666 196.516495
12.864000 196.521103
12.869333 196.491699
12.874666 196.397873
12.880000 196.263107
12.885333 196.134476
12.890667 195.984711
12.896000 195.697159
12.901334 195.160416
12.906667 194.466248
12.912000 193.795227
12.917334 193.156006
12.922667 192.456970
12.928000 3713.635498
12.933333 3674.764893
12.938666 3649.453613
12.944000 3642.686768
12.949333 184.567566
12.954667 184.382187
12.960000 184.449890
12.965333 184.671783
12.970667 184.988495
12.976000 185.304977
12.981334 185.553802
12.986667 185.873245
12.992000 186.382690
12.997334 187.013443
13.002666 187.555405
13.008000 187.850220
13.013333 187.722870
13.018666 187.106415
13.024000 186.193939
13.029333 185.178314
13.034667 183.612778
13.040000 181.699463
13.045333 3663.194336
13.050667 3710.429688
13.056000 3760.652588
13.061334 3782.857422
13.066667 3793.811523
13.072000 56.824516
13.077333 0.000000
13.082666 97.585808
13.088000 57.869495
13.093333 0.000000
13.098666 164.715012
13.104000 154.595734
13.109333 153.060593
13.114667 150.340652
13.120000 149.185303
13.125334 143.008865
13.130667 142.617615
13.136000 92.902573
13.141334 132.765823
13.146667 127.894875
13.152000 128.129196
13.157333 128.360336
13.162666 132.832062
13.168000 138.115723
13.173333 143.268951
13.178667 148.860138
13.184000 148.179581
13.189333 148.295532
13.194667 154.791702
13.200000 160.003967
13.205334 162.116653
13.210667 165.113541
13.216000 167.821564
13.221334 171.768753
13.226666 175.263000
13.232000 178.864288
13.237333 180.909760
13.242666 182.077133
13.248000 182.731888
13.253333 183.206741
13.258667 183.717148
13.264000 184.291138
13.269333 184.778107
13.274667 185.004211
13.280000 184.909348
13.285334 184.622757
13.290667 184.377670
13.296000 184.309875
13.301333 184.364105
13.306666 184.442276
13.312000 184.564178
13.317333 184.777954
13.322667 185.070709
13.328000 185.405319
13.333333 185.845901
13.338667 186.480759
13.344000 187.198853
13.349334 187.728516
13.354667 188.047943
13.360000 188.247894
13.365334 188.481049
13.370667 188.903992
13.376000 189.245819
13.381333 189.030350
13.386666 188.267410
13.392000 187.354691
13.397333 186.421768
13.402667 185.890137
13.408000 185.811951
13.413333 185.490860
13.418667 183.888824
13.424000 182.272369
13.429334 181.079865
13.434667 180.082993
13.440000 179.308578
13.445333 178.884399
13.450666 178.998978
13.456000 179.347916
13.461333 179.753281
13.466666 180.364944
13.472000 181.371048
13.477333 182.400513
13.482667 183.306900
13.488000 184.297760
13.493333 185.221115
13.498667 185.950638
13.504000 186.672562
13.509334 187.294678
13.514667 187.555405
13.520000 187.546509
13.525333 187.412201
13.530666 187.106949
13.536000 186.610641
13.541333 186.024338
13.546667 185.277954
13.552000 184.301300
13.557333 183.390106
13.562667 182.535202
13.568000 181.701294
13.573334 181.160538
13.578667 181.161346
13.584000 181.152451
13.589334 181.151535
13.594666 181.791046
13.600000 182.687469
13.605333 183.291351
13.610666 183.826935
13.616000 184.440353
13.621333 185.128723
13.626667 186.062210
13.632000 187.211823
13.637333 188.400375
13.642667 190.328339
13.648000 193.328537
13.653334 195.470657
13.658667 196.113098
13.664000 196.700394
13.669333 197.573166
13.674666 198.327545
13.680000 198.765869
13.685333 198.910767
13.690666 198.679886
13.696000 198.026794
13.701333 197.065063
13.706667 196.159180
13.712000 195.509003
13.717334 195.105972
13.722667 194.933334
13.728000 195.010803
13.733334 195.164047
13.738667 195.278732
13.744000 195.410858
13.749333 195.578842
13.754666 195.718185
13.760000 195.836700
13.765333 196.032700
13.770667 196.349701
13.776000 196.655930
13.781333 196.770981
13.786667 196.661407
13.792000 196.401627
13.797334 196.019867
13.802667 195.493073
13.808000 194.695389
13.813334 193.577469
13.818666 191.676849
13.824000 156.437759
13.829333 155.916351
13.834666 155.833084
13.840000 156.097763
13.845333 259.457214
13.850667 259.693390
13.856000 260.696808
13.861333 195.763062
13.866667 195.958130
13.872000 798.190430
13.877334 784.199280
13.882667 154.650604
13.888000 129.203293
13.893333 133.910141
13.898666 78.954590
13.904000 78.884407
13.909333 0.000000
13.914667 188.103043
13.920000 196.152924
13.925333 183.975922
13.930667 183.644196
13.936000 183.917618
13.941334 184.569061
13.946667 185.229477
13.952000 185.696548
13.957334 185.942062
13.962667 185.993561
13.968000 185.918243
13.973333 185.815582
13.978666 185.708511
13.984000 185.559814
13.989333 185.423752
13.994667 185.401199
14.000000 185.261887
14.005333 184.526611
14.010667 183.373840
14.016000 182.528275
14.021334 182.002563
14.026667 181.814835
14.032000 181.893311
14.037333 182.122253
14.042666 182.399094
14.048000 182.638626
14.053333 182.718811
14.058666 182.587555
14.064000 182.393127
14.069333 182.237579
14.074667 182.090698
14.080000 181.913361
14.085333 181.700867
14.090667 181.572067
14.096000 181.761429
14.101334 182.522430
14.106667 183.877487
14.112000 185.350159
14.117333 186.686432
14.122666 189.383133
14.128000 190.406769
14.133333 190.264160
14.138667 190.398758
14.144000 190.877106
14.149333 191.842331
14.154667 193.154282
14.160000 193.677353
14.165334 193.784500
14.170667 194.078018
14.176000 194.694519
14.181334 195.144699
14.186666 195.215027
14.192000 195.057281
14.197333 194.888153
14.202666 194.774643
14.208000 194.669632
14.213333 194.570312
14.218667 194.591217
14.224000 194.852676
14.229333 195.256332
14.234667 195.642014
14.240000 195.966217
14.245334 196.516098
14.250667 197.786942
14.256000 3481.392822
14.261333 3468.059814
14.266666 3464.701172
14.272000 3474.494629
14.277333 3481.114746
14.282666 3478.213379
14.288000 3475.391357
14.293333 3480.154297
14.298667 110.916283
14.304000 110.997597
14.309334 111.003220
14.314667 110.847084
14.320000 221.147018
14.325334 220.844543
14.330667 110.363083
14.336000 110.277687
14.341333 110.114212
14.346666 219.852554
14.352000 219.327240
14.357333 218.673676
14.362667 218.182373
14.368000 992.657166
14.373333 328.415527
14.378667 231.555435
14.384000 231.786194
14.389334 231.554001
14.394667 217.204544
14.400000 216.220413
14.405334 215.103241
14.410666 213.093826
14.416000 212.827057
14.421333 110.900200
14.426666 111.115944
14.432000 215.497894
14.437333 116.047249
14.442667 111.600578
14.448000 111.454605
14.453333 111.480087
14.458667 111.644600
14.464000 111.717903
14.469334 230.081314
14.474667 214.680878
14.480000 111.657394
14.485333 116.186401
14.490666 73.162064
14.496000 212.702515
14.501333 111.868103
14.506667 115.675797
14.512000 213.626160
14.517333 115.848907
14.522667 111.945839
14.528000 73.072594
14.533334 73.118134
14.538667 111.789825
14.544000 111.758324
14.549334 213.240219
14.554667 212.806931
14.560000 212.875961
14.565333 213.327606
14.570666 213.729004
14.576000 213.632111
14.581333 213.202972
14.586667 212.929001
14.592000 212.693939
14.597333 96.389267
14.602667 96.284775
14.608000 96.250168
14.613334 102.504395
14.618667 102.468292
14.624000 102.359161
14.629333 96.599251
14.634666 96.660690
14.640000 148.130386
14.645333 148.310715
14.650666 148.228806
14.656000 113.062614
14.661333 113.138176
14.666667 74.190231
14.672000 74.203613
14.677333 74.222305
14.682667 74.250458
14.688000 74.266502
14.693334 147.957108
14.698667 147.827316
14.704000 74.221550
14.709333 147.724274
14.714666 147.782562
14.720000 147.824127
14.725333 147.813187
14.730667 147.690536
14.736000 147.461670
14.741333 147.398270
14.746667 147.580063
14.752000 147.699600
14.757334 147.751495
14.762667 147.761307
14.768000 147.653336
14.773334 147.528320
14.778666 74.107063
14.784000 147.815414
14.789333 147.821213
14.794666 147.760056
14.800000 147.944107
14.805333 148.139587
14.810667 74.053207
14.816000 74.045914
14.821333 148.130295
14.826667 148.048218
14.832000 147.841370
14.837334 0.000000
14.842667 0.000000
14.848000 0.000000
14.853333 103.266953
14.858666 79.559952
14.864000 74.263870
14.869333 74.131828
14.874666 74.031670
14.880000 167.264740
14.885333 167.133286
14.890667 167.110779
14.896000 167.335144
14.901334 167.533112
14.906667 167.602402
14.912000 167.571320
14.917334 104.114494
14.922667 104.003403
14.928000 83.715897
14.933333 83.592514
14.938666 75.965508
14.944000 75.941597
14.949333 74.144997
14.954667 167.231384
14.960000 167.114502
14.965333 167.084167
14.970667 167.089615
14.976000 167.101913
14.981334 167.182587
14.986667 167.309525
14.992000 167.225540
14.997334 167.002274
15.002666 166.955719
15.008000 167.007996
15.013333 74.131363
15.018666 74.302994
15.024000 74.279221
15.029333 74.147415
15.034667 74.021080
15.040000 75.804710
15.045333 75.893555
15.050667 75.994392
15.056000 75.942955
15.061334 83.486572
15.066667 75.893890
15.072000 75.863289
15.077333 75.772354
15.082666 75.602936
15.088000 76.989586
15.093333 97.247284
15.098666 97.443413
15.104000 188.764420
15.109333 188.700241
15.114667 188.407333
15.120000 188.103516
15.125334 188.065186
15.130667 188.206177
15.136000 188.422424
15.141334 188.731567
15.146667 188.997696
15.152000 189.108093
15.157333 189.099640
15.162666 189.065155
15.168000 189.014526
15.173333 188.943298
15.178667 188.859116
15.184000 188.791687
15.189333 188.772903
15.194667 188.789276
15.200000 188.811630
15.205334 188.802704
15.210667 188.707550
15.216000 188.577286
15.221334 188.701645
15.226666 188.920959
15.232000 188.897156
15.237333 188.735825
15.242666 188.634857
15.248000 188.662827
15.253333 188.747711
15.258667 188.822205
15.264000 188.811554
15.269333 92.518570
15.274667 93.352715
15.280000 188.641983
15.285334 188.593246
15.290667 188.654816
15.296000 188.737076
15.301333 74.059013
15.306666 74.029137
15.312000 187.583893
15.317333 187.092407
15.322667 1024.815674
15.328000 1025.843750
15.333333 1030.609863
15.338667 299.349182
15.344000 298.848907
15.349334 298.328430
15.354667 297.466553
15.360000 87.393837
15.365334 87.316261
15.370667 88.946457
15.376000 88.791557
15.381333 88.572075
15.386666 91.181381
15.392000 91.309921
15.397333 250.944260
15.402667 234.626511
15.408000 230.734482
15.413333 93.570198
15.418667 93.107521
15.424000 92.765266
15.429334 92.379669
15.434667 92.436890
15.440000 92.635590
15.445333 92.736549
15.450666 121.617722
15.456000 243.759232
15.461333 93.072113
15.466666 92.771385
15.472000 188.016006
15.477333 93.061020
15.482667 97.758392
15.488000 97.642845
15.493333 97.385368
15.498667 83.713402
15.504000 82.770691
15.509334 94.234520
15.514667 94.450562
15.520000 94.331436
15.525333 346.011749
15.530666 344.860474
15.536000 370.157715
15.541333 98.647781
15.546667 677.404663
15.552000 674.385925
15.557333 674.881592
15.562667 111.340347
15.568000 118.473549
15.573334 118.802528
15.578667 124.193062
15.584000 129.385300
15.589334 132.556519
15.594666 132.616501
15.600000 138.736099
15.605333 139.260834
15.610666 625.061340
15.616000 627.278931
15.621333 628.631897
15.626667 631.127747
15.632000 154.617538
15.637333 155.540604
15.642667 156.317963
15.648000 157.633072
15.653334 159.039810
15.658667 160.311279
15.664000 161.678589
15.669333 162.840744
15.674666 163.552902
15.680000 163.909470
15.685333 163.969162
15.690666 163.691711
15.696000 163.114655
15.701333 162.202499
15.706667 159.960968
15.712000 157.635315
15.717334 123.457825
15.722667 122.867561
15.728000 62.605988
15.733334 127.529137
15.738667 127.768494
15.744000 126.892387
15.749333 126.133286
15.754666 126.068977
15.760000 62.776928
15.765333 62.698017
15.770667 124.859283
15.776000 125.750061
15.781333 81.450195
15.786667 126.795731
15.792000 83.904259
15.797334 130.847229
15.802667 130.832443
15.808000 128.261719
15.813334 77.400360
15.818666 68.830772
15.824000 139.753220
15.829333 137.802002
15.834666 137.832504
15.840000 138.415207
15.845333 139.051025
15.850667 139.652191
15.856000 140.366486
15.861333 141.009338
15.866667 141.394577
15.872000 141.584427
15.877334 141.701096
15.882667 141.895554
15.888000 142.280457
15.893333 145.796127
15.898666 146.141785
15.904000 145.869003
15.909333 144.616974
15.914667 143.548431
15.920000 143.002716
15.925333 142.323395
15.930667 141.698914
15.936000 141.403351
15.941334 141.353653
15.946667 141.252411
15.952000 141.093231
15.957334 141.085983
15.962667 141.323013
15.968000 141.710861
15.973333 141.933090
15.978666 142.130386
15.984000 142.712769
15.989333 143.479370
15.994667 143.454132
16.000000 143.069870
16.005333 143.208023
16.010666 143.732529
16.016001 144.286697
16.021334 144.894608
16.026667 145.868515
16.032000 147.470657
16.037333 153.236908
16.042667 153.692642
16.048000 154.395142
16.053333 155.383453
16.058666 156.520370
16.063999 157.909561
16.069334 159.921707
16.074667 161.672348
16.080000 163.208435
16.085333 164.564957
16.090666 165.770523
16.096001 166.625961
16.101334 167.073563
16.106667 167.304596
16.112000 167.457504
16.117332 167.567261
16.122667 167.657578
16.128000 167.768326
16.133333 167.888657
16.138666 168.001114
16.143999 168.154480
16.149334 168.398727
16.154667 168.770309
16.160000 169.291183
16.165333 169.937088
16.170666 170.631195
16.176001 171.267258
16.181334 171.872925
16.186666 172.642807
16.191999 173.632278
16.197332 174.745651
16.202667 176.058701
16.208000 177.696487
16.213333 179.574707
16.218666 181.538132
16.224001 183.033646
16.229334 184.138016
16.234667 185.327393
16.240000 186.541946
16.245333 187.367035
16.250668 187.847473
16.256001 188.211533
16.261333 188.261108
16.266666 187.787292
16.271999 187.387878
16.277334 842.111511
16.282667 841.461365
16.288000 835.769836
16.293333 835.000061
16.298666 182.813385
16.304001 184.281250
16.309334 184.728287
16.314667 184.484924
16.320000 184.100922
16.325333 183.903687
16.330667 183.682983
16.336000 183.680862
16.341333 184.173874
16.346666 184.357315
16.351999 183.771210
16.357334 183.424438
16.362667 183.636078
16.368000 183.943405
16.373333 184.199585
16.378666 184.715805
16.384001 185.459824
16.389334 185.486832
16.394667 185.092926
16.400000 222.415253
16.405333 222.467880
16.410667 222.378296
16.416000 222.573944
16.421333 222.849670
16.426666 222.759277
16.431999 222.548981
16.437334 222.606689
16.442667 222.761902
16.448000 111.034012
16.453333 110.954277
16.458666 222.617813
16.464001 222.493561
16.469334 222.220062
16.474667 222.052017
16.480000 222.132126
16.485332 222.315170
16.490667 222.394638
16.496000 222.183273
16.501333 221.934113
16.506666 221.979233
16.511999 222.104675
16.517334 111.042336
16.522667 110.584160
16.528000 109.882820
16.533333 109.424515
16.538666 68.758720
16.544001 68.866539
16.549334 83.393570
16.554667 109.144753
16.559999 108.808998
16.565332 107.994995
16.570667 107.941818
16.576000 108.203590
16.581333 108.352745
16.586666 108.371544
16.591999 108.576080
16.597334 108.880516
16.602667 109.081749
16.608000 109.234131
16.613333 109.391182
16.618668 109.419800
16.624001 109.258064
16.629333 109.076927
16.634666 109.090332
16.639999 109.234360
16.645334 109.267456
16.650667 109.184914
16.656000 109.184319
16.661333 65.024628
16.666666 55.911900
16.672001 109.353455
16.677334 423.874298
16.682667 431.461884
16.688000 433.130768
16.693333 141.351791
16.698668 140.883850
16.704000 140.305878
16.709333 140.013794
16.714666 108.885323
16.719999 217.979889
16.725334 140.588440
16.730667 140.603577
16.736000 140.421951
16.741333 140.058411
16.746666 218.857864
16.752001 221.126099
16.757334 110.558182
16.762667 110.515984
16.768000 110.334267
16.773333 110.045982
16.778667 71.752991
16.784000 73.064949
16.789333 135.275238
16.794666 135.699051
16.799999 144.669540
16.805334 145.032135
16.810667 145.089615
16.816000 145.070557
16.821333 145.109146
16.826666 145.265701
16.832001 72.942696
16.837334 73.170914
16.842667 73.392128
16.848000 73.514473
16.853333 73.551941
16.858667 73.582756
16.864000 73.602135
16.869333 73.682846
16.874666 73.875435
16.879999 73.862389
16.885334 73.710434
16.890667 73.608734
16.896000 73.592865
16.901333 73.636871
16.906666 73.675278
16.912001 73.687904
16.917334 73.703812
16.922667 73.698486
16.927999 73.676018
16.933332 73.669479
16.938667 73.647964
16.944000 73.634933
16.949333 73.641861
16.954666 73.668503
16.959999 73.686745
16.965334 73.663834
16.970667 73.677422
16.976000 73.627129
16.981333 223.564804
16.986666 216.461914
16.992001 218.090729
16.997334 219.752350
17.002666 220.350128
17.007999 220.291229
17.013334 220.320145
17.018667 220.609695
17.024000 188.460052
17.029333 188.493896
17.034666 188.533630
17.040001 188.522186
17.045334 188.492905
17.050667 188.539459
17.056000 188.638046
17.061333 188.656815
17.066668 188.454269
17.072001 188.090225
17.077333 188.083374
17.082666 188.352325
17.087999 188.464935
17.093334 188.362534
17.098667 188.240509
17.104000 188.254471
17.109333 188.367325
17.114666 188.447128
17.120001 188.446686
17.125334 73.917953
17.130667 73.993904
17.136000 189.119263
17.141333 168.494644
17.146667 168.307358
17.152000 168.033447
17.157333 189.671906
17.162666 189.501999
17.167999 189.349152
17.173334 189.616898
17.178667 190.341324
17.184000 190.777084
17.189333 167.028091
17.194666 188.879257
17.200001 187.497681
17.205334 187.414001
17.210667 187.854401
17.216000 188.556824
17.221333 189.298904
17.226667 189.587326
17.232000 178.723129
17.237333 364.158051
17.242666 366.579498
17.247999 326.964752
17.253334 278.136414
17.258667 278.288940
17.264000 85.509323
17.269333 92.868401
17.274666 129.480453
17.280001 73.969162
17.285334 360.636505
17.290667 74.144852
17.296000 73.753654
17.301332 73.760757
17.306667 73.893623
17.312000 73.985962
17.317333 73.986809
17.322666 73.886436
17.327999 73.823181
17.333334 73.878616
17.338667 73.880775
17.344000 73.792053
17.349333 73.823135
17.354666 73.869637
17.360001 73.879524
17.365334 73.849152
17.370667 73.812019
17.375999 73.770767
17.381332 73.830650
17.386667 73.886467
17.392000 73.878250
17.397333 73.946030
17.402666 74.021225
17.408001 74.028503
17.413334 74.027351
17.418667 74.035912
17.424000 74.003204
17.429333 73.965416
17.434668 73.943092
17.440001 73.922333
17.445333 73.926170
17.450666 73.957619
17.455999 73.942947
17.461334 73.894035
17.466667 73.820839
17.472000 73.861900
17.477333 73.989807
17.482666 74.063057
17.488001 74.115723
17.493334 122.224731
17.498667 122.174301
17.504000 131.100830
17.509333 131.077866
17.514668 131.006485
17.520000 122.120300
17.525333 111.815918
17.530666 190.937393
17.535999 190.678833
17.541334 190.558914
17.546667 111.146049
17.552000 111.178986
17.557333 221.872314
17.562666 111.121429
17.568001 111.118912
17.573334 111.139618
17.578667 111.185242
17.584000 221.584412
17.589333 221.519485
17.594667 221.243454
17.600000 111.632423
17.605333 220.132080
17.610666 205.062744
17.615999 205.749847
17.621334 98.583672
17.626667 98.652596
17.632000 146.194977
17.637333 111.579033
17.642666 111.443771
17.648001 111.341393
17.653334 111.338120
17.658667 111.565842
17.664000 111.843124
17.669333 111.415260
17.674667 111.299835
17.680000 111.560013
17.685333 111.857635
17.690666 112.025673
17.695999 120.724403
17.701334 121.464752
17.706667 124.902298
17.712000 127.032188
17.717333 907.841492
17.722666 930.020203
17.728001 942.428772
17.733334 946.527100
17.738667 948.263916
17.743999 382.685028
17.749332 383.262848
17.754667 388.288757
17.760000 393.858734
17.765333 170.270386
17.770666 174.150253
17.775999 177.037872
17.781334 179.299957
17.786667 181.810989
17.792000 183.375320
17.797333 184.196625
17.802668 184.496231
17.808001 184.326538
17.813334 183.818161
17.818666 183.363403
17.823999 183.177948
17.829334 183.097595
17.834667 182.964813
17.840000 182.763733
17.845333 182.592651
17.850666 182.555939
17.856001 182.642639
17.861334 182.835861
17.866667 183.150604
17.872000 183.365219
17.877333 183.312241
17.882668 183.199554
17.888000 183.259705
17.893333 183.461212
17.898666 183.640030
17.903999 183.774002
17.909334 183.897064
17.914667 184.079422
17.920000 184.318253
17.925333 184.602661
17.930666 184.938034
17.936001 185.266403
17.941334 185.690582
17.946667 186.436874
17.952000 187.485901
17.957333 188.226822
17.962667 188.510956
17.968000 188.807877
17.973333 189.381744
17.978666 190.132584
17.983999 190.385818
17.989334 190.202835
17.994667 189.999573
18.000000 189.861404
18.005333 189.680344
18.010666 189.287537
18.016001 188.518570
18.021334 187.842026
18.026667 187.455872
18.032000 186.953049
18.037333 186.438919
18.042667 186.308273
18.048000 186.410110
18.053333 186.506485
18.058666 186.712982
18.063999 187.060806
18.069334 187.330658
18.074667 187.459457
18.080000 187.713348
18.085333 188.414139
18.090666 189.604095
18.096001 190.863434
18.101334 191.937485
18.106667 192.880585
18.112000 193.973938
18.117332 195.396790
18.122667 197.087769
18.128000 199.098907
18.133333 202.412567
18.138666 207.496292
18.143999 209.999695
18.149334 211.813873
18.154667 213.606522
18.160000 215.720093
18.165333 218.204086
18.170666 220.172470
18.176001 221.582550
18.181334 222.534973
18.186666 222.990906
18.191999 222.818085
18.197332 222.083298
18.202667 221.507492
18.208000 221.385590
18.213333 220.939056
18.218666 219.582611
18.224001 218.388641
18.229334 217.826553
18.234667 217.715439
18.240000 217.701050
18.245333 217.691391
18.250668 217.940247
18.256001 218.582626
18.261333 219.588608
18.266666 220.957138
18.271999 222.501740
18.277334 224.014465
18.282667 225.095123
18.288000 225.215698
18.293333 224.741867
18.298666 224.368546
18.304001 224.131454
18.309334 223.827362
18.314667 223.477661
18.320000 223.247055
18.325333 223.178864
18.330667 223.287109
18.336000 223.479691
18.341333 223.490158
18.346666 223.182144
18.351999 222.645142
18.357334 222.134872
18.362667 221.635773
18.368000 220.997498
18.373333 220.323120
18.378666 219.866394
18.384001 219.451874
18.389334 218.884308
18.394667 218.528564
18.400000 218.697296
18.405333 219.041733
18.410667 219.277863
18.416000 219.413345
18.421333 219.572891
18.426666 219.816208
18.431999 220.081772
18.437334 220.496796
18.442667 220.861633
18.448000 221.301147
18.453333 222.053284
18.458666 223.024689
18.464001 223.913773
18.469334 224.640732
18.474667 225.243942
18.480000 225.701584
18.485332 226.034088
18.490667 226.150101
18.496000 225.986618
18.501333 225.503754
18.506666 224.772690
18.511999 223.948639
18.517334 223.111801
18.522667 222.196091
18.528000 221.129089
18.533333 220.026749
18.538666 218.996323
18.544001 217.999710
18.549334 217.180756
18.554667 216.717728
18.559999 216.571976
18.565332 216.665054
18.570667 216.965897
18.576000 217.330688
18.581333 217.597870
18.586666 217.879990
18.591999 218.508057
18.597334 219.685745
18.602667 221.085876
18.608000 222.194122
18.613333 222.823776
18.618668 223.231918
18.624001 223.638916
18.629333 224.030289
18.634666 224.284042
18.639999 224.476364
18.645334 224.583542
18.650667 224.451599
18.656000 223.954712
18.661333 223.138977
18.666666 222.166183
18.672001 221.149323
18.677334 220.134735
18.682667 109.675018
18.688000 109.395882
18.693333 218.313889
18.698668 217.998596
18.704000 217.787598
18.709333 217.757156
18.714666 217.994247
18.719999 218.475296
18.725334 219.052567
18.730667 219.478027
18.736000 219.593170
18.741333 219.483414
18.746666 219.497131
18.752001 219.856216
18.757334 220.441391
18.762667 221.032898
18.768000 221.461624
18.773333 221.763885
18.778667 222.045425
18.784000 222.284775
18.789333 222.384872
18.794666 222.233032
18.799999 221.640640
18.805334 220.509018
18.810667 219.092392
18.816000 218.265488
18.821333 218.201782
18.826666 218.391296
18.832001 218.595016
18.837334 218.770264
18.842667 218.845016
18.848000 218.719177
18.853333 218.434677
18.858667 218.179504
18.864000 218.164719
18.869333 218.433273
18.874666 218.804031
18.879999 219.108917
18.885334 219.432220
18.890667 219.847122
18.896000 220.193436
18.901333 220.471146
18.906666 220.811234
18.912001 221.172546
18.917334 221.486191
18.922667 221.769135
18.927999 221.913055
18.933332 222.008667
18.938667 222.248169
18.944000 222.506897
18.949333 222.647919
18.954666 222.732681
18.959999 222.863525
18.965334 223.041779
18.970667 223.222244
18.976000 223.284775
18.981333 223.282486
18.986666 223.245667
18.992001 222.882309
18.997334 222.034500
19.002666 220.939484
19.007999 219.970230
19.013334 219.362808
19.018667 219.167892
19.024000 219.186356
19.029333 219.206177
19.034666 219.305023
19.040001 219.682098
19.045334 220.230942
19.050667 220.665146
19.056000 220.922211
19.061333 221.055893
19.066668 221.119370
19.072001 221.166336
19.077333 221.257584
19.082666 221.399490
19.087999 221.560226
19.093334 221.715744
19.098667 221.776825
19.104000 221.611771
19.109333 221.244308
19.114666 220.845200
19.120001 220.652908
19.125334 220.729599
19.130667 220.872375
19.136000 220.929977
19.141333 220.919891
19.146667 220.883270
19.152000 220.830597
19.157333 220.707458
19.162666 220.565872
19.167999 220.602158
19.173334 220.797379
19.178667 221.003250
19.184000 221.080124
19.189333 220.945374
19.194666 220.660233
19.200001 220.403320
19.205334 220.343643
19.210667 220.375000
19.216000 220.379807
19.221333 220.358002
19.226667 220.301178
19.232000 220.225311
19.237333 220.173752
19.242666 220.169037
19.247999 220.177017
19.253334 220.170807
19.258667 220.187515
19.264000 220.285904
19.269333 220.436295
19.274666 220.515427
19.280001 220.422607
19.285334 220.181549
19.290667 219.961334
19.296000 220.041641
19.301332 251.845734
19.306667 295.359222
19.312000 297.924469
19.317333 300.953156
19.322666 302.519287
19.327999 302.481567
19.333334 301.634644
19.338667 300.879028
19.344000 300.706055
19.349333 300.649292
19.354666 300.762177
19.360001 325.147400
19.365334 325.657837
19.370667 325.237732
19.375999 323.992554
19.381332 309.818481
19.386667 309.911377
19.392000 309.939056
19.397333 307.975220
19.402666 305.215179
19.408001 301.987732
19.413334 298.588959
19.418667 295.897064
19.424000 295.336517
19.429333 301.001160
19.434668 225.788513
19.440001 226.319397
19.445333 225.098602
19.450666 223.407318
19.455999 221.589493
19.461334 220.513596
19.466667 220.248642
19.472000 220.295258
19.477333 220.214310
19.482666 220.047043
19.488001 220.043716
19.493334 220.235184
19.498667 220.390030
19.504000 220.256851
19.509333 219.853546
19.514668 219.306824
19.520000 218.706833
19.525333 218.194611
19.530666 218.047043
19.535999 218.458969
19.541334 219.269165
19.546667 219.969498
19.552000 220.300415
19.557333 220.308701
19.562666 220.095230
19.568001 219.887909
19.573334 219.885010
19.578667 220.035355
19.584000 220.121063
19.589333 219.996506
19.594667 219.507935
19.600000 218.354691
19.605333 216.519058
19.610666 214.835129
19.615999 213.434555
19.621334 211.757904
19.626667 209.452988
19.632000 207.297073
19.637333 205.940994
19.642666 778.838135
19.648001 780.545288
19.653334 198.699982
19.658667 197.139618
19.664000 196.381149
19.669333 196.010025
19.674667 195.810257
19.680000 195.663788
19.685333 195.663452
19.690666 195.874969
19.695999 196.257233
19.701334 196.745789
19.706667 197.203735
19.712000 197.637894
19.717333 198.133240
19.722666 198.552551
19.728001 198.727112
19.733334 198.613434
19.738667 198.398422
19.743999 198.224854
19.749332 198.181351
19.754667 198.080017
19.760000 197.618256
19.765333 196.940933
19.770666 196.572678
19.775999 196.499146
19.781334 196.357956
19.786667 196.101959
19.792000 195.921326
19.797333 195.962769
19.802668 196.120697
19.808001 196.228989
19.813334 196.318558
19.818666 196.557068
19.823999 196.904465
19.829334 197.098969
19.834667 197.044510
19.840000 196.872192
19.845333 196.935760
19.850666 198.893280
19.856001 202.587204
19.861334 202.565750
19.866667 202.101486
19.872000 201.663574
19.877333 201.571411
19.882668 201.783539
19.888000 201.487930
19.893333 200.079651
19.898666 198.215759
19.903999 197.598923
19.909334 199.010147
19.914667 200.701355
19.920000 201.064606
19.925333 200.560944
19.930666 199.139114
19.936001 197.478577
19.941334 196.727173
19.946667 196.552551
19.952000 196.579071
19.957333 196.597366
19.962667 196.552734
19.968000 196.468552
19.973333 196.293945
19.978666 196.059662
19.983999 195.923355
19.989334 195.917480
19.994667 195.963974
20.000000 0.000000
