0.000000 4332.841797
0.005333 4275.956055
0.010667 4257.502930
0.016000 4252.422852
0.021333 4256.770508
0.026667 253.089264
0.032000 254.792572
0.037333 256.311218
0.042667 257.209198
0.048000 257.545715
0.053333 163.520828
0.058667 162.327026
0.064000 170.694794
0.069333 164.206894
0.074667 163.771439
0.080000 261.441711
0.085333 259.408936
0.090667 257.035553
0.096000 256.126617
0.101333 255.285217
0.106667 254.073303
0.112000 252.525131
0.117333 250.840195
0.122667 249.079910
0.128000 247.466644
0.133333 246.072144
0.138667 245.437271
0.144000 246.555542
0.149333 249.073212
0.154667 251.247940
0.160000 252.127380
0.165333 251.784470
0.170667 250.710388
0.176000 249.549545
0.181333 248.416931
0.186667 246.895889
0.192000 247.469818
0.197333 248.615067
0.202667 248.689392
0.208000 248.568909
0.213333 249.405273
0.218667 250.176819
0.224000 4509.665039
0.229333 4473.982910
0.234667 4460.124023
0.240000 4449.801270
0.245333 4439.577637
0.250667 267.311432
0.256000 266.652344
0.261333 266.258881
0.266667 266.390076
0.272000 266.808136
0.277333 266.622894
0.282667 250.513718
0.288000 250.093826
0.293333 250.778625
0.298667 265.039307
0.304000 263.572784
0.309333 262.966766
0.314667 4675.123047
0.320000 4557.943359
0.325333 4519.090332
0.330667 248.097931
0.336000 248.008041
0.341333 248.504501
0.346667 249.340149
0.352000 249.446289
0.357333 248.800613
0.362667 247.784286
0.368000 4121.950195
0.373333 4146.066406
0.378667 4171.437012
0.384000 236.011475
0.389333 234.656204
0.394667 231.337952
0.400000 4140.049316
0.405333 4135.242676
0.410667 4141.799316
0.416000 4147.022949
0.421333 4158.041992
0.426667 4179.152344
0.432000 229.476715
0.437333 230.310928
0.442667 231.010025
0.448000 231.405685
0.453333 231.589859
0.458667 231.780334
0.464000 232.003021
0.469333 232.172150
0.474667 232.274216
0.480000 232.321686
0.485333 232.250504
0.490667 231.837677
0.496000 231.320908
0.501333 231.047928
0.506667 230.245453
0.512000 232.721207
0.517333 236.866852
0.522667 245.015762
0.528000 247.864014
0.533333 250.847443
0.538667 253.762558
0.544000 257.224060
0.549333 265.522186
0.554667 268.170380
0.560000 270.307526
0.565333 272.665161
0.570667 273.482666
0.576000 274.180847
0.581333 275.052765
0.586667 276.153717
0.592000 277.436523
0.597333 278.648102
0.602667 279.366760
0.608000 279.499237
0.613333 279.317474
0.618667 279.046631
0.624000 278.655090
0.629333 277.991547
0.634667 276.876221
0.640000 275.226044
0.645333 273.438507
0.650667 271.233826
0.656000 3576.584229
0.661333 3635.873047
0.666667 3670.710693
0.672000 259.047699
0.677333 256.774933
0.682667 3566.133789
0.688000 3586.107178
0.693333 3598.675049
0.698667 3586.713867
0.704000 3546.465088
0.709333 3498.443359
0.714667 3454.986084
0.720000 3427.657959
0.725333 229.823532
0.730667 227.111053
0.736000 225.260986
0.741333 222.865295
0.746667 219.914612
0.752000 3250.189209
0.757333 3233.516846
0.762667 212.723984
0.768000 212.055740
0.773333 211.604263
0.778667 211.091751
0.784000 210.395279
0.789333 209.657730
0.794667 209.044418
0.800000 208.623367
0.805333 208.232758
0.810667 207.552734
0.816000 206.299698
0.821333 200.060867
0.826667 400.488556
0.832000 188.334167
0.837333 321.692780
0.842667 320.602478
0.848000 325.575104
0.853333 325.714935
0.858667 241.062912
0.864000 231.166473
0.869333 239.542221
0.874667 242.756516
0.880000 245.095947
0.885333 248.761673
0.890667 253.158279
0.896000 256.474701
0.901333 259.403290
0.906667 260.196564
0.912000 259.769318
0.917333 259.198608
0.922667 258.557648
0.928000 258.032135
0.933333 257.675049
0.938667 257.451630
0.944000 257.209717
0.949333 256.844086
0.954667 256.263550
0.960000 255.392838
0.965333 254.361862
0.970667 253.206650
0.976000 251.325745
0.981333 246.853516
0.986667 244.869705
0.992000 231.058350
0.997333 230.692566
1.002667 232.446121
1.008000 247.502380
1.013333 247.066254
1.018667 245.386536
1.024000 246.129257
1.029333 247.595459
1.034667 248.655258
1.040000 252.360977
1.045333 252.876221
1.050667 250.206345
1.056000 250.060272
1.061333 110.871918
1.066667 111.237534
1.072000 242.551346
1.077333 241.994675
1.082667 241.085266
1.088000 240.961472
1.093333 241.692947
1.098667 243.063461
1.104000 251.023010
1.109333 4077.446533
1.114667 4050.185547
1.120000 4065.689697
1.125333 4156.249512
1.130667 4274.452148
1.136000 4276.523438
1.141333 4265.005859
1.146667 4262.360840
1.152000 253.098160
1.157333 252.924881
1.162667 4304.956055
1.168000 4293.507812
1.173333 4245.573730
1.178667 411.944580
1.184000 374.660919
1.189333 375.577911
1.194667 120.001549
1.200000 378.550842
1.205333 3595.065186
1.210667 3737.500000
1.216000 3890.501221
1.221333 4022.502686
1.226667 351.782166
1.232000 388.242035
1.237333 4124.790527
1.242667 4066.541748
1.248000 240.530746
1.253333 241.318344
1.258667 241.585083
1.264000 241.407623
1.269333 240.862701
1.274667 239.934448
1.280000 238.650909
1.285333 236.969025
1.290667 234.959854
1.296000 232.799957
1.301333 229.140106
1.306667 225.023376
1.312000 223.494781
1.317333 4074.695068
1.322667 4012.914307
1.328000 3945.098145
1.333333 3974.966309
1.338667 4102.635254
1.344000 4196.071777
1.349333 210.328171
1.354667 211.476105
1.360000 213.244690
1.365333 213.791794
1.370667 115.309792
1.376000 116.738480
1.381333 244.441803
1.386667 239.617004
1.392000 4560.896973
1.397333 4616.029785
1.402667 4659.269043
1.408000 4667.763184
1.413333 4626.762207
1.418667 4635.966309
1.424000 4664.770996
1.429333 4670.174316
1.434667 4655.948242
1.440000 4650.306641
1.445333 4655.655273
1.450667 4629.051270
1.456000 4564.136719
1.461333 4523.407227
1.466667 4514.516602
1.472000 4517.488281
1.477333 4469.228027
1.482667 4364.771973
1.488000 275.377838
1.493333 275.043976
1.498667 274.433197
1.504000 273.533295
1.509333 272.325745
1.514667 4387.280762
1.520000 4393.009766
1.525333 4374.033203
1.530667 4358.329590
1.536000 4368.870117
1.541333 4385.880859
1.546667 4382.731445
1.552000 4366.736328
1.557333 4360.541504
1.562667 4376.713867
1.568000 4403.774414
1.573333 4409.039551
1.578667 4391.296875
1.584000 4370.234863
1.589333 4361.406738
1.594667 4371.327637
1.600000 4393.030762
1.605333 4406.986816
1.610667 4397.729980
1.616000 4370.436523
1.621333 4334.913086
1.626667 4297.926270
1.632000 4280.229492
1.637333 4294.099609
1.642667 4317.829590
1.648000 4324.158691
1.653333 4306.295410
1.658667 4294.561523
1.664000 4313.172363
1.669333 4346.107910
1.674667 4373.777344
1.680000 4388.304688
1.685333 190.550766
1.690667 189.491409
1.696000 188.901093
1.701333 188.485764
1.706667 188.123459
1.712000 187.805206
1.717333 187.717636
1.722667 187.980164
1.728000 188.775574
1.733333 4300.993164
1.738667 4278.477051
1.744000 4248.192383
1.749333 4197.536621
1.754667 4211.499512
1.760000 4282.951660
1.765333 4339.062012
1.770667 4391.249023
1.776000 4399.670898
1.781333 4315.729492
1.786667 4245.083496
1.792000 4207.952637
1.797333 4190.497070
1.802667 4195.611816
1.808000 4214.968750
1.813333 4223.675293
1.818667 4218.836914
1.824000 4202.793457
1.829333 4171.305664
1.834667 4129.239746
1.840000 4112.045410
1.845333 223.801941
1.850667 223.778000
1.856000 223.819611
1.861333 224.055313
1.866667 224.612961
1.872000 225.173416
1.877333 225.158066
1.882667 224.704590
1.888000 456.948303
1.893333 476.847992
1.898667 225.095428
1.904000 223.381348
1.909333 214.292343
1.914667 212.941727
1.920000 215.423035
1.925333 222.971725
1.930667 225.108475
1.936000 235.786469
1.941333 237.370605
1.946667 238.940247
1.952000 239.701843
1.957333 239.942398
1.962667 239.810730
1.968000 239.369843
1.973333 238.831177
1.978667 238.277420
1.984000 237.603409
1.989333 236.576126
1.994667 235.293701
2.000000 234.214203
2.005333 233.452530
2.010667 232.958755
2.016000 232.780319
2.021333 233.061401
2.026667 233.898483
2.032000 234.691635
2.037333 234.915802
2.042667 234.400711
2.048000 232.883255
2.053333 231.384445
2.058667 228.342468
2.064000 227.826462
2.069333 228.000641
2.074667 228.203964
2.080000 228.408936
2.085333 228.386246
2.090667 238.679520
2.096000 237.965637
2.101333 237.176453
2.106667 232.266022
2.112000 231.393921
2.117333 221.612534
2.122667 221.752533
2.128000 287.694733
2.133333 290.160156
2.138667 256.846649
2.144000 256.492035
2.149333 256.031799
2.154667 255.791718
2.160000 242.177826
2.165333 240.961349
2.170667 239.247101
2.176000 237.698547
2.181333 235.613495
2.186667 233.724731
2.192000 232.497955
2.197333 231.850082
2.202667 231.301331
2.208000 230.455505
2.213333 229.650238
2.218667 229.597198
2.224000 230.293915
2.229333 230.909409
2.234667 231.244553
2.240000 231.525940
2.245333 231.654694
2.250667 231.408005
2.256000 230.647141
2.261333 229.280273
2.266667 227.501434
2.272000 225.565460
2.277333 223.825363
2.282667 222.156952
2.288000 220.042603
2.293333 218.658295
2.298667 218.113037
2.304000 216.009888
2.309333 213.923004
2.314667 216.511673
2.320000 217.405273
2.325333 219.199890
2.330667 222.895523
2.336000 224.152008
2.341333 235.757919
2.346667 243.968430
2.352000 248.707153
2.357333 253.455948
2.362667 255.892227
2.368000 258.196594
2.373333 259.100311
2.378667 258.807312
2.384000 257.648804
2.389333 255.867233
2.394667 253.323776
2.400000 724.719421
2.405333 239.374130
2.410667 706.996948
2.416000 239.447998
2.421333 242.957596
2.426667 243.804535
2.432000 244.120499
2.437333 245.327789
2.442667 246.548218
2.448000 246.943832
2.453333 246.100525
2.458667 241.765167
2.464000 218.530609
2.469333 437.261169
2.474667 439.691528
2.480000 211.527222
2.485333 211.448425
2.490667 210.663223
2.496000 209.302353
2.501333 208.582214
2.506667 208.442581
2.512000 208.749985
2.517333 210.149307
2.522667 211.418167
2.528000 211.185898
2.533333 210.847672
2.538667 210.721344
2.544000 4097.928711
2.549333 3991.728760
2.554667 3957.858643
2.560000 3985.846191
2.565333 4051.819092
2.570667 4124.600586
2.576000 4150.413086
2.581333 4136.689453
2.586667 4115.351562
2.592000 4041.633057
2.597333 3846.302979
2.602667 3753.428467
2.608000 3812.309814
2.613333 3887.397217
2.618667 238.898865
2.624000 240.010132
2.629333 240.535583
2.634667 240.654068
2.640000 240.418716
2.645333 239.728561
2.650667 229.398178
2.656000 228.655411
2.661333 226.133270
2.666667 221.631805
2.672000 220.465485
2.677333 223.076157
2.682667 235.604630
2.688000 237.119141
2.693333 238.960114
2.698667 239.949844
2.704000 240.189575
2.709333 239.962875
2.714667 239.492279
2.720000 239.099854
2.725333 238.939255
2.730667 239.074677
2.736000 239.601852
2.741333 240.168671
2.746667 240.385376
2.752000 240.178055
2.757333 239.230728
2.762667 227.249023
2.768000 224.947098
2.773333 218.201630
2.778667 218.647614
2.784000 223.720795
2.789333 236.855942
2.794667 245.929672
2.800000 246.192215
2.805333 246.404785
2.810667 246.675125
2.816000 502.363464
2.821333 504.042572
2.826667 247.428299
2.832000 245.290176
2.837333 243.402740
2.842667 242.302200
2.848000 241.312943
2.853333 239.870117
2.858667 237.605225
2.864000 236.167801
2.869333 235.836304
2.874667 236.581268
2.880000 237.658386
2.885333 237.766190
2.890667 237.213348
2.896000 236.014313
2.901333 234.261627
2.906667 233.460815
2.912000 234.992615
2.917333 236.079483
2.922667 237.687286
2.928000 246.658295
2.933333 258.165192
2.938667 259.944794
2.944000 261.555725
2.949333 262.773682
2.954667 263.510590
2.960000 264.104187
2.965333 264.923431
2.970667 265.829834
2.976000 266.526337
2.981333 266.895599
2.986667 266.986542
2.992000 266.829224
2.997333 266.481689
3.002667 266.121948
3.008000 266.015747
3.013333 265.372955
3.018667 263.727692
3.024000 261.608673
3.029333 259.935028
3.034667 250.649780
3.040000 248.735245
3.045333 247.546448
3.050667 240.333603
3.056000 227.637192
3.061333 227.173370
3.066667 635.053711
3.072000 635.655884
3.077333 629.890930
3.082667 618.711548
3.088000 602.372681
3.093333 587.005554
3.098667 588.395142
3.104000 597.235291
3.109333 599.555725
3.114667 603.334961
3.120000 613.156006
3.125333 292.092010
3.130667 292.444458
3.136000 290.897888
3.141333 286.119690
3.146667 79.006584
3.152000 300.423218
3.157333 611.021667
3.162667 289.072052
3.168000 287.419983
3.173333 585.503906
3.178667 592.966553
3.184000 298.372742
3.189333 311.248993
3.194667 311.769470
3.200000 310.616241
3.205333 287.559296
3.210667 264.992096
3.216000 264.808807
3.221333 264.499939
3.226667 279.413177
3.232000 116.748428
3.237333 480.483765
3.242667 478.802551
3.248000 479.954498
3.253333 3577.135498
3.258667 3771.941406
3.264000 255.504944
3.269333 273.541595
3.274667 273.196014
3.280000 274.189178
3.285333 275.247986
3.290667 275.943054
3.296000 276.390533
3.301333 276.723389
3.306667 276.679138
3.312000 276.560974
3.317333 277.404938
3.322667 278.678986
3.328000 280.703796
3.333333 284.038116
3.338667 285.794250
3.344000 285.798920
3.349333 285.155090
3.354667 284.046021
3.360000 282.524841
3.365333 281.133667
3.370667 280.044678
3.376000 278.901428
3.381333 277.284760
3.386667 274.891602
3.392000 3207.494629
3.397333 3152.785645
3.402667 3109.261963
3.408000 3098.584961
3.413333 3108.584229
3.418667 3127.453613
3.424000 3139.498291
3.429333 3150.838135
3.434667 238.179504
3.440000 237.273209
3.445333 225.445648
3.450667 223.232544
3.456000 220.129013
3.461333 208.961517
3.466667 208.092651
3.472000 412.450073
3.477333 406.543579
3.482667 406.151093
3.488000 366.819366
3.493333 366.784973
3.498667 368.506317
3.504000 375.248566
3.509333 382.994720
3.514667 387.927277
3.520000 391.229279
3.525333 395.117065
3.530667 400.815094
3.536000 407.917725
3.541333 414.355560
3.546667 419.270233
3.552000 424.029236
3.557333 430.026489
3.562667 436.773926
3.568000 442.933594
3.573333 449.913055
3.578667 458.045197
3.584000 464.808380
3.589333 469.664490
3.594667 475.243073
3.600000 483.753906
3.605333 493.638977
3.610667 500.708435
3.616000 504.883301
3.621333 508.152374
3.626667 510.895966
3.632000 513.266602
3.637333 258.250397
3.642667 259.566986
3.648000 259.923096
3.653333 259.748199
3.658667 259.544342
3.664000 259.360962
3.669333 259.470245
3.674667 259.810974
3.680000 259.935059
3.685333 259.924347
3.690667 260.259033
3.696000 261.101349
3.701333 262.005798
3.706667 262.715668
3.712000 131.792206
3.717333 132.267853
3.722667 132.783203
3.728000 266.505127
3.733333 266.935883
3.738667 267.169800
3.744000 267.392029
3.749333 267.540955
3.754667 533.522949
3.760000 530.468323
3.765333 526.686523
3.770667 524.468018
3.776000 523.865540
3.781333 523.150330
3.786667 522.269226
3.792000 521.413635
3.797333 520.006104
3.802667 518.818909
3.808000 517.996277
3.813333 517.355408
3.818667 516.970581
3.824000 516.211914
3.829333 514.291504
3.834667 512.174255
3.840000 511.364990
3.845333 511.933289
3.850667 512.709045
3.856000 512.895935
3.861333 512.094788
3.866667 510.539307
3.872000 509.806824
3.877333 510.860321
3.882667 513.117371
3.888000 515.705139
3.893333 517.921692
3.898667 519.859436
3.904000 522.095337
3.909333 524.654968
3.914667 263.472656
3.920000 527.968445
3.925333 527.227539
3.930667 525.700989
3.936000 525.414429
3.941333 526.771729
3.946667 528.266174
3.952000 528.621948
3.957333 528.585327
3.962667 529.274353
3.968000 530.823975
3.973333 531.682861
3.978667 529.613892
3.984000 527.996704
3.989333 528.033630
3.994667 528.514282
4.000000 528.905945
4.005333 529.087891
4.010667 529.075195
4.016000 527.288513
4.021333 525.314270
4.026667 526.271362
4.032000 529.024902
4.037333 533.186279
4.042666 535.822632
4.048000 533.675293
4.053333 531.754333
4.058667 532.652527
4.064000 536.184631
4.069334 540.943542
4.074667 543.001099
4.080000 540.962280
4.085333 539.415771
4.090667 539.984558
4.096000 541.743164
4.101333 542.504883
4.106667 541.781433
4.112000 541.591370
4.117333 542.577759
4.122667 541.655945
4.128000 537.965576
4.133333 533.977051
4.138667 531.424011
4.144000 532.030823
4.149333 535.317749
4.154667 540.329224
4.160000 546.609985
4.165333 550.512573
4.170667 549.157104
4.176000 546.899536
4.181334 545.462036
4.186666 544.691406
4.192000 544.990601
4.197333 546.427795
4.202667 545.298645
4.208000 541.459473
4.213333 541.072632
4.218667 544.210388
4.224000 546.878174
4.229333 547.602905
4.234667 548.599609
4.240000 550.449219
4.245333 552.206909
4.250667 553.198059
4.256000 553.638794
4.261333 553.724182
4.266667 554.332336
4.272000 555.950562
4.277333 557.589050
4.282667 557.597351
4.288000 556.772522
4.293334 557.039307
4.298666 557.183533
4.304000 554.934631
4.309333 552.333435
4.314667 551.778748
4.320000 553.911743
4.325333 557.137085
4.330667 557.732849
4.336000 556.130493
4.341333 555.849915
4.346667 557.094238
4.352000 557.847473
4.357333 556.237915
4.362667 553.084412
4.368000 551.397949
4.373333 551.289062
4.378667 550.841858
4.384000 549.275208
4.389333 547.974609
4.394667 546.699463
4.400000 542.808899
4.405334 536.017273
4.410666 534.161926
4.416000 539.334106
4.421333 550.898193
4.426667 560.945312
4.432000 562.940002
4.437333 562.401001
4.442667 562.437256
4.448000 562.925964
4.453333 559.091980
4.458667 548.804688
4.464000 544.952698
4.469333 550.766785
4.474667 558.303894
4.480000 560.147278
4.485333 558.402405
4.490667 555.320740
4.496000 551.376343
4.501333 547.704102
4.506667 545.519348
4.512000 543.341614
4.517334 541.130554
4.522666 538.898132
4.528000 535.896484
4.533333 533.173035
4.538667 532.805359
4.544000 532.535217
4.549333 530.596802
4.554667 527.459045
4.560000 525.120117
4.565333 524.885437
4.570667 523.309998
4.576000 518.776367
4.581333 514.891846
4.586667 518.163757
4.592000 524.614563
4.597333 527.036377
4.602667 524.972900
4.608000 521.900452
4.613333 519.629089
4.618667 518.382629
4.624000 519.283203
4.629333 521.145935
4.634666 521.107361
4.640000 519.206909
4.645333 518.601929
4.650667 518.864380
4.656000 517.458435
4.661334 518.459106
4.666667 521.291321
4.672000 521.094299
4.677333 518.281677
4.682667 521.407043
4.688000 530.535400
4.693333 530.659119
4.698667 526.550964
4.704000 523.721619
4.709333 517.085815
4.714667 504.076355
4.720000 499.454681
4.725333 498.725464
4.730667 495.165802
4.736000 490.841858
4.741333 492.245178
4.746666 498.780853
4.752000 505.799683
4.757333 510.850677
4.762667 512.717773
4.768000 511.718811
4.773334 508.477081
4.778666 505.640228
4.784000 506.001007
4.789333 506.961426
4.794667 506.175232
4.800000 504.548737
4.805333 504.672424
4.810667 505.047180
4.816000 503.124359
4.821333 498.115082
4.826667 492.702057
4.832000 490.010315
4.837333 489.465027
4.842667 491.001526
4.848000 492.751678
4.853333 495.147980
4.858667 498.856079
4.864000 498.107391
4.869333 493.418762
4.874667 490.849792
4.880000 491.537231
4.885334 493.254242
4.890666 493.823639
4.896000 493.805939
4.901333 492.461395
4.906667 489.356445
4.912000 487.369354
4.917333 486.825714
4.922667 487.089691
4.928000 486.802887
4.933333 486.314240
4.938667 486.504730
4.944000 487.789520
4.949333 489.037079
4.954667 486.954559
4.960000 482.466919
4.965333 477.504669
4.970667 474.361420
4.976000 473.732727
4.981333 473.857330
4.986667 473.337952
4.992000 472.109131
4.997334 470.226105
5.002666 467.585968
5.008000 465.201508
5.013333 463.752655
5.018667 463.787201
5.024000 467.304718
5.029333 149.644272
5.034667 148.513931
5.040000 148.950165
5.045333 473.048431
5.050667 473.362793
5.056000 474.591766
5.061333 474.224060
5.066667 469.584442
5.072000 466.518341
5.077333 466.884888
5.082667 471.182892
5.088000 480.509064
5.093333 495.498932
5.098667 510.123169
5.104000 502.953461
5.109334 489.691040
5.114666 478.153473
5.120000 471.353241
5.125333 477.578888
5.130667 480.255432
5.136000 478.311890
5.141333 470.484711
5.146667 462.258667
5.152000 455.184937
5.157333 447.806671
5.162667 442.818573
5.168000 456.537048
5.173333 476.907623
5.178667 482.700623
5.184000 236.850677
5.189333 236.019165
5.194667 235.936310
5.200000 236.150497
5.205333 236.372269
5.210667 236.330063
5.216000 235.856979
5.221334 235.182999
5.226666 234.900146
5.232000 235.132828
5.237333 235.535782
5.242667 235.959000
5.248000 236.542175
5.253334 237.475845
5.258667 527.002563
5.264000 522.987305
5.269333 521.301453
5.274667 520.827087
5.280000 520.438171
5.285333 519.638428
5.290667 519.527588
5.296000 520.718933
5.301333 522.929321
5.306667 525.466919
5.312000 528.042908
5.317333 532.286377
5.322667 538.517639
5.328000 544.096680
5.333333 547.485779
5.338666 549.331116
5.344000 549.755920
5.349333 548.640869
5.354667 545.529907
5.360000 540.393005
5.365334 533.768799
5.370667 235.135895
5.376000 234.661774
5.381333 234.544189
5.386667 235.374115
5.392000 236.762589
5.397333 237.114319
5.402667 236.761978
5.408000 236.028809
5.413333 234.938156
5.418667 233.328949
5.424000 520.448303
5.429333 517.737305
5.434667 515.429321
5.440000 511.938538
5.445333 499.076294
5.450667 477.280731
5.456000 228.813248
5.461333 228.749847
5.466667 229.307541
5.472000 229.550217
5.477334 229.423508
5.482666 229.016678
5.488000 228.378723
5.493333 227.103439
5.498667 226.545670
5.504000 226.902603
5.509333 484.817810
5.514667 490.087646
5.520000 520.979126
5.525333 505.843811
5.530667 495.118347
5.536000 479.088440
5.541333 476.025146
5.546667 265.810455
5.552000 267.043365
5.557333 268.296844
5.562667 269.356934
5.568000 537.928040
5.573333 491.801758
5.578667 496.987122
5.584000 496.710388
5.589334 495.265198
5.594666 496.850769
5.600000 501.357788
5.605333 505.075226
5.610667 509.759338
5.616000 514.362122
5.621333 515.969788
5.626667 518.253723
5.632000 526.877563
5.637333 534.009399
5.642667 534.526123
5.648000 532.870972
5.653333 532.338867
5.658667 533.393982
5.664000 534.479980
5.669333 534.722290
5.674667 535.027466
5.680000 533.457092
5.685333 525.405823
5.690667 456.647461
5.696000 454.908997
5.701334 137.390900
5.706666 137.494843
5.712000 137.710831
5.717333 138.003448
5.722667 138.258698
5.728000 138.342178
5.733333 542.060364
5.738667 545.350586
5.744000 544.370544
5.749333 537.528992
5.754667 445.474854
5.760000 443.406097
5.765333 441.713013
5.770667 511.702728
5.776000 512.069763
5.781333 513.280090
5.786667 508.300476
5.792000 477.253448
5.797333 459.269501
5.802667 457.422638
5.808000 459.971252
5.813334 465.036316
5.818666 469.929108
5.824000 473.693756
5.829333 476.384918
5.834667 478.532379
5.840000 480.796692
5.845333 483.768188
5.850667 488.452148
5.856000 496.471710
5.861333 503.112549
5.866667 503.651764
5.872000 502.629639
5.877333 501.512146
5.882667 498.742065
5.888000 491.743591
5.893333 483.065979
5.898667 478.161194
5.904000 476.357513
5.909333 477.728088
5.914667 482.993195
5.920000 488.500153
5.925333 497.072754
5.930666 502.386597
5.936000 501.976471
5.941333 500.612640
5.946667 500.010132
5.952000 502.059509
5.957334 507.173706
5.962667 511.994446
5.968000 512.643921
5.973333 505.775269
5.978667 497.032318
5.984000 494.240021
5.989333 495.018646
5.994667 495.513916
6.000000 489.268219
6.005333 476.542725
6.010667 465.497742
6.016000 464.544434
6.021333 472.078094
6.026667 483.849762
6.032000 247.710495
6.037333 253.440536
6.042666 255.160187
6.048000 256.586121
6.053333 258.559601
6.058667 262.416199
6.064000 264.320160
6.069334 265.223999
6.074667 265.891663
6.080000 266.391510
6.085333 266.604095
6.090667 266.516907
6.096000 266.215027
6.101333 265.564392
6.106667 264.068695
6.112000 262.381287
6.117333 261.560638
6.122667 283.049347
6.128000 154.891479
6.133333 155.233353
6.138667 310.560547
6.144000 311.137848
6.149333 310.478516
6.154667 309.450714
6.160000 308.638092
6.165333 307.469879
6.170667 304.748871
6.176000 300.848785
6.181334 298.406158
6.186666 296.446442
6.192000 293.320709
6.197333 289.121857
6.202667 285.759552
6.208000 283.232666
6.213333 280.693604
6.218667 277.700989
6.224000 274.883698
6.229333 272.331360
6.234667 269.757629
6.240000 266.778564
6.245333 264.167114
6.250667 263.157318
6.256000 526.858826
6.261333 524.438782
6.266667 440.570740
6.272000 188.073547
6.277333 189.030365
6.282667 190.106827
6.288000 191.367340
6.293334 192.574341
6.298666 193.596802
6.304000 194.344269
6.309333 195.158188
6.314667 196.336792
6.320000 198.067093
6.325333 200.404816
6.330667 202.495850
6.336000 204.085281
6.341333 205.440094
6.346667 206.668350
6.352000 207.846649
6.357333 208.831146
6.362667 209.181747
6.368000 208.385742
6.373333 143.538132
6.378667 143.858215
6.384000 143.750061
6.389333 143.430130
6.394667 142.916977
6.400000 142.253754
6.405334 283.727997
6.410666 283.306000
6.416000 283.316284
6.421333 283.576050
6.426667 283.999908
6.432000 284.504425
6.437333 285.077179
6.442667 286.022980
6.448000 287.415741
6.453333 289.360168
6.458667 542.970520
6.464000 562.876587
6.469333 210.815674
6.474667 211.771698
6.480000 211.307877
6.485333 555.040588
6.490667 548.916809
6.496000 544.670349
6.501333 544.070740
6.506667 546.531494
6.512000 556.782410
6.517334 568.816223
6.522666 578.296204
6.528000 583.247803
6.533333 104.061806
6.538667 216.391876
6.544000 229.454163
6.549333 231.181076
6.554667 153.421860
6.560000 102.566788
6.565333 102.517761
6.570667 306.098846
6.576000 304.705780
6.581333 303.399750
6.586667 301.597717
6.592000 298.626801
6.597333 294.902466
6.602667 291.784180
6.608000 289.022980
6.613333 286.274597
6.618667 284.325989
6.624000 283.363464
6.629333 282.905243
6.634666 282.575195
6.640000 282.024445
6.645333 280.598267
6.650667 278.036041
6.656000 274.539154
6.661334 271.309998
6.666667 269.347443
6.672000 267.690704
6.677333 265.350189
6.682667 262.512848
6.688000 259.789337
6.693333 383.155060
6.698667 382.786652
6.704000 382.277649
6.709333 381.466675
6.714667 380.292358
6.720000 769.104309
6.725333 243.520920
6.730667 762.734131
6.736000 766.164185
6.741333 220.436310
6.746666 220.722672
6.752000 220.538513
6.757333 220.188477
6.762667 219.933868
6.768000 219.682724
6.773334 219.297882
6.778666 218.961914
6.784000 218.980957
6.789333 219.406815
6.794667 220.195084
6.800000 221.365112
6.805333 222.766388
6.810667 224.157272
6.816000 225.540375
6.821333 226.377594
6.826667 226.475449
6.832000 226.454041
6.837333 226.669769
6.842667 227.035950
6.848000 227.196075
6.853333 234.008041
6.858667 234.902084
6.864000 225.615219
6.869333 227.422302
6.874667 228.262283
6.880000 228.779022
6.885334 228.603500
6.890666 3888.557617
6.896000 3936.437500
6.901333 3965.060059
6.906667 3983.363037
6.912000 3999.265381
6.917333 4008.501221
6.922667 4010.002686
6.928000 4012.652588
6.933333 4027.179199
6.938667 4069.139893
6.944000 4140.361328
6.949333 4176.181152
6.954667 4137.453613
6.960000 4072.161133
6.965333 4004.919434
6.970667 3935.303223
6.976000 3883.382080
6.981333 274.874481
6.986667 257.980652
6.992000 257.073120
6.997334 257.044403
7.002666 257.130127
7.008000 239.986694
7.013333 237.223816
7.018667 235.126038
7.024000 233.232697
7.029333 231.029861
7.034667 228.993927
7.040000 227.589966
7.045333 3676.140869
7.050667 3684.871094
7.056000 3684.184814
7.061333 3686.973877
7.066667 3698.800537
7.072000 3703.822266
7.077333 3689.059570
7.082667 203.090149
7.088000 201.718582
7.093333 200.737457
7.098667 200.230682
7.104000 199.846390
7.109334 199.391785
7.114666 198.971054
7.120000 198.588089
7.125333 198.365738
7.130667 278.892517
7.136000 512.079041
7.141333 201.106262
7.146667 200.334656
7.152000 199.141037
7.157333 198.168335
7.162667 197.194946
7.168000 195.844681
7.173333 194.161743
7.178667 192.305573
7.184000 190.966354
7.189333 189.604401
7.194667 187.998627
7.200000 187.004395
7.205333 186.425369
7.210667 186.002136
7.216000 185.026520
7.221334 184.122971
7.226666 183.893677
7.232000 179.084549
7.237333 179.076355
7.242667 178.721954
7.248000 177.934128
7.253334 177.348541
7.258667 177.022079
7.264000 176.681976
7.269333 175.925537
7.274667 175.688934
7.280000 176.026123
7.285333 175.582520
7.290667 169.727295
7.296000 168.432419
7.301333 496.260986
7.306667 495.168274
7.312000 493.652191
7.317333 490.665680
7.322667 488.428833
7.328000 490.309204
7.333333 501.752472
7.338666 287.351074
7.344000 577.095093
7.349333 573.421265
7.354667 571.650269
7.360000 571.594666
7.365334 571.420654
7.370667 569.956177
7.376000 567.051086
7.381333 569.473511
7.386667 591.221985
7.392000 600.028748
7.397333 602.175903
7.402667 600.610291
7.408000 559.339966
7.413333 555.149170
7.418667 561.110474
7.424000 580.633911
7.429333 591.413452
7.434667 599.745728
7.440000 605.726074
7.445333 198.322296
7.450667 195.823669
7.456000 194.230621
7.461333 172.342163
7.466667 172.076569
7.472000 171.342667
7.477334 573.706848
7.482666 158.463089
7.488000 157.979904
7.493333 158.341949
7.498667 211.309601
7.504000 208.949265
7.509333 207.387054
7.514667 206.203751
7.520000 614.970093
7.525333 634.611084
7.530667 662.204895
7.536000 666.236511
7.541333 587.189453
7.546667 579.901184
7.552000 580.444946
7.557333 583.062439
7.562667 269.336700
7.568000 269.776550
7.573333 271.058929
7.578667 272.419067
7.584000 273.602722
7.589334 835.176208
7.594666 838.851440
7.600000 841.919189
7.605333 844.036743
7.610667 845.815796
7.616000 847.844360
7.621333 850.179749
7.626667 852.279175
7.632000 853.337891
7.637333 853.354370
7.642667 853.184021
7.648000 853.786743
7.653333 854.754822
7.658667 428.473572
7.664000 431.219330
7.669333 284.568970
7.674667 286.356812
7.680000 291.921143
7.685333 296.305786
7.690667 298.355682
7.696000 298.536835
7.701334 297.084534
7.706666 292.682037
7.712000 275.812378
7.717333 272.284851
7.722667 270.136261
7.728000 681.420044
7.733333 679.584717
7.738667 274.071960
7.744000 278.267426
7.749333 281.856262
7.754667 286.594788
7.760000 288.649323
7.765333 289.321594
7.770667 289.389862
7.776000 289.420715
7.781333 289.666412
7.786667 290.006287
7.792000 290.235199
7.797333 290.336823
7.802667 290.426117
7.808000 290.605865
7.813334 291.314392
7.818666 292.879517
7.824000 295.152496
7.829333 296.745605
7.834667 297.234772
7.840000 297.202179
7.845333 297.331512
7.850667 298.121460
7.856000 299.037048
7.861333 299.530121
7.866667 299.690094
7.872000 299.568420
7.877333 149.339218
7.882667 149.133865
7.888000 742.208618
7.893333 293.773132
7.898667 289.014709
7.904000 289.082184
7.909333 289.632172
7.914667 289.721375
7.920000 289.341858
7.925333 288.591736
7.930666 287.400665
7.936000 283.635040
7.941333 709.432007
7.946667 702.965881
7.952000 695.291992
7.957334 690.163147
7.962667 147.105011
7.968000 146.596924
7.973333 700.315735
7.978667 282.129425
7.984000 281.825165
7.989333 281.525391
7.994667 281.253815
8.000000 280.312012
8.005333 278.305634
8.010667 276.872498
8.016000 138.303894
8.021334 138.176331
8.026667 275.470276
8.032000 275.136810
8.037333 274.961456
8.042666 274.664246
8.048000 274.191345
8.053333 273.657959
8.058666 273.002930
8.064000 808.241211
8.069333 815.968506
8.074667 177.337189
8.080000 177.303207
8.085333 177.795822
8.090667 362.076233
8.096000 359.612762
8.101334 175.439407
8.106667 173.998566
8.112000 775.690247
8.117333 809.271179
8.122666 812.266052
8.128000 785.659424
8.133333 770.392944
8.138667 771.913208
8.144000 779.750977
8.149333 794.938416
8.154667 267.635834
8.160000 268.962646
8.165334 269.171051
8.170667 268.814789
8.176000 268.415527
8.181334 268.120850
8.186666 267.830078
8.192000 268.007507
8.197333 268.945496
8.202666 269.381348
8.208000 265.188904
8.213333 734.739319
8.218667 732.341797
8.224000 195.523773
8.229333 195.764236
8.234667 195.037003
8.240000 394.212128
8.245334 3180.091309
8.250667 3215.164795
8.256000 3283.993896
8.261333 3366.123779
8.266666 3427.408936
8.272000 3461.893066
8.277333 158.189514
8.282666 157.072525
8.288000 156.994339
8.293333 192.595398
8.298667 240.347824
8.304000 0.000000
8.309334 900.200317
8.314667 909.458496
8.320000 904.283936
8.325334 878.629761
8.330667 849.900574
8.336000 837.610718
8.341333 829.472900
8.346666 208.729813
8.352000 209.336105
8.357333 210.014908
8.362667 210.577835
8.368000 210.632828
8.373333 209.632385
8.378667 207.618576
8.384000 206.099182
8.389334 162.797455
8.394667 812.962524
8.400000 0.000000
8.405334 114.832756
8.410666 112.685181
8.416000 112.234932
8.421333 221.298813
8.426666 221.068527
8.432000 0.000000
8.437333 130.674927
8.442667 169.846344
8.448000 169.626999
8.453333 147.917038
8.458667 133.950012
8.464000 3338.404785
8.469334 176.749344
8.474667 363.391663
8.480000 362.887238
8.485333 362.653839
8.490666 361.317169
8.496000 783.885864
8.501333 803.974548
8.506667 807.308289
8.512000 803.195618
8.517333 801.408264
8.522667 804.187012
8.528000 202.387009
8.533334 202.896194
8.538667 202.662491
8.544000 805.597595
8.549334 803.695862
8.554667 799.856995
8.560000 799.715576
8.565333 807.108887
8.570666 814.314880
8.576000 412.567352
8.581333 366.543365
8.586667 366.640900
8.592000 366.784119
8.597333 3206.164307
8.602667 3222.899902
8.608000 3200.752197
8.613334 146.310791
8.618667 155.358566
8.624000 155.939362
8.629333 156.453064
8.634666 165.254166
8.640000 207.448898
8.645333 207.214828
8.650666 103.833809
8.656000 812.847168
8.661333 825.615906
8.666667 808.899109
8.672000 704.266541
8.677333 698.861328
8.682667 413.399719
8.688000 260.914581
8.693334 836.074524
8.698667 851.562012
8.704000 852.644531
8.709333 839.476746
8.714666 158.726456
8.720000 96.525711
8.725333 0.000000
8.730667 79.489464
8.736000 0.000000
8.741333 0.000000
8.746667 187.271423
8.752000 187.554459
8.757334 148.437897
8.762667 148.903687
8.768000 149.330307
8.773334 150.061340
8.778666 3008.390869
8.784000 3005.163818
8.789333 3033.977295
8.794666 166.521408
8.800000 382.675385
8.805333 344.782166
8.810667 344.716614
8.816000 383.593964
8.821333 191.189621
8.826667 253.293137
8.832000 253.194519
8.837334 253.018158
8.842667 252.698593
8.848000 252.139618
8.853333 380.828461
8.858666 386.027222
8.864000 388.752289
8.869333 389.317810
8.874666 390.195007
8.880000 782.124695
8.885333 827.387390
8.890667 158.384109
8.896000 158.472809
8.901334 158.371796
8.906667 314.030182
8.912000 394.181519
8.917334 393.412842
8.922667 393.291748
8.928000 195.017670
8.933333 195.286621
8.938666 209.026749
8.944000 67.136131
8.949333 146.364212
8.954667 173.581451
8.960000 173.238998
8.965333 171.228424
8.970667 206.916687
8.976000 0.000000
8.981334 0.000000
8.986667 0.000000
8.992000 1287.599121
8.997334 0.000000
9.002666 0.000000
9.008000 393.716614
9.013333 414.719513
9.018666 428.919281
9.024000 436.068329
9.029333 205.860001
9.034667 204.087967
9.040000 166.145157
9.045333 1498.049316
9.050667 1596.324341
9.056000 1715.574829
9.061334 1788.987183
9.066667 1865.087036
9.072000 1952.883545
9.077333 2016.050293
9.082666 183.365417
9.088000 151.932983
9.093333 151.905472
9.098666 151.805115
9.104000 151.814133
9.109333 125.268570
9.114667 2901.071533
9.120000 2911.448730
9.125334 165.418610
9.130667 426.666107
9.136000 425.810883
9.141334 422.627167
9.146667 419.212006
9.152000 416.270355
9.157333 413.285736
9.162666 409.866882
9.168000 406.653046
9.173333 403.903656
9.178667 400.562408
9.184000 395.783630
9.189333 391.352783
9.194667 388.179443
9.200000 385.476013
9.205334 383.176208
9.210667 381.977295
9.216000 381.918518
9.221334 382.821320
9.226666 389.723541
9.232000 406.644104
9.237333 412.368225
9.242666 414.690582
9.248000 413.548676
9.253333 406.961670
9.258667 402.357513
9.264000 399.754700
9.269333 397.549438
9.274667 396.698486
9.280000 211.989166
9.285334 212.325455
9.290667 211.557831
9.296000 412.293213
9.301333 414.180817
9.306666 411.757263
9.312000 407.379181
9.317333 402.627899
9.322667 397.628204
9.328000 392.574371
9.333333 387.727051
9.338667 382.732056
9.344000 373.768066
9.349334 360.753967
9.354667 357.227386
9.360000 354.016266
9.365334 348.812439
9.370667 150.932739
9.376000 150.961609
9.381333 150.331528
9.386666 137.500519
9.392000 158.828568
9.397333 260.557343
9.402667 261.374390
9.408000 395.138855
9.413333 141.413879
9.418667 1992.853516
9.424000 1939.078125
9.429334 1907.442871
9.434667 3595.709229
9.440000 3648.602051
9.445333 3670.554932
9.450666 3672.747070
9.456000 3655.479980
9.461333 2007.823242
9.466666 2040.346558
9.472000 244.801987
9.477333 183.310089
9.482667 169.758133
9.488000 140.364822
9.493333 131.654037
9.498667 126.323509
9.504000 119.819733
9.509334 110.896896
9.514667 97.298309
9.520000 87.872131
9.525333 87.809334
9.530666 0.000000
9.536000 87.816818
9.541333 87.748802
9.546667 87.738289
9.552000 87.783806
9.557333 87.849205
9.562667 87.869240
9.568000 87.878891
9.573334 87.859550
9.578667 87.866158
9.584000 87.981705
9.589334 88.202003
9.594666 88.136627
9.600000 87.772690
9.605333 87.662483
9.610666 88.031731
9.616000 88.015770
9.621333 87.690773
9.626667 87.392944
9.632000 87.419762
9.637333 88.123566
9.642667 88.107544
9.648000 86.954712
9.653334 86.833954
9.658667 86.772530
9.664000 53.977661
9.669333 47.623280
9.674666 63.007145
9.680000 65.621521
9.685333 65.594444
9.690666 63.831745
9.696000 3690.947998
9.701333 3716.561768
9.706667 3595.980469
9.712000 3405.832275
9.717334 3360.939941
9.722667 65.072418
9.728000 64.963577
9.733334 78.975510
9.738667 78.874947
9.744000 78.811417
9.749333 79.301964
9.754666 79.289734
9.760000 339.316101
9.765333 338.178589
9.770667 336.987213
9.776000 336.277313
9.781333 298.247223
9.786667 298.396301
9.792000 2243.935303
9.797334 2160.407959
9.802667 2154.587646
9.808000 2149.752686
9.813334 2107.339844
9.818666 1161.425781
9.824000 1170.841553
9.829333 1176.134766
9.834666 1179.345459
9.840000 1182.809326
9.845333 2326.562012
9.850667 2449.999268
9.856000 2748.606934
9.861333 3260.326172
9.866667 0.000000
9.872000 95.196312
9.877334 95.225334
9.882667 97.518440
9.888000 97.844635
9.893333 98.109596
9.898666 98.198662
9.904000 98.162933
9.909333 98.215561
9.914667 98.397835
9.920000 98.634529
9.925333 98.525978
9.930667 98.501869
9.936000 98.343315
9.941334 98.120796
9.946667 97.932213
9.952000 97.999947
9.957334 98.622910
9.962667 98.781197
9.968000 98.724625
9.973333 98.456703
9.978666 98.372345
9.984000 98.575111
9.989333 98.896019
9.994667 98.709923
10.000000 98.607597
10.005333 99.159088
10.010667 99.848953
10.016000 100.043282
10.021334 100.143166
10.026667 100.219406
10.032000 102.260941
10.037333 127.844513
10.042666 127.289940
10.048000 168.928055
10.053333 167.995010
10.058666 126.679054
10.064000 125.369888
10.069333 123.882362
10.074667 123.265327
10.080000 103.996063
10.085333 89.334778
10.090667 88.420380
10.096000 631.698975
10.101334 123.314758
10.106667 122.802231
10.112000 122.585564
10.117333 122.690689
10.122666 122.847771
10.128000 122.958664
10.133333 123.099808
10.138667 123.390877
10.144000 123.940903
10.149333 124.677269
10.154667 125.105881
10.160000 554.119568
10.165334 282.728485
10.170667 1048.266113
10.176000 1057.176025
10.181334 1083.511963
10.186666 93.479599
10.192000 719.221252
10.197333 715.195435
10.202666 926.180176
10.208000 925.743408
10.213333 932.223755
10.218667 965.631653
10.224000 0.000000
10.229333 0.000000
10.234667 0.000000
10.240000 169.495224
10.245334 984.721924
10.250667 973.877808
10.256000 957.673706
10.261333 949.827515
10.266666 646.013611
10.272000 68.731804
10.277333 65.414116
10.282666 2923.072510
10.288000 3138.032471
10.293333 3342.825928
10.298667 3426.118408
10.304000 3384.687744
10.309334 64.294937
10.314667 61.438805
10.320000 64.129868
10.325334 64.006874
10.330667 63.851418
10.336000 65.224167
10.341333 65.130875
10.346666 62.716400
10.352000 65.519371
10.357333 65.457031
10.362667 3387.347656
10.368000 65.274025
10.373333 63.072090
10.378667 62.916302
10.384000 64.036942
10.389334 63.868134
10.394667 63.735008
10.400000 63.603695
10.405334 65.442108
10.410666 65.359673
10.416000 64.012856
10.421333 63.937881
10.426666 63.924267
10.432000 63.809586
10.437333 63.663620
10.442667 63.484608
10.448000 63.425705
10.453333 62.893650
10.458667 63.842323
10.464000 63.715034
10.469334 63.584671
10.474667 65.439857
10.480000 61.878468
10.485333 60.539780
10.490666 68.297829
10.496000 78.876343
10.501333 158.818527
10.506667 158.666168
10.512000 136.451691
10.517333 129.131409
10.522667 126.682930
10.528000 119.840462
10.533334 108.645027
10.538667 94.569351
10.544000 87.886841
10.549334 85.431969
10.554667 85.379646
10.560000 76.316872
10.565333 68.626678
10.570666 70.462975
10.576000 70.498550
10.581333 67.869324
10.586667 67.385086
10.592000 63.639923
10.597333 67.078064
10.602667 2676.741699
10.608000 2664.699463
10.613334 67.902077
10.618667 64.375229
10.624000 60.290203
10.629333 59.888878
10.634666 61.126232
10.640000 61.089325
10.645333 122.189194
10.650666 1998.408203
10.656000 2005.927734
10.661333 2013.717163
10.666667 2006.976685
10.672000 1984.923096
10.677333 65.995041
10.682667 65.138519
10.688000 65.242531
10.693334 65.301613
10.698667 65.445557
10.704000 65.453423
10.709333 63.985619
10.714666 63.704956
10.720000 63.461037
10.725333 63.213856
10.730667 63.042957
10.736000 62.868755
10.741333 62.801727
10.746667 62.859928
10.752000 62.822338
10.757334 64.111351
10.762667 3041.685547
10.768000 2986.856689
10.773334 2946.524414
10.778666 2960.305176
10.784000 3083.512451
10.789333 65.723724
10.794666 65.558868
10.800000 64.421822
10.805333 62.855957
10.810667 60.472961
10.816000 67.401466
10.821333 63.865170
10.826667 417.905945
10.832000 416.417145
10.837334 414.110870
10.842667 202.345352
10.848000 197.031464
10.853333 142.532898
10.858666 132.328110
10.864000 131.756165
10.869333 111.008385
10.874666 109.979980
10.880000 109.357414
10.885333 75.919327
10.890667 654.949219
10.896000 643.204956
10.901334 129.813400
10.906667 129.402145
10.912000 128.810120
10.917334 128.170013
10.922667 127.625923
10.928000 127.101044
10.933333 126.502953
10.938666 125.904938
10.944000 125.401138
10.949333 124.913483
10.954667 124.304688
10.960000 123.438530
10.965333 122.605988
10.970667 122.022392
10.976000 121.356392
10.981334 120.629448
10.986667 120.200035
10.992000 119.779465
10.997334 118.931152
