0.000000 0.000000
0.005333 332.062958
0.010667 332.640503
0.016000 333.816528
0.021333 334.447998
0.026667 161.222321
0.032000 161.805237
0.037333 162.311295
0.042667 162.676132
0.048000 163.041748
0.053333 163.358795
0.058667 163.427460
0.064000 162.809799
0.069333 321.678680
0.074667 320.441254
0.080000 318.961517
0.085333 317.552002
0.090667 316.470612
0.096000 315.479523
0.101333 301.785370
0.106667 300.866119
0.112000 301.236053
0.117333 138.952637
0.122667 256.984039
0.128000 224.854813
0.133333 222.858627
0.138667 221.749924
0.144000 221.052292
0.149333 221.076752
0.154667 129.883041
0.160000 129.732880
0.165333 130.114395
0.170667 79.202751
0.176000 206.101089
0.181333 206.297089
0.186667 196.924377
0.192000 196.781479
0.197333 70.670448
0.202667 108.704376
0.208000 288.702423
0.213333 296.027496
0.218667 299.502594
0.224000 303.313873
0.229333 307.132416
0.234667 308.946960
0.240000 306.815674
0.245333 610.079224
0.250667 617.046875
0.256000 628.504578
0.261333 635.215637
0.266667 632.129944
0.272000 312.733673
0.277333 310.651062
0.282667 308.475494
0.288000 305.626801
0.293333 300.706543
0.298667 294.652161
0.304000 144.351425
0.309333 142.050079
0.314667 139.823914
0.320000 99.242981
0.325333 98.856773
0.330667 89.889717
0.336000 87.353699
0.341333 86.060722
0.346667 83.425751
0.352000 83.389809
0.357333 104.241844
0.362667 78.197861
0.368000 78.184593
0.373333 81.271774
0.378667 81.115570
0.384000 78.366837
0.389333 80.528069
0.394667 307.846741
0.400000 321.829559
0.405333 321.673340
0.410667 306.710388
0.416000 4545.351074
0.421333 4566.059570
0.426667 4537.947266
0.432000 4512.804199
0.437333 319.557922
0.442667 319.399445
0.448000 319.231049
0.453333 313.523346
0.458667 313.566467
0.464000 313.666504
0.469333 313.776154
0.474667 323.208313
0.480000 322.194946
0.485333 317.956268
0.490667 317.453827
0.496000 317.043701
0.501333 317.005402
0.506667 317.351471
0.512000 4806.327637
0.517333 4892.465820
0.522667 316.548523
0.528000 317.329895
0.533333 324.681396
0.538667 326.597351
0.544000 298.290253
0.549333 319.791351
0.554667 315.497345
0.560000 314.822968
0.565333 313.849457
0.570667 312.245667
0.576000 310.210022
0.581333 307.777679
0.586667 305.057312
0.592000 302.489990
0.597333 298.897827
0.602667 288.455658
0.608000 285.340759
0.613333 282.867004
0.618667 279.836182
0.624000 274.183929
0.629333 268.388641
0.634667 264.959534
0.640000 261.677460
0.645333 257.486908
0.650667 253.525650
0.656000 251.236664
0.661333 249.054108
0.666667 242.663376
0.672000 239.997162
0.677333 237.704315
0.682667 235.748413
0.688000 233.426697
0.693333 231.563141
0.698667 229.967239
0.704000 228.359344
0.709333 227.029251
0.714667 225.683350
0.720000 224.518311
0.725333 223.620010
0.730667 222.865417
0.736000 222.119827
0.741333 221.204300
0.746667 219.886597
0.752000 218.100464
0.757333 216.376511
0.762667 215.100403
0.768000 214.050644
0.773333 213.154037
0.778667 212.768082
0.784000 212.989182
0.789333 213.470001
0.794667 213.892136
0.800000 214.318253
0.805333 214.917419
0.810667 215.741394
0.816000 217.438644
0.821333 220.031876
0.826667 221.558350
0.832000 222.468307
0.837333 222.989136
0.842667 223.123779
0.848000 222.784103
0.853333 221.607574
0.858667 206.184219
0.864000 210.651581
0.869333 220.713623
0.874667 220.921890
0.880000 210.080994
0.885333 210.766983
0.890667 211.122940
0.896000 210.916122
0.901333 196.401718
0.906667 195.754654
0.912000 195.229279
0.917333 175.390564
0.922667 412.095428
0.928000 414.756744
0.933333 415.239105
0.938667 415.140442
0.944000 209.563126
0.949333 208.582397
0.954667 824.273438
0.960000 830.645142
0.965333 836.615540
0.970667 842.319031
0.976000 843.065491
0.981333 152.393356
0.986667 152.270340
0.992000 152.111511
0.997333 386.792786
1.002667 199.113785
1.008000 198.982513
1.013333 198.535049
1.018667 198.247772
1.024000 198.594254
1.029333 199.367813
1.034667 199.922852
1.040000 107.075363
1.045333 107.237686
1.050667 214.900284
1.056000 233.063080
1.061333 215.277725
1.066667 292.377136
1.072000 222.032333
1.077333 221.930908
1.082667 1622.390869
1.088000 1601.498535
1.093333 1608.124390
1.098667 1634.510254
1.104000 1667.683594
1.109333 1669.187378
1.114667 1654.681763
1.120000 1636.893555
1.125333 1619.678223
1.130667 1609.127563
1.136000 1608.367676
1.141333 1618.028687
1.146667 589.222229
1.152000 1677.975220
1.157333 1704.078613
1.162667 1708.907837
1.168000 1715.304077
1.173333 1721.436035
1.178667 1725.953735
1.184000 1716.941772
1.189333 0.000000
1.194667 0.000000
1.200000 0.000000
1.205333 0.000000
1.210667 0.000000
1.216000 0.000000
1.221333 0.000000
1.226667 0.000000
1.232000 0.000000
1.237333 0.000000
1.242667 0.000000
1.248000 476.392029
1.253333 475.134979
1.258667 473.599365
1.264000 472.212738
1.269333 471.184235
1.274667 470.520660
1.280000 470.149292
1.285333 469.943298
1.290667 469.733795
1.296000 469.489929
1.301333 469.189789
1.306667 468.713806
1.312000 467.942413
1.317333 466.952057
1.322667 466.065948
1.328000 465.542755
1.333333 465.586578
1.338667 466.479584
1.344000 234.018661
1.349333 208.523773
1.354667 209.813446
1.360000 211.045120
1.365333 211.913956
1.370667 212.064438
1.376000 211.369431
1.381333 209.157104
1.386667 203.531723
1.392000 190.212570
1.397333 184.589493
1.402667 166.388519
1.408000 166.343948
1.413333 166.305923
1.418667 166.298019
1.424000 166.321198
1.429333 166.151581
1.434667 3232.604736
1.440000 3250.820801
1.445333 3248.399170
1.450667 3240.158447
1.456000 256.665436
1.461333 253.660614
1.466667 273.951843
1.472000 273.172241
1.477333 274.591400
1.482667 275.471527
1.488000 275.495880
1.493333 274.855927
1.498667 273.909058
1.504000 272.727448
1.509333 249.289749
1.514667 248.097137
1.520000 247.315598
1.525333 246.879944
1.530667 238.799805
1.536000 231.520782
1.541333 232.117233
1.546667 238.660324
1.552000 243.235199
1.557333 243.492569
1.562667 236.039597
1.568000 138.322830
1.573333 138.302200
1.578667 130.746552
1.584000 96.868431
1.589333 93.691383
1.594667 89.465309
1.600000 86.945984
1.605333 87.013680
1.610667 87.191788
1.616000 87.272682
1.621333 257.018188
1.626667 257.894470
1.632000 86.020439
1.637333 83.357780
1.642667 82.806808
1.648000 80.151169
1.653333 234.315933
1.658667 234.068878
1.664000 234.022629
1.669333 234.151901
1.674667 234.565094
1.680000 254.971664
1.685333 255.590759
1.690667 258.453583
1.696000 262.455688
1.701333 267.100006
1.706667 269.519897
1.712000 269.194672
1.717333 265.745544
1.722667 265.011353
1.728000 535.438171
1.733333 538.927124
1.738667 542.318604
1.744000 545.930481
1.749333 269.588806
1.754667 269.237854
1.760000 265.729279
1.765333 259.020111
1.770667 256.284088
1.776000 255.373596
1.781333 254.059921
1.786667 250.932724
1.792000 249.316895
1.797333 248.599930
1.802667 248.058731
1.808000 246.915009
1.813333 233.512482
1.818667 233.076614
1.824000 233.434280
1.829333 235.232513
1.834667 241.126236
1.840000 243.990097
1.845333 4754.098633
1.850667 4844.610840
1.856000 4919.011230
1.861333 4930.097168
1.866667 4796.312012
1.872000 4484.825195
1.877333 4209.773438
1.882667 4177.651367
1.888000 4373.420898
1.893333 4715.757324
1.898667 4875.824219
1.904000 4816.979980
1.909333 4524.666016
1.914667 4166.207520
1.920000 3863.167725
1.925333 128.448181
1.930667 255.925827
1.936000 256.263794
1.941333 258.020752
1.946667 262.481659
1.952000 264.067810
1.957333 264.647339
1.962667 264.316254
1.968000 262.408875
1.973333 259.027161
1.978667 255.925858
1.984000 253.398239
1.989333 251.346573
1.994667 250.590500
2.000000 251.150131
2.005333 252.378571
2.010667 253.452866
2.016000 254.046234
2.021333 254.339981
2.026667 254.758667
2.032000 252.774261
2.037333 130.979904
2.042667 131.649826
2.048000 131.638168
2.053333 129.993134
2.058667 103.301239
2.064000 99.667496
2.069333 99.645432
2.074667 89.075668
2.080000 86.477303
2.085333 86.794930
2.090667 87.093971
2.096000 130.740616
2.101333 87.104958
2.106667 87.017265
2.112000 86.810852
2.117333 259.083374
2.122667 258.150787
2.128000 257.160645
2.133333 256.201141
2.138667 255.247742
2.144000 254.345657
2.149333 253.624893
2.154667 253.012894
2.160000 2783.346191
2.165333 236.800827
2.170667 234.767685
2.176000 413.919037
2.181333 415.282166
2.186667 210.425674
2.192000 210.035004
2.197333 209.508057
2.202667 211.589951
2.208000 211.897995
2.213333 209.799805
2.218667 208.170853
2.224000 205.957230
2.229333 203.659760
2.234667 202.258850
2.240000 199.250717
2.245333 196.294067
2.250667 194.706604
2.256000 193.539856
2.261333 192.823318
2.266667 192.629730
2.272000 192.623550
2.277333 192.494003
2.282667 191.993881
2.288000 94.837212
2.293333 189.361832
2.298667 189.953827
2.304000 190.612228
2.309333 191.691208
2.314667 193.308960
2.320000 194.511322
2.325333 195.228195
2.330667 195.783432
2.336000 196.081619
2.341333 195.581497
2.346667 193.135849
2.352000 191.128311
2.357333 190.766281
2.362667 193.671539
2.368000 198.578140
2.373333 203.121902
2.378667 204.661377
2.384000 205.535248
2.389333 212.343277
2.394667 212.047531
2.400000 211.748154
2.405333 211.890808
2.410667 212.136459
2.416000 211.485825
2.421333 207.145035
2.426667 207.658951
2.432000 208.653564
2.437333 196.318848
2.442667 184.343185
2.448000 3461.827881
2.453333 3569.339111
2.458667 3589.522217
2.464000 3532.523926
2.469333 3456.556885
2.474667 3446.728516
2.480000 201.370148
2.485333 182.632629
2.490667 180.850677
2.496000 166.260529
2.501333 136.501755
2.506667 135.078827
2.512000 101.145004
2.517333 98.220062
2.522667 95.624031
2.528000 92.194168
2.533333 90.397987
2.538667 90.498627
2.544000 5694.619141
2.549333 5664.637695
2.554667 5692.327637
2.560000 5728.589844
2.565333 5698.833496
2.570667 5624.757812
2.576000 5574.238281
2.581333 5583.023438
2.586667 5611.122559
2.592000 5576.725586
2.597333 5510.419434
2.602667 5531.874512
2.608000 5672.310547
2.613333 66.985947
2.618667 66.985992
2.624000 65.361298
2.629333 65.340652
2.634667 65.387001
2.640000 65.275230
2.645333 65.024254
2.650667 65.077644
2.656000 66.075188
2.661333 66.057655
2.666667 65.177299
2.672000 66.631027
2.677333 67.370499
2.682667 68.743866
2.688000 209.829071
2.693333 209.699722
2.698667 209.718277
2.704000 209.090378
2.709333 207.961884
2.714667 207.704651
2.720000 207.692520
2.725333 207.549606
2.730667 207.628235
2.736000 251.217422
2.741333 251.453171
2.746667 251.330460
2.752000 250.573761
2.757333 249.777908
2.762667 249.360153
2.768000 248.082581
2.773333 246.889130
2.778667 246.258011
2.784000 314.823792
2.789333 315.278534
2.794667 315.098267
2.800000 314.147186
2.805333 156.745316
2.810667 156.406494
2.816000 149.708908
2.821333 144.165237
2.826667 100.933670
2.832000 98.459686
2.837333 98.151848
2.842667 90.100525
2.848000 87.833549
2.853333 83.327850
2.858667 83.297478
2.864000 83.280228
2.869333 79.077972
2.874667 79.084152
2.880000 78.049812
2.885333 78.129410
2.890667 78.222816
2.896000 80.685188
2.901333 310.047211
2.906667 308.959869
2.912000 308.778107
2.917333 309.045746
2.922667 309.381500
2.928000 309.821259
2.933333 310.292450
2.938667 310.855682
2.944000 311.736786
2.949333 312.376556
2.954667 312.713287
2.960000 312.967712
2.965333 313.426788
2.970667 314.305634
2.976000 315.261871
2.981333 315.826477
2.986667 316.213226
2.992000 316.418304
2.997333 316.422455
3.002667 316.589844
3.008000 316.989777
3.013333 317.391693
3.018667 317.061310
3.024000 315.341217
3.029333 138.750259
3.034667 132.805008
3.040000 137.695465
3.045333 137.515503
3.050667 137.036560
3.056000 136.684891
3.061333 140.460373
3.066667 147.086273
3.072000 147.891190
3.077333 143.177536
3.082667 143.796524
3.088000 144.227295
3.093333 145.481461
3.098667 150.800339
3.104000 151.764801
3.109333 152.303665
3.114667 152.826187
3.120000 153.572647
3.125333 154.433548
3.130667 155.067215
3.136000 155.386627
3.141333 155.859192
3.146667 157.563660
3.152000 159.866699
3.157333 319.020813
3.162667 320.049103
3.168000 153.498993
3.173333 153.407974
3.178667 153.367355
3.184000 102.913605
3.189333 616.635620
3.194667 619.990906
3.200000 293.890259
3.205333 294.491089
3.210667 147.575928
3.216000 147.134369
3.221333 145.547501
3.226667 3237.530518
3.232000 3237.699951
3.237333 3257.750732
3.242667 3276.217773
3.248000 3298.760254
3.253333 3299.703369
3.258667 3218.215576
3.264000 3112.692871
3.269333 3042.970947
3.274667 3008.006592
3.280000 2995.690674
3.285333 144.170914
3.290667 3018.471436
3.296000 3012.882080
3.301333 139.108276
3.306667 138.444321
3.312000 138.217178
3.317333 144.837982
3.322667 579.257751
3.328000 577.218323
3.333333 574.392700
3.338667 571.727295
3.344000 140.730255
3.349333 140.681290
3.354667 141.796768
3.360000 141.867508
3.365333 142.093948
3.370667 142.445343
3.376000 561.044739
3.381333 551.195374
3.386667 482.295868
3.392000 147.217468
3.397333 147.977463
3.402667 148.490799
3.408000 148.584778
3.413333 148.563080
3.418667 148.476791
3.424000 148.213867
3.429333 424.039856
3.434667 417.059296
3.440000 415.898865
3.445333 415.408264
3.450667 208.981522
3.456000 207.878021
3.461333 730.024658
3.466667 144.015900
3.472000 143.983185
3.477333 723.612488
3.482667 142.838531
3.488000 142.268723
3.493333 141.836990
3.498667 141.113983
3.504000 140.394226
3.509333 140.062378
3.514667 139.819504
3.520000 138.873184
3.525333 137.337540
3.530667 136.904587
3.536000 136.813446
3.541333 137.049988
3.546667 133.326660
3.552000 133.145660
3.557333 132.201096
3.562667 132.471756
3.568000 137.237885
3.573333 137.165909
3.578667 136.509735
3.584000 136.624222
3.589333 137.383194
3.594667 138.009659
3.600000 142.562500
3.605333 142.189392
3.610667 2848.811768
3.616000 2782.015625
3.621333 2779.991943
3.626667 2817.812500
3.632000 135.332336
3.637333 144.791534
3.642667 138.971909
3.648000 139.482574
3.653333 140.195023
3.658667 140.675201
3.664000 140.487350
3.669333 139.246384
3.674667 138.343811
3.680000 137.688080
3.685333 137.262222
3.690667 136.969879
3.696000 136.300125
3.701333 135.171539
3.706667 133.617935
3.712000 132.791092
3.717333 132.893738
3.722667 133.579437
3.728000 134.522324
3.733333 135.276855
3.738667 135.582611
3.744000 135.506302
3.749333 135.799225
3.754667 137.018677
3.760000 138.561813
3.765333 138.093765
3.770667 138.077011
3.776000 138.176193
3.781333 138.394989
3.786667 234.453339
3.792000 469.804749
3.797333 470.278442
3.802667 138.090454
3.808000 137.859436
3.813333 137.660919
3.818667 137.509827
3.824000 137.432770
3.829333 137.311737
3.834667 134.610443
3.840000 129.560165
3.845333 129.434143
3.850667 129.413055
3.856000 129.368515
3.861333 129.444519
3.866667 135.074554
3.872000 134.816132
3.877333 130.566498
3.882667 130.259399
3.888000 130.035889
3.893333 129.989899
3.898667 130.767136
3.904000 131.230331
3.909333 134.458389
3.914667 134.536469
3.920000 134.599121
3.925333 134.697449
3.930667 134.786774
3.936000 134.816895
3.941333 134.824356
3.946667 130.913925
3.952000 130.807159
3.957333 130.850525
3.962667 131.002411
3.968000 131.096588
3.973333 131.047104
3.978667 130.741776
3.984000 501.077240
3.989333 498.325806
3.994667 166.532028
4.000000 124.611931
4.005333 124.639725
4.010667 124.550240
4.016000 124.424553
4.021333 124.337349
4.026667 124.275314
4.032000 124.280617
4.037333 124.450470
4.042666 125.043159
4.048000 125.466202
4.053333 128.452896
4.058667 123.623734
4.064000 236.541504
4.069334 190.873184
4.074667 141.249466
4.080000 138.744949
4.085333 133.539215
4.090667 100.937439
4.096000 100.933914
4.101333 100.686638
4.106667 93.854698
4.112000 93.737984
4.117333 93.706818
4.122667 101.104843
4.128000 646.556091
4.133333 705.315979
4.138667 70.658173
4.144000 70.481354
4.149333 69.763748
4.154667 701.246277
4.160000 706.762207
4.165333 716.433716
4.170667 133.484329
4.176000 132.529205
4.181334 729.433167
4.186666 733.061401
4.192000 739.826782
4.197333 751.285522
4.202667 127.364700
4.208000 127.434792
4.213333 127.696564
4.218667 579.201904
4.224000 583.857971
4.229333 584.515747
4.234667 581.540894
4.240000 574.674255
4.245333 66.537643
4.250667 127.370819
4.256000 126.851166
4.261333 126.971260
4.266667 126.956528
4.272000 126.779747
4.277333 126.540733
4.282667 126.514145
4.288000 126.688942
4.293334 126.850899
4.298666 127.003754
4.304000 127.153877
4.309333 127.181839
4.314667 127.160416
4.320000 127.356865
4.325333 127.822968
4.330667 128.274445
4.336000 128.461823
4.341333 128.349670
4.346667 121.262436
4.352000 121.316345
4.357333 121.443802
4.362667 121.254944
4.368000 121.188812
4.373333 121.105934
4.378667 120.970444
4.384000 125.331680
4.389333 129.049377
4.394667 5372.394531
4.400000 147.307571
4.405334 147.261826
4.410666 147.267258
4.416000 147.281509
4.421333 147.227844
4.426667 146.908813
4.432000 138.615265
4.437333 138.590714
4.442667 139.390427
4.448000 139.920090
4.453333 140.051559
4.458667 140.080658
4.464000 140.084488
4.469333 140.179153
4.474667 140.206894
4.480000 139.778320
4.485333 138.757751
4.490667 138.023285
4.496000 137.343033
4.501333 136.773560
4.506667 136.452759
4.512000 136.218063
4.517334 135.795731
4.522666 134.921112
4.528000 131.441116
4.533333 131.267685
4.538667 189.650406
4.544000 188.086716
4.549333 132.500885
4.554667 129.948364
4.560000 127.169998
4.565333 99.651817
4.570667 95.328232
4.576000 92.152122
4.581333 91.963562
4.586667 89.707367
4.592000 85.905731
4.597333 83.201447
4.602667 2559.748535
4.608000 2555.820557
4.613333 2587.359131
4.618667 69.365273
4.624000 69.308197
4.629333 69.285530
4.634666 417.491516
4.640000 416.768799
4.645333 416.810699
4.650667 416.910339
4.656000 416.933624
4.661334 416.900909
4.666667 69.248886
4.672000 416.559631
4.677333 416.399048
4.682667 416.355804
4.688000 416.115723
4.693333 712.317505
4.698667 752.058289
4.704000 160.784348
4.709333 160.753098
4.714667 160.905762
4.720000 161.281891
4.725333 164.754715
4.730667 165.411453
4.736000 165.910263
4.741333 166.172028
4.746666 165.653915
4.752000 164.785507
4.757333 164.338196
4.762667 164.108093
4.768000 163.741806
4.773334 159.083328
4.778666 158.190704
4.784000 158.760025
4.789333 160.424454
4.794667 163.449646
4.800000 164.057434
4.805333 163.822937
4.810667 163.540146
4.816000 163.939651
4.821333 164.571472
4.826667 163.886810
4.832000 162.248657
4.837333 160.261703
4.842667 159.960220
4.848000 160.522766
4.853333 161.062515
4.858667 161.372040
4.864000 161.853119
4.869333 162.958328
4.874667 164.083801
4.880000 165.264984
4.885334 165.955872
4.890666 165.506012
4.896000 164.989532
4.901333 164.536026
4.906667 164.059036
4.912000 163.677155
4.917333 105.955757
4.922667 105.438370
4.928000 84.944412
4.933333 86.806221
4.938667 82.756607
4.944000 82.551552
4.949333 82.485764
4.954667 82.483093
4.960000 82.420349
4.965333 82.400047
4.970667 82.595634
4.976000 82.639633
4.981333 82.422531
4.986667 82.306358
4.992000 82.381706
4.997334 82.539894
5.002666 82.613235
5.008000 82.222389
5.013333 217.994720
5.018667 176.572556
5.024000 135.614639
5.029333 134.356445
5.034667 129.357162
5.040000 99.230698
5.045333 99.749748
5.050667 99.324318
5.056000 89.170822
5.061333 90.546913
5.066667 79.293282
5.072000 158.774216
5.077333 157.627274
5.082667 156.658325
5.088000 156.594940
5.093333 157.056107
5.098667 157.309296
5.104000 157.233902
5.109334 156.869446
5.114666 156.480103
5.120000 156.281433
5.125333 156.097336
5.130667 155.626526
5.136000 155.046341
5.141333 154.909515
5.146667 155.358704
5.152000 155.403671
5.157333 154.601852
5.162667 154.214554
5.168000 154.154419
5.173333 153.949753
5.178667 153.645020
5.184000 153.813278
5.189333 154.280624
5.194667 154.800797
5.200000 155.647446
5.205333 157.209442
5.210667 158.219650
5.216000 159.420166
5.221334 162.441559
5.226666 163.850006
5.232000 165.569031
5.237333 165.979813
5.242667 165.126495
5.248000 157.681503
5.253334 155.879456
5.258667 77.946121
5.264000 77.960464
5.269333 78.048561
5.274667 78.104919
5.280000 78.076881
5.285333 78.089783
5.290667 78.093330
5.296000 77.870262
5.301333 77.472595
5.306667 77.169235
5.312000 110.778435
5.317333 282.133331
5.322667 97.970718
5.328000 100.313202
5.333333 170.615112
5.338666 158.654114
5.344000 126.543617
5.349333 126.513367
5.354667 94.713211
5.360000 94.439491
5.365334 75.374969
5.370667 83.298187
5.376000 83.409157
5.381333 83.482849
5.386667 115.916443
5.392000 139.984177
5.397333 145.591660
5.402667 145.489120
5.408000 48.281666
5.413333 83.341774
5.418667 82.907326
5.424000 140.062897
5.429333 140.565887
5.434667 140.999802
5.440000 141.192307
5.445333 141.144180
5.450667 141.518692
5.456000 141.804626
5.461333 141.195099
5.466667 140.530609
5.472000 140.069016
5.477334 139.712204
5.482666 139.442902
5.488000 139.233551
5.493333 139.102768
5.498667 139.020172
5.504000 138.926971
5.509333 138.931152
5.514667 139.267471
5.520000 139.880997
5.525333 140.153290
5.530667 140.123260
5.536000 140.151703
5.541333 140.313568
5.546667 140.508438
5.552000 140.783020
5.557333 141.234528
5.562667 141.116653
5.568000 140.097092
5.573333 139.010895
5.578667 138.190826
5.584000 137.481216
5.589334 136.461151
5.594666 134.070770
5.600000 133.643387
5.605333 134.262268
5.610667 135.402466
5.616000 135.795273
5.621333 136.484985
5.626667 137.948532
5.632000 138.934631
5.637333 139.133286
5.642667 138.671906
5.648000 138.315247
5.653333 69.479683
5.658667 69.603981
5.664000 69.530403
5.669333 69.521278
5.674667 498.460480
5.680000 252.961395
5.685333 256.412323
5.690667 259.207947
5.696000 262.804657
5.701334 132.807693
5.706666 132.933563
5.712000 132.349472
5.717333 131.457382
5.722667 130.591660
5.728000 258.132568
5.733333 255.909653
5.738667 252.948547
5.744000 249.899918
5.749333 246.807220
5.754667 159.715256
5.760000 154.877411
5.765333 149.446594
5.770667 146.307220
5.776000 140.655228
5.781333 139.698105
5.786667 138.855530
5.792000 137.826553
5.797333 77.025101
5.802667 65.035316
5.808000 65.119293
5.813334 69.908348
5.818666 70.406281
5.824000 69.893600
5.829333 69.298500
5.834667 69.204773
5.840000 138.204681
5.845333 138.965973
5.850667 159.825760
5.856000 161.821442
5.861333 197.480911
5.866667 74.678436
5.872000 75.016266
5.877333 111.097717
5.882667 79.568672
5.888000 81.116547
5.893333 69.369232
5.898667 69.943314
5.904000 70.006744
5.909333 108.642380
5.914667 109.098564
5.920000 109.324287
5.925333 69.913582
5.930666 0.000000
5.936000 416.109528
5.941333 415.537384
5.946667 415.278473
5.952000 414.893341
5.957334 413.940887
5.962667 208.429047
5.968000 206.886581
5.973333 829.307129
5.978667 404.277863
5.984000 198.696442
5.989333 198.560059
5.994667 198.739792
6.000000 198.968155
6.005333 198.851135
6.010667 198.456696
6.016000 198.536163
6.021333 199.070450
6.026667 199.467133
6.032000 199.500168
6.037333 198.427017
6.042666 0.000000
6.048000 0.000000
6.053333 144.986755
6.058667 0.000000
6.064000 0.000000
6.069334 0.000000
6.074667 0.000000
6.080000 0.000000
6.085333 68.058868
6.090667 135.566742
6.096000 103.218658
6.101333 0.000000
6.106667 0.000000
6.112000 103.879929
6.117333 0.000000
6.122667 0.000000
6.128000 0.000000
6.133333 0.000000
6.138667 0.000000
6.144000 0.000000
6.149333 0.000000
6.154667 0.000000
6.160000 0.000000
6.165333 0.000000
6.170667 0.000000
6.176000 0.000000
6.181334 0.000000
6.186666 0.000000
6.192000 0.000000
6.197333 0.000000
6.202667 0.000000
6.208000 0.000000
6.213333 0.000000
6.218667 102.243881
6.224000 0.000000
6.229333 97.581451
6.234667 200.819305
6.240000 177.962875
6.245333 174.571640
6.250667 174.328827
6.256000 173.951294
6.261333 173.366623
6.266667 172.961899
6.272000 172.836197
6.277333 173.088028
6.282667 175.139160
6.288000 176.235352
6.293334 176.842468
6.298666 177.675537
6.304000 179.205246
6.309333 181.688705
6.314667 184.535141
6.320000 186.082184
6.325333 186.688553
6.330667 186.847412
6.336000 186.776047
6.341333 186.670639
6.346667 186.454483
6.352000 185.877594
6.357333 184.968506
6.362667 184.014725
6.368000 182.666779
6.373333 180.777283
6.378667 179.163727
6.384000 177.542831
6.389333 175.936691
6.394667 174.634033
6.400000 173.128464
6.405334 171.074005
6.410666 170.124252
6.416000 169.649582
6.421333 169.068710
6.426667 168.510498
6.432000 168.069519
6.437333 167.705200
6.442667 167.574997
6.448000 167.749466
6.453333 167.872925
6.458667 167.636475
6.464000 167.065201
6.469333 166.552307
6.474667 166.520462
6.480000 166.595810
6.485333 166.453278
6.490667 166.227325
6.496000 166.201614
6.501333 166.353714
6.506667 166.478348
6.512000 166.428940
6.517334 166.230133
6.522666 166.050507
6.528000 165.954071
6.533333 165.930542
6.538667 166.337082
6.544000 178.850021
6.549333 178.763657
6.554667 179.300461
6.560000 180.498734
6.565333 181.429230
6.570667 181.436630
6.576000 179.930161
6.581333 176.809021
6.586667 130.801529
6.592000 128.619431
6.597333 103.342384
6.602667 92.226280
6.608000 90.273651
6.613333 87.036636
6.618667 85.854134
6.624000 85.888733
6.629333 85.872696
6.634666 517.988892
6.640000 518.466248
6.645333 515.891846
6.650667 509.352234
6.656000 498.111298
6.661334 498.065765
6.666667 505.859039
6.672000 150.927826
6.677333 575.696838
6.682667 580.357971
6.688000 582.203674
6.693333 287.883484
6.698667 283.519928
6.704000 570.030518
6.709333 544.942871
6.714667 531.458679
6.720000 528.309570
6.725333 533.883484
6.730667 535.554016
6.736000 456.586426
6.741333 65.876099
6.746666 115.773590
6.752000 115.109314
6.757333 113.837067
6.762667 112.686096
6.768000 112.258751
6.773334 153.838181
6.778666 153.616180
6.784000 153.666534
6.789333 153.783447
6.794667 154.036301
6.800000 154.624100
6.805333 155.234314
6.810667 327.222687
6.816000 326.906494
6.821333 323.774811
6.826667 319.711578
6.832000 317.113861
6.837333 315.963409
6.842667 316.326324
6.848000 318.047424
6.853333 318.045258
6.858667 318.030396
6.864000 323.777985
6.869333 170.153214
6.874667 170.688156
6.880000 235.537979
6.885334 236.060440
6.890666 5150.437012
6.896000 5188.089844
6.901333 5225.254395
6.906667 5298.150391
6.912000 489.229675
6.917333 499.982941
6.922667 546.279175
6.928000 545.381287
6.933333 549.660645
6.938667 583.096436
6.944000 586.087402
6.949333 311.440735
6.954667 313.025574
6.960000 315.421448
6.965333 316.625519
6.970667 316.575684
6.976000 316.208771
6.981333 315.171143
6.986667 312.469299
6.992000 307.805450
6.997334 302.823273
7.002666 297.901367
7.008000 291.976990
7.013333 286.236359
7.018667 283.443878
7.024000 280.839325
7.029333 554.915771
7.034667 263.492126
7.040000 260.001465
7.045333 172.646866
7.050667 168.841339
7.056000 157.167465
7.061333 144.088043
7.066667 101.564392
7.072000 99.519135
7.077333 95.985489
7.082667 93.795555
7.088000 91.719398
7.093333 91.626396
7.098667 5547.358887
7.104000 5594.561035
7.109334 5646.569824
7.114666 5703.591797
7.120000 5726.076660
7.125333 70.118011
7.130667 69.036934
7.136000 68.978088
7.141333 46.875000
7.146667 47.091961
7.152000 0.000000
7.157333 187.437500
7.162667 189.478470
7.168000 190.713211
7.173333 191.190094
7.178667 191.513535
7.184000 192.140839
7.189333 193.299103
7.194667 194.738037
7.200000 195.819321
7.205333 418.894257
7.210667 417.844269
7.216000 416.335144
7.221334 209.934448
7.226666 209.685715
7.232000 209.395081
7.237333 208.895584
7.242667 193.495499
7.248000 192.480606
7.253334 191.179398
7.258667 190.309479
7.264000 189.300552
7.269333 186.204987
7.274667 185.773102
7.280000 185.593155
7.285333 184.063202
7.290667 156.276093
7.296000 155.860413
7.301333 155.740677
7.306667 4742.769043
7.312000 4649.188965
7.317333 126.568672
7.322667 183.639221
7.328000 183.920837
7.333333 5081.551758
7.338666 5024.971680
7.344000 4951.513184
7.349333 4899.376953
7.354667 4816.075684
7.360000 4626.761230
7.365334 4323.376465
7.370667 4141.770020
7.376000 4044.870850
7.381333 3982.962158
7.386667 3889.269043
7.392000 3624.392822
7.397333 3488.923096
7.402667 227.547150
7.408000 225.462692
7.413333 219.230484
7.418667 210.109818
7.424000 208.560028
7.429333 207.124313
7.434667 203.326050
7.440000 199.791229
7.445333 197.696289
7.450667 196.110199
7.456000 191.667084
7.461333 187.047974
7.466667 180.644485
7.472000 176.159195
7.477334 169.723724
7.482666 167.919968
7.488000 166.030746
7.493333 159.777634
7.498667 177.534653
7.504000 190.148010
7.509333 61.420181
7.514667 191.621094
7.520000 178.001328
7.525333 167.973495
7.530667 155.968353
7.536000 125.757210
7.541333 103.912109
7.546667 99.698883
7.552000 95.323441
7.557333 94.019516
7.562667 88.944275
7.568000 90.767456
7.573333 90.951103
7.578667 650.304565
7.584000 663.229980
7.589334 703.871704
7.594666 703.555847
7.600000 697.302124
7.605333 689.426636
7.610667 221.733078
7.616000 222.343750
7.621333 221.857773
7.626667 218.706635
7.632000 215.026672
7.637333 213.007523
7.642667 211.986389
7.648000 622.729187
7.653333 618.912292
7.658667 618.149353
7.664000 192.710388
7.669333 192.223602
7.674667 588.372864
7.680000 569.369568
7.685333 557.984009
7.690667 566.895691
7.696000 499.119049
7.701334 500.120178
7.706666 613.442505
7.712000 621.123169
7.717333 624.290588
7.722667 617.671570
7.728000 603.075623
7.733333 580.881714
7.738667 555.443542
7.744000 540.835999
7.749333 523.333252
7.754667 518.806946
7.760000 129.139236
7.765333 128.262314
7.770667 124.040749
7.776000 123.218849
7.781333 169.533676
7.786667 168.894775
7.792000 66.579987
7.797333 209.548569
7.802667 207.788391
7.808000 205.474487
7.813334 214.010834
7.818666 213.371002
7.824000 212.251282
7.829333 211.365967
7.834667 185.482437
7.840000 166.449112
7.845333 132.431000
7.850667 130.055252
7.856000 122.896568
7.861333 99.980354
7.866667 100.196938
7.872000 93.652000
7.877333 85.711769
7.882667 93.154236
7.888000 83.320641
7.893333 83.310654
7.898667 83.300491
7.904000 83.224220
7.909333 83.176414
7.914667 83.214760
7.920000 66.530212
7.925333 66.528519
7.930666 333.415222
7.936000 166.582779
7.941333 333.273376
7.946667 333.133850
7.952000 333.135284
7.957334 333.295532
7.962667 333.390839
7.968000 333.376862
7.973333 333.317078
7.978667 333.279724
7.984000 333.235687
7.989333 333.226349
7.994667 333.265625
8.000000 333.303131
8.005333 333.346863
8.010667 166.334579
8.016000 166.291290
8.021334 166.222687
8.026667 166.179764
8.032000 166.181870
8.037333 166.234909
8.042666 166.426147
8.048000 166.768082
8.053333 167.132187
8.058666 167.436401
8.064000 167.651199
8.069333 167.581848
8.074667 166.837814
8.080000 165.912613
8.085333 165.755096
8.090667 165.837234
8.096000 139.551346
8.101334 139.509995
8.106667 133.005020
8.112000 143.858658
8.117333 143.964798
8.122666 132.848557
8.128000 275.874054
8.133333 276.126526
8.138667 277.203735
8.144000 280.849884
8.149333 306.819519
8.154667 311.128448
8.160000 157.286682
8.165334 156.959839
8.170667 153.235992
8.176000 154.636215
8.181334 475.648315
8.186666 492.211273
8.192000 543.727661
8.197333 569.282837
8.202666 159.476059
8.208000 162.165176
8.213333 163.771255
8.218667 165.196762
8.224000 646.510925
8.229333 649.495850
8.234667 169.980637
8.240000 170.878174
8.245334 170.962784
8.250667 132.699890
8.256000 107.030563
8.261333 549.916809
8.266666 552.173523
8.272000 210.005081
8.277333 546.367981
8.282666 550.751160
8.288000 576.915771
8.293333 591.543213
8.298667 598.711792
8.304000 604.381348
8.309334 604.658813
8.314667 578.512451
8.320000 563.544495
8.325334 561.535706
8.330667 559.327148
8.336000 554.022888
8.341333 167.823257
8.346666 173.699829
8.352000 177.570847
8.357333 181.473373
8.362667 184.396423
8.368000 186.574448
8.373333 187.523804
8.378667 187.921463
8.384000 187.784439
8.389334 186.987381
8.394667 185.776077
8.400000 184.949173
8.405334 184.913467
8.410666 185.339951
8.416000 185.110001
8.421333 183.268890
8.426666 180.747742
8.432000 177.910294
8.437333 169.742371
8.442667 166.994278
8.448000 160.629684
8.453333 158.063644
8.458667 153.149124
8.464000 419.431427
8.469334 416.715210
8.474667 416.073975
8.480000 415.627869
8.485333 415.027191
8.490666 414.512115
8.496000 415.377411
8.501333 417.720581
8.506667 412.906433
8.512000 385.829193
8.517333 153.413834
8.522667 153.413025
8.528000 152.064728
8.533334 198.308289
8.538667 198.207687
8.544000 199.050079
8.549334 3845.651855
8.554667 3939.073730
8.560000 3969.053711
8.565333 3954.524658
8.570666 3932.064697
8.576000 3898.776123
8.581333 3820.340088
8.586667 3664.591309
8.592000 3590.784668
8.597333 3568.791748
8.602667 3585.148926
8.608000 204.787445
8.613334 202.608627
8.618667 197.731476
8.624000 195.040146
8.629333 193.209091
8.634666 191.455368
8.640000 189.210388
8.645333 186.465378
8.650666 183.251511
8.656000 179.789108
8.661333 176.285461
8.666667 172.433884
8.672000 169.757339
8.677333 167.739792
8.682667 165.771500
8.688000 163.752594
8.693334 161.647720
8.698667 159.293579
8.704000 155.660156
8.709333 151.690308
8.714666 148.544617
8.720000 145.862473
8.725333 143.680527
8.730667 141.996597
8.736000 140.245071
8.741333 137.067856
8.746667 131.625107
8.752000 556.723083
8.757334 566.661011
8.762667 581.842896
8.768000 600.259644
8.773334 626.292786
8.778666 317.953217
8.784000 317.921875
8.789333 317.681793
8.794666 345.616119
8.800000 345.959198
8.805333 345.640137
8.810667 345.015320
8.816000 338.992401
8.821333 336.328400
8.826667 336.442474
8.832000 313.481750
8.837334 314.254730
8.842667 316.178650
8.848000 317.799744
8.853333 306.081055
8.858666 305.796509
8.864000 304.827362
8.869333 295.926270
8.874666 157.404388
8.880000 156.984573
8.885333 156.061142
8.890667 155.037704
8.896000 153.874619
8.901334 148.045105
8.906667 141.735260
8.912000 140.806061
8.917334 139.888290
8.922667 138.502121
8.928000 137.436005
8.933333 136.620834
8.938666 135.866989
8.944000 134.852859
8.949333 133.636627
8.954667 132.361359
8.960000 131.524246
8.965333 131.019363
8.970667 130.752762
8.976000 130.510239
8.981334 129.935913
8.986667 129.166107
8.992000 128.046127
8.997334 126.407730
9.002666 122.760002
9.008000 122.525078
9.013333 122.469620
9.018666 122.458786
9.024000 122.510834
9.029333 122.494354
9.034667 110.777061
9.040000 110.770111
9.045333 110.884033
9.050667 165.642700
9.056000 338.457214
9.061334 339.083221
9.066667 145.849335
9.072000 203.793411
9.077333 184.652557
9.082666 176.335449
9.088000 137.077744
9.093333 134.667374
9.098666 100.733719
9.104000 97.145782
9.109333 94.659477
9.114667 92.142281
9.120000 88.968109
9.125334 87.552177
9.130667 104.970795
9.136000 73.689690
9.141334 73.686417
9.146667 73.472443
9.152000 73.471687
9.157333 72.799347
9.162666 71.617050
9.168000 143.552185
9.173333 624.719910
9.178667 632.359863
9.184000 645.970154
9.189333 136.337967
9.194667 136.125763
9.200000 135.997528
9.205334 135.836166
9.210667 135.637894
9.216000 135.405441
9.221334 135.201523
9.226666 134.990936
9.232000 134.757050
9.237333 134.611847
9.242666 134.673386
9.248000 134.759048
9.253333 134.584839
9.258667 134.048401
9.264000 133.306702
9.269333 132.881638
9.274667 132.815109
9.280000 132.881516
9.285334 133.006821
9.290667 133.314560
9.296000 133.610062
9.301333 133.264221
9.306666 132.449371
9.312000 131.849533
9.317333 131.324478
9.322667 130.792709
9.328000 130.250168
9.333333 129.940216
9.338667 4011.590820
9.344000 3853.940186
9.349334 3729.824219
9.354667 135.051071
9.360000 147.865906
9.365334 156.254868
9.370667 157.117783
9.376000 601.541992
9.381333 147.290649
9.386666 579.896240
9.392000 570.895569
9.397333 561.093567
9.402667 556.344238
9.408000 598.037476
9.413333 599.743652
9.418667 600.790955
9.424000 608.707397
9.429334 344.920715
9.434667 345.242706
9.440000 345.491882
9.445333 344.746582
9.450666 243.072189
9.456000 241.563843
9.461333 240.217606
9.466666 238.578171
9.472000 237.039230
9.477333 234.202637
9.482667 230.072037
9.488000 225.191055
9.493333 221.826508
9.498667 319.685089
9.504000 313.915619
9.509334 309.727478
9.514667 305.202271
9.520000 296.671600
9.525333 288.247406
9.530666 288.732574
9.536000 288.318481
9.541333 285.053619
9.546667 191.861542
9.552000 183.889618
9.557333 161.048309
9.562667 141.403687
9.568000 130.570297
9.573334 102.084236
9.578667 97.319893
9.584000 95.140602
9.589334 92.699493
9.594666 88.864746
9.600000 90.608932
9.605333 5373.342285
9.610666 5432.162109
9.616000 5532.876953
9.621333 69.534828
9.626667 67.789589
9.632000 66.360870
9.637333 66.319626
9.642667 66.229332
9.648000 131.910858
9.653334 3411.300537
9.658667 3371.994629
9.664000 3333.516357
9.669333 3310.165527
9.674666 3262.225098
9.680000 133.819748
9.685333 133.925079
9.690666 134.050674
9.696000 134.124374
9.701333 134.023148
9.706667 133.722305
9.712000 133.337723
9.717334 133.049423
9.722667 132.845139
9.728000 100.089348
9.733334 97.811035
9.738667 95.406197
9.744000 95.117485
9.749333 92.571686
9.754666 89.021004
9.760000 79.718460
9.765333 0.000000
9.770667 0.000000
9.776000 76.889946
9.781333 76.850143
9.786667 76.773399
9.792000 74.156013
9.797334 79.605324
9.802667 215.346222
9.808000 199.572205
9.813334 199.282944
9.818666 132.416260
9.824000 79.634178
9.829333 79.666237
9.834666 79.663826
9.840000 217.312424
9.845333 217.819748
9.850667 217.694260
9.856000 74.801331
9.861333 217.122757
9.866667 132.733215
9.872000 132.665817
9.877334 56.852066
9.882667 265.218689
9.888000 265.261902
9.893333 236.387741
9.898666 235.071152
9.904000 271.108276
9.909333 270.197113
9.914667 235.260101
9.920000 234.040314
9.925333 232.963791
9.930667 233.311401
9.936000 233.192368
9.941334 232.284607
9.946667 231.979340
9.952000 232.261246
9.957334 232.780899
9.962667 233.274292
9.968000 234.100388
9.973333 235.101212
9.978666 236.981400
9.984000 238.534943
9.989333 237.492493
9.994667 240.223267
10.000000 242.442642
10.005333 243.324707
10.010667 242.294586
10.016000 235.039001
10.021334 245.929535
10.026667 246.684647
10.032000 245.248886
10.037333 245.010025
10.042666 245.361649
10.048000 257.251923
10.053333 5585.615723
10.058666 5414.089355
10.064000 5190.639648
10.069333 5119.167480
10.074667 5155.794434
10.080000 5260.905273
10.085333 5394.034668
10.090667 246.236038
10.096000 240.203156
10.101334 239.058060
10.106667 237.565308
10.112000 264.866089
10.117333 264.830902
10.122666 226.016144
10.128000 226.347794
10.133333 227.987503
10.138667 236.824738
10.144000 235.273956
10.149333 229.709320
10.154667 229.470627
10.160000 230.322021
10.165334 226.684616
10.170667 221.113022
10.176000 216.533875
10.181334 225.777939
10.186666 225.216782
10.192000 224.840515
10.197333 224.839386
10.202666 225.849365
10.208000 239.300171
10.213333 238.453537
10.218667 238.495911
10.224000 475.117920
10.229333 479.893799
10.234667 485.120514
10.240000 491.209717
10.245334 164.024033
10.250667 163.434067
10.256000 164.026413
10.261333 168.040039
10.266666 169.301987
10.272000 170.575790
10.277333 171.817825
10.282666 172.900818
10.288000 88.642227
10.293333 247.314194
10.298667 245.866180
10.304000 194.744843
10.309334 184.678329
10.314667 315.625153
10.320000 315.569092
10.325334 315.631622
10.330667 315.436523
10.336000 62.853237
10.341333 205.168671
10.346666 172.822098
10.352000 139.206299
10.357333 133.789993
10.362667 126.215736
10.368000 98.380165
10.373333 99.242821
10.378667 99.688049
10.384000 99.740517
10.389334 104.180534
10.394667 104.535194
10.400000 106.861092
10.405334 209.558838
10.410666 71.519913
10.416000 71.470070
10.421333 71.439629
10.426666 78.498711
10.432000 216.977509
10.437333 208.883942
10.442667 208.483246
10.448000 208.289841
10.453333 219.793533
10.458667 220.012772
10.464000 62.146961
10.469334 83.319016
10.474667 83.290642
10.480000 83.270836
10.485333 83.250519
10.490666 83.215576
10.496000 83.188545
10.501333 83.165642
10.506667 83.156784
10.512000 83.159569
10.517333 83.138016
10.522667 83.124413
10.528000 83.165421
10.533334 83.230011
10.538667 83.297401
10.544000 83.312660
10.549334 83.253944
10.554667 129.371445
10.560000 246.190582
10.565333 245.022629
10.570666 243.905914
10.576000 224.644180
10.581333 208.465027
10.586667 210.684174
10.592000 212.127319
10.597333 212.661057
10.602667 212.769684
10.608000 212.441864
10.613334 208.278732
10.618667 205.895447
10.624000 203.838638
10.629333 203.785934
10.634666 203.994232
10.640000 203.955139
10.645333 203.561447
10.650666 202.729141
10.656000 201.909698
10.661333 201.834900
10.666667 201.850021
10.672000 201.883728
10.677333 202.090805
10.682667 202.574051
10.688000 203.225418
10.693334 214.997879
10.698667 220.147614
10.704000 229.851791
10.709333 229.631546
10.714666 229.560760
10.720000 229.662125
10.725333 229.865158
10.730667 230.067612
10.736000 230.263031
10.741333 230.506851
10.746667 230.641907
10.752000 230.607834
10.757334 230.611374
10.762667 230.772614
10.768000 230.946304
10.773334 230.873383
10.778666 230.642197
10.784000 230.622025
10.789333 230.945023
10.794666 231.563583
10.800000 232.464722
10.805333 235.429794
10.810667 236.529449
10.816000 237.709137
10.821333 244.134232
10.826667 244.638321
10.832000 245.363602
10.837334 246.330597
10.842667 247.171982
10.848000 247.660324
10.853333 247.859161
10.858666 247.834183
10.864000 247.536804
10.869333 246.779358
10.874666 245.406631
10.880000 243.313278
10.885333 240.836136
10.890667 239.932373
10.896000 228.528168
10.901334 6046.808594
10.906667 6075.938477
10.912000 6078.071777
10.917334 6028.945312
10.922667 5929.464355
10.928000 5891.687988
10.933333 6015.618652
10.938666 6171.381348
10.944000 6238.029785
10.949333 6259.464844
10.954667 6294.955078
10.960000 6388.960938
10.965333 416.643402
10.970667 414.932709
10.976000 414.591553
10.981334 414.274048
10.986667 209.334915
10.992000 208.613144
10.997334 203.799255
11.002666 202.687454
11.008000 203.211319
11.013333 408.089905
11.018666 406.939758
11.024000 705.241455
11.029333 6531.963867
11.034667 6387.494141
11.040000 275.357880
11.045333 264.108185
11.050667 258.964325
11.056000 250.530548
11.061334 249.070038
11.066667 244.006454
11.072000 238.154541
11.077333 236.035858
11.082666 234.704483
11.088000 233.860596
11.093333 233.518600
11.098666 233.401657
11.104000 233.174667
11.109333 232.865662
11.114667 232.633514
11.120000 232.415421
11.125334 232.124527
11.130667 231.737106
11.136000 231.208740
11.141334 230.491486
11.146667 229.710129
11.152000 229.642029
11.157333 230.748245
11.162666 231.445663
11.168000 231.196106
11.173333 230.834717
11.178667 230.804672
11.184000 231.339462
11.189333 232.194885
11.194667 232.752609
11.200000 233.116150
11.205334 1568.310059
11.210667 7691.892578
11.216000 7431.701660
11.221334 7397.367188
11.226666 7512.468262
11.232000 7617.349609
11.237333 7663.410156
11.242666 7698.709961
11.248000 7873.254395
11.253333 8107.689941
11.258667 8159.137695
11.264000 7968.507812
11.269333 1928.591064
11.274667 7174.793457
11.280000 7404.865234
11.285334 7637.645020
11.290667 7629.571289
11.296000 2002.276367
11.301333 472.893494
11.306666 472.550842
11.312000 471.363464
11.317333 469.856293
11.322667 468.416656
11.328000 467.536011
11.333333 467.450317
11.338667 467.330383
11.344000 466.804535
11.349334 466.376740
11.354667 467.130157
11.360000 468.712372
11.365334 469.403046
11.370667 469.230804
11.376000 468.444672
11.381333 467.701416
11.386666 467.542999
11.392000 468.056671
11.397333 234.334686
11.402667 234.333633
11.408000 234.417664
11.413333 234.523865
11.418667 8475.007812
11.424000 8495.749023
11.429334 8822.334961
11.434667 9082.335938
11.440000 498.990906
11.445333 499.566864
11.450666 499.501953
11.456000 499.392578
11.461333 499.474915
11.466666 499.586243
11.472000 499.598511
11.477333 499.640137
11.482667 499.614227
11.488000 499.325195
11.493333 498.851959
11.498667 498.691132
11.504000 498.946869
11.509334 499.277039
11.514667 166.207855
11.520000 166.085587
11.525333 166.014191
11.530666 135.066910
11.536000 248.599213
11.541333 245.569580
11.546667 229.498505
11.552000 223.758820
11.557333 222.225876
11.562667 221.613739
11.568000 221.115906
11.573334 220.156464
11.578667 218.783218
11.584000 217.755234
11.589334 216.414810
11.594666 215.047012
11.600000 214.572632
11.605333 214.246475
11.610666 128.560196
11.616000 130.587097
11.621333 130.474976
11.626667 95.598877
11.632000 95.467049
11.637333 93.968483
11.642667 93.742599
11.648000 93.723946
11.653334 93.753227
11.658667 105.281837
11.664000 105.333755
11.669333 210.899429
11.674666 70.258698
11.680000 70.238411
11.685333 897.565613
11.690666 209.685089
11.696000 209.152573
11.701333 208.198776
11.706667 207.433029
11.712000 207.074707
11.717334 206.960007
11.722667 207.147324
11.728000 207.359177
11.733334 207.304779
11.738667 207.001663
11.744000 206.512146
11.749333 205.961182
11.754666 205.437363
11.760000 205.038132
11.765333 204.684998
11.770667 204.300064
11.776000 203.813736
11.781333 203.303329
11.786667 202.795944
11.792000 202.161224
11.797334 201.328445
11.802667 200.234390
11.808000 199.056625
11.813334 197.890411
11.818666 196.312729
11.824000 194.702179
11.829333 193.447037
11.834666 191.899506
11.840000 190.434692
11.845333 184.175247
11.850667 184.578232
11.856000 175.419495
11.861333 176.103455
11.866667 166.888016
11.872000 174.590683
11.877334 174.648117
11.882667 174.839249
11.888000 167.219086
11.893333 1064.877563
11.898666 1076.338257
11.904000 1096.300903
11.909333 201.449600
11.914667 203.356064
11.920000 210.062973
11.925333 210.892670
11.930667 211.955170
11.936000 220.202179
11.941334 220.603073
11.946667 220.994217
11.952000 137.811996
11.957334 121.469818
11.962667 124.327988
11.968000 124.428749
11.973333 250.969727
11.978666 480.425903
11.984000 478.253571
11.989333 476.368073
11.994667 472.605194
12.000000 122.356277
12.005333 408.057587
12.010667 388.337250
12.016000 387.147217
12.021334 385.820770
12.026667 230.640991
12.032000 239.367752
12.037333 239.160904
12.042666 237.877869
12.048000 237.982162
12.053333 181.142670
12.058666 180.058151
12.064000 173.121063
12.069333 136.477066
12.074667 135.039810
12.080000 99.728485
12.085333 97.411652
12.090667 95.912857
12.096000 91.637390
12.101334 89.406013
12.106667 89.371162
12.112000 95.713722
12.117333 2524.459717
12.122666 0.000000
12.128000 83.217491
12.133333 83.214523
12.138667 69.357124
12.144000 69.338272
12.149333 418.027618
12.154667 418.097412
12.160000 417.482269
12.165334 416.570374
12.170667 416.253174
12.176000 417.120453
12.181334 418.583313
12.186666 419.787811
12.192000 420.581207
12.197333 420.311127
12.202666 418.786285
12.208000 417.249939
12.213333 416.677277
12.218667 416.438873
12.224000 416.166229
12.229333 415.586578
12.234667 208.446167
12.240000 207.047867
12.245334 201.639252
12.250667 409.883026
12.256000 409.397095
12.261333 5164.983887
12.266666 5237.331543
12.272000 5352.547363
12.277333 162.354874
12.282666 162.224380
12.288000 162.180588
12.293333 170.823593
12.298667 178.543640
12.304000 188.798782
12.309334 191.528595
12.314667 193.497498
12.320000 196.156845
12.325334 198.232193
12.330667 199.856323
12.336000 201.616714
12.341333 203.212402
12.346666 204.123489
12.352000 204.350677
12.357333 204.089355
12.362667 203.391006
12.368000 202.302246
12.373333 201.046005
12.378667 200.665512
12.384000 201.434570
12.389334 201.361496
12.394667 200.748489
12.400000 200.796173
12.405334 203.296722
12.410666 204.870087
12.416000 194.260376
12.421333 195.364868
12.426666 186.404800
12.432000 176.051697
12.437333 187.838943
12.442667 187.674866
12.448000 201.591690
12.453333 207.063904
12.458667 208.535278
12.464000 210.576096
12.469334 211.738510
12.474667 211.952332
12.480000 211.577393
12.485333 210.737656
12.490666 209.660202
12.496000 208.601120
12.501333 207.786316
12.506667 207.391006
12.512000 207.406235
12.517333 207.469757
12.522667 207.508911
12.528000 197.989914
12.533334 186.220657
12.538667 175.666016
12.544000 136.906723
12.549334 135.436737
12.554667 99.841949
12.560000 97.068977
12.565333 94.902664
12.570666 91.829857
12.576000 90.396339
12.581333 90.529526
12.586667 5597.927246
12.592000 5559.709961
12.597333 5589.062500
12.602667 70.546234
12.608000 71.519432
12.613334 71.639595
12.618667 70.859741
12.624000 214.748459
12.629333 214.743607
12.634666 215.180145
12.640000 216.053696
12.645333 217.668839
12.650666 218.997925
12.656000 219.680344
12.661333 220.129578
12.666667 220.421616
12.672000 220.616608
12.677333 220.724060
12.682667 220.830704
12.688000 221.391434
12.693334 222.526993
12.698667 224.057877
12.704000 225.559219
12.709333 227.031418
12.714666 228.953873
12.720000 230.660095
12.725333 231.482666
12.730667 231.642090
12.736000 230.831909
12.741333 230.820572
12.746667 231.058884
12.752000 231.020309
12.757334 248.415115
12.762667 251.417740
12.768000 253.347885
12.773334 254.493301
12.778666 255.304123
12.784000 255.701187
12.789333 255.603012
12.794666 255.003784
12.800000 253.969788
12.805333 252.595535
12.810667 251.028076
12.816000 248.456223
12.821333 244.856857
12.826667 245.312759
12.832000 314.018646
12.837334 313.603210
12.842667 172.635315
12.848000 172.580307
12.853333 164.832428
12.858666 137.978302
12.864000 128.820511
12.869333 100.027451
12.874666 99.293358
12.880000 94.848930
12.885333 92.538261
12.890667 90.524757
12.896000 90.542587
12.901334 104.240280
12.906667 4914.834961
12.912000 4820.328613
12.917334 83.332855
12.922667 83.315720
12.928000 69.433281
12.933333 69.423271
12.938666 417.345764
12.944000 4242.439941
12.949333 4371.254395
12.954667 4327.649414
12.960000 3949.582031
12.965333 3789.158447
12.970667 3792.415527
12.976000 3801.222656
12.981334 231.212952
12.986667 238.603516
12.992000 240.152557
12.997334 241.618729
13.002666 242.452667
13.008000 242.446106
13.013333 241.444946
13.018666 239.978714
13.024000 238.680450
13.029333 237.242279
13.034667 235.608353
13.040000 234.303680
13.045333 233.253891
13.050667 232.312790
13.056000 231.578156
13.061334 231.235489
13.066667 231.393570
13.072000 231.927368
13.077333 232.795715
13.082666 233.955688
13.088000 235.016571
13.093333 235.660172
13.098666 235.986435
13.104000 236.030472
13.109333 235.735306
13.114667 235.127228
13.120000 234.360291
13.125334 233.589142
13.130667 232.726883
13.136000 231.627808
13.141334 235.318405
13.146667 235.407776
13.152000 234.802231
13.157333 234.273911
13.162666 234.193802
13.168000 235.593002
13.173333 253.323135
13.178667 252.189651
13.184000 248.416092
13.189333 215.935669
13.194667 213.669144
13.200000 213.959625
13.205334 214.251816
13.210667 213.963989
13.216000 213.223190
13.221334 212.185577
13.226666 210.943832
13.232000 209.872589
13.237333 208.972900
13.242666 207.879227
13.248000 206.410339
13.253333 204.850113
13.258667 203.575577
13.264000 202.845810
13.269333 202.618057
13.274667 202.606216
13.280000 202.676575
13.285334 202.907730
13.290667 203.286804
13.296000 203.623169
13.301333 203.966339
13.306666 204.348938
13.312000 204.753616
13.317333 205.174438
13.322667 205.463760
13.328000 205.504547
13.333333 205.400848
13.338667 205.224365
13.344000 204.886337
13.349334 204.525436
13.354667 204.287827
13.360000 203.721344
13.365334 202.770050
13.370667 202.250656
13.376000 202.234390
13.381333 202.536530
13.386666 203.134476
13.392000 203.873001
13.397333 204.710236
13.402667 205.711807
13.408000 206.412979
13.413333 206.788956
13.418667 207.311447
13.424000 208.246735
13.429334 209.445023
13.434667 210.388885
13.440000 211.040878
13.445333 211.586044
13.450666 212.034470
13.456000 212.368576
13.461333 212.540024
13.466666 212.638718
13.472000 213.057434
13.477333 212.264984
13.482667 210.779617
13.488000 209.903854
13.493333 209.334961
13.498667 208.813583
13.504000 208.602585
13.509334 208.943939
13.514667 209.214050
13.520000 209.117737
13.525333 208.852646
13.530666 208.706299
13.536000 208.875366
13.541333 209.273361
13.546667 209.368896
13.552000 209.112137
13.557333 208.958939
13.562667 209.101944
13.568000 209.176041
13.573334 208.899887
13.578667 208.598053
13.584000 208.625763
13.589334 208.945297
13.594666 209.230438
13.600000 209.240814
13.605333 209.025681
13.610666 208.706024
13.616000 208.412827
13.621333 208.202194
13.626667 207.986084
13.632000 207.672287
13.637333 207.234390
13.642667 206.688705
13.648000 205.974869
13.653334 205.126282
13.658667 204.261520
13.664000 203.400803
13.669333 202.656296
13.674666 202.072403
13.680000 201.419937
13.685333 200.302536
13.690666 198.880905
13.696000 197.651382
13.701333 196.229294
13.706667 194.436646
13.712000 192.364777
13.717334 187.635040
13.722667 184.392715
13.728000 180.332916
13.733334 172.065140
13.738667 166.382996
13.744000 166.026047
13.749333 160.053482
13.754666 159.904022
13.760000 146.080139
13.765333 145.735352
13.770667 139.630890
13.776000 140.018692
13.781333 140.267441
13.786667 136.527512
13.792000 136.707611
13.797334 136.667557
13.802667 136.535065
13.808000 474.281433
13.813334 472.346008
13.818666 470.894958
13.824000 470.241913
13.829333 470.135132
13.834666 470.190552
13.840000 470.060730
13.845333 469.977081
13.850667 470.130035
13.856000 469.912933
13.861333 469.025391
13.866667 467.936279
13.872000 467.598907
13.877334 233.812958
13.882667 233.895950
13.888000 233.899765
13.893333 469.933960
13.898666 468.298157
13.904000 461.341125
13.909333 460.580902
13.914667 458.944458
13.920000 490.950043
13.925333 0.000000
13.930667 922.567566
13.936000 843.000061
13.941334 840.871643
13.946667 185.084763
13.952000 501.579102
13.957334 501.490784
13.962667 166.213730
13.968000 166.218201
13.973333 166.274231
13.978666 249.384644
13.984000 249.171967
13.989333 248.890396
13.994667 158.137512
14.000000 157.352737
14.005333 165.715698
14.010667 165.448196
14.016000 153.019592
14.021334 152.232361
14.026667 151.228088
14.032000 150.315277
14.037333 149.590637
14.042666 148.510437
14.048000 147.068436
14.053333 146.500137
14.058666 146.206833
14.064000 145.809097
14.069333 145.277893
14.074667 144.783005
14.080000 144.296265
14.085333 143.829758
14.090667 143.384338
14.096000 142.613953
14.101334 2498.158691
14.106667 202.369522
14.112000 168.406357
14.117333 147.810455
14.122666 141.299515
14.128000 138.302399
14.133333 99.506088
14.138667 96.768112
14.144000 93.102936
14.149333 93.073753
14.154667 90.713928
14.160000 90.759422
14.165334 120.843521
14.170667 123.297539
14.176000 127.733078
14.181334 77.727997
14.186666 77.842224
14.192000 66.664703
14.197333 66.519005
14.202666 131.926453
14.208000 133.051941
14.213333 134.979980
14.218667 135.339478
14.224000 135.768051
14.229333 135.847092
14.234667 135.368256
14.240000 134.228882
14.245334 133.351608
14.250667 552.554749
14.256000 549.539551
14.261333 130.624512
14.266666 130.504272
14.272000 130.726105
14.277333 131.631561
14.282666 133.466644
14.288000 135.762604
14.293333 138.380814
14.298667 140.685440
14.304000 143.882492
14.309334 145.888947
14.314667 147.795837
14.320000 149.874985
14.325334 151.306915
14.330667 152.289291
14.336000 153.112900
14.341333 153.507904
14.346666 153.483719
14.352000 153.430542
14.357333 153.557373
14.362667 153.744965
14.368000 153.734955
14.373333 153.420212
14.378667 152.801453
14.384000 151.980743
14.389334 151.356949
14.394667 151.012024
14.400000 150.430923
14.405334 148.502670
14.410666 146.199463
14.416000 145.386780
14.421333 147.117355
14.426666 148.851730
14.432000 151.495834
14.437333 151.669983
14.442667 151.708755
14.448000 151.862381
14.453333 152.118698
14.458667 152.255081
14.464000 152.058640
14.469334 151.861496
14.474667 156.013580
14.480000 156.563873
14.485333 156.445023
14.490666 156.447708
14.496000 156.483536
14.501333 156.451904
14.506667 156.314896
14.512000 156.032761
14.517333 155.656754
14.522667 155.079330
14.528000 152.989639
14.533334 153.130859
14.538667 154.397385
14.544000 155.957062
14.549334 156.044174
14.554667 156.063385
14.560000 156.101913
14.565333 155.882446
14.570666 155.473190
14.576000 155.332031
14.581333 182.452698
14.586667 183.197372
14.592000 159.769333
14.597333 140.845764
14.602667 137.092026
14.608000 99.682556
14.613334 99.274826
14.618667 94.629784
14.624000 90.315308
14.629333 89.172226
14.634666 89.209663
14.640000 77.154816
14.645333 77.193008
14.650666 75.918251
14.656000 75.778252
14.661333 73.712318
14.666667 69.414955
14.672000 69.341568
14.677333 416.803040
14.682667 416.071289
14.688000 416.034058
14.693334 416.257080
14.698667 416.381927
14.704000 416.394897
14.709333 416.372711
14.714666 416.346313
14.720000 416.267090
14.725333 416.144592
14.730667 415.324493
14.736000 413.204529
14.741333 413.207916
14.746667 413.613098
14.752000 414.015594
14.757334 209.581772
14.762667 208.846542
14.768000 206.210190
14.773334 405.737823
14.778666 204.623810
14.784000 85.357979
14.789333 85.539719
14.794666 168.522415
14.800000 179.880646
14.805333 179.984604
14.810667 186.050018
14.816000 186.656387
14.821333 187.569168
14.826667 188.094345
14.832000 188.505707
14.837334 188.691956
14.842667 188.445084
14.848000 187.587021
14.853333 185.913177
14.858666 183.237564
14.864000 180.166733
14.869333 177.970200
14.874666 176.442154
14.880000 176.060898
14.885333 176.666962
14.890667 178.133652
14.896000 180.541046
14.901334 183.289612
14.906667 189.386063
14.912000 192.998901
14.917334 197.832001
14.922667 202.229675
14.928000 207.946564
14.933333 210.368881
14.938666 210.713394
14.944000 210.450455
14.949333 210.010162
14.954667 209.663788
14.960000 209.522644
14.965333 209.514801
14.970667 209.504883
14.976000 209.470047
14.981334 209.494843
14.986667 209.664017
14.992000 210.068466
14.997334 210.618851
