0.000000 1888.962646
0.005805 1871.652222
0.011610 452.250671
0.017415 452.846252
0.023220 867.063232
0.029025 261.407990
0.034830 262.693604
0.040635 261.874298
0.046440 160.281952
0.052245 160.128845
0.058050 137.706070
0.063855 131.057159
0.069660 124.711540
0.075465 98.420601
0.081270 81.618752
0.087075 88.195061
0.092880 87.786072
0.098685 73.638817
0.104490 73.684319
0.110295 60.209705
0.116100 78.438873
0.121905 73.002098
0.127710 73.098976
0.133515 73.225624
0.139320 65.451874
0.145125 65.471939
0.150930 65.493248
0.156735 65.463882
0.162540 65.427177
0.168345 65.437119
0.174150 65.463165
0.179955 65.437439
0.185760 65.402283
0.191565 65.442474
0.197370 65.489479
0.203175 65.550026
0.208980 65.612007
0.214785 196.939346
0.220590 166.858185
0.226395 157.094849
0.232200 156.203461
0.238005 130.146011
0.243810 97.800652
0.249615 97.868126
0.255419 97.987717
0.261224 81.464043
0.267029 202.885651
0.272834 201.582443
0.278639 200.425827
0.284444 823.180054
0.290249 1585.506104
0.296054 65.762566
0.301859 65.499931
0.307664 62.309658
0.313469 62.215015
0.319274 70.562706
0.325079 70.713875
0.330884 65.357552
0.336689 803.636108
0.342494 805.738708
0.348299 813.084839
0.354104 824.178223
0.359909 836.115234
0.365714 848.115967
0.371519 857.068298
0.377324 862.237488
0.383129 866.695618
0.388934 873.056335
0.394739 439.003174
0.400544 882.698425
0.406349 884.930725
0.412154 886.342163
0.417959 886.558411
0.423764 441.584991
0.429569 440.322083
0.435374 878.294495
0.441179 878.690002
0.446984 880.877075
0.452789 883.088623
0.458594 884.593811
0.464399 886.046631
0.470204 887.315063
0.476009 888.297363
0.481814 890.760864
0.487619 896.034729
0.493424 901.007690
0.499229 902.802063
0.505034 903.167236
0.510839 903.688110
0.516644 904.924316
0.522449 906.663208
0.528254 907.095703
0.534059 905.895081
0.539864 904.462646
0.545669 903.790955
0.551474 451.555634
0.557279 902.664917
0.563084 899.110535
0.568889 894.103271
0.574694 890.318420
0.580499 889.357239
0.586304 886.862732
0.592109 878.085938
0.597914 255.441452
0.603719 254.633881
0.609524 2113.224121
0.615329 2150.189453
0.621134 385.666809
0.626939 255.774445
0.632744 256.984558
0.638549 596.298279
0.644354 598.583801
0.650159 396.687531
0.655964 297.992157
0.661769 83.031929
0.667574 79.155991
0.673379 79.060539
0.679184 294.816345
0.684989 131.806686
0.690794 83.072792
0.696599 82.980225
0.702404 82.648125
0.708209 145.858002
0.714014 146.307724
0.719819 146.640213
0.725624 146.809250
0.731429 146.731674
0.737234 83.221893
0.743039 82.953011
0.748844 82.891357
0.754649 146.416183
0.760454 65.820892
0.766258 0.000000
0.772063 158.587463
0.777869 157.737869
0.783673 146.043854
0.789478 124.644333
0.795283 110.905296
0.801088 98.323509
0.806893 98.183769
0.812698 71.079453
0.818503 65.204025
0.824308 65.232979
0.830113 65.839607
0.835918 65.841454
0.841723 1617.314941
0.847528 1608.523560
0.853333 1598.708984
0.859138 526.958862
0.864943 524.888184
0.870748 523.505005
0.876553 523.415588
0.882358 523.472107
0.888163 523.276917
0.893968 522.876465
0.899773 522.522156
0.905578 523.045593
0.911383 524.906677
0.917188 527.409668
0.922993 530.885315
0.928798 401.635803
0.934603 405.429779
0.940408 269.710022
0.946213 270.873444
0.952018 272.502075
0.957823 182.805023
0.963628 94.869576
0.969433 182.446655
0.975238 240.922150
0.981043 182.418442
0.986848 259.508179
0.992653 259.442169
0.998458 258.186005
1.004263 772.038757
1.010068 190.211685
1.015873 257.328278
1.021678 258.443298
1.027483 260.031616
1.033288 261.654480
1.039093 262.729309
1.044898 800.765808
1.050703 816.438171
1.056508 207.006912
1.062313 207.945801
1.068118 840.021484
1.073923 170.668121
1.079728 170.890030
1.085533 170.971954
1.091338 208.019562
1.097143 206.473419
1.102948 521.403687
1.108753 518.904541
1.114558 515.798340
1.120363 514.453979
1.126168 257.533936
1.131973 256.641144
1.137778 256.197754
1.143583 164.235001
1.149388 155.611572
1.155193 157.096664
1.160998 157.867264
1.166803 158.673615
1.172608 160.220108
1.178413 161.849609
1.184218 163.078232
1.190023 164.195663
1.195828 164.873734
1.201633 165.336914
1.207438 166.121643
1.213243 167.201553
1.219048 167.218597
1.224853 166.877838
1.230658 166.723984
1.236463 166.729492
1.242268 166.879822
1.248073 167.153809
1.253878 167.354675
1.259683 167.450317
1.265488 165.258850
1.271293 165.221680
1.277097 164.906601
1.282902 164.316299
1.288707 164.031494
1.294513 169.771454
1.300317 169.590668
1.306122 169.640976
1.311927 169.948593
1.317732 165.709564
1.323537 166.058456
1.329342 166.312531
1.335147 196.898499
1.340952 196.786057
1.346757 196.920288
1.352562 171.857422
1.358367 172.157486
1.364172 161.888458
1.369977 161.852142
1.375782 172.769455
1.381587 172.392929
1.387392 171.747879
1.393197 170.290176
1.399002 168.093094
1.404807 166.206879
1.410612 164.278137
1.416417 163.268906
1.422222 162.044830
1.428027 173.340912
1.433832 173.149170
1.439637 160.398209
1.445442 160.864090
1.451247 161.264465
1.457052 161.368576
1.462857 161.352814
1.468662 161.080322
1.474467 160.650772
1.480272 178.373291
1.486077 178.897476
1.491882 179.635895
1.497687 180.449661
1.503492 123.240646
1.509297 2601.560547
1.515102 2647.872803
1.520907 90.796486
1.526712 90.529121
1.532517 86.346306
1.538322 179.476059
1.544127 70.373917
1.549932 70.384781
1.555737 162.056213
1.561542 162.678711
1.567347 90.370201
1.573152 405.630829
1.578957 70.475616
1.584762 70.370651
1.590567 57.683743
1.596372 168.712021
1.602177 169.593628
1.607982 2101.855225
1.613787 874.962463
1.619592 58.692478
1.625397 179.381790
1.631202 181.579361
1.637007 182.149948
1.642812 182.043442
1.648617 181.516403
1.654422 180.595490
1.660227 178.916824
1.666032 178.006210
1.671837 178.031982
1.677642 178.489716
1.683447 127.466461
1.689252 127.059837
1.695057 95.077087
1.700862 95.366333
1.706667 95.350418
1.712472 352.402496
1.718277 451.646881
1.724082 190.835114
1.729887 191.407639
1.735692 191.741379
1.741497 131.214340
1.747302 131.275772
1.753107 368.228973
1.758912 191.108765
1.764717 191.213928
1.770522 191.674042
1.776327 192.129471
1.782132 192.306671
1.787936 192.033417
1.793741 191.499969
1.799546 381.149017
1.805351 380.785034
1.811157 337.997955
1.816961 178.112457
1.822766 178.098709
1.828571 178.523911
1.834376 179.033493
1.840181 178.236740
1.845986 177.608841
1.851791 177.399811
1.857596 177.316696
1.863401 177.493683
1.869206 178.183044
1.875011 178.364914
1.880816 177.940628
1.886621 177.498428
1.892426 126.766808
1.898231 126.747421
1.904036 126.702827
1.909841 126.663132
1.915646 126.657288
1.921451 126.678070
1.927256 176.990524
1.933061 176.892273
1.938866 177.060608
1.944671 165.789536
1.950476 165.965179
1.956281 165.931091
1.962086 165.747055
1.967891 165.670731
1.973696 165.875305
1.979501 165.896835
1.985306 165.948700
1.991111 166.412659
1.996916 166.754883
2.002721 166.699112
2.008526 166.623093
2.014331 166.634094
2.020136 387.676208
2.025941 388.931946
2.031746 3617.380615
2.037551 3508.753174
2.043356 873.736572
2.049161 3588.322510
2.054966 3785.725098
2.060771 3835.876465
2.066576 3811.083252
2.072381 3762.517090
2.078186 3744.888184
2.083991 3805.612305
2.089796 3894.290283
2.095601 3931.807373
2.101406 1244.400391
2.107211 182.260300
2.113016 157.615128
2.118821 157.326035
2.124626 168.251434
2.130431 168.079025
2.136236 167.864990
2.142041 167.467590
2.147846 167.287262
2.153651 337.165833
2.159456 336.996338
2.165261 157.481613
2.171066 341.329468
2.176871 343.803406
2.182676 343.967651
2.188481 343.608582
2.194286 78.996147
2.200091 721.030029
2.205896 732.403748
2.211701 733.896301
2.217506 171.047058
2.223311 170.170898
2.229116 169.101913
2.234921 146.478241
2.240726 101.585472
2.246531 338.943481
2.252336 343.935516
2.258141 346.983154
2.263946 349.068359
2.269751 350.554657
2.275556 350.620575
2.281361 159.061188
2.287166 158.623642
2.292970 149.655472
2.298775 149.903717
2.304580 304.138550
2.310385 304.828094
2.316190 305.553406
2.321995 306.936768
2.327801 309.242889
2.333606 311.250458
2.339411 313.168243
2.345215 315.267914
2.351020 316.028473
2.356825 316.113647
2.362630 78.621864
2.368435 158.412735
2.374240 293.804840
2.380045 293.135010
2.385850 157.364471
2.391655 157.182159
2.397460 112.630730
2.403265 113.070190
2.409070 155.607300
2.414875 161.740997
2.420680 161.569305
2.426485 167.067795
2.432290 163.372910
2.438095 163.213013
2.443900 162.670837
2.449705 161.907959
2.455510 161.712448
2.461315 161.571045
2.467120 161.357971
2.472925 161.263748
2.478730 161.346710
2.484535 161.325485
2.490340 161.110596
2.496145 160.913879
2.501950 160.927094
2.507755 296.966400
2.513560 294.440979
2.519365 293.331177
2.525170 293.219727
2.530975 171.360565
2.536780 166.620529
2.542585 165.613525
2.548390 323.251556
2.554195 165.569672
2.560000 382.091309
2.565805 385.760406
2.571610 0.000000
2.577415 171.949600
2.583220 171.468155
2.589025 105.272560
2.594830 105.284203
2.600635 98.154686
2.606440 292.035950
2.612245 292.169922
2.618050 289.410217
2.623855 182.644638
2.629660 182.920746
2.635465 95.022957
2.641270 98.181190
2.647075 194.816574
2.652880 190.451721
2.658685 189.992203
2.664490 193.499695
2.670295 194.544434
2.676100 194.668152
2.681905 194.406296
2.687710 193.332809
2.693515 94.513458
2.699320 101.093132
2.705125 212.860306
2.710930 213.038437
2.716735 213.458832
2.722540 213.551971
2.728345 213.328842
2.734150 182.189560
2.739955 182.047943
2.745760 212.356216
2.751565 211.750488
2.757370 0.000000
2.763175 0.000000
2.768980 176.275101
2.774785 176.535080
2.780590 160.673920
2.786395 160.069016
2.792200 195.380264
2.798005 194.969711
2.803810 98.603722
2.809614 197.024841
2.815419 198.012894
2.821224 197.704391
2.827029 197.247681
2.832834 196.999329
2.838639 98.295662
2.844445 98.130142
2.850250 98.026581
2.856054 98.457031
2.861859 98.769241
2.867664 99.561012
2.873469 99.556793
2.879274 98.832603
2.885079 142.888016
2.890884 142.511917
2.896689 141.895401
2.902494 131.110992
2.908299 131.195374
2.914104 197.033417
2.919909 197.386322
2.925714 164.678070
2.931519 164.651199
2.937324 164.949722
2.943129 165.146561
2.948934 164.745270
2.954739 155.430084
2.960544 148.161148
2.966349 50.052956
2.972154 78.506783
2.977959 78.509499
2.983764 78.443077
2.989569 87.366783
2.995374 80.619209
3.001179 80.469368
3.006984 80.365501
3.012789 80.299889
3.018594 80.169655
3.024399 810.405762
3.030204 806.876587
3.036009 394.959045
3.041814 392.936371
3.047619 391.946167
3.053424 392.542450
3.059229 393.651520
3.065034 3252.786377
3.070839 3380.101074
3.076644 3496.998779
3.082449 3547.320557
3.088254 3554.966553
3.094059 3546.896484
3.099864 3548.099854
3.105669 3567.328857
3.111474 195.554886
3.117279 158.466232
3.123084 158.640594
3.128889 130.347855
3.134694 117.762222
3.140499 3397.445312
3.146304 3379.216797
3.152109 70.996056
3.157914 71.089546
3.163719 757.804443
3.169524 759.819397
3.175329 1637.519531
3.181134 1645.571777
3.186939 1657.801147
3.192744 1659.970215
3.198549 1656.980591
3.204354 399.221436
3.210159 400.257965
3.215964 401.746582
3.221769 402.455811
3.227574 200.272110
3.233379 869.054565
3.239184 878.710938
3.244989 297.888184
3.250794 298.041718
3.256599 222.385712
3.262404 221.866150
3.268209 220.537033
3.274014 217.602600
3.279819 216.526276
3.285624 197.349030
3.291429 196.322540
3.297234 122.695007
3.303039 330.410065
3.308844 330.996185
3.314649 122.269753
3.320453 122.395081
3.326258 122.548897
3.332063 95.258102
3.337868 95.273750
3.343673 650.074524
3.349478 173.722900
3.355283 331.183136
3.361089 333.096100
3.366894 332.996613
3.372698 331.489075
3.378503 330.222839
3.384308 329.754944
3.390113 659.482300
3.395918 661.358032
3.401723 662.832336
3.407528 166.608978
3.413333 166.237137
3.419138 165.652847
3.424943 219.990219
3.430748 218.753189
3.436553 325.979004
3.442358 647.293579
3.448163 642.644592
3.453968 639.060059
3.459773 636.152649
3.465578 633.470947
3.471383 631.477173
3.477188 630.046875
3.482993 628.998108
3.488798 628.392944
3.494603 627.706177
3.500408 626.122192
3.506213 624.328491
3.512018 623.426147
3.517823 623.293030
3.523628 623.371521
3.529433 623.331665
3.535238 312.435516
3.541043 312.570160
3.546848 625.794678
3.552653 625.856995
3.558458 624.810181
3.564263 623.564880
3.570068 621.353210
3.575873 617.560852
3.581678 210.135895
3.587483 209.784485
3.593288 317.562225
3.599093 209.896637
3.604898 209.767090
3.610703 629.754700
3.616508 629.551819
3.622313 629.581970
3.628118 208.700089
3.633923 208.954788
3.639728 209.218246
3.645533 209.321075
3.651338 313.771484
3.657143 156.764267
3.662948 156.877197
3.668753 157.001907
3.674558 157.056046
3.680363 125.807396
3.686168 104.783516
3.691973 105.070557
3.697778 626.779968
3.703583 626.376038
3.709388 626.888184
3.715193 627.374817
3.720998 627.059204
3.726803 626.593445
3.732608 156.756607
3.738413 156.708771
3.744218 313.674194
3.750023 314.383148
3.755828 315.226318
3.761633 315.943695
3.767438 316.355194
3.773243 316.228302
3.779048 630.818542
3.784853 625.974243
3.790658 619.405640
3.796463 611.809448
3.802268 396.840210
3.808073 394.870026
3.813878 394.517609
3.819683 397.479828
3.825488 153.680832
3.831293 154.113159
3.837097 155.128326
3.842902 155.753525
3.848707 252.259811
3.854512 252.691498
3.860317 254.349045
3.866122 255.889679
3.871927 256.429016
3.877733 255.026077
3.883538 252.693100
3.889342 252.586807
3.895147 394.485779
3.900952 391.683411
3.906757 390.331421
3.912562 388.941132
3.918367 256.246155
3.924172 256.250946
3.929977 256.522522
3.935782 256.810577
3.941587 257.182800
3.947392 257.640350
3.953197 257.853058
3.959002 257.828827
3.964807 257.870392
3.970612 258.071747
3.976417 258.378693
3.982222 258.583893
3.988027 258.715729
3.993832 258.818085
3.999637 258.828644
4.005442 258.908539
4.011247 259.076752
4.017052 259.066284
4.022857 258.811066
4.028662 258.960114
4.034467 259.631836
4.040272 522.194458
4.046077 522.822083
4.051882 208.738098
4.057687 208.716949
4.063492 261.892395
4.069297 261.511993
4.075102 261.007446
4.080907 260.694122
4.086712 260.428070
4.092517 260.092133
4.098322 259.687378
4.104127 208.229736
4.109932 208.578369
4.115737 208.846359
4.121542 259.883575
4.127347 259.631744
4.133152 518.841431
4.138957 517.970154
4.144762 517.804443
4.150567 518.546265
4.156372 519.973877
4.162177 208.937866
4.167982 832.032654
4.173787 347.601227
4.179592 115.666420
4.185397 166.894516
4.191202 167.072708
4.197007 167.139282
4.202812 100.884872
4.208617 1051.677490
4.214422 1049.852905
4.220227 520.681763
4.226032 521.863831
4.231837 209.620193
4.237642 353.738892
4.243447 354.151550
4.249252 353.869232
4.255057 353.077301
4.260862 828.872314
4.266667 832.943665
4.272471 835.946411
4.278276 352.322052
4.284081 208.992188
4.289886 208.835449
4.295691 209.152664
4.301497 178.439392
4.307302 178.063156
4.313107 349.589386
4.318912 415.878632
4.324717 83.899078
4.330522 1681.122681
4.336327 1684.737671
4.342132 161.293198
4.347937 160.684708
4.353742 160.258347
4.359547 209.210007
4.365352 209.073669
4.371157 133.043304
4.376961 132.714050
4.382766 163.845215
4.388571 145.771439
4.394376 145.360962
4.400181 135.127884
4.405986 135.830231
4.411791 102.952774
4.417596 1271.557251
4.423401 1318.373901
4.429206 207.164200
4.435011 207.832321
4.440816 415.403717
4.446621 414.578064
4.452426 412.966949
4.458231 410.987518
4.464036 409.896301
4.469841 409.688293
4.475646 409.465576
4.481451 408.877045
4.487256 408.160461
4.493061 407.356171
4.498866 406.389435
4.504671 406.225220
4.510476 407.120575
4.516281 407.571869
4.522086 406.668274
4.527891 405.295166
4.533696 403.581848
4.539501 401.631592
4.545306 400.609161
4.551111 400.182983
4.556916 399.460510
4.562721 398.032043
4.568526 183.234009
4.574331 130.547913
4.580136 130.358307
4.585941 91.747963
4.591746 91.900063
4.597551 92.006729
4.603356 83.858139
4.609161 83.968788
4.614966 92.868736
4.620771 197.252304
4.626576 198.038315
4.632381 197.871750
4.638186 378.643005
4.643991 376.821716
4.649796 376.144562
4.655601 375.730682
4.661406 375.065369
4.667211 374.008331
4.673016 183.226654
4.678821 208.373367
4.684626 208.561462
4.690431 208.215988
4.696236 850.694641
4.702041 850.942810
4.707846 851.354309
4.713651 852.837708
4.719456 853.123840
4.725261 185.341553
4.731066 184.755280
4.736871 184.239899
4.742676 839.415100
4.748481 190.954483
4.754286 191.151199
4.760091 191.453232
4.765896 1032.973877
4.771701 1027.172974
4.777506 85.041924
4.783311 85.602745
4.789115 237.467422
4.794920 236.828232
4.800725 236.026321
4.806530 235.597809
4.812335 973.041321
4.818141 947.246582
4.823946 926.866882
4.829751 919.771301
4.835556 921.135071
4.841361 920.445190
4.847166 549.127319
4.852971 91.292694
4.858776 91.108559
4.864581 567.049011
4.870386 127.970566
4.876191 592.819580
4.881996 600.670105
4.887800 741.316956
4.893605 178.147507
4.899410 178.507935
4.905215 178.965851
4.911020 179.575943
4.916825 180.244278
4.922630 180.455688
4.928435 390.193329
4.934240 385.448090
4.940045 383.857178
4.945850 384.205353
4.951655 387.258331
4.957460 390.531189
4.963265 389.859619
4.969070 386.739899
4.974875 385.268219
4.980680 385.230011
4.986485 385.221619
4.992290 384.912781
4.998095 385.567749
5.003900 386.152649
5.009705 386.328857
5.015510 729.874329
5.021315 721.892273
5.027120 198.980606
5.032925 155.000809
5.038730 155.240356
5.044535 155.511810
5.050340 391.364075
5.056145 391.567200
5.061950 391.274841
5.067755 391.827240
5.073560 394.101959
5.079365 130.789871
5.085170 130.694595
5.090975 130.678268
5.096780 230.754776
5.102585 382.756622
5.108390 390.047150
5.114195 390.955994
5.120000 390.524719
5.125805 390.421661
5.131610 392.464661
5.137415 394.268433
5.143220 393.677277
5.149025 391.639130
5.154830 961.147400
5.160635 129.601135
5.166440 192.723190
5.172245 192.792648
5.178050 192.660187
5.183855 960.543762
5.189660 239.135178
5.195465 701.413757
5.201270 917.982605
5.207075 912.324341
5.212880 907.594360
5.218685 910.155762
5.224490 920.477112
5.230295 943.308594
5.236100 319.985413
5.241905 967.946228
5.247710 968.390137
5.253515 970.949463
5.259320 979.660583
5.265125 114.531967
5.270930 230.622650
5.276735 180.770218
5.282540 180.664627
5.288345 180.343918
5.294150 143.712662
5.299954 124.667099
5.305759 687.660461
5.311564 686.768433
5.317369 686.208252
5.323174 685.366760
5.328979 684.814575
5.334785 381.971527
5.340590 382.649536
5.346395 382.741241
5.352200 697.947632
5.358005 696.604614
5.363810 695.677612
5.369615 696.255737
5.375420 698.685547
5.381225 702.421265
5.387030 706.198853
5.392835 709.514160
5.398640 712.307373
5.404444 713.283508
5.410249 712.490601
5.416054 711.825623
5.421859 711.709412
5.427664 710.771057
5.433469 708.163391
5.439274 383.315857
5.445079 380.744781
5.450884 377.845795
5.456689 376.008362
5.462494 374.170868
5.468299 371.795166
5.474104 370.232758
5.479909 369.282654
5.485714 368.481750
5.491519 368.708588
5.497324 702.255127
5.503129 703.451965
5.508934 179.962448
5.514739 179.131561
5.520544 177.989456
5.526349 176.853348
5.532154 258.372406
5.537959 175.188141
5.543764 174.873871
5.549569 377.677612
5.555374 380.776276
5.561179 726.130493
5.566984 724.537231
5.572789 724.321777
5.578594 192.455170
5.584399 192.280197
5.590204 380.439331
5.596009 386.296417
5.601814 389.811493
5.607619 390.568848
5.613424 390.967896
5.619229 391.713379
5.625034 392.711914
5.630839 394.461975
5.636644 959.740723
5.642449 961.257385
5.648254 963.920593
5.654059 395.724884
5.659864 395.020416
5.665669 394.775055
5.671474 394.662079
5.677279 394.965240
5.683084 395.114166
5.688889 394.872955
5.694694 393.881989
5.700499 390.765015
5.706304 388.187653
5.712109 387.619629
5.717914 387.787781
5.723719 388.655884
5.729524 390.757690
5.735329 393.421448
5.741134 235.114639
5.746939 234.894302
5.752744 234.565964
5.758549 235.604202
5.764354 573.667786
5.770159 571.295410
5.775964 569.893005
5.781769 569.321167
5.787574 219.712433
5.793379 145.672897
5.799184 145.338242
5.804989 144.964844
5.810794 144.681595
5.816598 144.201813
5.822403 143.458374
5.828208 142.545746
5.834013 230.030624
5.839818 229.375641
5.845623 1185.500366
5.851429 397.850128
5.857234 587.823547
5.863039 115.013229
5.868844 579.584412
5.874649 384.923309
5.880454 383.998108
5.886259 383.230713
5.892064 381.557434
5.897869 378.564636
5.903674 375.466309
5.909479 373.418213
5.915284 68.053925
5.921088 581.534485
5.926893 0.000000
5.932698 72.486046
5.938503 288.211884
5.944308 191.877686
5.950113 192.922272
5.955918 229.702560
5.961723 213.828720
5.967528 214.085419
5.973333 284.492401
5.979138 75.625076
5.984943 237.860077
5.990748 370.860229
5.996553 187.900543
6.002358 187.660843
6.008163 151.182220
6.013968 154.885239
6.019773 139.976044
6.025578 110.250717
6.031383 388.511658
6.037188 388.480743
6.042993 387.629181
6.048798 387.256500
6.054603 387.748840
6.060408 788.024109
6.066213 788.235657
6.072018 793.482849
6.077823 556.392334
6.083628 559.051819
6.089433 375.541351
6.095238 378.395294
6.101043 382.431519
6.106848 384.405701
6.112653 384.241364
6.118458 384.019775
6.124263 384.902893
6.130068 699.227173
6.135873 699.331177
6.141678 702.771912
6.147483 707.556946
6.153288 710.498962
6.159093 711.455261
6.164898 359.724457
6.170703 360.143646
6.176508 179.721207
6.182313 179.831390
6.188118 716.357361
6.193923 717.082581
6.199728 717.695984
6.205533 180.133362
6.211338 179.669998
6.217143 239.136368
6.222948 89.298630
6.228753 82.561348
6.234558 147.747345
6.240363 222.368195
6.246168 221.116882
6.251973 0.000000
6.257778 82.320038
6.263583 82.246063
6.269388 0.000000
6.275193 233.146927
6.280998 232.540298
6.286803 386.226990
6.292608 384.099976
6.298413 379.384094
6.304218 372.145233
6.310023 373.646790
6.315828 375.816040
6.321633 374.384766
6.327438 370.653931
6.333242 366.221313
6.339047 365.237976
6.344852 144.050720
6.350657 573.017151
6.356462 367.089722
6.362267 367.668549
6.368073 367.777802
6.373878 366.942139
6.379683 364.909302
6.385488 244.794586
6.391293 81.695206
6.397098 700.573608
6.402903 704.095032
6.408708 709.049927
6.414513 715.632507
6.420318 719.750549
6.426123 720.245850
6.431927 721.679993
6.437732 727.174072
6.443537 290.327515
6.449342 727.175842
6.455147 721.955383
6.460952 717.988586
6.466757 715.751160
6.472562 714.706848
6.478367 714.371826
6.484172 715.531616
6.489977 718.508179
6.495782 722.294739
6.501587 363.832977
6.507392 362.740204
6.513197 363.101990
6.519002 365.375366
6.524807 366.447449
6.530612 365.628845
6.536417 364.550629
6.542222 363.898438
6.548027 363.853638
6.553832 364.508148
6.559637 742.505615
6.565442 740.580750
6.571247 728.858643
6.577052 720.438538
6.582857 718.128479
6.588662 718.890686
6.594467 719.687012
6.600272 719.994995
6.606077 720.939697
6.611882 722.135681
6.617687 721.454102
6.623492 719.659607
6.629297 718.130127
6.635102 715.955200
6.640907 710.642090
6.646712 697.607361
6.652517 680.015320
6.658322 361.704895
6.664127 358.329132
6.669932 355.786743
6.675737 355.108978
6.681542 355.303802
6.687347 353.247192
6.693152 350.441986
6.698957 351.728607
6.704762 132.461838
6.710567 132.248886
6.716372 132.167343
6.722177 215.920486
6.727982 182.283127
6.733787 175.676849
6.739592 140.542114
6.745397 139.787003
6.751202 103.597000
6.757007 83.084724
6.762812 82.695267
6.768617 66.234688
6.774422 66.184593
6.780227 66.207115
6.786032 68.839912
6.791837 66.252892
6.797642 72.738770
6.803447 64.939240
6.809252 64.952446
6.815057 65.303268
6.820862 65.417297
6.826667 65.422272
6.832472 65.387215
6.838277 531.590942
6.844081 533.309753
6.849886 702.471008
6.855691 702.177185
6.861496 351.888916
6.867301 256.499084
6.873106 546.666626
6.878911 540.184631
6.884717 709.277039
6.890522 713.590332
6.896327 722.453552
6.902132 128.129944
6.907937 864.284790
6.913742 879.650269
6.919547 882.448303
6.925352 876.649597
6.931157 867.253662
6.936962 860.447632
6.942767 335.001892
6.948571 334.558289
6.954376 334.069977
6.960181 333.330353
6.965986 332.170654
6.971791 132.072357
6.977596 327.925232
6.983401 651.889099
6.989206 646.243286
6.995011 642.271362
7.000816 177.736511
7.006621 177.213898
7.012426 176.448151
7.018231 175.524490
7.024036 0.000000
7.029841 174.380905
7.035646 174.947556
7.041451 175.912018
7.047256 177.033325
7.053061 356.069275
7.058866 357.256989
7.064671 725.588623
7.070476 730.310181
7.076281 132.159424
7.082086 519.013977
7.087891 520.611206
7.093696 149.303879
7.099501 1681.499756
7.105306 1705.761353
7.111111 428.123260
7.116916 428.106598
7.122721 426.939728
7.128526 424.986023
7.134331 423.512207
7.140136 742.647034
7.145941 745.268555
7.151746 747.969482
7.157551 742.999878
7.163356 132.552155
7.169161 1007.311218
7.174966 197.264679
7.180771 198.065109
7.186576 198.398636
7.192381 198.474930
7.198186 198.625244
7.203991 98.982986
7.209796 98.983978
7.215601 99.202484
7.221406 229.015991
7.227211 198.595795
7.233016 198.976669
7.238821 177.783997
7.244626 178.047058
7.250431 178.192596
7.256236 170.108261
7.262041 170.575745
7.267846 175.845413
7.273651 176.790283
7.279456 177.617035
7.285261 177.821274
7.291066 132.706360
7.296871 114.794861
7.302676 106.432602
7.308481 177.643768
7.314286 176.829117
7.320091 176.509109
7.325896 525.751038
7.331701 525.270935
7.337506 524.452698
7.343311 524.201965
7.349116 525.127319
7.354921 527.123291
7.360725 528.798035
7.366530 528.570679
7.372335 526.888733
7.378140 258.810791
7.383945 259.421234
7.389750 173.387314
7.395555 173.421265
7.401361 173.204041
7.407166 192.527832
7.412971 143.255844
7.418776 143.230957
7.424581 143.880554
7.430386 145.604691
7.436191 146.208923
7.441996 146.174652
7.447801 149.198517
7.453606 149.682114
7.459411 149.361710
7.465215 148.956528
7.471020 131.692337
7.476825 131.703979
7.482630 74.775803
7.488435 149.043594
7.494240 149.136749
7.500045 149.505478
7.505850 150.303299
7.511655 74.732758
7.517460 174.718216
7.523265 98.575569
7.529070 263.031555
7.534875 149.593765
7.540680 75.034149
7.546485 75.007210
7.552290 75.000404
7.558095 74.217773
7.563900 131.775879
7.569705 78.799049
7.575510 84.437317
7.581315 75.128105
7.587120 74.887894
7.592925 74.530396
7.598730 74.590118
7.604535 74.755974
7.610340 263.941406
7.616145 264.388733
7.621950 265.006927
7.627755 265.480621
7.633560 265.888519
7.639365 267.967194
7.645170 272.061310
7.650975 143.231506
7.656780 144.025146
7.662585 291.561615
7.668390 290.211304
7.674195 286.520874
7.680000 287.480469
7.685805 237.716553
7.691610 235.702560
7.697415 233.914474
7.703220 233.852905
7.709025 192.212723
7.714830 206.296692
7.720635 175.691452
7.726440 175.285217
7.732245 173.762680
7.738050 199.138092
7.743855 198.797775
7.749660 198.570816
7.755465 198.307037
7.761270 198.265793
7.767075 198.931610
7.772880 200.263870
7.778685 200.248245
7.784490 69.951355
7.790295 118.483192
7.796100 118.140015
7.801905 117.667580
7.807710 102.067276
7.813515 167.128067
7.819320 165.153137
7.825125 164.642212
7.830930 164.458405
7.836735 164.323380
7.842540 179.401093
7.848345 164.307755
7.854150 245.699265
7.859955 245.919113
7.865760 150.833847
7.871564 122.662483
7.877369 122.497520
7.883174 174.713776
7.888979 174.302292
7.894784 120.312271
7.900589 120.096367
7.906394 199.986374
7.912199 200.623352
7.918005 111.000008
7.923810 1191.887817
7.929615 409.797180
7.935420 407.890686
7.941225 405.466553
7.947030 403.734344
7.952835 403.845337
7.958640 411.079132
7.964445 91.995804
7.970250 1152.749756
7.976054 1134.184814
7.981859 199.563705
7.987664 199.516586
7.993469 1181.166138
7.999274 1166.008301
8.005079 150.446732
8.010884 110.072594
8.016689 109.888023
8.022494 149.477295
8.028299 149.273773
8.034104 201.242874
8.039909 133.383270
8.045714 133.516571
8.051519 148.257004
8.057324 148.562271
8.063129 0.000000
8.068934 91.202728
8.074739 91.142860
8.080544 91.051117
8.086349 149.088455
8.092155 207.721573
8.097960 94.973648
8.103765 95.257050
8.109570 160.043320
8.115375 132.221970
8.121180 405.530640
8.126985 406.977570
8.132789 296.979034
8.138594 298.135376
8.144399 407.300629
8.150204 402.331543
8.156009 402.721222
8.161814 173.748993
8.167619 149.675705
8.173424 149.839417
8.179229 150.102768
8.185034 150.413177
8.190839 132.098892
8.196644 119.501083
8.202449 93.534927
8.208254 92.782547
8.214059 83.704620
8.219864 76.623047
8.225669 76.572952
8.231474 76.529205
8.237279 79.819077
8.243084 70.628159
8.248889 70.663071
8.254694 70.806526
8.260499 70.905571
8.266304 70.862839
8.272109 1064.617310
8.277914 1055.052246
8.283719 1045.750610
8.289524 1033.108643
8.295329 1019.650757
8.301134 1018.625916
8.306939 345.265625
8.312744 205.097992
8.318549 204.553055
8.324354 1044.884399
8.330159 171.316818
8.335963 171.458466
8.341768 171.405655
8.347573 403.771820
8.353378 404.528229
8.359183 409.368500
8.364988 411.676514
8.370793 1021.705444
8.376598 1012.411804
8.382403 1014.382080
8.388208 1021.070068
8.394013 1027.047241
8.399818 132.305634
8.405623 183.821823
8.411428 427.593872
8.417233 421.559875
8.423038 85.423508
8.428843 414.514435
8.434649 413.900665
8.440454 110.400261
8.446259 439.523010
8.452064 437.300568
8.457869 432.872192
8.463674 424.805573
8.469479 414.181244
8.475284 169.081787
8.481089 144.729156
8.486894 251.715881
8.492699 1054.168457
8.498504 1055.079712
8.504309 253.076965
8.510114 1032.504517
8.515919 1039.191406
8.521724 1052.808105
8.527529 397.773193
8.533334 397.316895
8.539139 800.575073
8.544943 1045.519287
8.550748 404.388702
8.556553 404.375427
8.562358 404.515930
8.568163 405.125031
8.573968 1129.139404
8.579773 1132.698730
8.585578 1130.664062
8.591383 838.546570
8.597188 833.180908
8.602993 828.586365
8.608798 824.303833
8.614603 1647.071411
8.620408 380.164825
8.626213 377.063507
8.632018 374.872070
8.637823 374.165527
8.643628 374.836182
8.649433 755.642273
8.655238 387.740448
8.661043 841.828674
8.666848 838.080994
8.672653 838.677124
8.678458 839.078491
8.684263 833.449524
8.690068 821.384033
8.695873 814.718018
8.701678 406.933533
8.707483 406.983704
8.713288 147.758743
8.719093 174.370239
8.724898 165.276260
8.730703 779.045654
8.736508 387.959900
8.742313 385.552368
8.748117 772.065002
8.753922 771.858032
8.759727 770.428345
8.765532 767.396912
8.771338 764.008484
8.777143 760.665527
8.782948 757.753906
8.788753 755.529480
8.794558 754.651184
8.800363 755.213135
8.806168 756.529907
8.811973 757.174744
8.817778 756.247437
8.823583 250.077271
8.829388 754.564758
8.835193 754.950439
8.840998 754.396057
8.846803 752.499023
8.852608 749.908508
8.858413 747.923401
8.864218 744.985535
8.870023 738.694275
8.875828 731.043457
8.881633 724.673279
8.887438 724.278870
8.893243 181.435593
8.899048 146.657654
8.904853 146.266663
8.910658 145.843033
8.916463 145.670532
8.922268 121.370865
8.928073 82.544228
8.933878 80.563858
8.939683 80.393661
8.945488 146.284851
8.951293 66.366676
8.957097 66.215370
8.962902 65.999947
8.968707 195.781219
8.974512 194.720383
8.980317 193.702469
8.986122 383.627991
8.991927 379.837341
8.997732 375.331909
