0.000000 524.074158
0.005805 522.141785
0.011610 260.786926
0.017415 260.262146
0.023220 259.819397
0.029025 259.432861
0.034830 259.006317
0.040635 129.771774
0.046440 129.665817
0.052245 129.532822
0.058050 129.279495
0.063855 128.833710
0.069660 128.277725
0.075465 127.839081
0.081270 252.575455
0.087075 252.731140
0.092880 127.362694
0.098685 127.385750
0.104490 254.282257
0.110295 255.509216
0.116100 256.262726
0.121905 267.149689
0.127710 268.029907
0.133515 268.907501
0.139320 269.867889
0.145125 270.580505
0.150930 453.231506
0.156735 3179.685791
0.162540 3112.494141
0.168345 3109.359375
0.174150 186.474136
0.179955 169.025345
0.185760 169.428650
0.191565 169.543228
0.197370 169.496597
0.203175 88.094452
0.208980 264.252106
0.214785 264.178558
0.220590 263.748199
0.226395 259.870209
0.232200 259.365875
0.238005 259.037903
0.243810 258.718048
0.249615 258.243744
0.255419 257.689941
0.261224 257.166779
0.267029 256.920837
0.272834 256.970245
0.278639 257.283417
0.284444 257.883698
0.290249 259.021210
0.296054 260.473724
0.301859 261.864716
0.307664 263.221100
0.313469 264.608185
0.319274 265.926392
0.325079 267.161041
0.330884 268.882202
0.336689 270.681610
0.342494 271.787628
0.348299 272.246307
0.354104 272.122894
0.359909 271.026031
0.365714 267.931427
0.371519 265.203217
0.377324 260.900665
0.383129 259.685455
0.388934 258.854675
0.394739 257.772308
0.400544 256.760956
0.406349 256.345032
0.412154 256.460907
0.417959 256.966644
0.423764 257.774994
0.429569 258.640106
0.435374 259.584564
0.441179 260.593781
0.446984 261.617004
0.452789 262.781891
0.458594 263.635895
0.464399 264.192322
0.470204 264.894470
0.476009 265.665985
0.481814 266.078674
0.487619 265.981384
0.493424 265.440735
0.499229 264.517395
0.505034 263.657013
0.510839 262.483307
0.516644 261.321594
0.522449 260.539154
0.528254 259.807648
0.534059 259.522186
0.539864 259.569702
0.545669 259.810303
0.551474 260.156555
0.557279 260.495819
0.563084 260.798798
0.568889 261.235596
0.574694 261.952759
0.580499 262.468475
0.586304 262.960175
0.592109 263.993927
0.597914 265.345276
0.603719 266.760071
0.609524 268.850922
0.615329 270.635468
0.621134 271.930267
0.626939 273.195526
0.632744 274.367523
0.638549 275.460327
0.644354 276.374939
0.650159 277.525757
0.655964 278.677246
0.661769 279.249939
0.667574 279.750519
0.673379 280.384766
0.679184 280.947296
0.684989 281.801392
0.690794 283.498840
0.696599 285.670135
0.702404 287.901276
0.708209 289.604553
0.714014 290.642120
0.719819 291.478699
0.725624 291.919250
0.731429 292.041473
0.737234 291.935242
0.743039 291.742493
0.748844 291.530396
0.754649 291.193115
0.760454 290.640167
0.766258 290.068298
0.772063 289.517731
0.777869 289.050598
0.783673 288.706879
0.789478 288.309998
0.795283 143.995712
0.801088 143.844498
0.806893 143.816956
0.812698 95.955566
0.818503 71.978844
0.824308 71.881081
0.830113 71.801170
0.835918 71.806320
0.841723 64.914246
0.847528 64.658791
0.853333 64.688881
0.859138 73.792732
0.864943 86.100243
0.870748 86.141136
0.876553 86.788361
0.882358 65.453224
0.888163 66.642586
0.893968 66.895866
0.899773 67.212708
0.905578 67.601677
0.911383 69.860054
0.917188 2552.044678
0.922993 2433.834717
0.928798 2365.827393
0.934603 2356.457031
0.940408 67.980949
0.946213 69.966179
0.952018 69.880890
0.957823 71.811050
0.963628 283.757599
0.969433 70.891136
0.975238 70.916191
0.981043 71.304016
0.986848 72.218811
0.992653 72.558609
0.998458 72.634697
1.004263 72.743401
1.010068 290.920593
1.015873 290.952698
1.021678 291.016876
1.027483 291.036713
1.033288 290.767151
1.039093 290.512085
1.044898 290.714264
1.050703 291.181122
1.056508 291.362701
1.062313 291.066986
1.068118 290.868530
1.073923 290.827942
1.079728 290.870087
1.085533 290.783691
1.091338 290.527710
1.097143 290.232574
1.102948 290.044189
1.108753 290.048126
1.114558 290.113007
1.120363 289.810699
1.126168 289.029846
1.131973 288.472046
1.137778 288.039398
1.143583 287.418823
1.149388 286.366608
1.155193 283.154053
1.160998 281.782654
1.166803 280.990723
1.172608 274.600067
1.178413 274.118866
1.184218 272.281860
1.190023 270.270874
1.195828 265.926636
1.201633 264.773712
1.207438 264.702209
1.213243 264.916931
1.219048 265.146942
1.224853 265.177063
1.230658 260.503021
1.236463 261.495728
1.242268 262.460083
1.248073 262.468262
1.253878 262.931396
1.259683 263.231873
1.265488 263.513458
1.271293 263.794556
1.277097 263.996307
1.282902 264.071808
1.288707 264.151611
1.294513 264.374481
1.300317 264.037567
1.306122 262.234467
1.311927 262.152100
1.317732 261.371368
1.323537 259.672943
1.329342 259.235596
1.335147 258.954559
1.340952 258.615234
1.346757 258.344360
1.352562 258.031799
1.358367 257.644135
1.364172 257.414520
1.369977 257.468384
1.375782 257.419006
1.381587 261.931549
1.387392 256.541443
1.393197 256.283508
1.399002 255.973694
1.404807 255.671280
1.410612 255.874557
1.416417 256.497986
1.422222 257.226410
1.428027 257.799805
1.433832 258.364716
1.439637 259.328003
1.445442 259.888824
1.451247 266.769714
1.457052 266.989838
1.462857 528.945740
1.468662 530.187378
1.474467 356.774414
1.480272 0.000000
1.486077 216.929199
1.491882 228.411819
1.497687 229.269073
1.503492 229.920898
1.509297 771.255432
1.515102 779.460083
1.520907 789.824524
1.526712 796.932983
1.532517 798.746399
1.538322 799.532166
1.544127 259.438995
1.549932 263.259491
1.555737 267.553223
1.561542 274.062653
1.567347 278.298706
1.573152 282.313446
1.578957 286.413177
1.584762 289.152130
1.590567 291.598236
1.596372 294.652771
1.602177 297.383667
1.607982 299.399658
1.613787 301.021698
1.619592 301.914062
1.625397 301.999298
1.631202 301.358673
1.637007 300.439819
1.642812 300.042694
1.648617 73.033257
1.654422 65.782280
1.660227 65.995544
1.666032 72.140160
1.671837 72.158096
1.677642 64.489784
1.683447 64.541321
1.689252 65.740540
1.695057 65.697052
1.700862 65.202721
1.706667 65.062881
1.712472 75.995064
1.718277 76.012474
1.724082 90.445923
1.729887 64.767563
1.735692 64.769531
1.741497 64.707756
1.747302 64.567940
1.753107 210.392166
1.758912 210.126694
1.764717 210.206863
1.770522 92.595436
1.776327 92.512375
1.782132 193.598190
1.787936 180.584442
1.793741 175.481796
1.799546 166.087509
1.805351 129.108261
1.811157 110.894035
1.816961 88.374298
1.822766 84.937683
1.828571 86.147629
1.834376 105.440361
1.840181 324.457001
1.845986 326.681702
1.851791 330.421173
1.857596 331.781525
1.863401 330.496674
1.869206 311.523926
1.875011 311.231720
1.880816 311.047852
1.886621 310.803925
1.892426 310.630341
1.898231 310.611481
1.904036 310.771454
1.909841 310.992828
1.915646 311.016357
1.921451 310.700867
1.927256 310.254089
1.933061 310.005096
1.938866 310.128113
1.944671 310.448547
1.950476 310.693146
1.956281 310.652679
1.962086 309.614014
1.967891 307.772217
1.973696 307.222534
1.979501 305.207733
1.985306 303.937805
1.991111 303.646942
1.996916 304.042511
2.002721 306.287659
2.008526 309.417389
2.014331 311.006683
2.020136 312.107117
2.025941 312.506714
2.031746 4832.898926
2.037551 54.684010
2.043356 51.634274
2.049161 56.388618
2.054966 65.516869
2.060771 51.048134
2.066576 51.220089
2.072381 65.926292
2.078186 56.128506
2.083991 52.064835
2.089796 51.520485
2.095601 66.920403
2.101406 67.107033
2.107211 1564.634888
2.113016 1569.448730
2.118821 1576.738525
2.124626 1470.337280
2.130431 1481.670776
2.136236 308.378754
2.142041 307.328735
2.147846 297.285156
2.153651 295.360046
2.159456 295.701080
2.165261 296.718628
2.171066 297.341217
2.176871 297.601898
2.182676 297.975555
2.188481 298.635254
2.194286 299.191071
2.200091 299.203400
2.205896 298.927979
2.211701 298.781494
2.217506 298.787933
2.223311 298.814240
2.229116 298.767761
2.234921 298.660522
2.240726 298.589233
2.246531 298.672882
2.252336 298.965118
2.258141 299.410828
2.263946 299.946625
2.269751 300.663788
2.275556 301.625549
2.281361 302.612366
2.287166 303.558533
2.292970 304.275177
2.298775 304.707489
2.304580 304.774109
2.310385 304.487915
2.316190 303.942230
2.321995 303.256866
2.327801 302.307343
2.333606 300.311493
2.339411 295.071198
2.345215 294.655273
2.351020 298.506897
2.356825 299.664948
2.362630 300.012573
2.368435 150.915802
2.374240 150.885559
2.380045 292.204041
2.385850 292.417938
2.391655 292.734711
2.397460 292.916595
2.403265 292.710938
2.409070 292.266876
2.414875 292.112610
2.420680 151.251190
2.426485 150.956421
2.432290 150.964981
2.438095 151.067856
2.443900 150.344498
2.449705 243.016830
2.455510 189.955490
2.461315 177.988876
2.467120 171.238235
2.472925 134.529663
2.478730 113.902527
2.484535 96.802513
2.490340 96.821587
2.496145 581.839844
2.501950 581.221436
2.507755 580.294067
2.513560 579.521423
2.519365 579.424316
2.525170 288.389648
2.530975 288.696411
2.536780 289.006775
2.542585 289.413116
2.548390 289.959900
2.554195 290.513580
2.560000 290.822906
2.565805 290.915375
2.571610 291.033020
2.577415 291.263214
2.583220 291.355164
2.589025 291.110535
2.594830 290.678711
2.600635 290.579285
2.606440 290.862701
2.612245 291.280396
2.618050 291.490234
2.623855 291.458862
2.629660 291.199219
2.635465 290.414459
2.641270 289.354401
2.647075 288.176636
2.652880 287.063538
2.658685 286.189575
2.664490 285.984344
2.670295 286.917816
2.676100 288.406281
2.681905 289.350555
2.687710 288.723328
2.693515 288.177185
2.699320 289.067780
2.705125 289.933075
2.710930 289.671967
2.716735 194.368362
2.722540 193.293274
2.728345 192.671158
2.734150 193.074417
2.739955 96.227928
2.745760 96.017570
2.751565 191.636612
2.757370 191.155045
2.763175 191.660904
2.768980 777.360413
2.774785 259.578369
2.780590 729.240662
2.786395 731.299316
2.792200 572.198547
2.798005 526.152100
2.803810 527.615051
2.809614 356.761780
2.815419 452.530121
2.821224 0.000000
2.827029 3312.057617
2.832834 3405.485840
2.838639 3569.564453
2.844445 3729.951172
2.850250 89.841423
2.856054 145.039246
2.861859 135.528336
2.867664 135.409470
2.873469 267.805420
2.879274 265.841614
2.885079 265.046722
2.890884 264.574982
2.896689 264.525391
2.902494 265.111359
2.908299 266.029999
2.914104 267.805389
2.919909 271.442230
2.925714 273.761200
2.931519 276.074921
2.937324 278.735443
2.943129 280.740417
2.948934 282.525940
2.954739 283.950867
2.960544 284.881439
2.966349 285.703186
2.972154 286.261688
2.977959 286.468140
2.983764 286.471985
2.989569 286.551361
2.995374 286.804810
3.001179 143.557846
3.006984 287.194244
3.012789 287.183929
3.018594 287.259003
3.024399 287.409424
3.030204 287.480591
3.036009 287.520874
3.041814 287.611420
3.047619 287.713715
3.053424 287.724335
3.059229 287.642303
3.065034 287.514069
3.070839 287.296173
3.076644 286.957794
3.082449 286.567169
3.088254 286.213440
3.094059 285.891022
3.099864 285.669006
3.105669 285.602539
3.111474 285.568146
3.117279 285.394348
3.123084 285.129944
3.128889 284.933136
3.134694 284.873474
3.140499 284.962189
3.146304 285.104645
3.152109 285.140259
3.157914 284.905945
3.163719 284.518402
3.169524 284.269897
3.175329 284.213806
3.181134 284.287537
3.186939 284.431610
3.192744 284.571411
3.198549 284.666351
3.204354 284.725189
3.210159 284.734344
3.215964 284.668762
3.221769 284.670471
3.227574 284.897614
3.233379 285.525513
3.239184 286.479279
3.244989 287.810425
3.250794 289.095032
3.256599 290.292389
3.262404 291.511810
3.268209 292.404968
3.274014 293.403931
3.279819 294.554016
3.285624 191.239426
3.291429 178.484680
3.297234 176.829208
3.303039 128.885925
3.308844 121.856789
3.314649 107.772774
3.320453 92.003830
3.326258 81.834801
3.332063 78.517494
3.337868 70.630112
3.343673 68.967751
3.349478 5659.807617
3.355283 5662.153809
3.361089 5764.384277
3.366894 5908.914062
3.372698 5915.046875
3.378503 11544.108398
3.384308 11442.260742
3.390113 5660.135254
3.395918 11209.819336
3.401723 11200.256836
3.407528 11178.541016
3.413333 5574.920410
3.419138 5623.771484
3.424943 5668.512207
3.430748 5660.960449
3.436553 5647.954102
3.442358 5693.112793
3.448163 5883.672363
3.453968 6009.051270
3.459773 189.093994
3.465578 170.737762
3.471383 134.882904
3.477188 126.367172
3.482993 108.795258
3.488798 96.249535
3.494603 85.116142
3.500408 77.601097
3.506213 70.225349
3.512018 64.464508
3.517823 64.383530
3.523628 62.501225
3.529433 390.532562
3.535238 379.983032
3.541043 379.704529
3.546848 380.738373
3.552653 382.472260
3.558458 386.269989
3.564263 377.458710
3.570068 376.410217
3.575873 362.939331
3.581678 363.412262
3.587483 359.700165
3.593288 383.324188
3.599093 383.421844
3.604898 191.777557
3.610703 191.920410
3.616508 194.014847
3.622313 193.661957
3.628118 191.720673
3.633923 190.647293
3.639728 189.830963
3.645533 189.882675
3.651338 192.049789
3.657143 193.077576
3.662948 193.552917
3.668753 193.890305
3.674558 194.043427
3.680363 194.093567
3.686168 193.849564
3.691973 192.675049
3.697778 193.929977
3.703583 193.959427
3.709388 191.880615
3.715193 192.039825
3.720998 192.405777
3.726803 192.812073
3.732608 193.080429
3.738413 193.097504
3.744218 193.033508
3.750023 192.963852
3.755828 193.137543
3.761633 193.991287
3.767438 193.995605
3.773243 193.977264
3.779048 193.931320
3.784853 193.924591
3.790658 194.067505
3.796463 194.072327
3.802268 193.938416
3.808073 193.663208
3.813878 193.568130
3.819683 389.454193
3.825488 390.302338
3.831293 390.990723
3.837097 390.968262
3.842902 388.960144
3.848707 387.759857
3.854512 387.580444
3.860317 387.410675
3.866122 387.112183
3.871927 386.810699
3.877733 386.617126
3.883538 386.683411
3.889342 387.197876
3.895147 387.622009
3.900952 387.391022
3.906757 387.168945
3.912562 387.514496
3.918367 388.201263
3.924172 388.793152
3.929977 389.023834
3.935782 388.554230
3.941587 387.706970
3.947392 387.370392
3.953197 387.361450
3.959002 387.379669
3.964807 387.274017
3.970612 387.177948
3.976417 387.175262
3.982222 387.413300
3.988027 387.873138
3.993832 387.164581
3.999637 385.460083
4.005442 385.049316
4.011247 192.789490
4.017052 192.951508
4.022857 391.357178
4.028662 389.675995
4.034467 388.082062
4.040272 387.166962
4.046077 387.136871
4.051882 412.546906
4.057687 195.463577
4.063492 190.555222
4.069297 10833.509766
4.075102 10952.324219
4.080907 10884.403320
4.086712 10764.452148
4.092517 10599.851562
4.098322 5822.457520
4.104127 5942.164062
4.109932 6044.764160
4.115737 0.000000
4.121542 0.000000
4.127347 0.000000
4.133152 268.007172
4.138957 268.359161
4.144762 268.793915
4.150567 269.392090
4.156372 0.000000
4.162177 3259.566406
4.167982 3209.971436
4.173787 3247.141113
4.179592 3345.700684
4.185397 168.929352
4.191202 169.192245
4.197007 336.532593
4.202812 265.821045
4.208617 264.614960
4.214422 263.591614
4.220227 262.665344
4.226032 262.255829
4.231837 262.490021
4.237642 263.467468
4.243447 265.061829
4.249252 266.761505
4.255057 268.699890
4.260862 270.226959
4.266667 271.163513
4.272471 272.032166
4.278276 273.082153
4.284081 274.458344
4.289886 275.909454
4.295691 277.268768
4.301497 278.826813
4.307302 280.712158
4.313107 282.262817
4.318912 283.466309
4.324717 284.726776
4.330522 286.034149
4.336327 286.978699
4.342132 287.512848
4.347937 287.662567
4.353742 287.605194
4.359547 287.416412
4.365352 287.197540
4.371157 287.049652
4.376961 286.884796
4.382766 286.532257
4.388571 285.963104
4.394376 285.376770
4.400181 285.165222
4.405986 285.315918
4.411791 285.583252
4.417596 285.822113
4.423401 286.041748
4.429206 286.176178
4.435011 286.187927
4.440816 286.040100
4.446621 285.589722
4.452426 284.720520
4.458231 282.484070
4.464036 173.063812
4.469841 135.564453
4.475646 131.971725
4.481451 114.563751
4.487256 92.474762
4.493061 92.446320
4.498866 93.996391
4.504671 286.603546
4.510476 288.449890
4.516281 289.418396
4.522086 289.777832
4.527891 289.739441
4.533696 289.439819
4.539501 288.831146
4.545306 287.873749
4.551111 286.741852
4.556916 285.889648
4.562721 285.219696
4.568526 284.985504
4.574331 285.100861
4.580136 285.287933
4.585941 285.381165
4.591746 285.441406
4.597551 285.595551
4.603356 285.888947
4.609161 286.238007
4.614966 286.513947
4.620771 286.633209
4.626576 286.625610
4.632381 286.637909
4.638186 286.747070
4.643991 286.872559
4.649796 286.985443
4.655601 287.189209
4.661406 287.448273
4.667211 287.545624
4.673016 287.426086
4.678821 287.087006
4.684626 286.561218
4.690431 285.942169
4.696236 285.543365
4.702041 286.098450
4.707846 286.831116
4.713651 286.907410
4.719456 61.832901
4.725261 78.785309
4.731066 78.647873
4.736871 78.576180
4.742676 286.598816
4.748481 286.239532
4.754286 143.113174
4.760091 143.267044
4.765896 143.334778
4.771701 143.146820
4.777506 142.813889
4.783311 142.713577
4.789115 140.516769
4.794920 142.585571
4.800725 281.678955
4.806530 281.910400
4.812335 282.422333
4.818141 283.821228
4.823946 287.990906
4.829751 287.796844
4.835556 287.266418
4.841361 286.620178
4.847166 285.802063
4.852971 285.669922
4.858776 286.718872
4.864581 287.638916
4.870386 287.713135
4.876191 286.814911
4.881996 285.433777
4.887800 284.627930
4.893605 284.238953
4.899410 283.933716
4.905215 283.741028
4.911020 283.763214
4.916825 283.973633
4.922630 284.338898
4.928435 284.912018
4.934240 285.763580
4.940045 286.764618
4.945850 287.754059
4.951655 288.533508
4.957460 289.109100
4.963265 289.355225
4.969070 289.160645
4.974875 288.666473
4.980680 288.208893
4.986485 287.871704
4.992290 287.186798
4.998095 286.434692
5.003900 286.024902
5.009705 142.820480
5.015510 143.156601
5.021315 287.071167
5.027120 143.772095
5.032925 143.237564
5.038730 177.494324
5.044535 5600.971191
5.050340 5675.956543
5.056145 5851.755371
5.061950 5938.436523
5.067755 10199.595703
5.073560 10424.567383
5.079365 10691.863281
5.085170 10960.448242
5.090975 11087.340820
5.096780 11021.063477
5.102585 10796.519531
5.108390 10541.120117
5.114195 10471.690430
5.120000 10700.786133
5.125805 11035.542969
5.131610 11227.428711
5.137415 11228.340820
5.143220 11099.434570
5.149025 106.251938
5.154830 94.999573
5.160635 84.005020
5.166440 84.013039
5.172245 85.436417
5.178050 65.181252
5.183855 257.473267
5.189660 256.603516
5.195465 254.935287
5.201270 253.841690
5.207075 253.541443
5.212880 253.516083
5.218685 253.688293
5.224490 254.064758
5.230295 254.578934
5.236100 255.139999
5.241905 255.715866
5.247710 256.353607
5.253515 257.092407
5.259320 257.691376
5.265125 258.014587
5.270930 258.321533
5.276735 258.696808
5.282540 258.928680
5.288345 258.998993
5.294150 258.935638
5.299954 258.745331
5.305759 258.441284
5.311564 258.278015
5.317369 258.489868
5.323174 258.256592
5.328979 257.707031
5.334785 257.013824
5.340590 255.976761
5.346395 254.245224
5.352200 14035.060547
5.358005 13812.557617
5.363810 13598.139648
5.369615 13435.137695
5.375420 13334.453125
5.381225 13245.069336
5.387030 13105.089844
5.392835 12872.334961
5.398640 12590.728516
5.404444 12426.467773
5.410249 12408.638672
5.416054 12441.604492
5.421859 12416.026367
5.427664 12019.069336
5.433469 6255.958008
5.439274 11389.130859
5.445079 11371.595703
5.450884 0.000000
5.456689 1717.663452
5.462494 1705.724731
5.468299 1693.534790
5.474104 1689.768799
5.479909 269.454315
5.485714 269.841003
5.491519 270.509644
5.497324 271.962067
5.503129 272.507538
5.508934 262.050598
5.514739 261.978363
5.520544 261.940216
5.526349 261.839905
5.532154 261.312439
5.537959 260.258301
5.543764 258.981293
5.549569 258.043610
5.555374 257.658417
5.561179 257.545227
5.566984 257.436737
5.572789 257.206848
5.578594 256.857544
5.584399 256.571808
5.590204 256.552765
5.596009 256.819427
5.601814 257.364166
5.607619 258.079773
5.613424 258.804718
5.619229 259.302155
5.625034 259.577881
5.630839 259.697388
5.636644 259.706421
5.642449 259.686432
5.648254 259.705536
5.654059 259.715271
5.659864 259.640503
5.665669 259.574799
5.671474 259.662994
5.677279 259.863495
5.683084 260.011261
5.688889 259.978607
5.694694 259.746307
5.700499 259.316254
5.706304 258.626099
5.712109 257.841278
5.717914 257.295898
5.723719 256.975677
5.729524 256.729553
5.735329 256.429443
5.741134 255.965454
5.746939 255.193588
5.752744 254.274033
5.758549 253.523773
5.764354 253.323990
5.770159 253.770630
5.775964 254.763840
5.781769 255.911240
5.787574 257.140076
5.793379 258.299622
5.799184 259.255585
5.804989 259.954254
5.810794 260.464050
5.816598 260.705139
5.822403 260.799347
5.828208 260.808533
5.834013 260.755493
5.839818 260.661072
5.845623 260.475647
5.851429 260.217865
5.857234 260.062500
5.863039 259.996094
5.868844 259.818451
5.874649 259.493164
5.880454 259.160400
5.886259 258.894623
5.892064 258.641571
5.897869 258.311005
5.903674 257.914978
5.909479 257.544189
5.915284 257.300964
5.921088 257.068329
5.926893 256.607574
5.932698 255.731689
5.938503 254.385330
5.944308 252.800446
5.950113 251.372604
5.955918 250.029572
5.961723 248.677521
5.967528 124.104675
5.973333 123.738953
5.979138 122.513977
5.984943 95.863266
5.990748 95.173859
5.996553 78.921280
6.002358 78.860680
6.008163 509.495941
6.013968 507.329803
6.019773 491.043610
6.025578 486.830353
6.031383 229.260864
6.037188 228.537415
6.042993 228.042435
6.048798 227.841980
6.054603 228.027161
6.060408 228.402023
6.066213 228.577484
6.072018 228.385529
6.077823 228.007202
6.083628 228.112656
6.089433 228.611237
6.095238 229.649933
6.101043 231.590546
6.106848 232.666199
6.112653 236.016495
6.118458 237.037872
6.124263 236.700699
6.130068 185.170502
6.135873 173.714584
6.141678 134.024475
6.147483 129.785736
6.153288 106.301987
6.159093 82.468292
6.164898 75.509430
6.170703 74.022209
6.176508 66.487503
6.182313 66.467354
6.188118 63.484318
6.193923 69.793449
6.199728 269.250061
6.205533 268.870758
6.211338 269.158447
6.217143 271.613495
6.222948 272.848511
6.228753 274.134644
6.234558 275.387878
6.240363 276.248352
6.246168 277.066498
6.251973 280.568848
6.257778 283.786285
6.263583 284.656128
6.269388 285.589539
6.275193 286.668396
6.280998 287.619324
6.286803 287.884155
6.292608 287.733124
6.298413 287.903564
6.304218 288.764496
6.310023 289.452850
6.315828 289.591644
6.321633 289.443573
6.327438 289.130768
6.333242 288.515503
6.339047 287.518555
6.344852 286.363678
6.350657 285.878204
6.356462 286.042480
6.362267 286.492371
6.368073 286.710663
6.373878 286.632904
6.379683 286.436249
6.385488 286.300079
6.391293 286.319519
6.397098 286.512207
6.402903 286.840759
6.408708 287.349854
6.414513 288.070770
6.420318 288.531067
6.426123 288.275085
6.431927 287.574554
6.437732 286.538696
6.443537 285.659393
6.449342 285.160156
6.455147 284.996552
6.460952 284.838470
6.466757 284.521240
6.472562 284.032532
6.478367 283.066742
6.484172 282.319031
6.489977 70.767845
6.495782 68.260246
6.501587 67.589188
6.507392 66.805885
6.513197 66.082924
6.519002 74.245125
6.524807 259.931610
6.530612 258.429352
6.536417 257.877899
6.542222 163.249680
6.548027 164.418610
6.553832 164.721298
6.559637 64.426689
6.565442 64.290924
6.571247 64.633194
6.577052 84.049698
6.582857 83.990692
6.588662 83.863579
6.594467 343.966949
6.600272 171.111420
6.606077 171.149017
6.611882 171.002686
6.617687 173.443359
6.623492 175.801392
6.629297 167.743362
6.635102 167.769806
6.640907 169.609039
6.646712 169.556000
6.652517 169.563812
6.658322 179.588379
6.664127 176.854553
6.669932 174.280914
6.675737 174.122223
6.681542 174.120865
6.687347 174.479553
6.693152 174.843018
6.698957 174.969177
6.704762 174.999374
6.710567 259.591492
6.716372 259.568420
6.722177 259.831085
6.727982 260.299408
6.733787 260.437164
6.739592 260.284760
6.745397 260.138397
6.751202 260.191010
6.757007 260.342834
6.762812 260.323456
6.768617 259.475250
6.774422 255.711212
6.780227 255.362900
6.786032 256.788605
6.791837 394.315887
6.797642 827.843506
6.803447 529.253723
6.809252 532.739746
6.815057 269.389557
6.820862 289.701874
6.826667 290.239136
6.832472 3161.399170
6.838277 3213.519287
6.844081 176.911911
6.849886 176.734329
6.855691 238.809158
6.861496 239.416855
6.867301 249.613922
6.873106 250.414673
6.878911 253.439636
6.884717 261.268524
6.890522 271.566711
6.896327 273.515869
6.902132 276.556549
6.907937 280.933289
6.913742 284.888489
6.919547 287.665131
6.925352 289.964539
6.931157 291.781006
6.936962 293.214478
6.942767 294.575165
6.948571 295.874420
6.954376 296.816498
6.960181 297.359863
6.965986 297.540588
6.971791 297.484955
6.977596 297.290253
6.983401 297.013794
6.989206 296.730164
6.995011 296.490570
7.000816 296.307312
7.006621 296.282501
7.012426 296.510406
7.018231 296.940491
7.024036 297.483215
7.029841 297.979187
7.035646 298.306396
7.041451 298.596771
7.047256 299.196106
7.053061 300.133820
7.058866 301.138336
7.064671 301.870911
7.070476 302.244537
7.076281 302.242218
7.082086 301.967468
7.087891 301.616913
7.093696 301.280548
7.099501 300.379700
7.105306 297.272491
7.111111 296.165894
7.116916 296.372101
7.122721 249.430740
7.128526 185.901337
7.134331 170.196854
7.140136 134.886688
7.145941 133.388168
7.151746 108.620132
7.157551 87.969452
7.163356 86.495956
7.169161 87.742783
7.174966 101.804527
7.180771 304.958557
7.186576 304.256226
7.192381 303.679901
7.198186 303.099304
7.203991 302.868835
7.209796 302.951416
7.215601 303.316498
7.221406 303.847961
7.227211 304.394470
7.233016 304.805420
7.238821 305.069855
7.244626 305.295959
7.250431 305.454742
7.256236 305.477081
7.262041 305.525757
7.267846 305.854340
7.273651 306.608307
7.279456 307.821014
7.285261 308.940765
7.291066 305.856293
7.296871 304.280060
7.302676 10716.430664
7.308481 10631.711914
7.314286 10458.752930
7.320091 10233.434570
7.325896 10037.120117
7.331701 9973.355469
7.337506 10034.842773
7.343311 10165.547852
7.349116 10260.441406
7.354921 5254.678711
7.360725 10052.953125
7.366530 1571.031006
7.372335 1569.810181
7.378140 4075.467529
7.383945 51.195904
7.389750 56.994564
7.395555 57.009216
7.401361 51.378815
7.407166 51.368755
7.412971 59.482681
7.418776 55.251072
7.424581 51.277966
7.430386 0.000000
7.436191 74.249077
7.441996 77.901047
7.447801 0.000000
7.453606 0.000000
7.459411 147.048355
7.465215 290.815247
7.471020 290.360016
7.476825 289.367859
7.482630 297.924316
7.488435 299.414886
7.494240 300.966370
7.500045 302.290955
7.505850 301.651062
7.511655 299.063629
7.517460 297.853912
7.523265 297.984497
7.529070 298.519379
7.534875 299.131256
7.540680 299.697235
7.546485 300.230988
7.552290 300.790100
7.558095 301.302979
7.563900 301.645874
7.569705 301.786407
7.575510 301.715424
7.581315 301.503479
7.587120 301.330200
7.592925 301.347260
7.598730 301.543762
7.604535 301.919922
7.610340 302.594849
7.616145 303.759613
7.621950 305.224915
7.627755 305.420319
7.633560 5417.643066
7.639365 5431.058594
7.645170 5503.914062
7.650975 5644.966309
7.656780 5837.000000
7.662585 5941.792969
7.668390 5861.673828
7.674195 5789.512207
7.680000 5749.500488
7.685805 5709.036621
7.691610 5674.163574
7.697415 5656.083496
7.703220 5613.471680
7.709025 5538.685059
7.714830 5515.346680
7.720635 5558.968262
7.726440 5646.103516
7.732245 5730.479980
7.738050 285.477966
7.743855 286.030212
7.749660 287.310486
7.755465 288.811157
7.761270 288.704712
7.767075 288.094788
7.772880 287.342529
7.778685 286.563995
7.784490 285.795959
7.790295 200.389389
7.796100 183.656570
7.801905 177.699982
7.807710 137.394470
7.813515 121.292862
7.819320 119.155060
7.825125 99.392204
7.830930 624.041382
7.836735 625.701721
7.842540 293.138794
7.848345 292.999725
7.854150 292.421021
7.859955 291.779755
7.865760 291.341278
7.871564 291.122437
7.877369 290.995392
7.883174 290.842560
7.888979 290.690216
7.894784 290.623657
7.900589 290.788727
7.906394 291.165314
7.912199 291.531219
7.918005 291.838654
7.923810 292.099030
7.929615 292.147156
7.935420 291.812042
7.941225 291.089966
7.947030 290.019928
7.952835 288.804565
7.958640 287.913269
7.964445 287.496796
7.970250 288.587830
7.976054 290.097473
7.981859 8921.032227
7.987664 9251.516602
7.993469 9516.069336
7.999274 10053.339844
8.005079 10709.106445
8.010884 11176.881836
8.016689 11343.970703
8.022494 11269.005859
8.028299 6150.874512
8.034104 6010.419922
8.039909 5868.292480
8.045714 5886.929688
8.051519 5995.885742
8.057324 11994.372070
8.063129 12094.906250
8.068934 146.915329
8.074739 146.926865
8.080544 297.050171
8.086349 292.239624
8.092155 115.085419
8.097960 13741.587891
8.103765 14118.205078
8.109570 14197.292969
8.115375 246.530472
8.121180 0.000000
8.126985 393.198975
8.132789 0.000000
8.138594 1662.958862
8.144399 1657.388306
8.150204 1120.711182
8.156009 3577.632812
8.161814 3483.436035
8.167619 200.618973
8.173424 200.664124
8.179229 3256.710938
8.185034 3310.874756
8.190839 3356.841064
8.196644 3368.187012
8.202449 125.194801
8.208254 260.882965
8.214059 3598.777832
8.219864 242.152405
8.225669 242.771164
8.231474 243.369720
8.237279 243.348816
8.243084 261.350555
8.248889 263.175598
8.254694 264.694855
8.260499 265.252991
8.266304 264.804016
8.272109 263.497467
8.277914 261.850250
8.283719 283.055054
8.289524 283.365875
8.295329 283.639801
8.301134 283.276764
8.306939 283.224518
8.312744 283.622284
8.318549 284.458221
8.324354 285.049133
8.330159 285.054779
8.335963 285.051025
8.341768 285.292389
8.347573 285.629456
8.353378 285.804321
8.359183 285.792694
8.364988 285.745758
8.370793 285.783569
8.376598 285.896881
8.382403 286.016876
8.388208 286.119629
8.394013 286.231903
8.399818 286.382019
8.405623 286.505920
8.411428 286.504242
8.417233 286.370972
8.423038 286.149963
8.428843 285.825897
8.434649 285.446320
8.440454 285.204407
8.446259 285.092102
8.452064 284.898071
8.457869 284.383270
8.463674 283.497040
8.469479 282.688446
8.475284 282.077484
8.481089 281.494476
8.486894 280.831665
8.492699 279.672272
8.498504 293.238800
8.504309 268.417206
8.510114 266.470215
8.515919 264.017242
8.521724 262.157043
8.527529 261.313660
8.533334 261.178467
8.539139 261.527985
8.544943 262.164154
8.550748 262.685730
8.556553 262.926544
8.562358 262.733215
8.568163 262.103424
8.573968 260.965698
8.579773 258.938782
8.585578 254.778412
8.591383 251.870575
8.597188 248.780594
8.602993 245.331360
8.608798 241.345428
8.614603 238.919632
8.620408 237.614517
8.626213 236.219604
8.632018 234.333191
8.637823 232.322388
8.643628 230.939255
8.649433 228.756897
8.655238 227.438263
8.661043 225.978592
8.666848 225.087280
8.672653 224.732803
8.678458 224.606445
8.684263 224.787781
8.690068 225.197296
8.695873 225.775253
8.701678 226.365936
8.707483 226.985977
8.713288 227.447647
8.719093 227.682007
8.724898 227.511795
8.730703 227.024719
8.736508 226.416656
8.742313 225.829727
8.748117 225.302322
8.753922 112.533028
8.759727 112.396057
8.765532 112.345322
8.771338 112.418442
8.777143 224.838013
8.782948 225.193359
8.788753 225.802078
8.794558 179.159302
8.800363 167.171722
8.806168 139.640228
8.811973 131.996292
8.817778 110.270630
8.823583 98.799149
8.829388 85.026787
8.835193 77.098915
8.840998 77.149117
8.846803 65.012199
8.852608 71.432724
8.858413 71.425041
8.864218 370.284546
8.870023 370.159332
8.875828 369.201263
8.881633 255.579269
8.887438 111.389046
8.893243 111.403831
8.899048 361.902954
8.904853 361.006165
8.910658 361.455872
8.916463 364.660858
8.922268 369.664734
8.928073 115.879501
8.933878 116.212280
8.939683 186.946350
8.945488 189.007095
8.951293 256.144623
8.957097 255.768936
8.962902 379.943176
8.968707 192.462784
8.974512 193.009201
8.980317 193.037094
8.986122 193.278030
8.991927 194.448044
8.997732 196.655975
9.003537 196.487747
9.009342 195.924072
9.015147 195.801178
9.020952 195.881943
9.026757 194.453476
9.032562 201.595062
9.038367 194.395813
9.044172 194.266556
9.049977 194.051956
9.055782 194.040863
9.061587 194.268097
9.067392 194.511597
9.073197 129.127640
9.079002 129.381729
9.084807 129.345459
9.090612 129.207413
9.096417 194.424454
9.102222 193.996674
9.108027 193.691162
9.113832 193.681244
9.119637 193.828766
9.125443 194.038177
9.131248 383.096832
9.137053 382.796936
9.142858 382.898895
9.148663 779.593811
9.154468 262.446808
9.160272 194.181213
9.166077 194.401062
9.171882 394.133484
9.177687 394.064880
9.183492 393.560822
9.189297 391.734375
9.195102 389.309540
9.200907 390.078613
9.206712 392.683014
9.212517 393.237091
9.218322 381.825348
9.224127 382.702576
9.229932 383.447113
9.235737 384.479584
9.241542 385.790436
9.247347 386.465149
9.253152 386.962891
9.258957 386.457794
9.264762 384.813507
9.270567 384.819916
9.276372 384.874146
9.282177 385.525909
9.287982 387.017944
9.293787 388.286377
9.299592 389.695984
9.305397 390.376190
9.311202 390.539032
9.317007 390.345673
9.322812 389.768188
9.328617 389.347534
9.334422 389.172485
9.340227 389.662659
9.346032 390.629761
9.351837 194.417435
9.357642 194.390533
9.363446 194.408768
9.369251 194.400925
9.375056 194.416687
9.380861 194.522827
9.386666 194.498840
9.392471 192.232208
9.398276 192.357132
9.404081 192.111908
9.409886 192.564270
9.415691 10626.953125
9.421496 10649.950195
9.427301 10739.050781
9.433106 10792.954102
9.438911 10683.917969
9.444716 10336.492188
9.450521 6092.735352
9.456326 0.000000
9.462132 571.477112
9.467937 572.410828
9.473742 528.120667
9.479547 147.437012
9.485352 356.739807
9.491157 452.792389
9.496962 0.000000
9.502767 3112.580322
9.508572 3151.539062
9.514377 3211.251953
9.520182 3309.348877
9.525987 169.480835
9.531792 169.664215
9.537597 169.570953
9.543402 82.235329
9.549207 4836.048828
9.555012 4844.128906
9.560817 4821.999512
9.566622 4951.669922
9.572426 0.000000
9.578231 5638.416504
9.584036 43.362999
9.589841 5790.461426
9.595646 5906.117676
9.601451 96.969009
9.607256 43.209106
9.613061 43.143299
9.618866 0.000000
9.624671 96.911186
9.630476 43.066406
9.636281 43.206589
9.642086 0.000000
9.647891 0.000000
9.653696 43.088417
9.659501 43.206436
9.665306 57.679539
9.671111 0.000000
9.676916 43.066406
9.682721 43.267406
9.688526 57.561153
9.694331 0.000000
9.700136 43.241611
9.705941 43.066406
9.711746 63.238392
9.717551 52.836323
9.723356 52.803185
9.729161 52.775375
9.734966 85.356506
9.740771 85.311440
9.746576 137.615921
9.752381 137.570587
9.758186 137.739349
9.763991 138.004120
9.769796 138.437454
9.775600 139.436356
9.781405 141.537354
9.787210 143.177658
9.793015 173.213943
9.798820 177.970642
9.804626 173.165237
9.810431 133.696838
9.816236 129.077911
9.822041 111.559219
9.827846 94.347237
9.833651 84.061668
9.839456 74.209007
9.845261 69.102158
9.851066 71.127190
9.856871 261.308533
9.862676 268.837219
9.868481 272.753265
9.874286 277.363800
9.880091 278.486725
9.885896 279.851166
9.891701 566.978027
9.897506 569.932129
9.903311 303.126587
9.909116 303.807983
9.914921 304.108032
9.920726 53.094139
9.926531 53.086441
9.932336 0.000000
9.938141 53.489128
9.943946 52.781082
9.949751 52.323311
9.955556 0.000000
9.961361 52.261089
9.967166 51.713272
9.972971 0.000000
9.978776 53.647667
9.984580 52.389191
9.990385 52.329144
9.996190 0.000000
10.001995 4220.081543
10.007800 4161.490234
10.013605 324.649811
10.019410 336.415161
10.025215 338.892944
10.031020 340.793365
10.036825 342.481384
10.042630 344.519379
10.048435 346.262909
10.054240 347.099548
10.060045 347.271606
10.065850 346.853546
10.071655 345.278473
10.077460 11508.424805
10.083265 11738.120117
10.089070 12048.607422
10.094875 12327.312500
10.100680 12361.943359
10.106485 12225.060547
10.112290 12116.201172
10.118095 12047.728516
10.123900 12005.473633
10.129705 11930.937500
10.135510 11812.092773
10.141315 11715.603516
10.147120 11679.973633
10.152925 11710.633789
10.158731 11767.765625
10.164536 11761.944336
10.170341 11645.892578
10.176146 11510.549805
10.181951 6116.861328
10.187755 306.906952
10.193560 306.500763
10.199365 305.848877
10.205170 303.533569
10.210975 301.572662
10.216780 301.240143
10.222585 301.748016
10.228390 302.642761
10.234195 303.489868
10.240000 303.877899
10.245805 303.940277
10.251610 303.940430
10.257415 303.966980
10.263220 303.896606
10.269025 303.653473
10.274830 303.306885
10.280635 302.884033
10.286440 302.433197
10.292245 302.028168
10.298050 301.681213
10.303855 301.335419
10.309660 301.026672
10.315465 300.878326
10.321270 301.002289
10.327075 301.362518
10.332880 301.811981
10.338685 302.196991
10.344490 302.409546
10.350295 302.416962
10.356100 302.357269
10.361905 302.479767
10.367710 302.880707
10.373515 303.394226
10.379320 303.822845
10.385125 304.229492
10.390930 304.646454
10.396734 305.025604
10.402539 305.366547
10.408344 305.704987
10.414149 305.986786
10.419954 305.845062
10.425759 305.138092
10.431564 304.374908
10.437369 304.142334
10.443174 304.053619
10.448979 302.841797
10.454784 300.298706
10.460589 178.431702
10.466394 178.456100
10.472199 173.112991
10.478004 136.194641
10.483809 130.159592
10.489614 96.184464
10.495420 94.516930
10.501225 93.096703
10.507030 70.658173
10.512835 70.262711
10.518640 288.474213
10.524445 288.736816
10.530250 291.402679
10.536055 293.086273
10.541860 293.081726
10.547665 290.442322
10.553470 288.710754
10.559275 288.669006
10.565080 289.044128
10.570885 289.354004
10.576690 289.453613
10.582495 289.247498
10.588300 288.664948
10.594105 287.821838
10.599909 286.763214
10.605714 285.994324
10.611519 285.494476
10.617324 285.096863
10.623129 284.642029
10.628934 284.160889
10.634739 283.843536
10.640544 284.284729
10.646349 144.100739
10.652154 144.288116
10.657959 144.617569
10.663764 144.632858
10.669569 144.485672
10.675374 4719.617188
10.681179 4610.539551
10.686984 4551.292480
10.692789 4533.016113
10.698594 4546.266602
10.704399 4584.787598
10.710204 4596.399902
10.716009 4656.157227
10.721814 4790.370605
10.727619 4878.131836
10.733424 3352.005615
10.739229 2122.659668
10.745034 11504.916992
10.750839 11768.092773
10.756644 11739.969727
10.762449 11575.390625
10.768254 11394.074219
10.774059 11272.743164
10.779864 143.732513
10.785669 137.026825
10.791474 281.192139
10.797279 142.800476
10.803084 267.676392
10.808888 268.139313
10.814693 269.488403
10.820498 270.476624
10.826303 270.799347
10.832108 0.000000
10.837914 177.670471
10.843719 3150.617676
10.849524 176.979828
10.855329 168.736618
10.861134 168.941879
10.866939 161.350937
10.872744 161.412720
10.878549 161.598160
10.884354 256.993896
10.890159 259.253510
10.895964 260.019318
10.901769 260.779144
10.907574 262.006348
10.913379 264.095856
10.919184 266.371307
10.924989 269.837463
10.930794 271.105621
10.936599 272.557037
10.942404 274.799164
10.948209 276.341522
10.954014 277.768311
10.959819 279.551422
10.965624 281.794617
10.971429 283.024384
10.977234 283.970886
10.983039 284.799255
10.988844 285.724976
10.994649 286.588287
11.000454 287.203979
11.006259 287.571045
11.012063 287.791809
11.017868 287.928528
11.023673 287.954865
11.029478 287.894440
11.035283 287.792145
11.041088 287.751740
11.046893 287.942078
11.052698 288.415222
11.058503 288.973358
11.064308 289.287811
11.070113 289.239716
11.075918 289.023041
11.081723 288.818481
11.087528 288.596558
11.093333 288.250244
11.099138 287.686279
11.104943 286.851776
11.110748 286.031006
11.116553 285.339417
11.122358 284.871704
11.128163 284.452515
11.133968 283.876068
11.139773 283.037048
11.145578 282.026154
11.151383 281.099884
11.157188 281.057739
11.162993 281.387573
11.168798 280.355896
11.174603 279.207397
11.180408 263.272034
11.186213 263.480316
11.192019 264.022034
11.197824 264.085114
11.203629 263.757446
11.209434 263.096619
11.215239 262.383667
11.221043 261.682465
11.226848 261.121948
11.232653 260.651337
11.238458 260.136353
11.244263 259.680115
11.250068 259.467010
11.255873 259.435181
11.261678 259.414551
11.267483 259.339539
11.273288 259.311066
11.279093 259.410645
11.284898 259.525269
11.290703 259.552063
11.296508 259.489990
11.302313 259.311310
11.308118 259.002716
11.313923 258.707153
11.319728 258.585693
11.325533 258.579468
11.331338 258.398071
11.337143 257.599396
11.342948 255.764008
11.348753 248.052094
11.354558 248.374756
11.360363 251.586426
11.366168 251.423523
11.371973 129.949249
11.377778 2023.174438
11.383583 2017.565552
11.389388 194.430038
11.395193 194.910736
11.400998 114.652405
11.406803 129.799332
11.412608 129.845871
11.418413 129.819382
11.424217 129.690720
11.430022 129.605911
11.435827 129.665802
11.441632 129.730011
11.447437 129.739807
11.453242 129.858261
11.459047 187.739334
11.464852 180.581604
11.470657 173.616760
11.476462 134.526749
11.482267 130.783981
11.488072 114.222481
11.493877 97.593727
11.499682 79.433739
11.505487 75.401718
11.511292 71.788162
11.517097 65.302414
11.522902 64.831238
11.528708 62.210453
11.534513 62.529167
11.540318 73.541298
11.546123 85.984215
11.551928 86.786728
11.557733 657.759949
11.563538 661.313538
11.569343 664.440002
11.575148 665.210938
11.580953 664.483948
11.586758 665.882751
11.592563 668.817261
11.598368 77.128685
11.604173 77.092712
11.609978 77.088760
11.615783 77.087921
11.621588 63.741917
11.627392 64.796600
11.633197 68.568909
11.639002 68.553123
11.644807 68.558823
11.650612 672.640747
11.656417 685.489441
11.662222 691.596497
11.668027 66.686562
11.673832 67.573547
11.679637 67.910736
11.685442 77.554680
11.691247 77.344139
11.697052 77.350914
11.702857 77.395615
11.708662 77.435936
11.714467 77.433487
11.720272 77.428703
11.726077 77.421417
11.731882 77.371765
11.737687 232.441727
11.743492 232.269958
11.749297 231.940720
11.755102 231.612030
11.760907 231.330856
11.766712 231.115479
11.772517 231.017136
11.778322 231.010742
11.784127 231.042511
11.789932 231.099854
11.795737 231.183212
11.801542 231.280701
11.807347 231.649277
11.813152 232.316147
11.818957 232.613449
11.824762 232.597626
11.830567 232.602112
11.836371 232.767853
11.842176 233.003952
11.847981 233.208771
11.853786 233.321594
11.859591 233.334686
11.865396 233.327438
11.871202 233.185959
11.877007 232.739319
11.882812 231.038010
11.888617 230.850800
11.894422 231.134506
11.900227 231.744171
11.906032 232.095047
11.911837 232.300278
11.917642 232.728210
11.923447 233.283661
11.929252 233.820694
11.935057 234.182510
11.940862 234.353561
11.946667 234.442520
11.952472 234.637253
11.958277 235.430435
11.964082 236.426804
11.969887 236.510880
11.975692 235.732880
11.981497 77.512024
11.987302 128.089905
11.993107 127.774696
11.998912 127.758698
12.004717 127.900383
12.010522 194.107574
12.016327 194.075226
12.022132 194.179581
12.027937 255.803696
12.033742 255.660767
12.039546 255.958420
12.045351 256.244019
12.051156 256.544373
12.056961 257.024963
12.062766 257.602783
12.068571 257.980957
12.074376 258.151947
12.080181 258.153229
12.085986 258.076599
12.091791 257.995331
12.097596 257.968994
12.103401 258.013733
12.109206 258.033630
12.115011 258.001801
12.120816 257.815857
12.126621 257.527039
12.132426 257.501526
12.138231 529.508911
12.144036 531.387939
12.149841 147.347977
12.155646 359.266937
12.161451 0.000000
12.167256 250.728088
12.173061 177.577209
12.178866 177.552185
12.184671 167.941803
12.190476 228.851044
12.196281 235.730545
12.202086 236.036438
12.207891 237.022888
12.213696 241.922379
12.219501 243.554550
12.225307 244.766632
12.231112 246.009476
12.236917 247.876907
12.242722 250.467163
12.248526 253.097458
12.254331 256.883270
12.260136 265.035797
12.265941 268.407898
12.271746 271.359894
12.277551 275.744568
12.283356 279.787567
12.289161 283.460266
12.294966 287.875366
12.300771 290.992493
12.306576 293.524414
12.312381 295.401337
12.318186 296.497986
12.323991 297.245789
12.329796 297.980621
12.335601 299.131073
12.341406 300.698700
12.347211 302.169434
12.353016 303.268860
12.358821 304.038940
12.364626 304.386566
12.370431 304.038940
12.376236 302.988556
12.382041 301.950256
12.387846 301.692963
12.393651 302.090546
12.399456 302.769531
12.405261 303.505127
12.411066 304.288239
12.416871 305.318359
12.422676 305.909973
12.428481 306.045990
12.434286 305.871674
12.440091 305.345886
12.445896 303.981903
12.451700 301.292511
12.457505 299.769989
12.463310 181.987183
12.469115 178.615234
12.474920 174.849854
12.480725 131.484497
12.486530 115.369164
12.492335 98.838829
12.498140 84.242477
12.503945 84.740471
12.509750 600.591736
12.515555 298.816833
12.521360 300.815399
12.527165 302.803406
12.532970 304.395508
12.538775 305.332947
12.544580 305.793365
12.550385 306.086609
12.556190 306.328918
12.561996 306.462891
12.567801 306.386200
12.573606 306.057129
12.579411 305.537048
12.585216 304.793243
12.591021 303.751740
12.596826 302.283478
12.602631 300.765350
12.608436 299.309692
12.614241 297.423431
12.620046 626.405212
12.625851 623.605591
12.631656 611.098450
12.637461 52.637829
12.643266 58.562771
12.649071 0.000000
12.654876 51.088406
12.660680 5752.677246
12.666485 5711.716309
12.672290 5755.918945
12.678095 5876.854492
12.683900 6009.455078
12.689705 6098.596191
12.695510 6151.692383
12.701315 6166.121582
12.707120 6148.498535
12.712925 6115.036133
12.718730 6093.428223
12.724535 6126.800293
12.730340 6202.203125
12.736145 6280.333984
12.741950 6358.481934
12.747755 6391.892090
12.753560 6351.957520
12.759365 6283.157715
12.765170 6198.500977
12.770975 0.000000
12.776780 56.590534
12.782585 56.614819
12.788390 304.422333
12.794195 300.564117
12.800000 300.304230
12.805805 300.240875
12.811610 300.135071
12.817415 300.008087
12.823220 299.985901
12.829025 307.866760
12.834830 307.634155
12.840635 306.366180
12.846440 306.682343
12.852245 316.199738
12.858050 316.414246
12.863854 315.234467
12.869659 311.313354
12.875464 308.871307
12.881269 307.459717
12.887074 306.782013
12.892879 306.671570
12.898685 306.924927
12.904490 307.442902
12.910295 307.846466
12.916100 307.812225
12.921905 307.462463
12.927710 306.992828
12.933515 306.631622
12.939320 306.280731
12.945125 305.867371
12.950930 305.481140
12.956735 305.227875
12.962540 305.097839
12.968345 305.072601
12.974150 305.068939
12.979955 305.103912
12.985760 305.307953
12.991565 305.726593
12.997370 306.317902
13.003175 306.972351
13.008980 307.459442
13.014785 307.737671
13.020590 307.942352
13.026395 308.139496
13.032200 308.257355
13.038005 308.267029
13.043810 308.325012
13.049615 308.519775
13.055420 308.655670
13.061225 308.597412
13.067030 308.537567
13.072834 308.501862
13.078639 308.395599
13.084444 308.359497
13.090249 308.760651
13.096054 309.406799
13.101859 309.763855
13.107664 309.325409
13.113469 307.872040
13.119274 304.487823
13.125079 293.748291
13.130884 220.260910
13.136689 182.941086
13.142494 170.332916
13.148299 133.098618
13.154104 127.014793
13.159909 102.535820
13.165714 90.400650
13.171519 81.551704
13.177324 70.781906
13.183129 71.314209
13.188934 71.354591
13.194739 286.262146
13.200544 285.511322
13.206349 284.835510
13.212154 284.635406
13.217959 284.797424
13.223764 285.263977
13.229569 285.900238
13.235374 286.348480
13.241179 286.538849
13.246984 286.492920
13.252789 286.268799
13.258595 285.865875
13.264400 285.173889
13.270205 284.353333
13.276009 283.768768
13.281814 283.770569
13.287619 284.488586
13.293424 284.697540
13.299229 284.875214
13.305034 285.508423
13.310839 286.337219
13.316644 287.222992
13.322449 288.250854
13.328254 289.139008
13.334059 289.585968
13.339864 289.478760
13.345669 288.842163
13.351474 286.840576
13.357279 285.630859
13.363084 285.950409
13.368889 286.306946
13.374694 286.276459
13.380499 14284.037109
13.386304 14315.761719
13.392109 14318.479492
13.397914 14347.328125
13.403719 14413.433594
13.409524 14497.982422
13.415329 191.825638
13.421134 191.707123
13.426939 14408.327148
13.432744 14301.587891
13.438549 14239.864258
13.444354 14187.009766
13.450159 259.161865
13.455964 257.267975
13.461769 394.096405
13.467574 267.877228
13.473379 267.935638
13.479183 268.080444
13.484988 268.687836
13.490793 269.477112
13.496598 290.455048
13.502403 291.219299
13.508208 272.262421
13.514013 187.388840
13.519818 265.222107
13.525623 263.556000
13.531428 261.984467
13.537233 260.821533
13.543038 260.235687
13.548843 260.107574
13.554648 260.438782
13.560453 261.374695
13.566258 263.137115
13.572063 265.383545
13.577868 268.880585
13.583673 271.830292
13.589478 273.677917
13.595284 275.315552
13.601089 276.884430
13.606894 278.595764
13.612699 280.220093
13.618504 281.703888
13.624309 283.257111
13.630114 284.687531
13.635919 285.810699
13.641724 286.544312
13.647529 286.996094
13.653334 287.208038
13.659139 287.215332
13.664944 287.073853
13.670749 286.829193
13.676554 286.598572
13.682359 286.507416
13.688163 286.483032
13.693968 286.373444
13.699773 286.193359
13.705578 286.090027
13.711383 286.056580
13.717188 285.990814
13.722993 285.857422
13.728798 285.648682
13.734603 285.289551
13.740408 284.834717
13.746213 284.452881
13.752018 284.196472
13.757823 284.067474
13.763628 284.038910
13.769433 284.021332
13.775238 283.993439
13.781043 283.917664
13.786848 283.672668
13.792653 283.282349
13.798458 282.917511
13.804263 282.649658
13.810068 282.522797
13.815873 282.595062
13.821678 282.908020
13.827483 283.420624
13.833288 284.032135
13.839093 284.594574
13.844898 285.277252
13.850703 286.051331
13.856508 286.852356
13.862313 287.895050
13.868118 288.802155
13.873923 289.587036
13.879728 289.930115
13.885533 290.053009
13.891337 290.336609
13.897142 291.166534
13.902947 292.087128
13.908752 292.457855
13.914557 341.129425
13.920362 820.456055
13.926167 823.504822
13.931973 824.976501
13.937778 826.711060
13.943583 122.012344
13.949388 5557.202148
13.955193 5731.912109
13.960998 10452.407227
13.966803 179.547958
13.972608 176.057037
13.978413 133.698227
13.984218 129.069016
13.990023 11223.627930
13.995828 11166.504883
14.001633 11088.163086
14.007438 11065.314453
14.013243 11141.432617
14.019048 69.562538
14.024853 66.230705
14.030658 65.526833
14.036463 11326.361328
14.042268 11211.499023
14.048073 11023.527344
14.053878 10866.362305
14.059683 10856.677734
14.065488 10956.213867
14.071293 5627.017578
14.077098 5909.033203
14.082903 6113.585449
14.088708 6188.449219
14.094513 6205.957520
14.100317 6223.289551
14.106122 6233.454590
14.111927 6217.914062
14.117732 6136.069824
14.123537 6005.723633
14.129342 216.350128
14.135147 189.008408
14.140952 176.466049
14.146757 132.762894
14.152562 129.789917
14.158367 109.275467
14.164172 96.599800
14.169977 85.946983
14.175782 77.106949
14.181587 70.564484
14.187392 64.747864
14.193197 64.927650
14.199002 64.671669
14.204807 70.567192
14.210612 70.573364
14.216417 375.831482
14.222222 372.851746
14.228027 367.896057
14.233832 364.641022
14.239637 365.361359
14.245442 365.606354
14.251247 364.125000
14.257052 751.783630
14.262857 753.184509
14.268662 765.200317
14.274467 363.944092
14.280272 365.638123
14.286077 761.527039
14.291883 760.535156
14.297688 366.858978
14.303492 367.322052
14.309297 369.242096
14.315102 371.810120
14.320907 373.914459
14.326712 375.169739
14.332517 375.666229
14.338322 375.566803
14.344127 375.943237
14.349932 377.200134
14.355737 378.263763
14.361542 378.828094
14.367347 379.016083
14.373152 379.257324
14.378957 379.811035
14.384762 380.256287
14.390567 190.758362
14.396372 191.366394
14.402177 191.515457
14.407982 191.323685
14.413787 191.091095
14.419592 191.020218
14.425397 191.137634
14.431202 191.285645
14.437007 382.938263
14.442812 383.063660
14.448617 383.348633
14.454422 383.644135
14.460227 383.483032
14.466032 382.943451
14.471837 382.735321
14.477642 382.855957
14.483447 382.973389
14.489252 382.846252
14.495057 382.408661
14.500862 382.840240
14.506667 384.190399
14.512471 384.817444
14.518276 385.109406
14.524081 385.308868
14.529886 385.578369
14.535691 385.999481
14.541496 386.413086
14.547301 386.514771
14.553106 386.254578
14.558911 385.851044
14.564716 385.421997
14.570521 385.066742
14.576326 385.115051
14.582131 385.833923
14.587936 386.726746
14.593741 387.349854
14.599546 387.679352
14.605351 387.764404
14.611156 387.723297
14.616961 387.721710
14.622766 387.756683
14.628572 387.654663
14.634377 387.493591
14.640182 387.398468
14.645987 387.214600
14.651792 387.059296
14.657597 387.178131
14.663402 387.403015
14.669207 387.236145
14.675012 386.762695
14.680817 386.450439
14.686622 386.344818
14.692427 386.181519
14.698232 385.982788
14.704037 385.916443
14.709842 385.989166
14.715646 386.095367
14.721451 386.104980
14.727256 386.048065
14.733061 386.009979
14.738866 385.911316
14.744671 385.631561
14.750476 385.287415
14.756281 385.131470
14.762086 385.119568
14.767891 385.083527
14.773696 385.121338
14.779501 385.370911
14.785306 385.925964
14.791111 387.589081
14.796916 389.545929
14.802721 390.588348
14.808526 391.873383
14.814331 268.556824
14.820136 269.112335
14.825941 269.180603
14.831746 192.539001
14.837551 192.504837
14.843356 188.031265
14.849161 188.607498
14.854966 191.594971
14.860771 192.348846
14.866576 192.121719
14.872381 191.885178
14.878186 191.878433
14.883991 384.343475
14.889796 382.883240
14.895601 382.494995
14.901406 383.150818
14.907211 383.393524
14.913016 382.798431
14.918821 381.985046
14.924625 381.446045
14.930430 381.303711
14.936235 380.916779
14.942040 380.452454
14.947845 380.345734
14.953650 379.322540
14.959455 377.075317
14.965261 377.047180
14.971066 378.925385
14.976871 379.269653
14.982676 368.616394
14.988481 357.218842
14.994286 357.108459
15.000091 172.348007
15.005896 365.835999
15.011701 366.627136
15.017506 366.052490
15.023311 364.353577
15.029116 361.036682
15.034921 359.342010
15.040726 358.896698
15.046531 355.657715
15.052336 349.043915
15.058141 347.890625
15.063946 347.097931
15.069751 345.796906
15.075556 344.014435
15.081361 342.420502
15.087166 341.850159
15.092971 170.871048
15.098776 339.713531
15.104581 336.066071
15.110386 334.461029
15.116191 332.095062
15.121996 328.756653
15.127800 320.453308
15.133605 193.291580
15.139410 188.077759
15.145215 171.201431
15.151020 131.723877
15.156825 114.329338
15.162630 96.760803
15.168435 85.665039
15.174240 85.649063
15.180045 85.693863
15.185850 59.766483
15.191655 63.207813
15.197460 260.644470
15.203265 262.713623
15.209070 268.068207
15.214875 270.486481
15.220680 278.750244
15.226485 288.512146
15.232290 295.342346
15.238095 301.291107
15.243900 303.859192
15.249705 310.163513
15.255510 315.463287
15.261315 322.154938
15.267120 328.374725
15.272925 332.022888
15.278730 334.638367
15.284535 336.525482
15.290340 338.659668
15.296145 340.792755
15.301950 342.086426
15.307755 342.559021
15.313560 340.773712
15.319366 336.768860
15.325171 338.377045
15.330976 340.054596
15.336780 341.336060
15.342585 341.978455
15.348390 342.760406
15.354195 343.975067
15.360000 344.977753
15.365805 345.440491
15.371610 345.268127
15.377415 344.592834
15.383220 343.444611
15.389025 341.816833
15.394830 339.866211
15.400635 338.077637
15.406440 337.237366
15.412245 337.437988
15.418050 336.859344
15.423855 332.937286
15.429660 329.206635
15.435465 327.734283
15.441270 327.879059
15.447075 328.038269
15.452880 325.343384
15.458685 318.321472
15.464490 314.607635
15.470295 308.550293
15.476100 308.034546
15.481905 300.286926
15.487710 308.648895
15.493515 309.274200
15.499320 309.696320
15.505125 309.570343
15.510930 309.407532
15.516735 316.933228
15.522540 318.524292
15.528345 317.042725
15.534150 312.053894
15.539954 303.610321
15.545759 304.992401
15.551564 306.698700
15.557369 307.305908
15.563174 307.185547
15.568979 306.618286
15.574784 306.063171
15.580589 305.665497
15.586394 305.290955
15.592199 304.803650
15.598004 304.203705
15.603809 303.605530
15.609614 302.952179
15.615419 302.110870
15.621224 301.041412
15.627029 300.017273
15.632834 299.176971
15.638639 298.367767
15.644444 297.592468
15.650249 296.995697
15.656054 296.782196
15.661860 296.892487
15.667665 297.114075
15.673470 297.374023
15.679275 297.784607
15.685080 298.552917
15.690885 299.714478
15.696690 300.800568
15.702495 301.618866
15.708300 302.147095
15.714105 302.742310
15.719910 303.731079
15.725715 304.694580
15.731520 305.477386
15.737325 306.251556
15.743129 307.126770
15.748934 307.924622
15.754739 308.349854
15.760544 308.578857
15.766349 308.796204
15.772154 309.095306
15.777959 309.268433
15.783764 303.822662
15.789569 154.480713
15.795374 211.797821
15.801179 192.289597
15.806984 184.712250
15.812789 169.633423
15.818594 133.118652
15.824399 111.569450
15.830204 100.023277
15.836009 86.762032
15.841814 77.532265
15.847619 541.655396
15.853424 539.343689
15.859229 536.440674
15.865034 260.158478
15.870839 260.296722
15.876644 260.473358
15.882449 260.975616
15.888254 262.384979
15.894059 264.234711
15.899864 265.710510
15.905669 267.406982
15.911474 269.589996
15.917279 272.305847
15.923084 274.488312
15.928889 276.167816
15.934694 278.074585
15.940499 279.939819
15.946304 281.279663
15.952108 282.697021
15.957913 284.535614
15.963718 286.404419
15.969523 288.230011
15.975328 289.529968
15.981133 290.119781
15.986938 290.307861
15.992743 290.277313
15.998549 290.065613
