0.000000 510.381958
0.005333 503.738373
0.010667 501.195831
0.016000 499.393036
0.021333 496.665527
0.026667 489.014008
0.032000 158.351364
0.037333 157.264908
0.042667 156.576294
0.048000 156.226852
0.053333 147.484238
0.058667 146.882889
0.064000 146.166550
0.069333 143.833557
0.074667 142.409409
0.080000 142.189270
0.085333 142.614059
0.090667 345.139771
0.096000 344.477661
0.101333 1037.176392
0.106667 1032.198730
0.112000 1031.258667
0.117333 1032.096802
0.122667 1034.148438
0.128000 1035.991699
0.133333 1036.465210
0.138667 1035.778320
0.144000 1035.489258
0.149333 1035.339722
0.154667 1034.503174
0.160000 1034.026855
0.165333 1034.605835
0.170667 1035.557373
0.176000 1035.679077
0.181333 1034.680664
0.186667 1032.758789
0.192000 1031.201416
0.197333 1031.450073
0.202667 1032.806885
0.208000 1033.083252
0.213333 1032.236572
0.218667 1031.867432
0.224000 1031.805298
0.229333 1031.512329
0.234667 1031.999146
0.240000 1033.174927
0.245333 1033.695557
0.250667 1033.542480
0.256000 1033.598511
0.261333 1036.083130
0.266667 1049.308350
0.272000 343.615479
0.277333 342.483826
0.282667 112.371925
0.288000 114.835159
0.293333 124.200554
0.298667 124.197395
0.304000 472.383179
0.309333 125.055893
0.314667 119.256744
0.320000 118.929367
0.325333 118.772560
0.330667 118.882896
0.336000 119.127937
0.341333 119.470901
0.346667 119.895531
0.352000 119.797943
0.357333 119.085739
0.362667 118.292450
0.368000 235.442047
0.373333 235.473053
0.378667 118.730560
0.384000 119.467484
0.389333 119.115158
0.394667 119.009956
0.400000 99.126869
0.405333 99.581680
0.410667 99.677399
0.416000 224.877182
0.421333 816.286743
0.426667 817.695984
0.432000 820.581848
0.437333 1884.477661
0.442667 124.151665
0.448000 124.250496
0.453333 224.608398
0.458667 202.986786
0.464000 203.277771
0.469333 205.002274
0.474667 207.533829
0.480000 208.355728
0.485333 207.936142
0.490667 207.107452
0.496000 206.317184
0.501333 205.600906
0.506667 205.494339
0.512000 207.152084
0.517333 211.719391
0.522667 213.020950
0.528000 214.097458
0.533333 215.956604
0.538667 220.745132
0.544000 223.860001
0.549333 224.543121
0.554667 223.178604
0.560000 220.185394
0.565333 145.414703
0.570667 221.537216
0.576000 225.342575
0.581333 504.322937
0.586667 516.437317
0.592000 162.238617
0.597333 160.671524
0.602667 159.946747
0.608000 159.970078
0.613333 160.390778
0.618667 160.877258
0.624000 161.233734
0.629333 161.521805
0.634667 161.851883
0.640000 162.177597
0.645333 162.323395
0.650667 162.172180
0.656000 161.706085
0.661333 161.002335
0.666667 160.203842
0.672000 159.471497
0.677333 158.855331
0.682667 158.464676
0.688000 213.992355
0.693333 107.234474
0.698667 161.105057
0.704000 161.685623
0.709333 161.716812
0.714667 161.782166
0.720000 162.054749
0.725333 161.878738
0.730667 161.011963
0.736000 160.113724
0.741333 159.438232
0.746667 158.671402
0.752000 159.352524
0.757333 162.141541
0.762667 166.830078
0.768000 166.776108
0.773333 166.609787
0.778667 167.189865
0.784000 168.577682
0.789333 169.219299
0.794667 169.243195
0.800000 169.436371
0.805333 170.183411
0.810667 171.687347
0.816000 173.926178
0.821333 176.135956
0.826667 177.800781
0.832000 178.915344
0.837333 179.555420
0.842667 180.121628
0.848000 180.703522
0.853333 181.197006
0.858667 181.603317
0.864000 181.910278
0.869333 182.064865
0.874667 182.107101
0.880000 182.122604
0.885333 182.199738
0.890667 182.365753
0.896000 182.605621
0.901333 182.954193
0.906667 183.377289
0.912000 183.718338
0.917333 183.839844
0.922667 183.758133
0.928000 183.492249
0.933333 182.994766
0.938667 182.431686
0.944000 182.043472
0.949333 181.603531
0.954667 180.238754
0.960000 176.374023
0.965333 174.908157
0.970667 175.165329
0.976000 175.343887
0.981333 175.907516
0.986667 175.958496
0.992000 175.562729
0.997333 175.356033
1.002667 175.344849
1.008000 175.699753
1.013333 176.139465
1.018667 176.485519
1.024000 176.808670
1.029333 177.243179
1.034667 177.873047
1.040000 179.059418
1.045333 180.115616
1.050667 180.419464
1.056000 181.081573
1.061333 181.970184
1.066667 182.740891
1.072000 183.748825
1.077333 185.095459
1.082667 186.255661
1.088000 187.182053
1.093333 188.192795
1.098667 190.010315
1.104000 193.081299
1.109333 195.909546
1.114667 197.254532
1.120000 197.459641
1.125333 197.612930
1.130667 198.147476
1.136000 198.947281
1.141333 199.429657
1.146667 199.496918
1.152000 199.377838
1.157333 199.164948
1.162667 198.681503
1.168000 197.877441
1.173333 197.075409
1.178667 196.264984
1.184000 195.018906
1.189333 193.104263
1.194667 190.431458
1.200000 186.814392
1.205333 739.040649
1.210667 738.464233
1.216000 739.270874
1.221333 746.706482
1.226667 593.147461
1.232000 585.542175
1.237333 584.575195
1.242667 585.894409
1.248000 585.253540
1.253333 481.803131
1.258667 474.338867
1.264000 468.287567
1.269333 461.778809
1.274667 452.524811
1.280000 412.725159
1.285333 406.047821
1.290667 404.925659
1.296000 406.255005
1.301333 404.825134
1.306667 402.053833
1.312000 405.700287
1.317333 454.109589
1.322667 457.172333
1.328000 454.327759
1.333333 387.009766
1.338667 392.481750
1.344000 391.936890
1.349333 468.509338
1.354667 194.735931
1.360000 193.300369
1.365333 86.237053
1.370667 496.904175
1.376000 498.337646
1.381333 506.321930
1.386667 523.305298
1.392000 538.688782
1.397333 546.249451
1.402667 548.303406
1.408000 542.773132
1.413333 524.520996
1.418667 509.215759
1.424000 133.354965
1.429333 134.177658
1.434667 135.241058
1.440000 135.771332
1.445333 135.649536
1.450667 524.014221
1.456000 167.922424
1.461333 168.242432
1.466667 174.924332
1.472000 175.389160
1.477333 89.925537
1.482667 238.016708
1.488000 160.981445
1.493333 161.348755
1.498667 485.301422
1.504000 0.000000
1.509333 0.000000
1.514667 0.000000
1.520000 250.963013
1.525333 251.541733
1.530667 493.733734
1.536000 491.229187
1.541333 146.740234
1.546667 145.800140
1.552000 142.959030
1.557333 141.963760
1.562667 141.208496
1.568000 140.677643
1.573333 140.626221
1.578667 140.823059
1.584000 141.104614
1.589333 141.630249
1.594667 142.555740
1.600000 143.665451
1.605333 144.652161
1.610667 145.564606
1.616000 146.619568
1.621333 147.705948
1.626667 148.506042
1.632000 149.188766
1.637333 149.880051
1.642667 150.105469
1.648000 149.840973
1.653333 150.143875
1.658667 151.848450
1.664000 153.663361
1.669333 153.932999
1.674667 153.624130
1.680000 153.501984
1.685333 153.602310
1.690667 153.666931
1.696000 153.465500
1.701333 153.050522
1.706667 152.673035
1.712000 152.519806
1.717333 152.653397
1.722667 152.967896
1.728000 153.177765
1.733333 153.154510
1.738667 153.028473
1.744000 152.843994
1.749333 152.993439
1.754667 155.544296
1.760000 155.943939
1.765333 156.068497
1.770667 155.888809
1.776000 155.549240
1.781333 155.371826
1.786667 155.244186
1.792000 155.026138
1.797333 154.929581
1.802667 154.660019
1.808000 153.063019
1.813333 148.652054
1.818667 147.794815
1.824000 147.853638
1.829333 148.143387
1.834667 148.639587
1.840000 149.575500
1.845333 151.309158
1.850667 152.535278
1.856000 153.383423
1.861333 156.912643
1.866667 158.975983
1.872000 160.449585
1.877333 161.598969
1.882667 162.511307
1.888000 162.828934
1.893333 162.020325
1.898667 160.382080
1.904000 159.169037
1.909333 158.347626
1.914667 157.373077
1.920000 156.224854
1.925333 155.007065
1.930667 153.557632
1.936000 151.834473
1.941333 150.814362
1.946667 150.632492
1.952000 150.882706
1.957333 151.259125
1.962667 151.542862
1.968000 151.645523
1.973333 151.583603
1.978667 151.410782
1.984000 485.498199
1.989333 483.727295
1.994667 152.261734
2.000000 482.876953
2.005333 485.896820
2.010667 487.574127
2.016000 487.399536
2.021333 153.763092
2.026667 153.696869
2.032000 153.788742
2.037333 154.096970
2.042667 154.487640
2.048000 154.638947
2.053333 153.915375
2.058667 152.581924
2.064000 152.465027
2.069333 153.435791
2.074667 153.925507
2.080000 154.248627
2.085333 154.853195
2.090667 155.654999
2.096000 156.122437
2.101333 155.813522
2.106667 154.396652
2.112000 152.005402
2.117333 219.936447
2.122667 193.608109
2.128000 433.601196
2.133333 377.948364
2.138667 165.346649
2.144000 164.796631
2.149333 164.750122
2.154667 165.091721
2.160000 165.404190
2.165333 165.414551
2.170667 165.164917
2.176000 164.781784
2.181333 164.332291
2.186667 163.649582
2.192000 162.353607
2.197333 160.650162
2.202667 159.336121
2.208000 158.528305
2.213333 157.950623
2.218667 157.238892
2.224000 156.219009
2.229333 155.004471
2.234667 153.796494
2.240000 151.328140
2.245333 146.802460
2.250667 139.600342
2.256000 136.228409
2.261333 134.567871
2.266667 132.056274
2.272000 129.382462
2.277333 256.435516
2.282667 258.304626
2.288000 258.320648
2.293333 255.564941
2.298667 252.275238
2.304000 250.795166
2.309333 251.427185
2.314667 253.475616
2.320000 256.784180
2.325333 259.463135
2.330667 130.635834
2.336000 131.993362
2.341333 132.562943
2.346667 132.968826
2.352000 133.238953
2.357333 133.336166
2.362667 133.414124
2.368000 133.556854
2.373333 133.700043
2.378667 133.791809
2.384000 133.835724
2.389333 133.736984
2.394667 133.488403
2.400000 133.365814
2.405333 133.532272
2.410667 133.897568
2.416000 134.239441
2.421333 134.536621
2.426667 134.918259
2.432000 135.450104
2.437333 136.131805
2.442667 137.005417
2.448000 137.759323
2.453333 138.283157
2.458667 138.642700
2.464000 138.894791
2.469333 139.189941
2.474667 139.431137
2.480000 139.301025
2.485333 138.807907
2.490667 138.437149
2.496000 138.331772
2.501333 138.145523
2.506667 137.637527
2.512000 137.065323
2.517333 140.439301
2.522667 140.478683
2.528000 138.586594
2.533333 138.148102
2.538667 138.462769
2.544000 138.699738
2.549333 138.517105
2.554667 138.489639
2.560000 138.598297
2.565333 146.295624
2.570667 146.591202
2.576000 146.086349
2.581333 154.600601
2.586667 155.688736
2.592000 156.427673
2.597333 156.518234
2.602667 156.620743
2.608000 156.878342
2.613333 157.068207
2.618667 156.985641
2.624000 156.519196
2.629333 155.920532
2.634667 155.463577
2.640000 155.037247
2.645333 154.486069
2.650667 153.690948
2.656000 153.224228
2.661333 151.732834
2.666667 143.762909
2.672000 143.882980
2.677333 441.467712
2.682667 446.168335
2.688000 152.842468
2.693333 475.905609
2.698667 479.222961
2.704000 480.178253
2.709333 479.180695
2.714667 476.597473
2.720000 475.288971
2.725333 476.884521
2.730667 480.675476
2.736000 485.740814
2.741333 198.099609
2.746667 201.685089
2.752000 204.501602
2.757333 209.008484
2.762667 211.561295
2.768000 213.436737
2.773333 215.312805
2.778667 217.519180
2.784000 219.509338
2.789333 220.726151
2.794667 221.420380
2.800000 222.020844
2.805333 222.793045
2.810667 223.759903
2.816000 224.911438
2.821333 226.212036
2.826667 227.333817
2.832000 228.100433
2.837333 228.746353
2.842667 229.388168
2.848000 229.788300
2.853333 229.845337
2.858667 229.733658
2.864000 229.562149
2.869333 229.098969
2.874667 228.138397
2.880000 226.963486
2.885333 226.215698
2.890667 225.915314
2.896000 225.698273
2.901333 225.545853
2.906667 225.640915
2.912000 226.121155
2.917333 226.802948
2.922667 227.172989
2.928000 207.748520
2.933333 203.794617
2.938667 204.372620
2.944000 1043.159790
2.949333 1049.737305
2.954667 529.541565
2.960000 535.210693
2.965333 535.357300
2.970667 532.965088
2.976000 532.718384
2.981333 1071.902344
2.986667 1070.960083
2.992000 1068.356934
2.997333 1061.316895
3.002667 118.007668
3.008000 118.364128
3.013333 1066.908203
3.018667 1085.939331
3.024000 1109.281616
3.029333 218.245483
3.034667 216.995163
3.040000 216.747940
3.045333 217.298523
3.050667 217.727051
3.056000 217.780731
3.061333 217.938400
3.066667 112.029121
3.072000 111.964432
3.077333 111.628548
3.082667 224.363266
3.088000 222.117828
3.093333 220.547226
3.098667 219.874619
3.104000 219.720032
3.109333 219.557770
3.114667 218.909500
3.120000 217.435043
3.125333 214.710800
3.130667 211.074646
3.136000 208.736694
3.141333 207.054840
3.146667 413.751343
3.152000 416.428986
3.157333 421.184479
3.162667 428.727600
3.168000 199.596420
3.173333 199.321365
3.178667 199.868484
3.184000 200.271408
3.189333 200.307785
3.194667 200.167023
3.200000 200.040329
3.205333 200.131287
3.210667 200.866684
3.216000 202.445953
3.221333 203.984589
3.226667 205.075211
3.232000 206.022614
3.237333 206.976639
3.242667 207.789963
3.248000 208.290558
3.253333 208.519684
3.258667 208.585144
3.264000 208.450943
3.269333 208.107117
3.274667 207.725494
3.280000 207.304291
3.285333 206.621414
3.290667 205.525055
3.296000 204.231430
3.301333 203.013580
3.306667 201.921921
3.312000 200.957397
3.317333 200.270096
3.322667 199.890076
3.328000 199.482803
3.333333 198.551224
3.338667 196.490509
3.344000 194.396667
3.349333 192.661621
3.354667 190.648560
3.360000 188.894577
3.365333 561.107666
3.370667 557.156677
3.376000 552.354309
3.381333 543.974121
3.386667 529.727844
3.392000 177.336945
3.397333 357.071289
3.402667 358.005127
3.408000 180.467484
3.413333 183.273926
3.418667 183.348953
3.424000 180.636810
3.429333 179.450424
3.434667 358.305237
3.440000 348.852478
3.445333 322.720520
3.450667 166.174438
3.456000 167.651413
3.461333 170.460724
3.466667 173.939713
3.472000 175.847534
3.477333 177.433762
3.482667 179.729431
3.488000 182.044662
3.493333 184.825729
3.498667 376.429382
3.504000 382.646729
3.509333 387.847839
3.514667 194.082855
3.520000 194.288300
3.525333 190.377426
3.530667 189.017075
3.536000 188.258682
3.541333 187.386627
3.546667 186.799133
3.552000 186.613007
3.557333 186.492661
3.562667 186.144272
3.568000 185.606384
3.573333 185.050400
3.578667 184.343903
3.584000 183.143555
3.589333 181.696838
3.594667 2174.520996
3.600000 2172.067627
3.605333 2174.122803
3.610667 2183.261963
3.616000 2198.146973
3.621333 2208.084229
3.626667 2202.098389
3.632000 2192.584961
3.637333 2201.360107
3.642667 157.784988
3.648000 165.762146
3.653333 331.981323
3.658667 330.807922
3.664000 324.146790
3.669333 323.330658
3.674667 162.761749
3.680000 162.423737
3.685333 195.683243
3.690667 109.318253
3.696000 272.965576
3.701333 281.970734
3.706667 279.698639
3.712000 164.734558
3.717333 166.840836
3.722667 167.680069
3.728000 168.251602
3.733333 123.612221
3.738667 124.214539
3.744000 187.417999
3.749333 188.760117
3.754667 189.528442
3.760000 189.133499
3.765333 373.553955
3.770667 368.832733
3.776000 362.759583
3.781333 357.326233
3.786667 352.694855
3.792000 172.125488
3.797333 170.260269
3.802667 168.850098
3.808000 167.311508
3.813333 165.819214
3.818667 164.559418
3.824000 163.291245
3.829333 163.284515
3.834667 74.234550
3.840000 150.745407
3.845333 150.008270
3.850667 150.221344
3.856000 151.188171
3.861333 152.653488
3.866667 153.487549
3.872000 153.422714
3.877333 152.470276
3.882667 150.445999
3.888000 4750.393555
3.893333 4888.558594
3.898667 5078.678223
3.904000 5223.177246
3.909333 5338.062500
3.914667 5469.033203
3.920000 5618.056152
3.925333 5695.980469
3.930667 5659.793457
3.936000 5569.782715
3.941333 5540.037598
3.946667 5546.756836
3.952000 5490.843262
3.957333 5402.102539
3.962667 5376.915527
3.968000 5428.403809
3.973333 5503.179199
3.978667 5479.175781
3.984000 5364.058594
3.989333 186.849167
3.994667 186.895523
4.000000 189.075760
4.005333 208.600952
4.010667 210.654007
4.016000 211.714706
4.021333 212.116837
4.026667 212.093048
4.032000 211.996399
4.037333 212.048477
4.042666 212.000778
4.048000 211.624344
4.053333 211.048386
4.058667 210.493454
4.064000 209.824524
4.069334 208.897720
4.074667 207.873459
4.080000 206.795227
4.085333 205.442383
4.090667 1227.629150
4.096000 200.865051
4.101333 198.976990
4.106667 197.145966
4.112000 195.299789
4.117333 193.594788
4.122667 192.199921
4.128000 191.026093
4.133333 177.043121
4.138667 185.796158
4.144000 183.926865
4.149333 181.966629
4.154667 179.521622
4.160000 177.792526
4.165333 176.732224
4.170667 175.675293
4.176000 174.411362
4.181334 173.107529
4.186666 172.053619
4.192000 2399.149170
4.197333 2397.445557
4.202667 2390.293701
4.208000 2378.125000
4.213333 2362.785889
4.218667 2351.332520
4.224000 2348.655029
4.229333 2357.183838
4.234667 156.765793
4.240000 154.452240
4.245333 152.877945
4.250667 152.060623
4.256000 150.444992
4.261333 149.712326
4.266667 146.387711
4.272000 145.164047
4.277333 143.146957
4.282667 142.513596
4.288000 142.732254
4.293334 143.899536
4.298666 151.736191
4.304000 153.276855
4.309333 154.856781
4.314667 155.579559
4.320000 155.732193
4.325333 155.602127
4.330667 155.200577
4.336000 154.345352
4.341333 152.827194
4.346667 151.403381
4.352000 150.507339
4.357333 149.999207
4.362667 149.586868
4.368000 148.910934
4.373333 147.815720
4.378667 146.589294
4.384000 145.499237
4.389333 142.190826
4.394667 140.730743
4.400000 137.667847
4.405334 135.995483
4.410666 135.135727
4.416000 134.274521
4.421333 133.362808
4.426667 132.541946
4.432000 132.542816
4.437333 271.324890
4.442667 274.784821
4.448000 137.834076
4.453333 140.821899
4.458667 143.566422
4.464000 146.358154
4.469333 150.786667
4.474667 155.400467
4.480000 159.665222
4.485333 162.865784
4.490667 172.938477
4.496000 175.775665
4.501333 180.202286
4.506667 186.621658
4.512000 193.971329
4.517334 203.945587
4.522666 207.534027
4.528000 213.163055
4.533333 216.541122
4.538667 218.730515
4.544000 220.152008
4.549333 220.892838
4.554667 221.264145
4.560000 221.342834
4.565333 220.904678
4.570667 219.623947
4.576000 217.306900
4.581333 214.320099
4.586667 212.195694
4.592000 210.697281
4.597333 209.196472
4.602667 207.684875
4.608000 424.640900
4.613333 430.972137
4.618667 460.904419
4.624000 359.524933
4.629333 178.232086
4.634666 178.392059
4.640000 178.214127
4.645333 177.568466
4.650667 420.387726
4.656000 162.223785
4.661334 161.026016
4.666667 159.923691
4.672000 157.039062
4.677333 154.828934
4.682667 149.608231
4.688000 145.566025
4.693333 224.027924
4.698667 455.141968
4.704000 455.649170
4.709333 239.380386
4.714667 239.798676
4.720000 148.259201
4.725333 148.924408
4.730667 149.051224
4.736000 425.097198
4.741333 425.679901
4.746666 426.246826
4.752000 426.151184
4.757333 470.825623
4.762667 422.673248
4.768000 421.231384
4.773334 748.243958
4.778666 748.114319
4.784000 5946.805664
4.789333 206.697754
4.794667 207.097961
4.800000 166.142654
4.805333 153.697464
4.810667 153.040329
4.816000 152.232864
4.821333 305.665527
4.826667 310.352539
4.832000 312.058258
4.837333 312.013580
4.842667 285.935486
4.848000 285.417267
4.853333 285.272552
4.858667 285.873566
4.864000 286.136078
4.869333 133.808762
4.874667 133.463959
4.880000 132.577850
4.885334 262.509888
4.890666 260.552490
4.896000 258.278809
4.901333 257.382629
4.906667 257.121735
4.912000 256.649902
4.917333 255.681061
4.922667 254.177917
4.928000 237.986725
4.933333 237.379593
4.938667 237.001724
4.944000 235.825928
4.949333 234.557205
4.954667 234.247238
4.960000 233.767288
4.965333 233.032578
4.970667 117.068115
4.976000 443.263062
4.981333 452.024414
4.986667 302.711029
4.992000 303.484863
4.997334 138.562698
5.002666 165.248398
5.008000 120.370476
5.013333 288.647614
5.018667 288.506195
5.024000 287.837524
5.029333 287.745819
5.034667 287.856140
5.040000 232.967117
5.045333 231.814178
5.050667 188.507141
5.056000 104.950310
5.061333 877.943176
5.066667 924.487854
5.072000 953.290039
5.077333 954.606506
5.082667 946.581177
5.088000 964.375427
5.093333 287.590698
5.098667 1033.927002
5.104000 1004.862000
5.109334 979.115356
5.114666 962.344177
5.120000 955.287903
5.125333 963.910889
5.130667 973.837097
5.136000 952.516296
5.141333 911.265320
5.146667 891.662598
5.152000 911.065613
5.157333 946.662292
5.162667 952.038269
5.168000 942.423157
5.173333 930.475708
5.178667 926.688843
5.184000 946.633606
5.189333 989.894348
5.194667 1012.605469
5.200000 166.757690
5.205333 294.911774
5.210667 291.668549
5.216000 289.628784
5.221334 288.523102
5.226666 287.231262
5.232000 386.218384
5.237333 381.791199
5.242667 378.559387
5.248000 375.143677
5.253334 374.246613
5.258667 376.741730
5.264000 378.418121
5.269333 376.701599
5.274667 198.086121
5.280000 890.396912
5.285333 911.763123
5.290667 936.386841
5.296000 160.754166
5.301333 164.378281
5.306667 165.511002
5.312000 164.814865
5.317333 243.068985
5.322667 243.540695
5.328000 245.452698
5.333333 197.660568
5.338666 196.999847
5.344000 504.951202
5.349333 1036.710938
5.354667 247.754013
5.360000 246.451340
5.365334 124.449120
5.370667 438.220490
5.376000 419.544586
5.381333 417.485626
5.386667 419.379486
5.392000 422.346252
5.397333 426.297638
5.402667 140.898178
5.408000 143.403061
5.413333 145.542984
5.418667 147.755463
5.424000 148.930176
5.429333 149.737823
5.434667 150.269806
5.440000 150.511261
5.445333 150.514450
5.450667 150.480103
5.456000 150.431900
5.461333 150.188766
5.466667 149.575958
5.472000 601.405029
5.477334 601.161743
5.482666 601.100464
5.488000 601.752502
5.493333 603.461731
5.498667 604.811340
5.504000 599.688293
5.509333 573.109131
5.514667 139.288773
5.520000 138.908478
5.525333 137.911423
5.530667 138.234161
5.536000 139.666885
5.541333 141.512070
5.546667 141.880280
5.552000 141.342896
5.557333 142.599625
5.562667 195.241089
5.568000 195.064590
5.573333 142.653519
5.578667 194.816986
5.584000 194.901123
5.589334 194.878876
5.594666 200.575668
5.600000 192.902451
5.605333 191.882141
5.610667 190.947464
5.616000 192.078613
5.621333 194.854904
5.626667 196.991104
5.632000 197.003922
5.637333 196.629303
5.642667 197.585098
5.648000 302.659271
5.653333 64.567467
5.658667 960.936462
5.664000 936.541199
5.669333 881.080078
5.674667 416.025940
5.680000 410.886841
5.685333 402.073517
5.690667 391.352814
5.696000 389.919067
5.701334 391.857147
5.706666 119.276833
5.712000 119.005463
5.717333 113.033180
5.722667 102.765587
5.728000 239.506302
5.733333 261.424286
5.738667 215.948761
5.744000 214.752472
5.749333 217.578186
5.754667 222.058243
5.760000 116.187485
5.765333 121.220177
5.770667 122.055573
5.776000 125.744743
5.781333 126.308022
5.786667 125.764610
5.792000 126.345085
5.797333 361.285828
5.802667 142.361801
5.808000 141.680893
5.813334 301.889069
5.818666 303.414093
5.824000 346.310730
5.829333 346.576080
5.834667 346.031494
5.840000 342.911499
5.845333 339.706390
5.850667 347.034424
5.856000 167.476639
5.861333 167.298141
5.866667 166.599731
5.872000 159.065231
5.877333 159.834137
5.882667 161.918579
5.888000 162.857315
5.893333 163.125122
5.898667 495.553497
5.904000 494.958893
5.909333 493.720184
5.914667 493.533142
5.920000 492.585938
5.925333 486.332764
5.930666 152.389954
5.936000 151.353134
5.941333 150.487381
5.946667 149.537506
5.952000 148.649963
5.957334 147.908646
5.962667 147.223053
5.968000 146.881958
5.973333 146.909790
5.978667 146.914185
5.984000 142.688904
5.989333 142.001099
5.994667 141.406723
6.000000 241.541733
6.005333 231.445679
6.010667 231.612289
6.016000 130.875351
6.021333 237.766220
6.026667 237.092621
6.032000 134.739090
6.037333 137.255463
6.042666 138.129669
6.048000 139.870850
6.053333 141.292114
6.058667 142.618546
6.064000 143.977325
6.069334 148.272568
6.074667 149.592804
6.080000 150.918991
6.085333 156.141602
6.090667 158.248016
6.096000 160.001801
6.101333 160.523056
6.106667 161.061935
6.112000 162.186462
6.117333 163.015457
6.122667 163.090408
6.128000 162.490601
6.133333 160.877762
6.138667 158.347824
6.144000 156.566086
6.149333 154.891388
6.154667 153.054169
6.160000 151.430557
6.165333 149.701309
6.170667 147.256516
6.176000 145.904419
6.181334 442.933228
6.186666 439.122772
6.192000 441.575958
6.197333 135.973175
6.202667 134.711227
6.208000 133.920044
6.213333 132.833771
6.218667 130.774857
6.224000 129.641815
6.229333 128.821426
6.234667 128.364029
6.240000 128.359314
6.245333 128.929306
6.250667 130.669098
6.256000 136.084015
6.261333 137.899780
6.266667 139.259491
6.272000 140.820648
6.277333 142.253296
6.282667 143.165756
6.288000 143.158020
6.293334 142.358643
6.298666 141.517731
6.304000 142.733826
6.309333 147.134598
6.314667 148.170334
6.320000 130.760132
6.325333 225.791046
6.330667 225.569122
6.336000 225.580826
6.341333 225.670700
6.346667 226.329590
6.352000 118.849701
6.357333 164.875549
6.362667 1016.548218
6.368000 430.176758
6.373333 430.426514
6.378667 431.268127
6.384000 178.381729
6.389333 215.271667
6.394667 214.738449
6.400000 214.104446
6.405334 0.000000
6.410666 249.392380
6.416000 249.471695
6.421333 148.768631
6.426667 87.117043
6.432000 227.096191
6.437333 227.138947
6.442667 210.235703
6.448000 208.563477
6.453333 208.021713
6.458667 174.154678
6.464000 362.255280
6.469333 222.204102
6.474667 222.635635
6.480000 265.852325
6.485333 264.881256
6.490667 490.089691
6.496000 490.029053
6.501333 487.393158
6.506667 251.946030
6.512000 233.083755
6.517334 231.541397
6.522666 228.400146
6.528000 225.112305
6.533333 224.343628
6.538667 223.822205
6.544000 112.544746
6.549333 115.611465
6.554667 116.089165
6.560000 114.862480
6.565333 1076.985352
6.570667 1044.918213
6.576000 1038.435303
6.581333 1035.826660
6.586667 1034.519409
6.592000 1034.010132
6.597333 1033.687500
6.602667 1033.358398
6.608000 1033.338501
6.613333 1033.540771
6.618667 1033.692871
6.624000 1033.864746
6.629333 1034.079346
6.634666 1034.015137
6.640000 1033.719971
6.645333 1033.747070
6.650667 1033.953979
6.656000 1033.979126
6.661334 1034.072510
6.666667 1034.153809
6.672000 1033.918091
6.677333 1033.843018
6.682667 1034.211670
6.688000 1034.444580
6.693333 1034.340332
6.698667 1034.364746
6.704000 1034.556396
6.709333 1034.584839
6.714667 1034.288086
6.720000 1033.797241
6.725333 1033.501709
6.730667 1033.563354
6.736000 1033.714844
6.741333 1033.833374
6.746666 1034.067993
6.752000 1034.683105
6.757333 1035.554443
6.762667 1036.698364
6.768000 1038.408203
6.773334 1039.912476
6.778666 1039.516479
6.784000 1037.088013
6.789333 1035.011597
6.794667 1034.322510
6.800000 1034.207520
6.805333 1033.985962
6.810667 1033.740479
6.816000 1033.543823
6.821333 1033.110718
6.826667 517.118652
6.832000 515.368530
6.837333 506.050903
6.842667 503.074005
6.848000 506.421173
6.853333 509.872925
6.858667 513.285278
6.864000 603.250244
6.869333 606.318726
6.874667 612.451965
6.880000 622.051758
6.885334 627.223877
6.890666 623.389343
6.896000 572.977356
6.901333 576.003601
6.906667 580.863770
6.912000 585.586914
6.917333 589.023132
6.922667 588.629822
6.928000 583.296631
6.933333 577.552856
6.938667 581.390625
6.944000 582.165588
6.949333 576.481812
6.954667 568.485596
6.960000 552.789185
6.965333 203.807281
6.970667 200.083969
6.976000 198.041748
6.981333 196.622955
6.986667 195.870422
6.992000 592.928040
6.997334 318.982513
7.002666 318.921692
7.008000 297.137695
7.013333 296.552734
7.018667 298.502472
7.024000 174.692337
7.029333 174.153824
7.034667 299.641541
7.040000 299.523132
7.045333 1028.140869
7.050667 1026.440674
7.056000 1029.853760
7.061333 230.527359
7.066667 230.791382
7.072000 339.813568
7.077333 339.023376
7.082667 1012.155945
7.088000 1010.380432
7.093333 1000.435242
7.098667 429.507141
7.104000 379.987213
7.109334 341.269836
7.114666 340.697693
7.120000 1008.641541
7.125333 203.792923
7.130667 204.268753
7.136000 995.836670
7.141333 1009.513611
7.146667 1010.494934
7.152000 993.162415
7.157333 113.966980
7.162667 113.568459
7.168000 113.328804
7.173333 620.876831
7.178667 609.973633
7.184000 627.005310
7.189333 705.431396
7.194667 696.198120
7.200000 683.448242
7.205333 304.075958
7.210667 101.433746
7.216000 100.613693
7.221334 97.785599
7.226666 595.410583
7.232000 227.889511
7.237333 225.666351
7.242667 224.813370
7.248000 191.045486
7.253334 189.401138
7.258667 344.071899
7.264000 107.775581
7.269333 107.886253
7.274667 158.363297
7.280000 181.902039
7.285333 182.296173
7.290667 622.193726
7.296000 621.148438
7.301333 622.665710
7.306667 622.041443
7.312000 619.817993
7.317333 619.524963
7.322667 621.802551
7.328000 623.725525
7.333333 2202.768799
7.338666 2201.845215
7.344000 2201.658691
7.349333 2197.695557
7.354667 2197.549316
7.360000 196.579346
7.365334 199.394089
7.370667 201.818542
7.376000 203.282074
7.381333 204.448624
7.386667 205.837265
7.392000 207.386185
7.397333 208.979324
7.402667 211.037323
7.408000 213.393311
7.413333 215.932556
7.418667 218.243134
7.424000 219.962280
7.429333 221.457596
7.434667 223.120239
7.440000 224.633362
7.445333 225.680496
7.450667 226.436157
7.456000 226.935806
7.461333 227.003067
7.466667 226.510025
7.472000 225.542587
7.477334 224.363968
7.482666 222.936554
7.488000 221.263428
7.493333 630.842896
7.498667 633.499084
7.504000 635.845459
7.509333 510.177643
7.514667 515.668701
7.520000 522.817993
7.525333 1090.094849
7.530667 1106.653198
7.536000 1123.718872
7.541333 1134.890381
7.546667 1135.728516
7.552000 1112.156128
7.557333 1090.622559
7.562667 1081.653931
7.568000 270.435638
7.573333 225.648453
7.578667 227.077957
7.584000 183.295135
7.589334 1097.383667
7.594666 1038.823120
7.600000 1012.148865
7.605333 1021.908020
7.610667 1039.572876
7.616000 1060.566895
7.621333 1080.867554
7.626667 1075.899170
7.632000 1039.324585
7.637333 1017.451416
7.642667 1009.521057
7.648000 1009.446594
7.653333 238.197113
7.658667 237.922745
7.664000 1036.176392
7.669333 1044.420044
7.674667 1052.614502
7.680000 1051.753052
7.685333 1049.508789
7.690667 1051.510498
7.696000 1044.878540
7.701334 125.202278
7.706666 989.266968
7.712000 986.029968
7.717333 978.508057
7.722667 948.855774
7.728000 875.414490
7.733333 787.721619
7.738667 256.446014
7.744000 408.446533
7.749333 403.903656
7.754667 143.171921
7.760000 388.639587
7.765333 835.314514
7.770667 239.918381
7.776000 1051.548950
7.781333 1026.831421
7.786667 378.250641
7.792000 380.554230
7.797333 235.655441
7.802667 235.447235
7.808000 174.055252
7.813334 174.677582
7.818666 144.519577
7.824000 298.859528
7.829333 299.409149
7.834667 131.182205
7.840000 382.843811
7.845333 383.481262
7.850667 147.548904
7.856000 148.868958
7.861333 627.846252
7.866667 637.239441
7.872000 150.574417
7.877333 151.100037
7.882667 151.546417
7.888000 151.932236
7.893333 152.106903
7.898667 152.023560
7.904000 736.749207
7.909333 741.440369
7.914667 748.463013
7.920000 760.003113
7.925333 153.916962
7.930666 154.371628
7.936000 615.547546
7.941333 156.626282
7.946667 156.164352
7.952000 154.563843
7.957334 154.589905
7.962667 154.916046
7.968000 155.128281
7.973333 155.166397
7.978667 155.018967
7.984000 154.507767
7.989333 153.708725
7.994667 153.501266
8.000000 153.237473
8.005333 152.091522
8.010667 152.029419
8.016000 911.222900
8.021334 907.377258
8.026667 138.291107
8.032000 138.994049
8.037333 139.982437
8.042666 140.041992
8.048000 134.355118
8.053333 134.474167
8.058666 262.543365
8.064000 263.573456
8.069333 263.286438
8.074667 261.535156
8.080000 259.543274
8.085333 130.525208
8.090667 131.559509
8.096000 130.769699
8.101334 129.594147
8.106667 127.369644
8.112000 126.088516
8.117333 126.081543
8.122666 125.653519
8.128000 123.995659
8.133333 123.602562
8.138667 124.636024
8.144000 128.096832
8.149333 2755.694824
8.154667 2794.172852
8.160000 2835.576904
8.165334 298.397766
8.170667 343.983948
8.176000 175.412399
8.181334 175.764954
8.186666 177.302551
8.192000 179.483109
8.197333 179.659897
8.202666 179.655807
8.208000 611.571350
8.213333 611.154602
8.218667 177.725082
8.224000 177.122314
8.229333 177.229111
8.234667 177.753311
8.240000 178.194412
8.245334 178.329437
8.250667 178.196533
8.256000 177.845093
8.261333 177.479156
8.266666 177.314072
8.272000 177.321014
8.277333 177.329926
8.282666 177.296967
8.288000 177.252213
8.293333 177.125854
8.298667 176.769867
8.304000 175.997086
8.309334 174.681030
8.314667 173.458298
8.320000 172.907440
8.325334 173.076859
8.330667 173.181808
8.336000 173.421921
8.341333 173.381332
8.346666 178.043884
8.352000 177.965652
8.357333 177.598343
8.362667 565.360168
8.368000 5537.387695
8.373333 5687.222656
8.378667 5753.681641
8.384000 5654.674805
8.389334 5570.987305
8.394667 5589.293945
8.400000 5679.744141
8.405334 5714.577148
8.410666 5510.456055
8.416000 5147.413086
8.421333 4804.343262
8.426666 4604.441406
8.432000 4508.252930
8.437333 138.776917
8.442667 137.181366
8.448000 142.896408
8.453333 143.143112
8.458667 143.741318
8.464000 144.485947
8.469334 144.891403
8.474667 144.859802
8.480000 139.871185
8.485333 139.482117
8.490666 141.099411
8.496000 142.082321
8.501333 4203.504883
8.506667 4468.027832
8.512000 4762.208496
8.517333 4887.325195
8.522667 4961.365723
8.528000 4990.062012
8.533334 4969.469727
8.538667 4973.570801
8.544000 5085.474121
8.549334 5188.903809
8.554667 5206.739746
8.560000 5181.268066
8.565333 5153.076172
8.570666 5127.375488
8.576000 5153.303711
8.581333 5261.562012
8.586667 5319.507324
8.592000 5338.614746
8.597333 5353.416504
8.602667 5374.840820
8.608000 5420.564453
8.613334 5487.614258
8.618667 5513.079590
8.624000 987.693054
8.629333 201.117950
8.634666 277.157928
8.640000 276.084808
8.645333 262.448883
8.650666 162.262970
8.656000 161.448029
8.661333 159.981720
8.666667 159.198196
8.672000 510.876099
8.677333 155.573105
8.682667 148.926956
8.688000 143.668457
8.693334 138.441635
8.698667 138.639145
8.704000 133.436432
8.709333 128.248611
8.714666 128.355438
8.720000 245.181747
8.725333 245.771591
8.730667 116.644928
8.736000 111.191711
8.741333 105.951523
8.746667 105.965706
8.752000 102.174576
8.757334 102.270668
8.762667 101.796486
8.768000 101.039665
8.773334 100.083755
8.778666 99.355080
8.784000 99.176193
8.789333 258.753967
8.794666 258.148285
8.800000 100.385422
8.805333 406.685486
8.810667 402.146149
8.816000 699.865906
8.821333 676.969421
8.826667 115.234520
8.832000 0.000000
8.837334 418.982788
8.842667 394.612305
8.848000 383.916656
8.853333 379.968506
8.858666 75.388664
8.864000 313.893219
8.869333 313.861267
8.874666 86.096565
8.880000 0.000000
8.885333 134.169220
8.890667 261.120758
8.896000 198.562790
8.901334 254.277679
8.906667 475.862823
8.912000 471.372894
8.917334 127.411697
8.922667 128.567566
8.928000 128.993515
8.933333 129.106415
8.938666 129.170776
8.944000 129.334686
8.949333 113.034882
8.954667 99.831512
8.960000 99.858116
8.965333 1063.512329
8.970667 182.277573
8.976000 997.442627
8.981334 993.155457
8.986667 997.914490
8.992000 1004.832031
8.997334 999.978210
9.002666 167.858719
9.008000 993.391907
9.013333 1023.750671
9.018666 1037.044556
9.024000 1045.496094
9.029333 1061.256104
9.034667 529.986023
9.040000 266.394409
9.045333 266.452576
9.050667 266.587799
9.056000 266.931122
9.061334 267.304230
9.066667 267.389648
9.072000 266.768951
9.077333 1120.954590
9.082666 1112.565918
9.088000 352.877289
9.093333 266.087585
9.098666 266.710175
9.104000 179.710968
9.109333 101.684906
9.114667 269.616882
9.120000 158.670990
9.125334 1054.651245
9.130667 1074.434692
9.136000 1073.809814
9.141334 1063.774902
9.146667 1088.447510
9.152000 1113.724976
9.157333 1127.735718
9.162666 1126.810547
9.168000 1105.856079
9.173333 1086.368042
9.178667 1082.529297
9.184000 1079.454956
9.189333 1062.411987
9.194667 1048.046631
9.200000 1041.962891
9.205334 1040.939453
9.210667 128.812927
9.216000 127.652519
9.221334 1053.529907
9.226666 1067.440796
9.232000 1065.013550
9.237333 1021.830444
9.242666 1003.671631
9.248000 1006.044556
9.253333 1017.855103
9.258667 1040.442993
9.264000 1050.372070
9.269333 1019.122620
9.274667 958.767761
9.280000 913.776672
9.285334 911.705383
9.290667 198.642014
9.296000 198.058609
9.301333 771.244690
9.306666 780.748474
9.312000 197.207504
9.317333 255.027069
9.322667 256.329254
9.328000 0.000000
9.333333 184.938080
9.338667 185.665771
9.344000 186.405441
9.349334 326.728516
9.354667 373.232910
9.360000 372.705292
9.365334 370.762360
9.370667 166.958008
9.376000 224.931808
9.381333 224.715683
9.386666 224.368149
9.392000 223.650635
9.397333 222.860870
9.402667 221.867203
9.408000 219.830811
9.413333 220.035370
9.418667 237.489380
9.424000 241.096695
9.429334 241.436676
9.434667 241.150009
9.440000 242.066376
9.445333 243.474792
9.450666 245.423233
9.456000 247.571747
9.461333 247.390335
9.466666 242.590027
9.472000 243.188629
9.477333 246.978378
9.482667 257.620056
9.488000 261.483093
9.493333 264.097717
9.498667 266.862000
9.504000 138.880493
9.509334 141.154449
9.514667 143.929031
9.520000 144.347580
9.525333 145.150681
9.530666 147.625092
9.536000 148.519089
9.541333 149.043625
9.546667 149.557907
9.552000 149.701843
9.557333 149.556900
9.562667 149.381073
9.568000 149.111206
9.573334 148.387115
9.578667 744.825073
9.584000 753.873230
9.589334 763.423706
9.594666 778.754761
9.600000 793.853394
9.605333 591.474121
9.610666 587.476807
9.616000 121.380722
9.621333 464.532349
9.626667 465.989624
9.632000 120.804329
9.637333 120.456581
9.642667 120.332443
9.648000 120.045235
9.653334 119.674271
9.658667 113.201614
9.664000 224.623779
9.669333 222.882568
9.674666 223.649612
9.680000 248.575195
9.685333 246.196075
9.690666 240.317795
9.696000 238.147736
9.701333 237.566788
9.706667 239.032303
9.712000 266.331879
9.717334 123.173927
9.722667 123.462097
9.728000 123.773880
9.733334 124.521584
9.738667 124.989143
9.744000 129.282211
9.749333 129.089264
9.754666 389.717010
9.760000 123.740227
9.765333 122.386864
9.770667 121.548004
9.776000 121.153130
9.781333 120.960480
9.786667 121.004539
9.792000 121.067192
9.797334 121.130524
9.802667 121.265678
9.808000 121.453049
9.813334 121.720482
9.818666 122.150200
9.824000 122.730431
9.829333 123.195045
9.834666 123.265892
9.840000 123.196960
9.845333 123.278160
9.850667 252.072540
9.856000 250.526535
9.861333 248.765778
9.866667 247.881775
9.872000 247.690765
9.877334 125.206276
9.882667 126.314072
9.888000 126.437576
9.893333 126.011284
9.898666 125.267349
9.904000 124.394028
9.909333 123.631302
9.914667 123.156097
9.920000 122.931427
9.925333 122.724869
9.930667 122.413177
9.936000 122.144844
9.941334 121.994995
9.946667 121.882469
9.952000 121.687469
9.957334 121.301117
9.962667 120.768387
9.968000 120.227654
9.973333 119.723137
9.978666 161.278442
9.984000 160.919235
9.989333 246.729187
9.994667 248.478531
10.000000 119.460884
10.005333 119.180626
10.010667 117.629349
10.016000 116.201225
10.021334 115.890388
10.026667 238.201309
10.032000 240.509079
10.037333 220.769791
10.042666 238.477997
10.048000 357.222565
10.053333 367.051910
10.058666 373.831512
10.064000 379.212860
10.069333 383.280670
10.074667 386.258270
10.080000 122.071442
10.085333 121.575226
10.090667 121.460701
10.096000 121.449242
10.101334 121.334457
10.106667 121.149475
10.112000 120.937775
10.117333 120.741570
10.122666 466.469452
10.128000 239.453674
10.133333 238.782684
10.138667 120.988754
10.144000 116.442123
10.149333 116.756546
10.154667 117.499359
10.160000 117.956024
10.165334 118.404083
10.170667 119.056686
10.176000 119.645157
10.181334 119.903130
10.186666 120.003143
10.192000 120.071808
10.197333 120.028091
10.202666 119.761375
10.208000 119.414307
10.213333 119.250511
10.218667 119.199539
10.224000 119.073135
10.229333 118.933502
10.234667 118.937851
10.240000 119.042442
10.245334 119.176270
10.250667 119.362869
10.256000 119.463730
10.261333 119.315796
10.266666 119.029976
10.272000 118.857559
10.277333 118.807137
10.282666 118.730881
10.288000 118.590904
10.293333 118.536201
10.298667 118.600922
10.304000 118.513054
10.309334 117.927650
10.314667 117.043892
10.320000 117.104195
10.325334 117.856453
10.330667 118.120071
10.336000 421.352692
10.341333 148.732391
10.346666 110.573029
10.352000 111.593941
10.357333 116.260719
10.362667 166.951874
10.368000 167.926361
10.373333 168.629318
10.378667 172.715622
10.384000 119.318329
10.389334 249.633774
10.394667 248.791916
10.400000 243.095047
10.405334 232.904526
10.410666 417.763641
10.416000 409.540009
10.421333 402.458649
10.426666 401.104126
10.432000 157.923279
10.437333 149.216141
10.442667 146.803711
10.448000 410.361694
10.453333 409.497711
10.458667 408.794800
10.464000 407.704224
10.469334 406.604187
10.474667 406.935669
10.480000 126.415993
10.485333 473.270172
10.490666 483.091858
10.496000 486.095734
10.501333 488.313202
10.506667 492.753082
10.512000 497.772125
10.517333 500.683289
10.522667 498.372192
10.528000 477.031464
10.533334 458.326996
10.538667 411.903931
10.544000 411.502625
10.549334 459.605713
10.554667 466.211975
10.560000 473.609558
10.565333 479.032471
10.570666 484.341522
10.576000 491.313416
10.581333 501.678467
10.586667 508.420807
10.592000 510.694336
10.597333 511.997742
10.602667 499.837402
10.608000 997.468628
10.613334 995.411011
10.618667 995.747070
10.624000 998.889893
10.629333 1007.318909
10.634666 1019.478882
10.640000 1034.000000
10.645333 1041.761353
10.650666 1043.219971
10.656000 1058.152222
10.661333 177.307098
10.666667 178.076675
10.672000 132.186371
10.677333 508.746979
10.682667 515.738098
10.688000 1070.394897
10.693334 1089.946411
10.698667 1086.944458
10.704000 1057.963501
10.709333 1045.910034
10.714666 1052.310669
10.720000 1061.177856
10.725333 1064.691162
10.730667 536.467712
10.736000 519.064331
10.741333 498.368622
10.746667 491.339294
10.752000 1085.955688
10.757334 1081.955933
10.762667 246.611618
10.768000 243.017960
10.773334 238.399612
10.778666 237.363129
10.784000 238.762650
10.789333 240.797302
10.794666 107.627762
10.800000 1040.561279
10.805333 1036.212036
10.810667 1042.192993
10.816000 1048.273438
10.821333 1057.616821
10.826667 1080.373535
10.832000 1090.964966
10.837334 1066.023315
10.842667 1035.923584
10.848000 1002.026062
10.853333 975.527588
10.858666 978.803711
10.864000 217.031937
10.869333 214.885529
10.874666 214.614182
10.880000 215.309769
10.885333 216.433060
10.890667 119.404045
10.896000 119.275711
10.901334 990.739929
10.906667 445.330170
10.912000 444.903259
10.917334 443.419830
10.922667 439.918976
10.928000 219.250015
10.933333 219.968719
10.938666 219.726105
10.944000 438.025665
10.949333 143.670822
10.954667 143.859787
10.960000 85.610664
10.965333 212.901123
10.970667 214.027878
10.976000 214.066406
10.981334 213.538254
10.986667 213.335052
10.992000 172.709534
10.997334 207.760910
11.002666 94.614609
11.008000 209.157516
11.013333 210.288513
11.018666 210.057007
11.024000 210.246780
11.029333 218.004089
11.034667 112.618095
11.040000 113.313278
11.045333 113.629677
11.050667 702.302429
11.056000 709.167908
11.061334 712.923035
11.066667 711.901733
11.072000 703.690125
11.077333 267.980774
11.082666 269.283691
11.088000 270.385651
11.093333 436.621674
11.098666 438.165436
11.104000 439.304413
11.109333 438.364227
11.114667 433.132721
11.120000 429.685272
11.125334 433.970154
11.130667 275.357971
11.136000 277.469543
11.141334 172.252930
11.146667 172.498505
11.152000 172.110092
11.157333 726.334534
11.162666 712.687195
11.168000 695.553406
11.173333 686.068054
11.178667 686.037292
11.184000 173.221329
11.189333 688.418335
11.194667 682.300476
11.200000 166.926117
11.205334 167.976257
11.210667 168.166946
11.216000 167.742081
11.221334 167.598663
11.226666 170.888824
11.232000 1037.997559
11.237333 1034.403564
11.242666 1033.379272
11.248000 1033.388916
11.253333 1033.468628
11.258667 1033.281250
11.264000 1033.130737
11.269333 1033.344604
11.274667 1033.674072
11.280000 1033.851074
11.285334 1034.007080
11.290667 1034.664795
11.296000 1036.042847
11.301333 1037.932739
11.306666 1039.594971
11.312000 1039.734131
11.317333 1038.212402
11.322667 1036.602051
11.328000 1035.850830
11.333333 1034.972290
11.338667 1033.870850
11.344000 1033.278076
11.349334 1033.283691
11.354667 1033.525391
11.360000 1033.747437
11.365334 1033.448242
11.370667 1032.767456
11.376000 1033.029175
11.381333 1033.532959
11.386666 1032.920044
11.392000 1032.341309
11.397333 1033.095215
11.402667 1034.147949
11.408000 1033.487549
11.413333 1032.414795
11.418667 1032.234985
11.424000 1032.741333
11.429334 1033.690308
11.434667 1034.035034
11.440000 1033.364136
11.445333 1032.985107
11.450666 1033.639404
11.456000 1034.082520
11.461333 1034.274170
11.466666 1036.602661
11.472000 1042.110107
11.477333 1048.006958
11.482667 209.953766
11.488000 209.228943
11.493333 208.711349
11.498667 222.133957
11.504000 225.358719
11.509334 240.773758
11.514667 244.899307
11.520000 246.550827
11.525333 247.238266
11.530666 247.952621
11.536000 249.341354
11.541333 251.084000
11.546667 251.802597
11.552000 251.792816
11.557333 252.274857
11.562667 253.920425
11.568000 254.413483
11.573334 126.253723
11.578667 125.872421
11.584000 125.350533
11.589334 124.615715
11.594666 123.846649
11.600000 122.941406
11.605333 121.096558
11.610666 119.963638
11.616000 119.197937
11.621333 118.624550
11.626667 117.670364
11.632000 116.675446
11.637333 116.092148
11.642667 115.176208
11.648000 114.395172
11.653334 113.765228
11.658667 113.222809
11.664000 112.583450
11.669333 111.013443
11.674666 109.311577
11.680000 108.101624
11.685333 107.284782
11.690666 106.481758
11.696000 105.631668
11.701333 104.762039
11.706667 102.815598
11.712000 195.829163
11.717334 212.279388
11.722667 213.335480
11.728000 197.152496
11.733334 196.825775
11.738667 196.399063
11.744000 195.291840
11.749333 237.241776
11.754666 239.544937
11.760000 480.699493
11.765333 235.960449
11.770667 235.395538
11.776000 238.789001
11.781333 242.783493
11.786667 243.673264
11.792000 239.966614
11.797334 503.714813
11.802667 0.000000
11.808000 113.698761
11.813334 132.652573
11.818666 132.559250
11.824000 496.905762
11.829333 256.462341
11.834666 153.006332
11.840000 152.248917
11.845333 152.329849
11.850667 509.624786
11.856000 509.906403
11.861333 515.969177
11.866667 131.538452
11.872000 130.711548
11.877334 393.285034
11.882667 394.577728
11.888000 396.871307
11.893333 399.844269
11.898666 99.916862
11.904000 99.175171
11.909333 95.924179
11.914667 218.268295
11.920000 167.520813
11.925333 167.826172
11.930667 252.167343
11.936000 503.247925
11.941334 75.565582
11.946667 75.506561
11.952000 497.437836
11.957334 493.075165
11.962667 490.613861
11.968000 331.086395
11.973333 326.628326
11.978666 324.925659
11.984000 1009.031860
11.989333 1014.578918
11.994667 1037.200928
12.000000 1042.021606
12.005333 1037.916626
12.010667 1037.527710
12.016000 1041.010742
12.021334 1049.898926
12.026667 1065.354492
12.032000 1078.434448
12.037333 1083.575439
12.042666 1084.559814
12.048000 1083.654663
12.053333 1082.332275
12.058666 1082.773315
12.064000 1086.733398
12.069333 1088.340332
12.074667 1084.187012
12.080000 1081.881226
12.085333 1081.889526
12.090667 1084.396240
12.096000 274.298859
12.101334 275.730011
12.106667 276.036530
12.112000 227.855301
12.117333 224.174454
12.122666 1126.007324
12.128000 1089.458496
12.133333 1041.746094
12.138667 1030.797607
12.144000 1037.917236
12.149333 1046.400391
12.154667 1057.173340
12.160000 1072.557373
12.165334 1074.035522
12.170667 1046.184937
12.176000 1003.542847
12.181334 980.859192
12.186666 987.543274
12.192000 1004.789795
12.197333 1008.737000
12.202666 994.269287
12.208000 984.491150
12.213333 1004.566284
12.218667 1026.166870
12.224000 1030.502319
12.229333 1027.455566
12.234667 1006.935608
12.240000 974.115662
12.245334 963.055481
12.250667 965.719543
12.256000 963.420471
12.261333 929.955994
12.266666 885.664429
12.272000 118.979851
12.277333 450.957397
12.282666 985.806702
12.288000 409.372925
12.293333 406.460114
12.298667 408.331207
12.304000 953.211670
12.309334 977.542480
12.314667 1005.726746
12.320000 296.953583
12.325334 232.208359
12.330667 233.073959
12.336000 166.996765
12.341333 381.447052
12.346666 991.184692
12.352000 982.162720
12.357333 202.892746
12.362667 202.883240
12.368000 1006.442078
12.373333 322.690430
12.378667 233.175964
12.384000 232.112823
12.389334 232.078308
12.394667 167.063400
12.400000 167.341324
12.405334 103.921494
12.410666 103.659889
12.416000 103.550163
12.421333 0.000000
12.426666 148.556656
12.432000 258.348206
12.437333 257.541534
12.442667 260.101868
12.448000 285.355377
12.453333 129.679169
12.458667 140.454544
12.464000 141.090576
12.469334 141.674911
12.474667 142.519623
12.480000 143.206161
12.485333 142.083069
12.490666 141.552734
12.496000 141.625259
12.501333 141.671158
12.506667 140.896408
12.512000 139.240219
12.517333 139.184799
12.522667 131.196976
12.528000 131.128403
12.533334 130.926285
12.538667 138.605576
12.544000 130.536545
12.549334 130.521851
12.554667 130.346344
12.560000 129.732712
12.565333 128.584579
12.570666 126.970718
12.576000 125.474792
12.581333 124.007141
12.586667 118.972298
12.592000 116.880142
12.597333 114.581795
12.602667 111.382713
12.608000 107.835991
12.613334 107.567879
12.618667 102.003128
12.624000 223.405014
12.629333 427.700195
12.634666 418.161926
12.640000 403.593781
12.645333 106.166512
12.650666 108.351250
12.656000 223.025696
12.661333 242.970749
12.666667 92.302719
12.672000 92.294769
12.677333 0.000000
12.682667 108.031738
12.688000 1168.047119
12.693334 1169.794434
12.698667 1166.076782
12.704000 1160.745239
12.709333 1155.457153
12.714666 1145.486816
12.720000 1130.905273
12.725333 129.129974
12.730667 129.272766
12.736000 152.562332
12.741333 162.452820
12.746667 166.015289
12.752000 167.814835
12.757334 170.153946
12.762667 172.659714
12.768000 174.054382
12.773334 174.376938
12.778666 174.445877
12.784000 175.061111
12.789333 175.980255
12.794666 176.339890
12.800000 176.035248
12.805333 175.415802
12.810667 174.462540
12.816000 173.131592
12.821333 170.854752
12.826667 167.418304
12.832000 165.416092
12.837334 324.060211
12.842667 320.881531
12.848000 314.357483
12.853333 305.700928
12.858666 297.128113
12.864000 289.937897
12.869333 295.736237
12.874666 165.443283
12.880000 166.124863
12.885333 169.853378
12.890667 174.844528
12.896000 175.832138
12.901334 175.634338
12.906667 174.382202
12.912000 319.461426
12.917334 224.111328
12.922667 324.403412
12.928000 325.098480
12.933333 323.792633
12.938666 321.675568
12.944000 319.311310
12.949333 171.798492
12.954667 170.962906
12.960000 210.440262
12.965333 209.796326
12.970667 208.627609
12.976000 207.622604
12.981334 208.448608
12.986667 225.273926
12.992000 242.611404
12.997334 242.461914
13.002666 243.032318
13.008000 243.730301
13.013333 243.742722
13.018666 242.677780
13.024000 242.707581
13.029333 243.888458
13.034667 242.943314
13.040000 114.668556
13.045333 112.902069
13.050667 110.923691
13.056000 552.396240
13.061334 569.584045
13.066667 106.745392
13.072000 106.767822
13.077333 106.736984
13.082666 106.565178
13.088000 105.775360
13.093333 645.667542
13.098666 650.759155
13.104000 101.622093
13.109333 100.604538
13.114667 100.084526
13.120000 613.434021
13.125334 609.862610
13.130667 607.309143
13.136000 596.152466
13.141334 563.968628
13.146667 101.441673
13.152000 205.042114
13.157333 204.213852
13.162666 203.890686
13.168000 204.032440
13.173333 220.654861
13.178667 221.068436
13.184000 221.189194
13.189333 175.617050
13.194667 174.988525
13.200000 175.443634
13.205334 175.732513
13.210667 183.145508
13.216000 171.066589
13.221334 259.483032
13.226666 260.209015
13.232000 263.098206
13.237333 689.279968
13.242666 667.783325
13.248000 201.495377
13.253333 200.666626
13.258667 243.624329
13.264000 466.219727
13.269333 132.046799
13.274667 134.263275
13.280000 288.930786
13.285334 180.288239
13.290667 179.079132
13.296000 178.278229
13.301333 176.882858
13.306666 175.205032
13.312000 172.247467
13.317333 407.491425
13.322667 132.377808
13.328000 132.076492
13.333333 130.150940
13.338667 401.534546
13.344000 403.453857
13.349334 142.013809
13.354667 621.856506
13.360000 609.357605
13.365334 608.451477
13.370667 95.988335
13.376000 96.548607
13.381333 369.214050
13.386666 380.443848
13.392000 197.630508
13.397333 0.000000
13.402667 310.079529
13.408000 0.000000
13.413333 0.000000
13.418667 314.816162
13.424000 206.160187
13.429334 206.790176
13.434667 208.413925
13.440000 118.234200
13.445333 104.895996
13.450666 104.796448
13.456000 282.073517
13.461333 129.550308
13.466666 129.082794
13.472000 129.018555
13.477333 84.382446
13.482667 217.558990
13.488000 163.202209
13.493333 164.104752
13.498667 205.816925
13.504000 89.696671
13.509334 89.735542
13.514667 292.424713
13.520000 216.755157
13.525333 180.134750
13.530666 181.177750
13.536000 183.277832
13.541333 253.629639
13.546667 253.496170
13.552000 255.168091
13.557333 257.617523
13.562667 260.100250
13.568000 1064.893677
13.573334 264.851654
13.578667 265.703033
13.584000 212.966248
13.589334 266.602264
13.594666 267.176636
13.600000 352.936066
13.605333 352.991913
13.610666 1096.148193
13.616000 1109.601440
13.621333 210.612686
13.626667 88.499573
13.632000 88.518967
13.637333 537.748596
13.642667 528.721802
13.648000 182.886230
13.653334 983.785583
13.658667 985.530457
13.664000 990.763062
13.669333 996.654297
13.674666 261.557709
13.680000 256.676208
13.685333 1093.327515
13.690666 1129.200806
13.696000 1145.752441
13.701333 1113.885864
13.706667 1061.488647
13.712000 1047.568115
13.717334 1041.833008
13.722667 1037.007324
13.728000 1041.114136
13.733334 1050.849121
13.738667 1052.446777
13.744000 1027.709595
13.749333 1005.613281
13.754666 1008.208801
13.760000 1000.548096
13.765333 989.723267
13.770667 980.688721
13.776000 971.031921
13.781333 242.241486
13.786667 242.430359
13.792000 969.290588
13.797334 149.921875
13.802667 944.063477
13.808000 917.761353
13.813334 918.654175
13.818666 932.430664
13.824000 936.461304
13.829333 885.413330
13.834666 828.556946
13.840000 832.106567
13.845333 870.142334
13.850667 0.000000
13.856000 483.261261
13.861333 483.735870
13.866667 176.345367
13.872000 192.338501
13.877334 189.839996
13.882667 188.674637
13.888000 186.868103
13.893333 255.376587
13.898666 258.904449
13.904000 261.992859
13.909333 93.559494
13.914667 104.064827
13.920000 118.928123
13.925333 119.339348
13.930667 119.466454
13.936000 119.487526
13.941334 390.217041
13.946667 252.605087
13.952000 382.612946
13.957334 384.993011
13.962667 391.201813
13.968000 750.523376
13.973333 356.296173
13.978666 0.000000
13.984000 483.553619
13.989333 481.980560
13.994667 104.302933
14.000000 104.280487
14.005333 104.531395
14.010667 269.016235
14.016000 270.425659
14.021334 147.426437
14.026667 146.248962
14.032000 120.297310
14.037333 120.483833
14.042666 1036.635986
14.048000 1001.228088
14.053333 982.015808
14.058666 976.095154
14.064000 134.973770
14.069333 113.695511
14.074667 365.802155
14.080000 361.802612
14.085333 361.411774
14.090667 1320.040405
14.096000 1325.847046
14.101334 1331.077271
14.106667 1333.801025
14.112000 1334.843262
14.117333 1334.748291
14.122666 1335.433350
14.128000 1339.778809
14.133333 1341.479858
14.138667 1332.146729
14.144000 1329.264038
14.149333 1336.737915
14.154667 1346.696899
14.160000 1351.859863
14.165334 1342.754883
14.170667 279.422668
14.176000 280.368500
14.181334 280.375275
14.186666 634.713013
14.192000 653.503601
14.197333 657.788086
14.202666 659.969482
14.208000 656.872498
14.213333 649.407532
14.218667 646.471924
14.224000 645.162292
14.229333 644.062134
14.234667 642.959167
14.240000 639.687805
14.245334 633.635437
14.250667 627.177856
14.256000 621.177063
14.261333 614.435242
14.266666 606.039612
14.272000 596.311584
14.277333 580.665833
14.282666 557.763367
14.288000 101.437401
14.293333 102.438683
14.298667 289.208740
14.304000 114.506561
14.309334 118.456123
14.314667 123.964798
14.320000 129.192047
14.325334 136.360794
14.330667 138.963135
14.336000 432.795807
14.341333 432.276154
14.346666 147.630844
14.352000 148.731613
14.357333 149.862244
14.362667 151.055832
14.368000 151.907425
14.373333 152.337692
14.378667 153.034470
14.384000 155.762589
14.389334 157.493546
14.394667 158.184128
14.400000 158.492844
14.405334 158.603714
14.410666 158.445145
14.416000 157.564484
14.421333 153.545807
14.426666 153.110962
14.432000 153.789017
14.437333 318.676697
14.442667 321.013641
14.448000 326.003693
14.453333 248.503540
14.458667 248.154999
14.464000 247.491806
14.469334 247.924728
14.474667 248.140594
14.480000 246.903336
14.485333 245.511612
14.490666 226.445160
14.496000 225.269165
14.501333 226.042435
14.506667 241.724579
14.512000 119.441261
14.517333 119.354294
14.522667 245.474304
14.528000 252.943192
14.533334 255.569748
14.538667 236.054626
14.544000 233.198242
14.549334 231.147812
14.554667 230.503220
14.560000 230.238480
14.565333 230.206116
14.570666 230.575104
14.576000 260.204041
14.581333 230.076767
14.586667 226.618393
14.592000 225.883667
14.597333 228.000198
14.602667 258.485321
14.608000 257.761841
14.613334 290.140259
14.618667 287.454681
14.624000 286.583710
14.629333 134.584900
14.634666 134.623947
14.640000 134.483810
14.645333 134.260284
14.650666 397.733582
14.656000 400.649231
14.661333 134.478455
14.666667 125.492577
14.672000 125.467239
14.677333 505.638580
14.682667 519.228027
14.688000 527.209045
14.693334 531.863525
14.698667 543.440613
14.704000 573.469116
14.709333 598.922852
14.714666 312.288208
14.720000 646.608582
14.725333 668.654663
14.730667 121.960228
14.736000 122.464355
14.741333 122.680367
14.746667 122.779762
14.752000 122.920067
14.757334 122.869957
14.762667 122.540283
14.768000 122.169083
14.773334 121.805237
14.778666 199.285965
14.784000 586.184998
14.789333 584.020203
14.794666 583.955017
14.800000 589.712463
14.805333 597.264160
14.810667 594.695984
14.816000 280.073853
14.821333 118.452194
14.826667 210.648224
14.832000 205.280411
14.837334 119.840286
14.842667 120.529327
14.848000 120.557358
14.853333 112.925423
14.858666 111.790054
14.864000 111.251556
14.869333 336.401825
14.874666 344.798950
14.880000 353.244537
14.885333 359.339325
14.890667 362.540466
14.896000 121.950729
14.901334 121.952866
14.906667 121.782379
14.912000 121.519165
14.917334 121.440918
14.922667 121.397163
14.928000 121.163704
14.933333 120.735916
14.938666 120.305298
14.944000 119.948906
14.949333 119.585594
14.954667 118.998474
14.960000 118.276855
14.965333 117.739365
14.970667 117.314240
14.976000 116.811066
14.981334 116.232460
14.986667 115.837547
14.992000 115.580276
14.997334 115.145020
15.002666 114.981834
15.008000 115.226044
15.013333 115.255280
15.018666 115.046989
15.024000 114.768311
15.029333 114.626564
15.034667 237.127075
15.040000 234.990799
15.045333 228.016998
15.050667 224.639664
15.056000 220.940903
15.061334 218.152969
15.066667 220.446106
15.072000 226.029434
15.077333 259.779114
15.082666 122.734520
15.088000 122.503922
15.093333 122.377090
15.098666 122.393280
15.104000 122.655952
15.109333 123.183914
15.114667 123.756752
15.120000 124.014816
15.125334 123.757683
15.130667 123.270065
15.136000 122.532700
15.141334 120.922966
15.146667 119.309982
15.152000 237.154297
15.157333 236.736481
15.162666 236.008759
15.168000 233.849762
15.173333 211.392136
15.178667 210.377579
15.184000 218.303833
15.189333 218.770828
15.194667 219.658066
15.200000 107.244919
15.205334 107.273262
15.210667 107.148796
15.216000 107.134636
15.221334 107.781975
15.226666 108.098198
15.232000 107.948341
15.237333 107.261810
15.242666 106.096382
15.248000 105.082947
15.253333 103.896584
15.258667 103.215485
15.264000 204.233383
15.269333 204.691574
15.274667 204.102615
15.280000 101.377853
15.285334 101.409386
15.290667 245.533264
15.296000 246.180450
15.301333 243.983139
15.306666 240.522552
15.312000 238.288467
15.317333 238.477966
15.322667 240.205505
15.328000 242.402573
15.333333 1053.747681
15.338667 1037.391846
15.344000 1029.170898
15.349334 1030.439941
15.354667 174.194962
15.360000 463.149353
15.365334 457.688751
15.370667 468.078491
15.376000 140.681351
15.381333 141.212189
15.386666 141.455048
15.392000 141.473846
15.397333 141.299149
15.402667 141.016235
15.408000 140.695175
15.413333 140.252640
15.418667 139.330246
15.424000 137.232407
15.429334 135.713440
15.434667 134.472198
15.440000 133.680710
15.445333 132.937668
15.450666 129.481445
15.456000 127.393585
15.461333 123.848259
15.466666 123.406799
15.472000 119.497032
15.477333 114.781746
15.482667 114.642296
15.488000 114.073692
15.493333 262.865601
15.498667 109.386719
15.504000 104.821182
15.509334 105.221848
15.514667 104.890862
15.520000 514.241455
15.525333 508.709900
15.530666 502.798553
15.536000 96.593811
15.541333 185.542023
15.546667 108.377579
15.552000 121.223801
15.557333 267.792084
15.562667 177.282043
15.568000 177.518219
15.573334 2285.470459
15.578667 2263.721436
15.584000 2266.967041
15.589334 2297.941650
15.594666 93.050995
15.600000 93.122993
15.605333 2322.058105
15.610666 2324.391113
15.616000 272.943176
15.621333 273.750702
15.626667 276.390930
15.632000 278.010468
15.637333 249.882477
15.642667 248.836197
15.648000 160.154037
15.653334 338.693359
15.658667 337.768799
15.664000 300.560822
15.669333 863.914856
15.674666 129.707825
15.680000 130.221573
15.685333 130.137207
15.690666 129.914856
15.696000 197.944031
15.701333 138.418030
15.706667 929.540161
15.712000 923.097229
15.717334 186.017685
15.722667 161.341156
15.728000 161.761993
15.733334 162.731247
15.738667 163.280807
15.744000 938.566528
15.749333 960.832825
15.754666 943.721619
15.760000 933.879700
15.765333 933.338928
15.770667 942.274109
15.776000 951.331177
15.781333 948.845764
15.786667 945.243530
15.792000 950.362183
15.797334 162.331512
15.802667 1010.739807
15.808000 1017.918091
15.813334 1010.586365
15.818666 283.073792
15.824000 280.608765
15.829333 226.017044
15.834666 230.563751
15.840000 236.271469
15.845333 239.036514
15.850667 227.493668
15.856000 203.723114
15.861333 199.833939
15.866667 195.050201
15.872000 155.977814
15.877334 155.304047
15.882667 154.799118
15.888000 103.931892
15.893333 933.602722
15.898666 132.399811
15.904000 131.493118
15.909333 161.632095
15.914667 162.332001
15.920000 162.731369
15.925333 249.195312
15.930667 248.762543
15.936000 1002.543091
15.941334 249.696167
15.946667 248.157791
15.952000 788.219666
15.957334 189.454224
15.962667 387.390167
15.968000 84.825562
15.973333 91.747910
15.978666 209.321732
15.984000 210.145493
15.989333 210.514343
15.994667 211.824951
16.000000 219.763824
16.005333 225.354919
16.010666 532.610046
16.016001 533.665894
16.021334 536.166931
16.026667 147.392456
16.032000 339.227631
16.037333 341.927765
16.042667 344.742371
16.048000 198.464706
16.053333 198.592285
16.058666 198.318054
16.063999 309.686890
16.069334 312.170197
16.074667 311.203278
16.080000 204.403214
16.085333 204.208588
16.090666 407.744812
16.096001 404.597382
16.101334 134.160858
16.106667 133.728317
16.112000 93.549858
16.117332 306.483307
16.122667 303.095398
16.128000 302.062073
16.133333 302.426849
16.138666 304.632141
16.143999 102.040863
16.149334 229.484146
16.154667 922.219116
16.160000 922.209351
16.165333 907.898621
16.170666 890.913086
16.176001 887.045837
16.181334 893.595154
16.186666 336.481903
16.191999 706.128723
16.197332 199.051529
16.202667 271.010773
16.208000 271.524750
16.213333 271.802338
16.218666 977.069397
16.224001 949.356384
16.229334 905.713257
16.234667 875.209290
16.240000 113.619713
16.245333 304.044983
16.250668 306.844208
16.256001 101.386993
16.261333 701.899902
16.266666 700.276917
16.271999 699.933289
16.277334 304.469055
16.282667 305.457733
16.288000 100.411194
16.293333 98.043564
16.298666 592.990173
16.304001 231.965164
16.309334 226.004883
16.314667 224.073349
16.320000 741.677307
16.325333 735.239624
16.330667 104.527824
16.336000 105.726700
16.341333 155.344177
16.346666 155.109619
16.351999 184.847885
16.357334 185.040436
16.362667 185.495316
16.368000 269.678955
16.373333 0.000000
16.378666 152.972946
16.384001 543.771179
16.389334 546.401489
16.394667 547.747681
16.400000 544.202576
16.405333 75.235947
16.410667 201.872040
16.416000 202.703049
16.421333 200.652267
16.426666 373.152649
16.431999 371.558594
16.437334 372.193695
16.442667 223.233292
16.448000 167.776749
16.453333 160.591461
16.458666 160.190201
16.464001 159.377426
16.469334 399.033569
16.474667 392.323547
16.480000 394.162140
16.485332 401.326874
16.490667 403.761475
16.496000 399.914398
16.501333 868.670044
16.506666 156.828568
16.511999 156.627975
16.517334 979.303833
16.522667 1023.772400
16.528000 1049.669922
16.533333 1052.447021
16.538666 1038.688232
16.544001 1029.267822
16.549334 1026.764160
16.554667 1034.001465
16.559999 1050.504517
16.565332 1066.181152
16.570667 1070.826904
16.576000 1064.815552
16.581333 1059.086792
16.586666 1060.345581
16.591999 1066.458496
16.597334 1080.048218
16.602667 1114.044922
16.608000 1155.127197
16.613333 1133.619751
16.618668 1107.860352
16.624001 1087.425537
16.629333 1073.726562
16.634666 272.214569
16.639999 271.596161
16.645334 267.938629
16.650667 221.600693
16.656000 183.191559
16.661333 1083.761719
16.666666 1055.393188
16.672001 343.191986
16.677334 340.587524
16.682667 339.428253
16.688000 1041.843750
16.693333 1035.065674
16.698668 247.680511
16.704000 1021.691528
16.709333 996.774719
16.714666 958.826294
16.719999 238.473557
16.725334 238.599228
16.730667 238.154968
16.736000 236.721451
16.741333 233.970169
16.746666 229.048767
16.752001 226.368942
16.757334 354.017944
16.762667 346.482819
16.768000 228.779831
16.773333 172.399353
16.778667 335.954102
16.784000 337.476074
16.789333 336.884827
16.794666 171.236115
16.799999 171.785934
16.805334 342.465332
16.810667 345.032776
16.816000 347.593597
16.821333 349.522003
16.826666 351.298859
16.832001 353.682129
16.837334 716.943909
16.842667 716.559082
16.848000 712.946228
16.853333 356.158752
16.858667 356.087769
16.864000 356.042694
16.869333 355.795959
16.874666 355.716827
16.879999 356.082245
16.885334 356.567291
16.890667 357.068207
16.896000 357.832550
16.901333 358.833466
16.906666 359.413147
16.912001 359.443451
16.917334 359.884644
16.922667 361.599762
16.927999 363.922638
16.933332 365.524261
16.938667 366.596771
16.944000 367.458405
16.949333 367.292023
16.954666 366.234741
16.959999 365.346161
16.965334 365.077332
16.970667 364.981415
16.976000 364.770599
16.981333 364.631012
16.986666 364.698822
16.992001 364.902161
16.997334 365.221039
17.002666 365.645172
17.007999 365.733795
17.013334 365.344604
17.018667 365.121002
17.024000 365.529968
17.029333 366.174591
17.034666 366.392334
17.040001 366.294708
17.045334 366.495117
17.050667 367.021606
17.056000 367.142090
17.061333 366.761078
17.066668 366.806519
17.072001 367.810547
17.077333 369.220184
17.082666 370.405975
17.087999 371.381165
17.093334 372.099854
17.098667 372.328339
17.104000 372.123871
17.109333 371.927246
17.114666 371.928436
17.120001 372.025177
17.125334 372.441528
17.130667 373.237793
17.136000 373.893188
17.141333 374.123505
17.146667 374.479401
17.152000 375.030273
17.157333 375.185059
17.162666 375.075378
17.167999 375.352417
17.173334 375.955627
17.178667 376.202393
17.184000 376.186340
17.189333 376.603333
17.194666 377.537964
17.200001 378.393799
17.205334 379.058563
17.210667 380.157898
17.216000 382.119049
17.221333 384.536163
17.226667 386.245972
17.232000 386.287262
17.237333 385.598633
17.242666 385.208954
17.247999 384.649689
17.253334 383.933990
17.258667 383.518951
17.264000 383.601990
17.269333 383.731628
17.274666 383.691193
17.280001 383.555786
17.285334 383.181854
17.290667 382.764099
17.296000 382.912811
17.301332 383.820068
17.306667 384.330017
17.312000 383.789886
17.317333 383.017639
17.322666 382.323975
17.327999 381.158630
17.333334 379.676422
17.338667 379.240112
17.344000 380.080048
17.349333 380.869293
17.354666 381.505096
17.360001 382.460205
17.365334 383.057281
17.370667 382.754822
17.375999 382.456085
17.381332 382.863708
17.386667 383.137299
17.392000 382.728088
17.397333 381.977753
17.402666 381.298096
17.408001 380.701965
17.413334 380.334198
17.418667 380.615082
17.424000 381.404755
17.429333 381.973297
17.434668 382.237152
17.440001 382.660492
17.445333 383.054047
17.450666 382.802795
17.455999 382.207825
17.461334 382.094025
17.466667 382.447906
17.472000 382.664062
17.477333 382.804016
17.482666 383.363007
17.488001 384.214478
17.493334 384.754700
17.498667 384.795441
17.504000 384.772278
17.509333 384.983337
17.514668 385.253113
17.520000 385.578430
17.525333 386.190491
17.530666 386.817810
17.535999 387.147308
17.541334 387.311768
17.546667 387.589203
17.552000 388.043335
17.557333 388.608337
17.562666 389.226318
17.568001 389.622498
17.573334 389.557343
17.578667 389.329712
17.584000 389.747650
17.589333 390.862701
17.594667 391.617279
17.600000 391.893982
17.605333 392.531799
17.610666 393.416504
17.615999 393.546478
17.621334 392.896545
17.626667 392.517212
17.632000 392.664886
17.637333 392.650909
17.642666 392.287018
17.648001 392.049713
17.653334 392.307648
17.658667 392.674957
17.664000 392.715118
17.669333 392.857391
17.674667 393.494293
17.680000 393.876831
17.685333 393.089417
17.690666 390.619232
17.695999 388.866241
17.701334 389.663422
17.706667 390.799042
17.712000 391.530426
17.717333 391.921814
17.722666 391.734436
17.728001 391.157135
17.733334 391.095642
17.738667 392.076233
17.743999 392.985992
17.749332 392.184540
17.754667 390.229156
17.760000 387.910461
17.765333 199.719650
17.770666 200.216858
17.775999 200.536880
17.781334 412.799774
17.786667 409.260895
17.792000 406.809631
17.797333 406.415253
17.802668 407.305084
17.808001 407.824463
17.813334 406.518677
17.818666 403.676422
17.823999 402.558899
17.829334 403.204376
17.834667 403.822937
17.840000 403.898193
17.845333 403.531311
17.850666 403.482513
17.856001 404.054169
17.861334 404.085693
17.866667 403.026306
17.872000 401.436401
17.877333 400.375275
17.882668 399.702637
17.888000 398.934723
17.893333 397.540955
17.898666 395.299194
17.903999 393.124939
17.909334 392.134033
17.914667 392.179382
17.920000 396.991547
17.925333 417.263397
17.930666 166.621292
17.936001 488.144928
17.941334 497.740997
17.946667 510.868835
17.952000 521.461487
17.957333 525.950012
17.962667 533.568542
17.968000 542.009338
17.973333 478.695984
17.978666 288.196259
17.983999 137.299362
17.989334 137.342377
17.994667 128.287064
18.000000 128.231277
18.005333 128.643967
18.010666 128.226578
18.016001 127.447853
18.021334 127.122894
18.026667 126.880310
18.032000 126.554276
18.037333 126.160622
18.042667 125.694878
18.048000 125.148033
18.053333 124.615013
18.058666 124.089615
18.063999 123.648720
18.069334 123.248001
18.074667 122.744873
18.080000 122.061966
18.085333 121.506905
18.090666 121.018600
18.096001 120.290817
18.101334 524.014709
18.106667 540.619141
18.112000 559.278015
18.117332 591.870789
18.122667 620.145264
18.128000 624.802429
18.133333 712.320190
18.138666 723.430176
18.143999 735.049377
18.149334 748.134949
18.154667 752.997803
18.160000 749.419312
18.165333 742.859131
18.170666 737.662231
18.176001 735.412109
18.181334 737.613525
18.186666 748.214172
18.191999 759.841125
18.197332 761.564514
18.202667 757.644287
18.208000 750.126343
18.213333 742.359009
18.218666 738.728699
18.224001 737.727051
18.229334 734.752380
18.234667 730.433044
18.240000 347.169708
18.245333 97.609970
18.250668 574.974365
18.256001 179.103378
18.261333 515.682800
18.266666 498.234802
18.271999 496.707916
18.277334 501.620880
18.282667 510.671967
18.288000 519.193909
18.293333 522.226685
18.298666 521.883240
18.304001 523.955566
18.309334 531.842224
18.314667 547.122192
18.320000 562.265686
18.325333 569.311829
18.330667 569.900818
18.336000 566.457703
18.341333 562.437195
18.346666 559.890991
18.351999 563.431641
18.357334 567.100037
18.362667 564.914429
18.368000 558.639954
18.373333 557.396179
18.378666 564.707214
18.384001 566.463806
18.389334 553.729187
18.394667 541.330811
18.400000 560.897156
18.405333 582.071228
18.410667 588.673950
18.416000 591.954712
18.421333 597.418640
18.426666 601.278137
18.431999 596.173645
18.437334 589.437012
18.442667 588.927063
18.448000 589.320190
18.453333 588.887756
18.458666 588.080444
18.464001 586.700073
18.469334 584.197205
18.474667 580.876709
18.480000 576.957886
18.485332 572.238831
18.490667 567.269226
18.496000 561.096069
18.501333 549.509460
18.506666 538.036011
18.511999 532.732361
18.517334 529.303894
18.522667 523.364380
18.528000 510.494110
18.533333 499.318115
18.538666 500.099945
18.544001 511.210175
18.549334 545.826660
18.554667 563.895691
18.559999 190.264191
18.565332 189.023026
18.570667 188.013062
18.576000 187.175262
18.581333 186.525040
18.586666 186.318176
18.591999 186.791855
18.597334 187.461319
18.602667 187.881256
18.608000 188.145737
18.613333 188.576523
18.618668 189.342270
18.624001 190.235809
18.629333 190.990448
18.634666 191.755325
18.639999 192.732544
18.645334 193.777954
18.650667 194.747925
18.656000 195.655518
18.661333 591.384827
18.666666 591.596985
18.672001 591.043030
18.677334 199.267471
18.682667 200.825806
18.688000 202.599747
18.693333 204.360138
18.698668 606.072754
18.704000 602.706970
18.709333 594.188049
18.714666 228.904587
18.719999 231.153564
18.725334 233.654282
18.730667 235.724091
18.736000 236.977295
18.741333 237.593735
18.746666 238.142151
18.752001 238.780899
18.757334 239.667130
18.762667 240.792831
18.768000 241.774033
18.773333 242.694702
18.778667 243.997421
18.784000 245.566254
18.789333 246.471741
18.794666 246.571060
18.799999 246.109436
18.805334 245.180435
18.810667 243.732529
18.816000 241.576019
18.821333 238.789459
18.826666 235.962555
18.832001 467.596558
18.837334 468.792084
18.842667 475.974457
18.848000 397.550110
18.853333 395.816040
18.858667 394.412170
18.864000 2141.186035
18.869333 2120.011719
18.874666 2111.236572
18.879999 2105.611572
18.885334 497.704407
18.890667 499.845306
18.896000 400.788757
18.901333 399.804749
18.906666 399.236664
18.912001 399.389282
18.917334 399.729645
18.922667 400.340332
18.927999 400.806549
18.933332 400.720276
18.938667 401.158417
18.944000 402.546875
18.949333 402.231384
18.954666 332.874573
18.959999 331.281036
18.965334 330.886292
18.970667 490.816711
18.976000 109.416962
18.981333 330.664734
18.986666 329.575714
18.992001 248.136719
18.997334 247.075989
19.002666 246.929657
19.007999 328.635162
19.013334 327.720825
19.018667 104.564896
19.024000 104.292610
19.029333 202.039658
19.034666 204.044373
19.040001 116.542068
19.045334 115.704712
19.050667 115.990028
19.056000 116.462532
19.061333 122.121460
19.066668 121.596512
19.072001 122.099083
19.077333 367.731354
19.082666 369.191956
19.087999 369.683136
19.093334 123.966255
19.098667 123.847832
19.104000 123.752121
19.109333 123.689331
19.114666 123.708336
19.120001 123.908897
19.125334 124.230316
19.130667 250.203217
19.136000 249.479370
19.141333 248.566452
19.146667 123.845970
19.152000 123.661133
19.157333 123.684303
19.162666 123.825340
19.167999 123.861389
19.173334 123.714073
19.178667 123.519623
19.184000 123.372459
19.189333 123.232147
19.194666 123.053345
19.200001 122.937126
19.205334 122.991531
19.210667 453.559235
19.216000 453.016327
19.221333 450.573700
19.226667 123.248215
19.232000 123.353897
19.237333 123.686348
19.242666 453.845001
19.247999 98.723694
19.253334 94.338516
19.258667 144.552170
19.264000 150.783203
19.269333 151.092270
19.274666 151.786896
19.280001 325.540283
19.285334 324.826508
19.290667 161.638290
19.296000 162.317719
19.301332 163.277573
19.306667 327.350433
19.312000 328.407837
19.317333 177.537903
19.322666 178.437851
19.327999 179.125839
19.333334 179.467407
19.338667 383.071075
19.344000 192.478592
19.349333 194.372589
19.354666 195.898148
19.360001 210.317932
19.365334 210.162643
19.370667 213.003967
19.375999 215.979202
19.381332 216.678345
19.386667 216.509354
19.392000 215.730118
19.397333 214.479340
19.402666 214.321045
19.408001 216.639175
19.413334 219.443878
19.418667 219.417923
19.424000 600.210999
19.429333 184.492538
19.434668 181.400940
19.440001 334.158264
19.445333 339.080048
19.450666 113.444748
19.455999 112.619209
19.461334 711.530334
19.466667 685.066956
19.472000 676.741943
19.477333 676.113525
19.482666 676.628235
19.488001 683.642456
19.493334 699.325684
19.498667 708.809387
19.504000 699.384766
19.509333 298.292969
19.514668 300.509460
19.520000 302.852783
19.525333 304.863251
19.530666 644.974548
19.535999 659.799438
19.541334 661.883057
19.546667 665.461060
19.552000 311.425751
19.557333 211.393509
19.562666 189.667313
19.568001 189.451157
19.573334 70.454781
19.578667 119.940392
19.584000 233.967346
19.589333 215.326050
19.594667 118.970345
19.600000 491.733185
19.605333 0.000000
19.610666 138.016800
19.615999 136.439606
19.621334 203.011093
19.626667 171.063828
19.632000 172.339142
19.637333 173.184433
19.642666 223.440262
19.648001 224.268005
19.653334 229.556534
19.658667 207.342941
19.664000 208.536560
19.669333 209.520737
19.674667 245.923691
19.680000 128.145203
19.685333 128.130096
19.690666 124.507706
19.695999 125.114952
19.701334 126.263466
19.706667 128.531189
19.712000 129.424500
19.717333 129.851700
19.722666 134.998154
19.728001 135.714996
19.733334 137.096542
19.738667 142.305450
19.743999 141.791489
19.749332 142.361420
19.754667 143.932007
19.760000 144.797470
19.765333 145.873566
19.770666 146.646851
19.775999 147.309418
19.781334 147.810913
19.786667 147.668533
19.792000 145.981430
19.797333 146.204605
19.802668 146.695831
19.808001 147.002518
19.813334 147.074860
19.818666 146.879913
19.823999 143.410019
19.829334 143.487183
19.834667 143.930084
19.840000 143.703690
19.845333 143.382202
19.850666 140.945007
19.856001 140.727509
19.861334 146.159286
19.866667 150.240021
19.872000 153.161819
19.877333 156.318146
19.882668 159.720688
19.888000 161.880783
19.893333 162.477081
19.898666 162.642197
19.903999 162.551010
19.909334 162.073441
19.914667 160.865234
19.920000 159.132751
19.925333 158.362610
19.930666 158.487946
19.936001 159.041428
19.941334 159.910522
19.946667 161.180374
19.952000 162.778168
19.957333 164.284058
19.962667 165.439667
19.968000 167.486954
19.973333 171.215729
19.978666 174.352692
19.983999 179.000702
19.989334 182.050369
19.994667 184.809769
20.000000 185.874863
20.005333 186.437622
20.010666 186.860077
20.016001 187.290100
20.021334 576.490845
20.026667 570.826965
20.032000 568.552429
20.037333 569.339233
20.042667 572.174316
20.048000 574.323242
20.053333 570.067383
20.058666 553.310547
20.063999 538.242981
20.069334 540.127991
20.074667 552.882935
20.080000 242.762299
20.085333 189.087097
20.090666 243.186447
20.096001 242.399582
20.101334 551.582947
20.106667 189.323441
20.112000 187.869583
20.117332 277.751892
20.122667 568.625610
20.128000 567.620361
20.133333 311.412476
20.138666 191.192841
20.143999 190.559052
20.149334 192.911667
20.154667 197.804291
20.160000 198.963837
20.165333 157.349884
20.170666 156.940552
20.176001 157.074936
20.181334 157.192825
20.186666 157.154160
20.191999 157.724976
20.197332 160.458511
20.202667 161.791504
20.208000 162.885864
20.213333 164.471436
20.218666 166.752747
20.224001 169.368057
20.229334 171.814667
20.234667 173.890579
20.240000 175.883041
20.245333 178.323654
20.250668 180.644363
20.256001 181.918030
20.261333 182.967224
20.266666 184.730591
20.271999 187.190826
20.277334 189.040558
20.282667 190.445114
20.288000 192.087982
20.293333 605.408447
20.298666 602.666626
20.304001 200.827530
20.309334 204.967926
20.314667 207.704041
20.320000 208.761520
20.325333 209.605698
20.330667 210.749771
20.336000 211.948166
20.341333 213.036652
20.346666 214.318542
20.351999 216.190964
20.357334 218.843048
20.362667 222.757629
20.368000 226.999283
20.373333 231.016235
20.378666 235.760559
20.384001 241.474197
20.389334 247.701645
20.394667 255.019348
20.400000 525.964233
20.405333 267.123291
20.410667 273.446472
20.416000 284.535919
20.421333 291.474884
20.426666 296.857727
20.431999 303.738312
20.437334 319.270569
20.442667 331.532867
20.448000 337.650238
20.453333 341.835815
20.458666 346.319458
20.464001 351.815643
20.469334 357.065094
20.474667 362.235870
20.480000 369.461548
20.485332 374.720093
20.490667 376.302551
20.496000 375.379944
20.501333 372.313538
20.506666 367.794678
20.511999 362.479156
20.517334 355.600616
20.522667 347.096466
20.528000 340.572784
20.533333 337.569885
20.538666 339.948151
20.544001 297.576385
20.549334 297.444305
20.554667 405.919800
20.559999 406.195038
20.565332 407.714600
20.570667 2184.501953
20.576000 2178.602051
20.581333 2185.355225
20.586666 510.248749
20.591999 511.749451
20.597334 513.360107
20.602667 512.553833
20.608000 413.160156
20.613333 410.354401
20.618668 409.836945
20.624001 409.438263
20.629333 234.908417
20.634666 264.727478
20.639999 140.591599
20.645334 296.962799
20.650667 296.500885
20.656000 296.085022
20.661333 264.738953
20.666666 292.451721
20.672001 294.437866
20.677334 295.567322
20.682667 295.979767
20.688000 295.952301
20.693333 293.306793
20.698668 289.314636
20.704000 139.412247
20.709333 139.586960
20.714666 139.704025
20.719999 139.731064
20.725334 139.695053
20.730667 139.590088
20.736000 139.400665
20.741333 277.877777
20.746666 277.102600
20.752001 276.083221
20.757334 272.740479
20.762667 138.837860
20.768000 286.983887
20.773333 286.883575
20.778667 285.969269
20.784000 285.097656
20.789333 284.843750
20.794666 284.700745
20.799999 284.228943
20.805334 283.648102
20.810667 283.306183
20.816000 283.434845
20.821333 284.055023
20.826666 285.667328
20.832001 288.070587
20.837334 289.566925
20.842667 290.088745
20.848000 143.379623
20.853333 142.157486
20.858667 140.429657
20.864000 139.344070
20.869333 138.928558
20.874666 150.140060
20.879999 150.579361
20.885334 150.804733
20.890667 151.155502
20.896000 151.333282
20.901333 151.016541
20.906666 150.398315
20.912001 150.101212
20.917334 149.853180
20.922667 148.636719
20.927999 339.608124
20.933332 340.526825
20.938667 337.739380
20.944000 287.051880
20.949333 285.526703
20.954666 286.158417
20.959999 287.873566
20.965334 144.038651
20.970667 143.704330
20.976000 142.763214
20.981333 142.243195
20.986666 142.964935
20.992001 143.698898
20.997334 143.795517
21.002666 143.582993
21.007999 142.948578
21.013334 141.999649
21.018667 141.864990
21.024000 142.090317
21.029333 142.196320
21.034666 142.463425
21.040001 142.836853
21.045334 1079.895264
21.050667 271.329651
21.056000 271.331390
21.061333 248.230240
21.066668 248.334869
21.072001 1023.938904
21.077333 1025.251587
21.082666 1031.447388
21.087999 1039.819580
21.093334 1050.036133
21.098667 1061.606934
21.104000 533.727295
21.109333 173.876816
21.114666 172.062317
21.120001 173.227341
21.125334 174.139801
21.130667 174.300552
21.136000 173.650345
21.141333 172.196182
21.146667 170.231873
21.152000 168.321579
21.157333 167.616791
21.162666 167.685074
21.167999 167.728683
21.173334 167.564117
21.178667 167.446274
21.184000 167.524796
21.189333 167.723343
21.194666 167.960587
21.200001 168.388031
21.205334 169.168350
21.210667 169.969620
21.216000 170.571243
21.221333 171.259903
21.226667 172.466248
21.232000 174.437515
21.237333 175.767273
21.242666 176.184357
21.247999 176.442108
21.253334 176.960907
21.258667 177.466202
21.264000 177.940399
21.269333 178.357910
21.274666 178.590530
21.280001 178.692123
21.285334 178.840485
21.290667 179.076309
21.296000 179.227280
21.301332 179.197952
21.306667 179.119858
21.312000 179.118088
21.317333 179.045273
21.322666 178.748474
21.327999 178.498062
21.333334 178.692917
21.338667 179.150970
21.344000 179.209534
21.349333 178.723480
21.354666 356.027557
21.360001 359.752502
21.365334 364.366333
21.370667 172.910217
21.375999 175.034607
21.381332 178.185654
21.386667 179.684036
21.392000 180.242065
21.397333 180.313049
21.402666 180.292847
21.408001 180.695831
21.413334 181.631607
21.418667 182.630875
21.424000 183.383270
21.429333 184.246384
21.434668 185.760605
21.440001 187.925034
21.445333 190.262909
21.450666 583.393005
21.455999 588.594116
21.461334 593.088013
21.466667 200.361954
21.472000 202.133331
21.477333 203.697937
21.482666 204.979813
21.488001 610.002075
21.493334 616.353943
21.498667 623.417236
21.504000 629.951050
21.509333 628.035950
21.514668 617.536316
21.520000 613.660583
21.525333 619.604553
21.530666 630.739685
21.535999 633.534607
21.541334 628.722046
21.546667 631.840393
21.552000 231.045700
21.557333 663.340942
21.562666 655.483215
21.568001 639.006409
21.573334 627.579224
21.578667 621.312622
21.584000 619.624756
21.589333 617.212646
21.594667 614.689514
21.600000 615.835938
21.605333 616.856201
21.610666 615.048218
21.615999 605.355957
21.621334 594.852783
21.626667 590.879028
21.632000 590.129944
21.637333 588.979858
21.642666 589.380615
21.648001 593.382324
21.653334 597.331543
21.658667 599.070496
21.664000 229.246368
21.669333 512.156189
21.674667 511.907898
21.680000 1013.807251
21.685333 1012.183044
21.690666 1011.721130
21.695999 1015.264587
21.701334 1020.156921
21.706667 1022.619629
21.712000 1021.811035
21.717333 1017.640686
21.722666 1011.252930
21.728001 203.484543
21.733334 202.052551
21.738667 201.114304
21.743999 334.941772
21.749332 337.775665
21.754667 342.453217
21.760000 377.232849
21.765333 377.986481
21.770666 344.040741
21.775999 90.113052
21.781334 90.033569
21.786667 134.220337
21.792000 134.255768
21.797333 134.327820
21.802668 205.647202
21.808001 422.238495
21.813334 127.899734
21.818666 127.998207
21.823999 162.835999
21.829334 929.147400
21.834667 919.692383
21.840000 918.414673
21.845333 930.430908
21.850666 468.521912
21.856001 334.289185
21.861334 337.795563
21.866667 342.290009
21.872000 0.000000
21.877333 251.630447
21.882668 252.003525
21.888000 158.042282
21.893333 0.000000
21.898666 0.000000
21.903999 0.000000
21.909334 201.600052
21.914667 201.352890
21.920000 299.822083
21.925333 137.763428
21.930666 134.098129
21.936001 133.420441
21.941334 132.230759
21.946667 131.092056
21.952000 130.924805
21.957333 131.274521
21.962667 131.845642
21.968000 132.495560
21.973333 132.829956
21.978666 132.970123
21.983999 133.785736
21.989334 134.660034
21.994667 134.426620
22.000000 134.086472
22.005333 133.816742
22.010666 133.500198
22.016001 133.148178
22.021334 132.853256
22.026667 132.621628
22.032000 277.124115
22.037333 250.280396
22.042667 250.131104
22.048000 233.165024
22.053333 230.852249
22.058666 230.276367
22.063999 291.969635
22.069334 293.168610
22.074667 297.069489
22.080000 203.453003
22.085333 205.855957
22.090666 207.689133
22.096001 208.411972
22.101334 239.655365
22.106667 112.573303
22.112000 111.228157
22.117332 465.791107
22.122667 483.964569
22.128000 497.343384
22.133333 503.907349
22.138666 516.575928
22.143999 164.271332
22.149334 164.258453
22.154667 164.453018
22.160000 748.993469
22.165333 749.077820
22.170666 750.704468
22.176001 751.149597
22.181334 750.195618
22.186666 750.246826
22.191999 750.821411
22.197332 750.429260
22.202667 748.884277
22.208000 747.069397
22.213333 210.900009
22.218666 749.473938
22.224001 217.950043
22.229334 220.460556
22.234667 223.204880
22.240000 227.535294
22.245333 233.196152
22.250668 237.974899
22.256001 241.408981
22.261333 244.275665
22.266666 371.184448
22.271999 374.548157
22.277334 770.174316
22.282667 277.066650
22.288000 281.443817
22.293333 286.292572
22.298666 466.227203
22.304001 471.361908
22.309334 1297.434814
22.314667 1292.921265
22.320000 497.768463
22.325333 499.517456
22.330667 501.501160
22.336000 507.622589
22.341333 514.124817
22.346666 515.170227
22.351999 256.173553
22.357334 256.303558
22.362667 472.288971
22.368000 459.181366
22.373333 441.544342
22.378666 431.068115
22.384001 427.625122
22.389334 424.090942
22.394667 412.366394
22.400000 196.509705
22.405333 394.284027
22.410667 389.654327
22.416000 380.415009
22.421333 378.031677
22.426666 384.790405
22.431999 398.548798
22.437334 406.763031
22.442667 413.884460
22.448000 422.383331
22.453333 430.137421
22.458666 435.384583
22.464001 438.024414
22.469334 439.635437
22.474667 440.915131
22.480000 441.116547
22.485332 438.311493
22.490667 433.222443
22.496000 427.416656
22.501333 419.623199
22.506666 411.294128
22.511999 405.219879
22.517334 400.974518
22.522667 401.575470
22.528000 373.038177
22.533333 362.466125
22.538666 84.587936
22.544001 84.373039
22.549334 121.153412
22.554667 120.989586
22.559999 248.942612
22.565332 248.655685
22.570667 248.134674
22.576000 248.109787
22.581333 231.177399
22.586666 231.628189
22.591999 232.055679
22.597334 108.831230
22.602667 184.638809
22.608000 189.589645
22.613333 252.960281
22.618668 252.533508
22.624001 253.065430
22.629333 1048.572876
22.634666 1054.030029
22.639999 1061.616943
22.645334 1073.180054
22.650667 1083.259033
22.656000 265.020142
22.661333 266.155396
22.666666 267.070709
22.672001 267.872009
22.677334 351.312225
22.682667 176.333588
22.688000 1119.203125
22.693333 1123.254761
22.698668 207.753159
22.704000 88.805771
22.709333 178.734467
22.714666 264.177277
22.719999 261.322205
22.725334 260.577423
22.730667 157.863480
22.736000 1090.211914
22.741333 1104.451416
22.746666 1098.496094
22.752001 205.521530
22.757334 204.938309
22.762667 1103.582153
22.768000 1112.641968
22.773333 1097.204956
22.778667 1080.057373
22.784000 1071.775391
22.789333 1067.920776
22.794666 1062.289795
22.799999 1052.340698
22.805334 1039.176514
22.810667 1028.518677
22.816000 1023.408264
22.821333 1030.391479
22.826666 1048.249878
22.832001 1060.114014
22.837334 1058.514160
22.842667 1030.204834
22.848000 992.755432
22.853333 976.851868
22.858667 965.553162
22.864000 965.332581
22.869333 988.428162
22.874666 219.015259
22.879999 116.352303
22.885334 273.760651
22.890667 230.543091
22.896000 230.914856
22.901333 118.738419
22.906666 115.301003
22.912001 114.750999
22.917334 113.968056
22.922667 113.277473
22.927999 235.229813
22.933332 235.793121
22.938667 235.806564
22.944000 236.235229
22.949333 236.862274
22.954666 236.724854
22.959999 235.571808
22.965334 233.742706
22.970667 232.420258
22.976000 233.496567
22.981333 236.226974
22.986666 236.986908
22.992001 119.071671
22.997334 118.845314
23.002666 119.140236
23.007999 107.045654
23.013334 107.167328
23.018667 117.463974
23.024000 117.200294
23.029333 294.006470
23.034666 286.010925
23.040001 287.048950
23.045334 311.614685
23.050667 156.038239
23.056000 157.115555
23.061333 1031.908325
23.066668 1038.795532
23.072001 900.530396
23.077333 902.800842
23.082666 5499.757812
23.087999 5235.026367
23.093334 4885.591309
23.098667 4715.260742
23.104000 4650.139648
23.109333 774.772095
23.114666 241.171722
23.120001 239.088364
23.125334 238.409378
23.130667 239.110291
23.136000 240.821030
23.141333 244.118225
23.146667 497.126434
23.152000 502.662659
23.157333 250.987686
23.162666 251.112625
23.167999 252.764343
23.173334 255.184814
23.178667 586.372009
23.184000 586.062317
23.189333 331.073029
23.194666 331.557678
23.200001 796.108582
23.205334 815.451599
23.210667 556.405823
23.216000 559.916687
23.221333 565.227783
23.226667 571.874451
23.232000 578.739075
23.237333 583.285828
23.242666 583.507446
23.247999 580.230225
23.253334 575.208496
23.258667 569.740479
23.264000 565.289429
23.269333 562.042419
23.274666 558.395569
23.280001 545.286255
23.285334 529.715454
23.290667 525.434998
23.296000 521.053223
23.301332 512.620361
23.306667 497.291687
23.312000 483.856140
23.317333 474.510925
23.322666 467.403351
23.327999 461.650452
23.333334 456.249512
23.338667 451.009979
23.344000 446.599304
23.349333 444.558563
23.354666 443.266907
23.360001 439.689514
23.365334 436.884064
23.370667 435.667358
23.375999 433.599609
23.381332 431.412170
23.386667 430.366272
23.392000 430.389221
23.397333 431.449554
23.402666 432.687500
23.408001 432.112366
23.413334 428.224518
23.418667 417.032684
23.424000 404.598328
23.429333 394.759888
23.434668 391.383698
23.440001 386.583435
23.445333 342.248474
23.450666 336.859009
23.455999 164.175812
23.461334 160.852829
23.466667 957.400940
23.472000 243.513443
23.477333 242.737625
23.482666 488.923584
23.488001 196.778458
23.493334 976.089111
23.498667 994.826050
23.504000 1004.068542
23.509333 247.306473
23.514668 245.889633
23.520000 246.632309
23.525333 247.943237
23.530666 247.923340
23.535999 247.824921
23.541334 981.002075
23.546667 201.740479
23.552000 201.845337
23.557333 200.186020
23.562666 200.653763
23.568001 204.765213
23.573334 337.797089
23.578667 330.671326
23.584000 321.428406
23.589333 313.220856
23.594667 308.085907
23.600000 305.945496
23.605333 301.162750
23.610666 296.237335
23.615999 297.403351
23.621334 301.009186
23.626667 238.374771
23.632000 237.251694
23.637333 224.776230
23.642666 306.634705
23.648001 306.619598
23.653334 209.155304
23.658667 99.627670
23.664000 220.150909
23.669333 827.185547
23.674667 428.050049
23.680000 414.645782
23.685333 221.672501
23.690666 226.882645
23.695999 206.334198
23.701334 194.090286
23.706667 95.506615
23.712000 223.660599
23.717333 86.408211
23.722666 189.798706
23.728001 256.665680
23.733334 258.319336
23.738667 198.999268
23.743999 197.647125
23.749332 196.634811
23.754667 193.435745
23.760000 188.221100
23.765333 116.151215
23.770666 217.576340
23.775999 164.073532
23.781334 164.452133
23.786667 328.705048
23.792000 162.615387
23.797333 408.317871
23.802668 408.221252
23.808001 148.652710
23.813334 418.087036
23.818666 415.786804
23.823999 415.204193
23.829334 415.818207
23.834667 415.130249
23.840000 413.397491
23.845333 873.829102
23.850666 439.015991
23.856001 440.258514
23.861334 436.331635
23.866667 428.751129
23.872000 262.578705
23.877333 258.418610
23.882668 530.012695
23.888000 643.712219
23.893333 209.998535
23.898666 678.495361
23.903999 683.972412
23.909334 670.820007
23.914667 577.594482
23.920000 524.928711
23.925333 98.139084
23.930666 97.812737
23.936001 357.305664
23.941334 81.531349
23.946667 738.439880
23.952000 720.185059
23.957333 688.890503
23.962667 660.358643
23.968000 110.991539
23.973333 136.765366
23.978666 136.578949
23.983999 85.518250
23.989334 684.389099
23.994667 700.170654
24.000000 184.488098
24.005333 241.694458
24.010666 223.700638
24.016001 220.952316
24.021334 457.564301
24.026667 457.102509
24.032000 456.361664
24.037333 558.375793
24.042667 552.997925
24.048000 536.567322
24.053333 528.171448
24.058666 524.334595
24.063999 520.240417
24.069334 513.395752
24.074667 108.889015
24.080000 109.288849
24.085333 219.014969
24.090666 220.427795
24.096001 114.032997
24.101334 114.582581
24.106667 114.889030
24.112000 244.935242
24.117332 243.254929
24.122667 241.453232
24.128000 240.850082
24.133333 240.665985
24.138666 260.301422
24.143999 260.874176
24.149334 261.049713
24.154667 261.103943
24.160000 262.075958
24.165333 271.752258
24.170666 472.842407
24.176001 478.104828
24.181334 152.545792
24.186666 153.608063
24.191999 155.067963
24.197332 157.063934
24.202667 158.528564
24.208000 159.372696
24.213333 160.679596
24.218666 162.340729
24.224001 163.414825
24.229334 164.374359
24.234667 516.462280
24.240000 514.572205
24.245333 516.642151
24.250668 172.108673
24.256001 174.094284
24.261333 513.357849
24.266666 502.453857
24.271999 507.523987
24.277334 512.559753
24.282667 470.520813
24.288000 467.369690
24.293333 469.624329
24.298666 511.692047
24.304001 261.356262
24.309334 260.589020
24.314667 1024.222412
24.320000 180.942490
24.325333 181.401428
24.330667 182.120941
24.336000 182.725113
24.341333 92.603699
24.346666 91.868538
24.351999 84.401108
24.357334 177.897171
24.362667 1103.589355
24.368000 1160.523071
24.373333 200.964279
24.378666 436.647980
24.384001 441.447754
24.389334 193.680298
24.394667 193.757126
24.400000 193.704819
24.405333 193.534607
24.410667 193.192505
24.416000 192.575684
24.421333 191.747025
24.426666 190.852432
24.431999 189.548904
24.437334 592.043335
24.442667 558.791931
24.448000 540.972290
24.453333 530.192200
24.458666 520.982727
24.464001 515.366638
24.469334 257.229675
24.474667 193.332306
24.480000 191.836517
24.485332 191.661652
24.490667 191.870438
24.496000 191.699692
24.501333 191.129425
24.506666 190.780701
24.511999 190.494797
24.517334 455.338684
24.522667 450.233704
24.528000 444.250641
24.533333 435.737213
24.538666 431.010681
24.544001 432.935638
24.549334 93.467888
24.554667 465.935516
24.559999 472.559784
24.565332 474.883026
24.570667 476.754578
24.576000 481.270569
24.581333 485.375641
24.586666 487.012634
24.591999 191.458496
24.597334 633.271851
24.602667 633.854004
24.608000 2123.847656
24.613333 2074.173584
24.618668 480.436859
24.624001 480.061615
24.629333 476.393890
24.634666 233.906281
24.639999 236.343933
24.645334 239.257278
24.650667 242.217545
24.656000 246.187103
24.661333 249.382339
24.666666 251.268967
24.672001 252.742325
24.677334 254.255569
24.682667 255.799515
24.688000 257.206055
24.693333 258.279388
24.698668 258.787048
24.704000 258.607025
24.709333 257.930878
24.714666 256.865479
24.719999 255.225677
24.725334 252.908356
24.730667 250.395782
24.736000 247.980591
24.741333 244.820679
24.746666 239.968491
24.752001 234.457123
24.757334 228.674469
24.762667 222.842484
24.768000 217.798157
24.773333 415.513641
24.778667 412.832764
24.784000 412.100342
24.789333 96.467834
24.794666 210.208633
24.799999 197.835159
24.805334 190.405258
24.810667 190.112045
24.816000 190.710175
24.821333 191.290359
24.826666 192.258194
24.832001 190.644333
24.837334 187.873749
24.842667 550.960266
24.848000 567.610535
24.853333 586.582642
24.858667 604.093933
24.864000 619.092468
24.869333 631.750305
24.874666 159.551422
24.879999 159.196243
24.885334 158.613678
24.890667 158.272369
24.896000 158.576111
24.901333 159.743301
24.906666 162.135986
24.912001 712.921692
24.917334 710.230652
24.922667 708.986328
24.927999 171.264099
24.933332 170.758774
24.938667 170.374329
24.944000 170.097610
24.949333 169.707611
24.954666 168.839447
24.959999 167.284363
24.965334 165.900620
24.970667 164.925659
24.976000 163.693054
24.981333 162.130981
24.986666 161.801300
24.992001 162.437515
24.997334 162.855576
