0.000000 419.270325
0.005333 416.358307
0.010667 414.552551
0.016000 414.173065
0.021333 415.146881
0.026667 208.343887
0.032000 209.469589
0.037333 209.736237
0.042667 418.852509
0.048000 208.437653
0.053333 209.578476
0.058667 210.142410
0.064000 209.992676
0.069333 209.619598
0.074667 209.302933
0.080000 208.727814
0.085333 208.183380
0.090667 416.775787
0.096000 416.189087
0.101333 416.122070
0.106667 416.093872
0.112000 415.998993
0.117333 415.901031
0.122667 415.804291
0.128000 415.532990
0.133333 415.250885
0.138667 414.994995
0.144000 414.911072
0.149333 415.152679
0.154667 415.309021
0.160000 414.874786
0.165333 413.411285
0.170667 411.223969
0.176000 408.985413
0.181333 409.436859
0.186667 411.151764
0.192000 410.814728
0.197333 409.616119
0.202667 408.671661
0.208000 407.246857
0.213333 403.374756
0.218667 103.616028
0.224000 388.729279
0.229333 387.129089
0.234667 386.441376
0.240000 385.256927
0.245333 383.528229
0.250667 470.378784
0.256000 464.788757
0.261333 461.350281
0.266667 462.548859
0.272000 473.017822
0.277333 562.338501
0.282667 562.080994
0.288000 567.274231
0.293333 574.347717
0.298667 580.114258
0.304000 584.652893
0.309333 587.332703
0.314667 205.535751
0.320000 578.330078
0.325333 572.694641
0.330667 104.472618
0.336000 208.622726
0.341333 208.186096
0.346667 207.917221
0.352000 209.649017
0.357333 321.604706
0.362667 599.973572
0.368000 583.171936
0.373333 577.918640
0.378667 584.737122
0.384000 587.606445
0.389333 318.614685
0.394667 203.719101
0.400000 205.668091
0.405333 209.019882
0.410667 212.337250
0.416000 215.844986
0.421333 221.937347
0.426667 226.439270
0.432000 228.748901
0.437333 229.812180
0.442667 229.964127
0.448000 229.651398
0.453333 229.576675
0.458667 229.804199
0.464000 229.850693
0.469333 229.328064
0.474667 228.095612
0.480000 226.257477
0.485333 224.044968
0.490667 221.637741
0.496000 219.904800
0.501333 219.339706
0.506667 220.564011
0.512000 206.085297
0.517333 103.937065
0.522667 104.040108
0.528000 104.160568
0.533333 209.073792
0.538667 209.385437
0.544000 209.314865
0.549333 208.941208
0.554667 208.551956
0.560000 208.255997
0.565333 208.269104
0.570667 208.426041
0.576000 207.936493
0.581333 205.023895
0.586667 204.035736
0.592000 204.015411
0.597333 204.435791
0.602667 201.671188
0.608000 200.189178
0.613333 200.768250
0.618667 202.479599
0.624000 204.580811
0.629333 206.073868
0.634667 206.552887
0.640000 206.126923
0.645333 204.766205
0.650667 202.974792
0.656000 202.229919
0.661333 203.054031
0.666667 204.423340
0.672000 205.612900
0.677333 206.411392
0.682667 205.742584
0.688000 203.373505
0.693333 203.159653
0.698667 204.269226
0.704000 205.000031
0.709333 205.224091
0.714667 424.257172
0.720000 421.345825
0.725333 105.314003
0.730667 103.026718
0.736000 103.138779
0.741333 103.294731
0.746667 103.235031
0.752000 6220.587402
0.757333 6289.639648
0.762667 6339.017090
0.768000 310.816376
0.773333 6104.864258
0.778667 6058.730469
0.784000 6118.961426
0.789333 6163.581543
0.794667 6100.325684
0.800000 5985.684570
0.805333 5922.309570
0.810667 5915.048340
0.816000 5901.554199
0.821333 5870.327637
0.826667 5819.310059
0.832000 5712.775879
0.837333 5474.310059
0.842667 104.981277
0.848000 107.994209
0.853333 436.431000
0.858667 470.444977
0.864000 484.676636
0.869333 222.198349
0.874667 221.048447
0.880000 736.229431
0.885333 729.861938
0.890667 734.619019
0.896000 223.673553
0.901333 222.657898
0.906667 756.472900
0.912000 759.361694
0.917333 759.574097
0.922667 760.942383
0.928000 767.452026
0.933333 775.397095
0.938667 780.630554
0.944000 784.405640
0.949333 788.585510
0.954667 792.023743
0.960000 796.070801
0.965333 805.152039
0.970667 822.259949
0.976000 841.423523
0.981333 855.059387
0.986667 859.109070
0.992000 123.288925
0.997333 123.223351
1.002667 123.295044
1.008000 123.346809
1.013333 246.699051
1.018667 246.527176
1.024000 246.093796
1.029333 245.404358
1.034667 244.541290
1.040000 243.576004
1.045333 242.619812
1.050667 241.835876
1.056000 241.334717
1.061333 240.962646
1.066667 240.476761
1.072000 239.823486
1.077333 239.059006
1.082667 238.280197
1.088000 237.585861
1.093333 237.172455
1.098667 237.075897
1.104000 237.107071
1.109333 237.075500
1.114667 236.997498
1.120000 236.940765
1.125333 236.933456
1.130667 236.990356
1.136000 237.053452
1.141333 237.102554
1.146667 237.254990
1.152000 237.597565
1.157333 237.975449
1.162667 238.136993
1.168000 238.029739
1.173333 237.823349
1.178667 237.641388
1.184000 237.577271
1.189333 237.721298
1.194667 237.963379
1.200000 237.838593
1.205333 237.289124
1.210667 236.813873
1.216000 236.659836
1.221333 236.689178
1.226667 236.824707
1.232000 236.848373
1.237333 236.366379
1.242667 235.513611
1.248000 234.691101
1.253333 233.967758
1.258667 232.856750
1.264000 230.611938
1.269333 228.055740
1.274667 228.029510
1.280000 228.548950
1.285333 227.661743
1.290667 226.334045
1.296000 226.283447
1.301333 227.196686
1.306667 227.511215
1.312000 226.674469
1.317333 225.659912
1.322667 225.443375
1.328000 225.865097
1.333333 226.113693
1.338667 226.061783
1.344000 226.000961
1.349333 226.140518
1.354667 226.474014
1.360000 113.196121
1.365333 226.655380
1.370667 106.984520
1.376000 107.037643
1.381333 227.780167
1.386667 229.224945
1.392000 230.545853
1.397333 231.678421
1.402667 232.668640
1.408000 233.386169
1.413333 233.773376
1.418667 233.736588
1.424000 233.425354
1.429333 233.079559
1.434667 232.757996
1.440000 232.367081
1.445333 231.914841
1.450667 231.331436
1.456000 230.567993
1.461333 229.672668
1.466667 228.431610
1.472000 226.855515
1.477333 225.504623
1.482667 224.885147
1.488000 224.959457
1.493333 225.613846
1.498667 226.849075
1.504000 228.142105
1.509333 228.986572
1.514667 229.640656
1.520000 230.152664
1.525333 230.422318
1.530667 230.520020
1.536000 230.521652
1.541333 230.579178
1.546667 230.889938
1.552000 231.398422
1.557333 231.909637
1.562667 232.398758
1.568000 232.994965
1.573333 233.847137
1.578667 234.855347
1.584000 235.556274
1.589333 235.671829
1.594667 235.509720
1.600000 235.378418
1.605333 235.314835
1.610667 235.175690
1.616000 234.856155
1.621333 234.497238
1.626667 234.264389
1.632000 234.115601
1.637333 233.925751
1.642667 233.652939
1.648000 233.424576
1.653333 233.255234
1.658667 232.898209
1.664000 232.239670
1.669333 231.683975
1.674667 231.654770
1.680000 231.923859
1.685333 231.916718
1.690667 231.453522
1.696000 230.781128
1.701333 230.028519
1.706667 229.182190
1.712000 228.412125
1.717333 227.843155
1.722667 227.280945
1.728000 226.518265
1.733333 225.653687
1.738667 224.636490
1.744000 223.100754
1.749333 221.321564
1.754667 219.865860
1.760000 218.160507
1.765333 214.964523
1.770667 210.486359
1.776000 205.726562
1.781333 202.670410
1.786667 199.465866
1.792000 197.231125
1.797333 196.114395
1.802667 196.100082
1.808000 197.185623
1.813333 197.070908
1.818667 194.161224
1.824000 190.740372
1.829333 188.390381
1.834667 188.455750
1.840000 189.766098
1.845333 189.938629
1.850667 175.237854
1.856000 174.602173
1.861333 174.706299
1.866667 174.664795
1.872000 174.044052
1.877333 173.720444
1.882667 173.791840
1.888000 114.293343
1.893333 114.826462
1.898667 117.683121
1.904000 116.982666
1.909333 116.916756
1.914667 174.207993
1.920000 174.905563
1.925333 174.813919
1.930667 174.425980
1.936000 174.196487
1.941333 116.522408
1.946667 116.598442
1.952000 116.308342
1.957333 170.929459
1.962667 171.963120
1.968000 173.569397
1.973333 177.972198
1.978667 195.961411
1.984000 197.005615
1.989333 202.054657
1.994667 203.916901
2.000000 206.043884
2.005333 206.798035
2.010667 206.852570
2.016000 206.804169
2.021333 207.283386
2.026667 207.445328
2.032000 207.204575
2.037333 207.208435
2.042667 207.500595
2.048000 208.267075
2.053333 209.092758
2.058667 209.195694
2.064000 208.680817
2.069333 104.418655
2.074667 208.091660
2.080000 208.279221
2.085333 208.584747
2.090667 208.741959
2.096000 104.626572
2.101333 104.712669
2.106667 104.411186
2.112000 207.490585
2.117333 207.356934
2.122667 104.609085
2.128000 104.766472
2.133333 104.368484
2.138667 207.225525
2.144000 207.510803
2.149333 104.703270
2.154667 104.939255
2.160000 104.804428
2.165333 207.902893
2.170667 104.486107
2.176000 104.630928
2.181333 104.612190
2.186667 104.488953
2.192000 104.355949
2.197333 104.378815
2.202667 104.619667
2.208000 104.767319
2.213333 104.482872
2.218667 104.071777
2.224000 104.087402
2.229333 104.370895
2.234667 104.548996
2.240000 104.299606
2.245333 103.895493
2.250667 103.849991
2.256000 104.157608
2.261333 104.323029
2.266667 104.317543
2.272000 104.316689
2.277333 104.285065
2.282667 104.218636
2.288000 104.126244
2.293333 104.259048
2.298667 104.483749
2.304000 104.588188
2.309333 104.468887
2.314667 104.365967
2.320000 104.380936
2.325333 104.493958
2.330667 104.566078
2.336000 104.468567
2.341333 104.401833
2.346667 104.682312
2.352000 105.418053
2.357333 106.872498
2.362667 192.926514
2.368000 104.141052
2.373333 103.887276
2.378667 354.171326
2.384000 357.636414
2.389333 733.571289
2.394667 730.522034
2.400000 721.104187
2.405333 717.069336
2.410667 93.960121
2.416000 551.746216
2.421333 181.718613
2.426667 543.633911
2.432000 540.331482
2.437333 531.102722
2.442667 189.379532
2.448000 189.385529
2.453333 184.607285
2.458667 176.137909
2.464000 175.984619
2.469333 175.910187
2.474667 175.877930
2.480000 175.851852
2.485333 175.800842
2.490667 175.787155
2.496000 175.847748
2.501333 175.859863
2.506667 175.795883
2.512000 175.762421
2.517333 175.791962
2.522667 175.814453
2.528000 175.433167
2.533333 174.714951
2.538667 3828.941650
2.544000 3691.602783
2.549333 3861.233154
2.554667 4099.508789
2.560000 3917.637207
2.565333 3634.104492
2.570667 3519.160645
2.576000 3504.086182
2.581333 3530.486328
2.586667 3604.988525
2.592000 209.062347
2.597333 209.397141
2.602667 215.026306
2.608000 215.721680
2.613333 217.065063
2.618667 218.235229
2.624000 218.318497
2.629333 217.557465
2.634667 216.272827
2.640000 214.369736
2.645333 212.839752
2.650667 212.223389
2.656000 212.219467
2.661333 212.421814
2.666667 212.444260
2.672000 212.131683
2.677333 211.701843
2.682667 211.609680
2.688000 211.841293
2.693333 212.029678
2.698667 211.893799
2.704000 211.338989
2.709333 105.581062
2.714667 105.190346
2.720000 5519.146484
2.725333 5703.531738
2.730667 5551.726074
2.736000 5251.524414
2.741333 4919.076172
2.746667 4750.449219
2.752000 320.455231
2.757333 344.227631
2.762667 176.717194
2.768000 191.023788
2.773333 190.804840
2.778667 204.220398
2.784000 5344.012207
2.789333 195.252823
2.794667 195.069183
2.800000 187.922852
2.805333 371.018433
2.810667 108.073303
2.816000 105.724030
2.821333 105.158020
2.826667 104.503586
2.832000 348.503143
2.837333 348.407135
2.842667 349.712738
2.848000 352.343506
2.853333 353.392395
2.858667 350.210388
2.864000 346.443359
2.869333 105.599152
2.874667 105.149971
2.880000 104.639839
2.885333 104.814072
2.890667 348.157043
2.896000 347.911224
2.901333 349.692413
2.906667 355.677124
2.912000 363.865601
2.917333 321.411865
2.922667 319.526764
2.928000 318.436157
2.933333 317.424652
2.938667 381.062073
2.944000 378.294037
2.949333 309.223450
2.954667 106.237823
2.960000 274.452148
2.965333 275.171265
2.970667 276.183716
2.976000 277.462372
2.981333 279.577484
2.986667 327.357513
2.992000 331.829834
2.997333 337.783417
3.002667 338.754761
3.008000 336.296906
3.013333 279.120270
3.018667 548.787231
3.024000 540.128357
3.029333 251.375793
3.034667 251.532913
3.040000 251.344086
3.045333 249.865143
3.050667 247.935318
3.056000 246.131195
3.061333 244.085037
3.066667 242.063385
3.072000 240.653625
3.077333 239.997864
3.082667 240.046921
3.088000 240.662613
3.093333 241.565491
3.098667 242.502243
3.104000 243.406738
3.109333 244.422012
3.114667 245.691956
3.120000 247.017181
3.125333 248.070602
3.130667 248.711411
3.136000 249.174194
3.141333 249.909378
3.146667 251.024521
3.152000 252.354050
3.157333 253.732376
3.162667 254.770264
3.168000 255.303314
3.173333 255.676788
3.178667 256.172546
3.184000 256.638245
3.189333 256.933258
3.194667 257.064514
3.200000 257.112793
3.205333 257.193634
3.210667 257.276917
3.216000 257.166565
3.221333 256.865112
3.226667 256.774902
3.232000 257.060028
3.237333 257.466217
3.242667 257.636932
3.248000 257.250946
3.253333 256.304413
3.258667 255.023682
3.264000 253.600616
3.269333 252.353119
3.274667 251.576553
3.280000 280.360443
3.285333 280.180115
3.290667 279.951355
3.296000 279.453949
3.301333 278.368958
3.306667 276.793030
3.312000 275.154480
3.317333 273.538330
3.322667 271.623047
3.328000 269.089783
3.333333 266.512451
3.338667 264.799133
3.344000 292.681702
3.349333 291.768036
3.354667 290.591919
3.360000 288.177979
3.365333 288.929291
3.370667 288.124176
3.376000 283.965546
3.381333 280.912750
3.386667 279.837830
3.392000 279.855652
3.397333 279.838776
3.402667 279.103851
3.408000 277.927002
3.413333 277.106598
3.418667 277.192200
3.424000 111.212334
3.429333 111.105721
3.434667 277.980347
3.440000 277.040283
3.445333 276.463745
3.450667 276.352386
3.456000 111.234047
3.461333 185.272690
3.466667 185.099792
3.472000 184.764847
3.477333 184.601318
3.482667 111.214027
3.488000 111.325974
3.493333 186.086334
3.498667 186.514847
3.504000 186.482605
3.509333 185.488083
3.514667 185.322205
3.520000 185.584091
3.525333 185.363373
3.530667 185.077972
3.536000 184.707260
3.541333 183.742462
3.546667 182.113785
3.552000 181.065979
3.557333 180.740250
3.562667 273.749481
3.568000 273.184631
3.573333 578.605591
3.578667 176.876144
3.584000 178.109161
3.589333 180.080231
3.594667 183.382324
3.600000 184.507996
3.605333 188.064133
3.610667 102.370796
3.616000 102.471153
3.621333 203.627884
3.626667 205.440247
3.632000 205.539291
3.637333 204.962570
3.642667 204.126358
3.648000 203.093445
3.653333 202.049500
3.658667 201.199585
3.664000 200.511322
3.669333 199.842163
3.674667 199.244293
3.680000 199.144409
3.685333 199.940384
3.690667 201.286880
3.696000 202.250778
3.701333 202.811890
3.706667 203.193970
3.712000 203.442963
3.717333 203.749741
3.722667 204.336182
3.728000 205.187988
3.733333 206.149612
3.738667 207.073471
3.744000 207.745270
3.749333 208.125641
3.754667 208.399216
3.760000 208.630356
3.765333 208.819397
3.770667 208.983627
3.776000 209.033371
3.781333 208.795349
3.786667 208.423950
3.792000 208.011826
3.797333 207.587387
3.802667 207.271484
3.808000 207.016266
3.813333 206.503784
3.818667 205.400894
3.824000 204.284470
3.829333 203.638580
3.834667 203.269592
3.840000 202.829880
3.845333 202.250290
3.850667 201.949203
3.856000 202.233322
3.861333 101.490166
3.866667 101.636497
3.872000 101.934235
3.877333 205.004562
3.882667 206.029633
3.888000 206.475784
3.893333 206.357178
3.898667 205.956100
3.904000 206.334473
3.909333 207.479034
3.914667 208.644272
3.920000 209.951889
3.925333 211.040222
3.930667 211.326782
3.936000 210.986481
3.941333 210.470459
3.946667 418.211792
3.952000 416.255768
3.957333 105.036095
3.962667 104.713737
3.968000 104.236214
3.973333 104.020073
3.978667 332.756378
3.984000 332.777954
3.989333 278.997620
3.994667 279.080017
4.000000 280.369141
4.005333 286.017853
4.010667 286.008301
4.016000 277.210052
4.021333 277.681183
4.026667 277.814789
4.032000 277.695709
4.037333 277.584839
4.042666 310.265472
4.048000 310.222290
4.053333 8107.285156
4.058667 7934.325684
4.064000 7342.537109
4.069334 6763.463867
4.074667 6791.617676
4.080000 6759.825195
4.085333 6668.513184
4.090667 6648.488281
4.096000 6703.091309
4.101333 6729.526855
4.106667 6669.033691
4.112000 6641.865723
4.117333 6579.369141
4.122667 6328.086914
4.128000 6172.280762
4.133333 6407.692871
4.138667 6885.788086
4.144000 7074.380371
4.149333 7049.496094
4.154667 6967.804688
4.160000 6928.791992
4.165333 6927.820312
4.170667 6933.141602
4.176000 6942.749023
4.181334 6913.434082
4.186666 6810.417969
4.192000 333.577179
4.197333 333.290131
4.202667 297.113403
4.208000 297.372192
4.213333 245.402786
4.218667 250.082855
4.224000 505.809631
4.229333 509.377411
4.234667 512.883484
4.240000 519.187622
4.245333 528.078796
4.250667 119.991493
4.256000 762.548218
4.261333 236.132797
4.266667 236.618454
4.272000 236.452194
4.277333 236.183014
4.282667 236.016205
4.288000 235.890259
4.293334 235.872482
4.298666 236.236420
4.304000 237.196686
4.309333 239.086105
4.314667 242.394302
4.320000 245.254837
4.325333 247.527740
4.330667 250.547409
4.336000 254.552124
4.341333 258.357849
4.346667 261.297638
4.352000 263.805481
4.357333 266.286041
4.362667 268.022675
4.368000 268.946381
4.373333 269.607727
4.378667 269.919708
4.384000 269.687500
4.389333 269.181519
4.394667 268.681641
4.400000 268.269928
4.405334 267.884827
4.410666 267.511536
4.416000 267.219604
4.421333 267.022491
4.426667 266.922333
4.432000 266.892090
4.437333 266.817627
4.442667 266.543579
4.448000 266.015625
4.453333 265.455872
4.458667 265.207153
4.464000 265.326416
4.469333 265.558197
4.474667 265.745392
4.480000 265.979126
4.485333 266.386841
4.490667 266.998352
4.496000 267.763611
4.501333 268.500305
4.506667 269.094727
4.512000 269.508850
4.517334 269.619263
4.522666 269.322144
4.528000 268.756378
4.533333 268.073181
4.538667 267.421967
4.544000 267.133759
4.549333 267.392059
4.554667 267.994598
4.560000 268.591583
4.565333 268.803925
4.570667 268.088898
4.576000 266.231445
4.581333 264.001862
4.586667 262.628387
4.592000 262.887238
4.597333 264.198822
4.602667 265.119202
4.608000 265.198639
4.613333 264.557190
4.618667 263.589508
4.624000 263.033905
4.629333 262.855713
4.634666 262.492126
4.640000 261.900696
4.645333 261.395996
4.650667 261.006592
4.656000 260.474213
4.661334 259.855316
4.666667 259.782013
4.672000 260.397736
4.677333 261.200684
4.682667 261.971741
4.688000 262.904968
4.693333 132.691071
4.698667 133.732895
4.704000 134.683578
4.709333 135.123993
4.714667 134.917648
4.720000 134.327057
4.725333 133.852173
4.730667 206.440903
4.736000 205.327179
4.741333 204.468735
4.746666 204.550751
4.752000 205.022446
4.757333 133.354111
4.762667 133.190399
4.768000 133.093369
4.773334 132.882919
4.778666 104.306755
4.784000 104.511215
4.789333 104.481140
4.794667 104.611168
4.800000 105.266533
4.805333 105.146584
4.810667 138.748749
4.816000 139.051208
4.821333 138.937973
4.826667 104.402412
4.832000 104.340652
4.837333 104.035095
4.842667 103.768661
4.848000 103.663292
4.853333 103.722160
4.858667 103.912758
4.864000 104.134964
4.869333 104.204628
4.874667 104.129456
4.880000 104.072563
4.885334 104.066452
4.890666 104.068420
4.896000 104.081177
4.901333 104.102196
4.906667 104.092018
4.912000 104.030991
4.917333 103.985161
4.922667 103.999847
4.928000 104.083641
4.933333 104.183060
4.938667 104.221375
4.944000 104.163177
4.949333 104.105255
4.954667 104.117424
4.960000 104.148064
4.965333 104.167923
4.970667 104.182640
4.976000 104.205833
4.981333 104.169136
4.986667 104.073982
4.992000 103.985886
4.997334 103.951035
5.002666 103.962975
5.008000 103.968834
5.013333 104.040367
5.018667 103.960060
5.024000 103.678932
5.029333 103.406967
5.034667 103.387688
5.040000 103.543655
5.045333 104.971130
5.050667 104.917076
5.056000 104.917046
5.061333 103.464966
5.066667 103.744186
5.072000 103.922966
5.077333 104.827492
5.082667 104.869484
5.088000 104.862267
5.093333 104.794846
5.098667 104.640450
5.104000 104.358131
5.109334 104.027802
5.114666 103.911896
5.120000 103.903740
5.125333 103.948601
5.130667 104.039635
5.136000 104.095467
5.141333 104.094101
5.146667 104.051918
5.152000 104.051025
5.157333 104.110840
5.162667 104.151642
5.168000 104.165253
5.173333 104.168427
5.178667 104.187706
5.184000 104.168159
5.189333 104.083717
5.194667 104.012596
5.200000 412.955841
5.205333 413.319153
5.210667 413.305878
5.216000 413.133026
5.221334 412.795105
5.226666 412.651154
5.232000 413.056427
5.237333 413.508118
5.242667 413.390930
5.248000 412.823547
5.253334 412.747589
5.258667 412.883728
5.264000 413.123749
5.269333 413.392944
5.274667 413.669312
5.280000 413.879761
5.285333 414.066589
5.290667 414.209198
5.296000 414.042542
5.301333 414.015808
5.306667 413.976898
5.312000 414.079773
5.317333 414.295471
5.322667 414.636353
5.328000 414.934082
5.333333 415.275024
5.338666 415.783722
5.344000 415.946564
5.349333 415.797424
5.354667 415.581543
5.360000 415.673981
5.365334 415.820587
5.370667 415.865112
5.376000 415.870850
5.381333 415.889801
5.386667 415.971802
5.392000 416.032440
5.397333 416.199860
5.402667 416.280914
5.408000 416.320496
5.413333 416.359314
5.418667 416.523346
5.424000 416.737305
5.429333 416.942444
5.434667 417.266907
5.440000 417.368347
5.445333 417.184265
5.450667 416.876312
5.456000 416.899292
5.461333 417.062592
5.466667 417.151367
5.472000 417.170288
5.477334 417.149658
5.482666 417.266052
5.488000 417.398041
5.493333 417.664337
5.498667 417.930969
5.504000 418.272034
5.509333 418.551636
5.514667 418.758789
5.520000 418.742126
5.525333 418.384216
5.530667 418.082123
5.536000 418.182678
5.541333 418.620148
5.546667 418.520294
5.552000 417.884521
5.557333 417.415131
5.562667 417.633240
5.568000 207.847260
5.573333 207.902328
5.578667 103.962166
5.584000 103.901115
5.589334 103.843864
5.594666 103.838432
5.600000 103.903999
5.605333 103.969833
5.610667 104.008163
5.616000 103.986969
5.621333 103.945953
5.626667 207.947037
5.632000 207.916550
5.637333 207.978638
5.642667 208.108047
5.648000 208.289368
5.653333 104.038422
5.658667 103.972244
5.664000 103.955421
5.669333 104.020500
5.674667 208.168060
5.680000 208.226883
5.685333 208.392166
5.690667 417.456207
5.696000 416.864868
5.701334 416.578766
5.706666 416.760590
5.712000 417.233978
5.717333 417.235992
5.722667 416.839386
5.728000 416.413910
5.733333 416.411194
5.738667 416.626770
5.744000 416.657593
5.749333 416.253571
5.754667 415.485596
5.760000 415.048096
5.765333 415.181519
5.770667 415.691132
5.776000 415.738007
5.781333 415.364380
5.786667 414.927155
5.792000 414.838684
5.797333 415.077911
5.802667 415.248169
5.808000 415.236176
5.813334 415.010498
5.818666 414.965912
5.824000 414.964752
5.829333 415.191559
5.834667 415.524872
5.840000 415.739075
5.845333 415.596008
5.850667 415.142334
5.856000 414.730164
5.861333 414.466858
5.866667 414.542480
5.872000 414.663208
5.877333 414.681366
5.882667 414.427063
5.888000 414.290771
5.893333 414.516113
5.898667 414.766724
5.904000 414.740448
5.909333 414.323792
5.914667 414.058533
5.920000 414.096008
5.925333 414.384033
5.930666 414.376129
5.936000 413.954193
5.941333 413.399536
5.946667 413.136719
5.952000 413.419617
5.957334 413.503174
5.962667 412.999542
5.968000 412.037323
5.973333 411.595551
5.978667 411.810181
5.984000 412.340149
5.989333 412.592773
5.994667 412.005615
6.000000 104.427650
6.005333 104.444061
6.010667 104.421799
6.016000 104.371971
6.021333 104.401382
6.026667 104.490250
6.032000 104.555939
6.037333 104.543915
6.042666 104.485291
6.048000 104.473824
6.053333 104.485817
6.058667 104.528526
6.064000 104.532440
6.069334 104.475143
6.074667 104.419838
6.080000 104.410194
6.085333 104.568840
6.090667 104.760818
6.096000 104.832283
6.101333 104.708771
6.106667 104.535889
6.112000 104.480835
6.117333 104.519623
6.122667 104.510246
6.128000 104.322807
6.133333 104.152466
6.138667 104.139763
6.144000 104.383163
6.149333 104.588890
6.154667 104.538277
6.160000 104.319237
6.165333 104.192215
6.170667 104.346489
6.176000 104.527679
6.181334 104.549927
6.186666 104.426804
6.192000 104.288086
6.197333 104.226875
6.202667 104.246483
6.208000 104.303879
6.213333 104.270981
6.218667 104.208122
6.224000 104.137039
6.229333 104.151466
6.234667 104.247017
6.240000 104.400238
6.245333 104.467316
6.250667 104.411064
6.256000 104.341415
6.261333 104.314835
6.266667 104.411125
6.272000 104.506073
6.277333 104.579010
6.282667 104.591507
6.288000 104.581619
6.293334 104.574829
6.298666 104.562782
6.304000 104.569458
6.309333 104.487473
6.314667 104.403107
6.320000 104.344368
6.325333 104.379875
6.330667 104.408844
6.336000 104.405487
6.341333 104.373222
6.346667 104.332603
6.352000 104.352959
6.357333 104.379105
6.362667 104.423569
6.368000 104.433769
6.373333 104.414101
6.378667 104.366089
6.384000 104.360771
6.389333 104.410988
6.394667 104.440804
6.400000 104.455101
6.405334 104.434425
6.410666 104.476280
6.416000 104.514610
6.421333 104.548820
6.426667 104.505272
6.432000 104.411438
6.437333 104.324486
6.442667 104.274727
6.448000 104.308380
6.453333 104.316299
6.458667 104.289642
6.464000 104.198090
6.469333 104.178345
6.474667 104.252197
6.480000 104.369324
6.485333 104.419174
6.490667 104.347801
6.496000 104.274864
6.501333 104.278969
6.506667 104.411842
6.512000 104.499977
6.517334 104.514618
6.522666 104.429901
6.528000 104.349030
6.533333 104.445908
6.538667 104.685638
6.544000 104.925095
6.549333 104.963631
6.554667 104.841888
6.560000 104.665390
6.565333 104.646049
6.570667 104.770645
6.576000 104.848228
6.581333 104.788040
6.586667 104.631165
6.592000 104.570808
6.597333 104.632149
6.602667 104.788811
6.608000 104.865211
6.613333 104.780357
6.618667 104.615433
6.624000 104.492882
6.629333 104.585457
6.634666 104.759262
6.640000 104.835976
6.645333 104.689285
6.650667 104.474808
6.656000 104.439110
6.661334 104.595261
6.666667 104.763733
6.672000 104.779289
6.677333 104.656006
6.682667 104.535545
6.688000 104.584183
6.693333 104.709976
6.698667 104.732765
6.704000 104.629105
6.709333 104.375374
6.714667 104.244713
6.720000 104.268105
6.725333 104.413551
6.730667 104.469086
6.736000 104.402458
6.741333 104.288864
6.746666 104.252365
6.752000 104.349548
6.757333 104.414787
6.762667 104.400238
6.768000 104.317917
6.773334 104.301300
6.778666 104.381355
6.784000 104.511833
6.789333 104.565773
6.794667 104.457466
6.800000 104.376892
6.805333 104.387810
6.810667 104.553642
6.816000 104.645477
6.821333 104.601242
6.826667 104.425385
6.832000 104.325394
6.837333 104.408699
6.842667 104.516457
6.848000 104.531784
6.853333 104.408424
6.858667 104.291428
6.864000 104.217758
6.869333 104.254204
6.874667 104.404312
6.880000 104.480911
6.885334 104.423172
6.890666 104.262566
6.896000 104.198479
6.901333 104.090950
6.906667 103.751495
6.912000 103.590515
6.917333 103.663162
6.922667 103.799171
6.928000 103.881615
6.933333 104.241447
6.938667 104.723602
6.944000 104.665329
6.949333 104.336617
6.954667 103.486580
6.960000 332.720551
6.965333 331.950775
6.970667 105.121002
6.976000 105.100655
6.981333 354.660156
6.986667 336.344574
6.992000 103.647018
6.997334 103.292374
7.002666 103.262367
7.008000 370.577637
7.013333 369.620331
7.018667 368.131866
7.024000 330.951172
7.029333 361.464081
7.034667 361.306244
7.040000 361.235870
7.045333 360.924957
7.050667 360.773651
7.056000 360.677948
7.061333 359.334564
7.066667 345.978424
7.072000 344.196075
7.077333 308.803772
7.082667 307.286957
7.088000 350.105225
7.093333 351.129578
7.098667 352.289581
7.104000 293.538147
7.109334 321.167145
7.114666 323.549988
7.120000 333.607819
7.125333 278.631226
7.130667 278.500854
7.136000 321.745575
7.141333 266.497894
7.146667 264.707977
7.152000 1831.617920
7.157333 1775.873657
7.162667 323.927856
7.168000 321.542633
7.173333 159.938217
7.178667 508.582001
7.184000 503.443604
7.189333 509.493835
7.194667 514.221680
7.200000 106.022072
7.205333 105.603828
7.210667 105.309433
7.216000 105.219559
7.221334 105.077736
7.226666 104.664635
7.232000 104.740715
7.237333 104.978310
7.242667 104.743759
7.248000 104.313072
7.253334 104.132256
7.258667 104.164742
7.264000 367.605316
7.269333 402.196167
7.274667 404.285004
7.280000 198.132065
7.285333 406.937500
7.290667 413.192627
7.296000 418.193085
7.301333 418.572174
7.306667 498.592529
7.312000 104.775963
7.317333 104.971115
7.322667 210.741333
7.328000 210.802689
7.333333 210.957184
7.338666 211.170197
7.344000 211.095062
7.349333 466.400543
7.354667 468.122589
7.360000 211.472137
7.365334 211.259369
7.370667 195.850357
7.376000 195.374954
7.381333 389.192566
7.386667 398.148163
7.392000 407.870361
7.397333 408.880615
7.402667 409.845001
7.408000 400.206573
7.413333 83.065041
7.418667 166.131454
7.424000 163.975571
7.429333 163.870758
7.434667 163.948410
7.440000 169.464584
7.445333 172.823013
7.450667 174.121353
7.456000 186.025696
7.461333 187.888489
7.466667 189.187744
7.472000 189.832550
7.477334 190.185425
7.482666 190.135162
7.488000 189.422363
7.493333 188.390076
7.498667 187.795288
7.504000 187.731812
7.509333 188.248413
7.514667 198.478607
7.520000 199.248352
7.525333 199.678818
7.530667 199.576843
7.536000 199.153992
7.541333 198.606659
7.546667 198.173401
7.552000 198.566513
7.557333 200.369919
7.562667 3725.022949
7.568000 3639.487305
7.573333 3593.628418
7.578667 3564.232666
7.584000 3542.353516
7.589334 3477.770020
7.594666 3355.099609
7.600000 3237.790527
7.605333 3211.351074
7.610667 3228.338623
7.616000 3230.577637
7.621333 3157.609863
7.626667 3055.890869
7.632000 3009.828125
7.637333 178.599213
7.642667 210.075333
7.648000 209.129074
7.653333 208.735916
7.658667 111.588501
7.664000 111.606003
7.669333 235.507141
7.674667 236.064255
7.680000 236.048019
7.685333 155.768051
7.690667 155.101990
7.696000 155.287521
7.701334 213.710983
7.706666 213.904465
7.712000 213.342651
7.717333 211.874466
7.722667 211.753494
7.728000 212.101837
7.733333 212.289581
7.738667 211.760956
7.744000 210.960449
7.749333 155.794525
7.754667 209.188629
7.760000 208.100311
7.765333 207.197021
7.770667 206.586685
7.776000 206.519379
7.781333 206.871674
7.786667 207.103745
7.792000 206.861465
7.797333 206.293274
7.802667 205.999786
7.808000 206.184906
7.813334 206.484177
7.818666 206.311981
7.824000 103.875809
7.829333 103.961189
7.834667 310.074005
7.840000 309.738159
7.845333 308.840668
7.850667 205.182510
7.856000 103.558556
7.861333 103.757278
7.866667 103.929329
7.872000 104.106819
7.877333 104.268333
7.882667 104.341263
7.888000 104.359550
7.893333 104.389336
7.898667 104.400146
7.904000 104.361053
7.909333 104.229744
7.914667 204.625000
7.920000 203.860855
7.925333 203.262970
7.930666 202.613251
7.936000 202.164719
7.941333 202.144119
7.946667 202.084061
7.952000 201.843750
7.957334 201.523666
7.962667 201.402222
7.968000 201.642899
7.973333 201.790451
7.978667 201.968903
7.984000 202.481750
7.989333 203.318787
7.994667 203.550964
8.000000 203.251892
8.005333 203.078934
8.010667 203.161713
8.016000 203.321991
8.021334 104.597366
8.026667 104.539856
8.032000 104.844406
8.037333 105.181450
8.042666 406.508820
8.048000 408.807373
8.053333 103.225594
8.058666 103.097755
8.064000 102.948997
8.069333 102.918327
8.074667 205.160614
8.080000 204.952164
8.085333 204.764069
8.090667 204.539368
8.096000 204.377579
8.101334 204.397629
8.106667 204.695404
8.112000 205.462570
8.117333 206.393616
8.122666 206.887115
8.128000 103.689461
8.133333 103.713875
8.138667 206.962936
8.144000 207.316788
8.149333 207.439896
8.154667 207.285507
8.160000 206.995193
8.165334 206.917130
8.170667 207.241135
8.176000 207.792435
8.181334 104.042229
8.186666 104.214073
8.192000 104.324966
8.197333 208.927505
8.202666 208.756027
8.208000 208.633896
8.213333 208.651718
8.218667 208.872269
8.224000 209.276062
8.229333 417.975342
8.234667 416.372284
8.240000 415.164795
8.245334 416.261139
8.250667 208.573227
8.256000 209.135010
8.261333 209.331818
8.266666 104.601669
8.272000 104.619308
8.277333 104.550797
8.282666 104.481476
8.288000 104.530556
8.293333 104.505379
8.298667 104.350227
8.304000 104.268715
8.309334 209.024689
8.314667 209.359497
8.320000 104.609505
8.325334 104.523163
8.330667 104.463844
8.336000 208.714081
8.341333 209.095642
8.346666 209.190033
8.352000 208.890137
8.357333 208.303879
8.362667 104.174049
8.368000 104.167160
8.373333 104.039047
8.378667 103.843765
8.384000 103.774071
8.389334 207.297226
8.394667 103.830833
8.400000 103.881821
8.405334 103.887314
8.410666 103.860237
8.416000 206.965515
8.421333 207.455612
8.426666 207.765198
8.432000 208.142853
8.437333 208.900620
8.442667 104.695457
8.448000 104.613853
8.453333 104.444008
8.458667 104.321625
8.464000 104.230751
8.469334 104.174126
8.474667 104.251724
8.480000 104.398918
8.485333 104.419640
8.490666 104.298424
8.496000 104.117310
8.501333 104.266273
8.506667 104.455399
8.512000 104.322884
8.517333 103.976463
8.522667 247.040543
8.528000 180.256760
8.533334 253.278976
8.538667 255.825592
8.544000 104.409912
8.549334 104.544975
8.554667 104.743805
8.560000 104.960915
8.565333 105.079872
8.570666 105.101273
8.576000 105.107193
8.581333 105.047806
8.586667 104.891090
8.592000 104.701324
8.597333 104.570724
8.602667 104.564072
8.608000 104.666451
8.613334 104.725716
8.618667 104.687836
8.624000 104.671600
8.629333 104.647743
8.634666 104.551872
8.640000 104.433960
8.645333 104.434006
8.650666 104.351913
8.656000 104.242447
8.661333 207.272293
8.666667 104.575455
8.672000 104.723923
8.677333 104.730652
8.682667 104.648865
8.688000 104.507240
8.693334 104.377914
8.698667 104.376434
8.704000 104.353523
8.709333 104.298439
8.714666 104.482742
8.720000 104.707512
8.725333 104.694740
8.730667 104.490852
8.736000 104.362335
8.741333 104.459198
8.746667 104.605164
8.752000 104.693878
8.757334 104.728020
8.762667 104.674347
8.768000 104.652458
8.773334 104.687721
8.778666 104.629852
8.784000 104.425682
8.789333 104.314056
8.794666 176.083908
8.800000 104.612541
8.805333 104.836014
8.810667 104.944855
8.816000 104.990494
8.821333 104.952225
8.826667 104.818367
8.832000 104.964836
8.837334 105.444511
8.842667 105.561302
8.848000 206.674973
8.853333 209.806305
8.858666 132.746155
8.864000 133.931885
8.869333 134.754150
8.874666 271.159760
8.880000 282.486298
8.885333 284.945068
8.890667 286.065186
8.896000 285.851471
8.901334 285.488678
8.906667 286.056274
8.912000 287.087769
8.917334 287.190887
8.922667 284.956879
8.928000 282.689423
8.933333 281.774414
8.938666 281.498779
8.944000 281.674408
8.949333 282.379242
8.954667 284.020905
8.960000 286.397644
8.965333 288.703278
8.970667 290.997803
8.976000 294.003265
8.981334 297.701660
8.986667 300.323517
8.992000 301.773590
8.997334 303.370209
9.002666 305.094574
9.008000 306.481750
9.013333 308.032166
9.018666 310.682343
9.024000 312.992645
9.029333 313.495087
9.034667 313.454834
9.040000 313.253784
9.045333 312.568878
9.050667 311.577179
9.056000 104.858055
9.061334 104.667458
9.066667 104.553772
9.072000 104.505547
9.077333 104.519333
9.082666 104.548828
9.088000 104.589928
9.093333 312.235138
9.098666 312.483002
9.104000 312.511993
9.109333 312.357666
9.114667 312.167938
9.120000 312.047821
9.125334 311.977631
9.130667 311.879364
9.136000 311.692841
9.141334 311.219055
9.146667 310.529419
9.152000 309.872131
9.157333 309.477448
9.162666 309.427643
9.168000 309.820648
9.173333 310.469147
9.178667 311.018768
9.184000 311.339935
9.189333 311.462433
9.194667 311.521088
9.200000 311.672180
9.205334 311.843994
9.210667 104.455223
9.216000 104.536636
9.221334 104.566559
9.226666 104.513245
9.232000 104.404175
9.237333 104.333405
9.242666 104.314857
9.248000 104.341644
9.253333 104.484726
9.258667 104.892944
9.264000 105.170837
9.269333 155.822174
9.274667 155.653809
9.280000 104.799049
9.285334 104.733971
9.290667 104.804237
9.296000 313.069366
9.301333 313.592163
9.306666 314.017273
9.312000 314.226746
9.317333 314.037323
9.322667 313.600891
9.328000 313.321686
9.333333 313.395905
9.338667 313.413269
9.344000 313.096558
9.349334 312.588043
9.354667 312.170593
9.360000 311.993530
9.365334 312.061523
9.370667 312.197754
9.376000 312.255219
9.381333 312.192780
9.386666 312.125031
9.392000 312.069489
9.397333 312.049591
9.402667 312.188934
9.408000 312.493683
9.413333 104.529251
9.418667 104.536842
9.424000 104.493889
9.429334 615.131775
9.434667 611.057129
9.440000 607.716736
9.445333 104.736519
9.450666 104.906509
9.456000 105.090927
9.461333 105.210052
9.466666 105.296494
9.472000 105.338577
9.477333 314.365387
9.482667 314.016785
9.488000 313.450531
9.493333 312.959595
9.498667 312.699432
9.504000 312.688324
9.509334 312.829010
9.514667 312.992523
9.520000 313.107117
9.525333 313.069885
9.530666 312.927155
9.536000 312.794861
9.541333 312.558167
9.546667 312.063843
9.552000 311.450043
9.557333 310.840240
9.562667 310.383026
9.568000 310.254272
9.573334 310.470520
9.578667 310.899536
9.584000 311.410217
9.589334 311.911377
9.594666 312.304077
9.600000 312.552429
9.605333 312.624512
9.610666 312.360626
9.616000 311.681671
9.621333 310.569946
9.626667 309.024750
9.632000 306.890442
9.637333 304.434692
9.642667 302.145264
9.648000 299.767944
9.653334 296.794617
9.658667 293.397705
9.664000 289.921143
9.669333 286.412506
9.674666 282.936188
9.680000 280.466370
9.685333 279.159332
9.690666 278.087067
9.696000 276.770233
9.701333 275.084106
9.706667 273.292603
9.712000 271.805145
9.717334 270.582275
9.722667 269.308075
9.728000 268.158905
9.733334 267.483551
9.738667 267.121399
9.744000 266.717438
9.749333 266.092773
9.754666 265.484497
9.760000 265.190247
9.765333 265.195648
9.770667 265.263275
9.776000 265.202637
9.781333 264.992065
9.786667 264.659576
9.792000 264.295013
9.797334 264.054352
9.802667 263.890717
9.808000 263.687836
9.813334 263.421692
9.818666 262.893768
9.824000 262.181763
9.829333 261.819824
9.834666 261.822723
9.840000 262.008484
9.845333 262.417877
9.850667 262.555634
9.856000 262.184418
9.861333 131.190842
9.866667 130.941635
9.872000 262.056763
9.877334 262.407410
9.882667 262.508484
9.888000 262.255981
9.893333 261.716553
9.898666 261.418213
9.904000 262.049622
9.909333 263.623474
9.914667 264.049011
9.920000 528.701660
9.925333 526.924133
9.930667 262.908173
9.936000 262.640381
9.941334 262.115051
9.946667 261.330414
9.952000 260.451843
9.957334 259.891754
9.962667 259.541870
9.968000 259.267090
9.973333 259.245575
9.978666 259.404419
9.984000 258.480530
9.989333 256.675201
9.994667 255.228546
10.000000 0.000000
