0.000000 394.629822
0.005333 394.122833
0.010667 394.561554
0.016000 395.274994
0.021333 396.054443
0.026667 396.830109
0.032000 397.562347
0.037333 398.332153
0.042667 399.226349
0.048000 399.983673
0.053333 400.294495
0.058667 400.059387
0.064000 399.324738
0.069333 398.128235
0.074667 397.094208
0.080000 133.047470
0.085333 132.541931
0.090667 395.487213
0.096000 395.744354
0.101333 396.365234
0.106667 397.251862
0.112000 132.513290
0.117333 132.532227
0.122667 132.471176
0.128000 399.224487
0.133333 360.562836
0.138667 360.439026
0.144000 359.561157
0.149333 359.075714
0.154667 359.390564
0.160000 360.533203
0.165333 361.501862
0.170667 361.123138
0.176000 359.108887
0.181333 357.707184
0.186667 357.801147
0.192000 358.009003
0.197333 357.536224
0.202667 356.615631
0.208000 355.799530
0.213333 355.598145
0.218667 356.429901
0.224000 358.605255
0.229333 362.102020
0.234667 365.453766
0.240000 370.426178
0.245333 380.800568
0.250667 386.105865
0.256000 388.671204
0.261333 391.192780
0.266667 393.693146
0.272000 396.877014
0.277333 400.605713
0.282667 403.307861
0.288000 405.093872
0.293333 201.567596
0.298667 200.837250
0.304000 199.484894
0.309333 198.969376
0.314667 198.984314
0.320000 397.534119
0.325333 395.858337
0.330667 393.964935
0.336000 392.602600
0.341333 391.777161
0.346667 391.091156
0.352000 390.255524
0.357333 389.306763
0.362667 388.423859
0.368000 193.831985
0.373333 193.512833
0.378667 201.424179
0.384000 401.794159
0.389333 401.508362
0.394667 200.577957
0.400000 200.288010
0.405333 133.424774
0.410667 133.135635
0.416000 132.766785
0.421333 132.466248
0.426667 132.239441
0.432000 132.072784
0.437333 131.895813
0.442667 78.938316
0.448000 79.042976
0.453333 78.610603
0.458667 134.793716
0.464000 133.936172
0.469333 133.561447
0.474667 132.874176
0.480000 132.761627
0.485333 5322.377441
0.490667 5172.843262
0.496000 4944.934082
0.501333 4651.742676
0.506667 4404.628906
0.512000 384.410889
0.517333 381.612213
0.522667 384.108093
0.528000 391.261047
0.533333 396.483887
0.538667 399.117920
0.544000 400.356445
0.549333 400.995270
0.554667 401.407196
0.560000 401.708710
0.565333 401.741241
0.570667 401.466278
0.576000 400.785370
0.581333 399.805573
0.586667 399.197876
0.592000 399.243286
0.597333 399.201019
0.602667 398.394470
0.608000 395.585297
0.613333 388.730438
0.618667 384.487823
0.624000 817.559509
0.629333 826.878418
0.634667 380.390625
0.640000 383.751160
0.645333 386.105194
0.650667 387.120239
0.656000 389.625488
0.661333 391.782684
0.666667 194.919937
0.672000 195.495743
0.677333 195.702454
0.682667 195.834518
0.688000 392.223724
0.693333 392.674194
0.698667 393.365082
0.704000 393.899414
0.709333 393.934204
0.714667 393.573883
0.720000 392.928040
0.725333 391.940460
0.730667 390.609406
0.736000 389.091461
0.741333 388.208008
0.746667 390.925690
0.752000 393.031372
0.757333 392.906769
0.762667 393.521118
0.768000 198.376724
0.773333 156.138763
0.778667 155.083206
0.784000 111.352234
0.789333 111.228027
0.794667 111.144882
0.800000 97.815796
0.805333 65.373543
0.810667 65.566719
0.816000 78.460617
0.821333 78.460808
0.826667 78.411324
0.832000 130.308594
0.837333 130.457138
0.842667 130.639465
0.848000 130.841965
0.853333 131.092239
0.858667 131.294647
0.864000 395.514069
0.869333 398.416351
0.874667 483.427460
0.880000 152.702774
0.885333 243.529572
0.890667 241.166779
0.896000 240.825546
0.901333 241.186310
0.906667 597.229370
0.912000 595.289917
0.917333 408.725708
0.922667 406.542023
0.928000 459.071838
0.933333 454.872498
0.938667 451.486847
0.944000 449.332092
0.949333 224.465210
0.954667 451.024567
0.960000 454.496643
0.965333 460.748352
0.970667 472.562317
0.976000 480.279846
0.981333 484.124512
0.986667 486.369080
0.992000 487.277679
0.997333 486.167084
1.002667 482.013672
1.008000 480.540558
1.013333 482.309143
1.018667 481.001190
1.024000 474.082764
1.029333 467.013184
1.034667 110.936577
1.040000 452.384369
1.045333 2114.223145
1.050667 160.040344
1.056000 159.781052
1.061333 159.666382
1.066667 159.430664
1.072000 243.573959
1.077333 242.451096
1.082667 512.514526
1.088000 501.078339
1.093333 496.641663
1.098667 500.872498
1.104000 534.980713
1.109333 259.364441
1.114667 234.876297
1.120000 234.936142
1.125333 164.200150
1.130667 165.261795
1.136000 165.629440
1.141333 0.000000
1.146667 103.823120
1.152000 102.980682
1.157333 102.871078
1.162667 111.283768
1.168000 111.022079
1.173333 202.912292
1.178667 261.943115
1.184000 262.966888
1.189333 263.403870
1.194667 262.671265
1.200000 261.049347
1.205333 259.625427
1.210667 258.506012
1.216000 257.039520
1.221333 255.181290
1.226667 255.310791
1.232000 258.142426
1.237333 259.572601
1.242667 260.152893
1.248000 260.468292
1.253333 260.539429
1.258667 129.864502
1.264000 129.564392
1.269333 280.172180
1.274667 261.158417
1.280000 92.156464
1.285333 261.010590
1.290667 260.836395
1.296000 260.723419
1.301333 260.942047
1.306667 104.807587
1.312000 74.675797
1.317333 74.725563
1.322667 77.352150
1.328000 65.436218
1.333333 130.884903
1.338667 130.884003
1.344000 130.831726
1.349333 130.651688
1.354667 3856.196045
1.360000 3944.613281
1.365333 3987.289551
1.370667 0.000000
1.376000 94.342590
1.381333 0.000000
1.386667 131.140747
1.392000 131.614105
1.397333 174.205658
1.402667 187.526840
1.408000 188.183945
1.413333 188.752213
1.418667 203.331375
1.424000 203.639374
1.429333 203.485947
1.434667 202.957886
1.440000 202.249756
1.445333 201.139252
1.450667 199.494598
1.456000 198.088501
1.461333 196.648911
1.466667 193.428085
1.472000 193.150391
1.477333 192.776825
1.482667 387.302032
1.488000 390.490723
1.493333 396.327423
1.498667 398.937469
1.504000 400.167542
1.509333 393.478363
1.514667 390.102448
1.520000 46.875000
1.525333 166.865570
1.530667 166.462158
1.536000 165.409149
1.541333 115.252922
1.546667 115.004501
1.552000 112.949928
1.557333 130.481216
1.562667 130.823792
1.568000 130.881699
1.573333 130.794098
1.578667 130.724106
1.584000 130.749069
1.589333 130.820618
1.594667 130.920654
1.600000 131.027802
1.605333 131.179977
1.610667 131.407196
1.616000 975.414307
1.621333 972.105652
1.626667 808.593445
1.632000 235.148605
1.637333 342.642517
1.642667 343.445618
1.648000 258.296356
1.653333 0.000000
1.658667 1121.518188
1.664000 1115.533203
1.669333 247.492493
1.674667 249.060349
1.680000 252.407257
1.685333 253.615936
1.690667 254.004669
1.696000 254.680435
1.701333 255.128998
1.706667 254.946106
1.712000 255.649048
1.717333 130.314713
1.722667 130.525345
1.728000 260.794220
1.733333 261.027954
1.738667 261.037323
1.744000 261.883575
1.749333 131.083313
1.754667 131.054077
1.760000 131.001129
1.765333 131.050797
1.770667 131.163422
1.776000 131.291168
1.781333 262.687653
1.786667 262.858551
1.792000 262.773682
1.797333 262.389130
1.802667 262.776581
1.808000 263.356018
1.813333 263.400513
1.818667 262.966705
1.824000 149.772079
1.829333 131.174896
1.834667 131.070618
1.840000 130.938141
1.845333 130.779160
1.850667 116.024796
1.856000 115.810638
1.861333 4331.537109
1.866667 4347.121094
1.872000 4351.845703
1.877333 4323.113770
1.882667 4201.564453
1.888000 335.865845
1.893333 336.404633
1.898667 342.929199
1.904000 356.378571
1.909333 359.874725
1.914667 363.249054
1.920000 378.121613
1.925333 383.684875
1.930667 389.270630
1.936000 397.195099
1.941333 401.672913
1.946667 403.765564
1.952000 403.740723
1.957333 402.272430
1.962667 400.221375
1.968000 398.037140
1.973333 395.269531
1.978667 391.358551
1.984000 387.882874
1.989333 386.510223
1.994667 387.342010
2.000000 389.341156
2.005333 391.450500
2.010667 199.864670
2.016000 207.693817
2.021333 206.709595
2.026667 136.233963
2.032000 136.419952
2.037333 136.575027
2.042667 131.210693
2.048000 131.024597
2.053333 130.775528
2.058667 130.501419
2.064000 130.553955
2.069333 130.970306
2.074667 131.010803
2.080000 130.672409
2.085333 130.606247
2.090667 130.793213
2.096000 130.929108
2.101333 130.941910
2.106667 130.919952
2.112000 130.916809
2.117333 130.857452
2.122667 130.724030
2.128000 124.993690
2.133333 94.958527
2.138667 220.756714
2.144000 220.200394
2.149333 219.636353
2.154667 699.838501
2.160000 350.605225
2.165333 121.570686
2.170667 121.685432
2.176000 243.817276
2.181333 253.364929
2.186667 253.873642
2.192000 254.432968
2.197333 254.772583
2.202667 255.204742
2.208000 255.554382
2.213333 255.703339
2.218667 255.966278
2.224000 256.427856
2.229333 256.675690
2.234667 256.630310
2.240000 256.765289
2.245333 258.025665
2.250667 259.991089
2.256000 261.482849
2.261333 262.898804
2.266667 264.168976
2.272000 265.626190
2.277333 130.661743
2.282667 130.911423
2.288000 130.976807
2.293333 130.816055
2.298667 130.898697
2.304000 131.114120
2.309333 131.040680
2.314667 130.757477
2.320000 130.623077
2.325333 130.706909
2.330667 130.813065
2.336000 130.799606
2.341333 130.706757
2.346667 130.678391
2.352000 130.772018
2.357333 130.889740
2.362667 130.976791
2.368000 131.019302
2.373333 130.868958
2.378667 266.604462
2.384000 266.459381
2.389333 266.190033
2.394667 265.638550
2.400000 86.902069
2.405333 0.000000
2.410667 130.634903
2.416000 130.506958
2.421333 130.421280
2.426667 96.024590
2.432000 130.844315
2.437333 135.029755
2.442667 203.834000
2.448000 203.918777
2.453333 407.420349
2.458667 203.293915
2.464000 202.508606
2.469333 201.409653
2.474667 130.539490
2.480000 385.006927
2.485333 191.494537
2.490667 190.957596
2.496000 191.451126
2.501333 193.026840
2.506667 194.993393
2.512000 196.598816
2.517333 197.588303
2.522667 198.571182
2.528000 208.172928
2.533333 209.037201
2.538667 208.743896
2.544000 208.182877
2.549333 65.381996
2.554667 65.381027
2.560000 205.883362
2.565333 194.733658
2.570667 194.433884
2.576000 193.714569
2.581333 192.402557
2.586667 191.778336
2.592000 4272.429688
2.597333 4260.252441
2.602667 4246.856934
2.608000 98.596375
2.613333 197.471054
2.618667 777.919189
2.624000 797.592590
2.629333 376.267548
2.634667 371.615753
2.640000 708.762634
2.645333 0.000000
2.650667 333.630798
2.656000 332.909760
2.661333 195.536057
2.666667 195.014938
2.672000 194.367371
2.677333 193.479538
2.682667 556.329468
2.688000 135.463593
2.693333 271.702057
2.698667 269.199982
2.704000 266.160645
2.709333 263.711792
2.714667 262.798096
2.720000 261.773621
2.725333 260.334839
2.730667 259.675537
2.736000 259.390167
2.741333 259.198090
2.746667 259.295105
2.752000 259.771118
2.757333 260.506989
2.762667 261.213196
2.768000 261.789520
2.773333 262.308289
2.778667 262.839081
2.784000 131.681107
2.789333 131.687698
2.794667 131.449631
2.800000 131.113419
2.805333 130.888031
2.810667 133.254135
2.816000 134.069611
2.821333 74.808578
2.826667 85.127380
2.832000 130.716461
2.837333 130.630020
2.842667 130.586517
2.848000 130.591766
2.853333 130.619934
2.858667 130.663574
2.864000 130.778946
2.869333 260.697174
2.874667 259.794495
2.880000 258.417267
2.885333 257.300659
2.890667 98.420891
2.896000 189.159485
2.901333 189.107269
2.906667 189.004135
2.912000 188.852280
2.917333 188.792892
2.922667 377.360321
2.928000 381.150452
2.933333 387.209320
2.938667 393.669495
2.944000 398.262238
2.949333 400.681610
2.954667 401.308655
2.960000 400.604187
2.965333 398.354065
2.970667 394.297943
2.976000 390.125122
2.981333 387.382324
2.986667 385.466278
2.992000 383.882202
2.997333 383.072632
3.002667 383.395111
3.008000 384.948547
3.013333 388.392090
3.018667 392.484436
3.024000 396.178253
3.029333 399.326111
3.034667 401.836304
3.040000 130.995163
3.045333 130.916870
3.050667 130.779190
3.056000 130.701065
3.061333 130.742035
3.066667 130.683624
3.072000 130.640137
3.077333 130.693008
3.082667 130.757736
3.088000 130.788269
3.093333 130.749649
3.098667 130.666733
3.104000 130.691940
3.109333 130.873444
3.114667 131.060211
3.120000 131.020386
3.125333 130.823425
3.130667 260.441437
3.136000 130.572464
3.141333 163.202118
3.146667 163.205872
3.152000 112.210571
3.157333 122.802910
3.162667 122.838005
3.168000 97.886299
3.173333 0.000000
3.178667 0.000000
3.184000 623.548706
3.189333 309.621399
3.194667 122.110893
3.200000 130.903534
3.205333 259.252106
3.210667 260.256104
3.216000 130.391342
3.221333 130.454086
3.226667 130.626419
3.232000 130.732574
3.237333 130.779083
3.242667 261.595001
3.248000 261.941803
3.253333 262.164856
3.258667 262.245087
3.264000 262.166626
3.269333 261.882019
3.274667 130.646469
3.280000 130.612122
3.285333 130.697769
3.290667 130.963974
3.296000 131.020584
3.301333 130.849152
3.306667 130.840881
3.312000 131.050186
3.317333 131.162903
3.322667 131.116531
3.328000 130.602249
3.333333 130.382217
3.338667 130.361481
3.344000 130.713562
3.349333 130.809418
3.354667 130.843765
3.360000 131.026230
3.365333 131.383102
3.370667 131.301544
3.376000 131.010483
3.381333 130.848114
3.386667 130.999008
3.392000 356.950378
3.397333 358.428009
3.402667 359.587067
3.408000 362.092194
3.413333 390.824738
3.418667 394.893341
3.424000 398.391785
3.429333 400.557434
3.434667 401.969391
3.440000 402.787048
3.445333 402.649689
3.450667 401.138733
3.456000 397.214539
3.461333 389.737518
3.466667 384.466278
3.472000 383.010376
3.477333 382.660675
3.482667 382.941193
3.488000 384.607727
3.493333 388.806427
3.498667 395.002502
3.504000 398.478210
3.509333 398.097534
3.514667 396.766174
3.520000 394.450989
3.525333 391.668274
3.530667 131.082794
3.536000 131.173874
3.541333 131.006027
3.546667 130.820374
3.552000 130.874817
3.557333 261.887146
3.562667 262.338623
3.568000 0.000000
3.573333 173.707947
3.578667 130.630554
3.584000 130.714432
3.589333 130.879730
3.594667 130.966919
3.600000 130.956604
3.605333 130.825851
3.610667 130.502579
3.616000 130.381561
3.621333 87.512642
3.626667 131.026215
3.632000 130.852936
3.637333 130.438354
3.642667 129.991653
3.648000 0.000000
3.653333 0.000000
3.658667 0.000000
3.664000 0.000000
3.669333 248.155045
3.674667 249.114258
3.680000 250.372742
3.685333 251.733292
3.690667 254.086517
3.696000 256.652588
3.701333 258.399933
3.706667 260.005280
3.712000 261.614105
3.717333 131.639389
3.722667 132.249634
3.728000 264.430145
3.733333 263.354126
3.738667 261.589417
3.744000 260.389008
3.749333 259.587738
3.754667 259.037354
3.760000 258.750580
3.765333 259.034393
3.770667 260.339508
3.776000 262.056458
3.781333 263.498749
3.786667 264.367828
3.792000 264.484650
3.797333 263.986572
3.802667 262.797119
3.808000 127.406639
3.813333 127.223137
3.818667 0.000000
3.824000 2119.453857
3.829333 2143.075684
3.834667 258.006256
3.840000 261.847748
3.845333 130.881409
3.850667 130.907928
3.856000 131.004395
3.861333 131.099579
3.866667 131.068008
3.872000 130.916946
3.877333 130.832581
3.882667 130.776886
3.888000 130.470490
3.893333 130.262802
3.898667 130.485977
3.904000 136.181458
3.909333 173.122314
3.914667 212.538864
3.920000 211.450027
3.925333 110.655624
3.930667 106.034126
3.936000 124.773544
3.941333 376.537262
3.946667 380.071869
3.952000 384.475983
3.957333 390.094116
3.962667 394.841492
3.968000 397.971436
3.973333 399.658020
3.978667 400.072998
3.984000 399.828949
3.989333 399.343475
3.994667 398.722748
4.000000 398.037842
4.005333 397.514008
4.010667 397.117065
4.016000 396.574768
4.021333 395.020294
4.026667 130.865356
4.032000 130.665405
4.037333 130.374512
4.042666 126.953018
4.048000 392.596619
4.053333 392.958710
4.058667 392.732941
4.064000 392.598938
4.069334 392.905731
4.074667 393.451691
4.080000 393.928467
4.085333 394.293915
4.090667 394.552124
4.096000 394.690796
4.101333 394.610443
4.106667 393.913361
4.112000 392.081390
4.117333 389.578003
4.122667 387.524414
4.128000 385.986877
4.133333 384.144745
4.138667 381.521637
4.144000 174.824493
4.149333 174.518417
4.154667 174.079834
4.160000 350.277466
4.165333 149.664673
4.170667 149.181473
4.176000 348.679230
4.181334 350.153900
4.186666 131.639633
4.192000 129.384338
4.197333 129.153732
4.202667 129.242233
4.208000 130.031586
4.213333 130.551605
4.218667 130.675537
4.224000 130.458725
4.229333 130.380661
4.234667 130.613052
4.240000 130.924225
4.245333 131.174408
4.250667 263.917999
4.256000 263.812408
4.261333 263.010284
4.266667 262.155304
4.272000 261.643738
4.277333 261.328705
4.282667 261.110596
4.288000 261.014465
4.293334 260.823029
4.298666 260.195068
4.304000 259.374817
4.309333 258.666260
4.314667 258.191620
4.320000 258.000061
4.325333 257.984375
4.330667 257.979828
4.336000 258.497345
4.341333 260.022156
4.346667 261.019012
4.352000 261.054779
4.357333 260.821106
4.362667 260.878418
4.368000 130.526123
4.373333 130.656082
4.378667 130.693604
4.384000 130.749130
4.389333 130.792252
4.394667 130.657043
4.400000 130.385223
4.405334 130.309250
4.410666 130.662216
4.416000 131.774033
4.421333 174.848785
4.426667 175.466309
4.432000 176.177780
4.437333 122.207237
4.442667 122.159470
4.448000 120.170708
4.453333 784.817017
4.458667 386.068054
4.464000 389.268250
4.469333 392.401825
4.474667 396.572906
4.480000 401.325409
4.485333 404.355438
4.490667 405.567078
4.496000 405.237762
4.501333 403.513245
4.506667 401.485229
4.512000 400.194427
4.517334 399.760376
4.522666 400.088806
4.528000 400.889893
4.533333 401.793396
4.538667 402.338776
4.544000 402.443054
4.549333 402.437286
4.554667 402.191467
4.560000 401.582764
4.565333 400.929626
4.570667 262.480652
4.576000 263.228394
4.581333 130.664093
4.586667 130.505615
4.592000 130.692322
4.597333 130.765335
4.602667 130.558426
4.608000 130.464905
4.613333 130.559906
4.618667 130.632187
4.624000 130.575653
4.629333 130.540878
4.634666 130.583359
4.640000 130.526840
4.645333 140.071594
4.650667 846.115417
4.656000 839.117004
4.661334 848.044128
4.666667 879.176636
4.672000 905.222473
4.677333 112.387581
4.682667 241.779053
4.688000 241.347366
4.693333 0.000000
4.698667 127.145760
4.704000 294.654266
4.709333 293.223724
4.714667 98.472427
4.720000 0.000000
4.725333 261.310211
4.730667 262.143158
4.736000 264.868317
4.741333 266.600800
4.746666 267.595917
4.752000 267.949585
4.757333 266.465637
4.762667 263.689392
4.768000 262.929504
4.773334 262.945007
4.778666 262.996185
4.784000 262.995117
4.789333 263.257233
4.794667 263.993195
4.800000 265.545349
4.805333 132.951538
4.810667 124.758217
4.816000 124.822937
4.821333 107.778580
4.826667 102.479004
4.832000 87.998093
4.837333 131.628357
4.842667 131.179962
4.848000 130.861618
4.853333 130.773636
4.858667 130.754044
4.864000 130.686569
4.869333 130.577087
4.874667 130.517242
4.880000 130.526642
4.885334 130.638031
4.890666 130.818512
4.896000 130.890854
4.901333 130.921555
4.906667 131.150085
4.912000 0.000000
4.917333 0.000000
4.922667 697.440674
4.928000 343.819580
4.933333 0.000000
4.938667 0.000000
4.944000 302.047363
4.949333 301.725464
4.954667 0.000000
4.960000 960.706848
4.965333 384.349487
4.970667 388.006775
4.976000 393.791718
4.981333 398.713043
4.986667 400.981323
4.992000 401.792633
4.997334 401.630524
5.002666 400.913605
5.008000 400.146515
5.013333 399.918671
5.018667 400.384216
5.024000 400.796692
5.029333 400.386475
5.034667 399.120300
5.040000 397.893127
5.045333 396.768311
5.050667 395.069672
5.056000 392.454224
5.061333 388.795288
5.066667 384.500732
5.072000 190.287613
5.077333 189.778015
5.082667 189.300781
5.088000 130.713989
5.093333 130.812515
5.098667 130.754395
5.104000 130.717255
5.109334 130.833099
5.114666 130.894012
5.120000 130.814713
5.125333 130.727341
5.130667 130.462631
5.136000 130.007706
5.141333 259.517853
5.146667 130.637100
5.152000 130.904739
5.157333 117.404449
5.162667 177.164444
5.168000 177.909515
5.173333 187.637726
5.178667 179.241165
5.184000 129.070602
5.189333 114.758087
5.194667 104.793686
5.200000 103.342285
5.205333 97.881935
5.210667 97.343437
5.216000 66.952003
5.221334 203.960297
5.226666 204.063690
5.232000 92.057678
5.237333 100.963692
5.242667 65.025505
5.248000 0.000000
5.253334 98.625275
5.258667 109.774193
5.264000 109.582809
5.269333 109.537376
5.274667 84.220467
5.280000 85.692444
5.285333 176.262985
5.290667 176.766785
5.296000 72.559654
5.301333 72.716019
5.306667 72.851250
5.312000 61.864948
5.317333 92.808952
5.322667 184.445541
5.328000 184.359695
5.333333 184.659348
5.338666 185.259659
5.344000 185.575012
5.349333 185.490036
5.354667 92.599846
5.360000 92.473083
5.365334 369.506775
5.370667 368.576477
5.376000 367.616943
5.381333 367.210388
5.386667 367.348419
5.392000 367.703247
5.397333 367.613007
5.402667 182.896927
5.408000 182.134705
5.413333 181.114288
5.418667 180.252228
5.424000 180.706879
5.429333 181.372314
5.434667 182.210754
5.440000 189.040634
5.445333 192.399582
5.450667 194.201096
5.456000 391.095001
5.461333 391.499512
5.466667 391.394135
5.472000 390.771393
5.477334 194.164337
5.482666 193.667389
5.488000 193.475067
5.493333 385.291962
5.498667 385.390015
5.504000 386.135437
5.509333 386.812042
5.514667 387.462036
5.520000 388.529755
5.525333 389.961975
5.530667 391.131134
5.536000 391.862091
5.541333 392.420074
5.546667 392.810608
5.552000 392.743164
5.557333 391.935974
5.562667 195.851562
5.568000 164.805939
5.573333 157.283005
5.578667 130.365738
5.584000 97.896851
5.589334 97.749237
5.594666 194.886139
5.600000 391.195953
5.605333 391.492859
5.610667 391.726593
5.616000 391.819153
5.621333 391.737396
5.626667 391.514862
5.632000 391.204285
5.637333 390.775543
5.642667 390.090363
5.648000 388.060242
5.653333 384.815582
5.658667 379.924377
5.664000 375.318939
5.669333 694.394775
5.674667 356.389343
5.680000 138.270584
5.685333 138.028976
5.690667 316.001251
5.696000 317.009003
5.701334 252.895706
5.706666 195.571014
5.712000 195.602859
5.717333 196.347412
5.722667 197.078018
5.728000 197.546387
5.733333 197.399994
5.738667 197.203506
5.744000 388.029480
5.749333 392.223572
5.754667 394.798553
5.760000 395.426453
5.765333 395.768646
5.770667 395.639130
5.776000 394.638123
5.781333 392.878723
5.786667 391.173309
5.792000 391.874298
5.797333 396.548859
5.802667 399.017120
5.808000 398.293365
5.813334 396.829834
5.818666 396.017609
5.824000 395.743744
5.829333 395.858765
5.834667 396.032898
5.840000 395.784058
5.845333 395.000214
5.850667 394.010559
5.856000 393.912201
5.861333 394.762939
5.866667 395.466339
5.872000 395.799774
5.877333 395.923218
5.882667 395.940918
5.888000 395.964386
5.893333 395.873962
5.898667 395.133575
5.904000 393.709137
5.909333 391.979095
5.914667 390.576080
5.920000 390.344452
5.925333 391.063019
5.930666 390.859253
5.936000 384.384766
5.941333 375.425812
5.946667 373.500153
5.952000 191.213181
5.957334 191.584366
5.962667 417.909668
5.968000 416.460968
5.973333 415.903503
5.978667 415.800903
5.984000 415.640106
5.989333 415.026459
5.994667 413.427826
6.000000 410.951508
6.005333 409.494385
6.010667 409.000275
6.016000 408.826050
6.021333 409.036652
6.026667 410.405579
6.032000 412.951080
6.037333 413.442352
6.042666 412.292267
6.048000 411.457977
6.053333 411.481293
6.058667 412.184418
6.064000 413.248383
6.069334 207.532166
6.074667 207.708023
6.080000 415.471741
6.085333 416.289276
6.090667 416.769226
6.096000 416.740540
6.101333 416.103668
6.106667 415.233521
6.112000 415.059296
6.117333 415.021240
6.122667 414.980164
6.128000 415.035828
6.133333 415.189819
6.138667 415.191498
6.144000 415.455536
6.149333 416.576141
6.154667 417.530914
6.160000 417.455383
6.165333 416.564423
6.170667 222.748688
6.176000 222.166824
6.181334 165.505783
6.186666 165.301865
6.192000 206.705246
6.197333 206.843201
6.202667 206.987549
6.208000 207.231857
6.213333 207.716904
6.218667 207.902039
6.224000 415.034180
6.229333 414.115631
6.234667 413.149536
6.240000 413.190796
6.245333 413.856598
6.250667 414.219543
6.256000 208.942978
6.261333 208.871811
6.266667 208.371033
6.272000 207.580780
6.277333 207.305771
6.282667 207.538467
6.288000 207.736465
6.293334 337.980652
6.298666 337.537872
6.304000 418.061707
6.309333 416.754242
6.314667 1760.561890
6.320000 1715.481323
6.325333 1688.291626
6.330667 1710.779175
6.336000 1787.970215
6.341333 1949.170776
6.346667 1997.638794
6.352000 1810.443604
6.357333 1751.307861
6.362667 1744.021240
6.368000 418.613098
6.373333 418.156372
6.378667 416.880310
6.384000 414.631683
6.389333 413.226807
6.394667 830.933228
6.400000 1736.776367
6.405334 1694.092773
6.410666 1625.533813
6.416000 1551.850830
6.421333 377.642639
6.426667 0.000000
6.432000 215.712906
6.437333 206.771133
6.442667 204.101181
6.448000 108.452179
6.453333 103.904762
6.458667 94.675476
6.464000 93.412758
6.469333 66.544151
6.474667 67.664742
6.480000 0.000000
6.485333 87.564346
6.490667 96.838539
6.496000 101.023849
6.501333 102.665321
6.506667 108.277901
6.512000 108.462761
6.517334 108.936134
6.522666 198.304764
6.528000 199.460358
6.533333 201.221848
6.538667 201.268234
6.544000 199.122437
6.549333 197.946899
6.554667 195.258499
6.560000 194.550781
6.565333 194.829269
6.570667 98.099457
6.576000 98.050171
6.581333 99.498123
6.586667 220.468582
6.592000 221.144562
6.597333 198.986420
6.602667 197.773331
6.608000 196.958359
6.613333 196.288528
6.618667 196.047913
6.624000 198.034012
6.629333 199.434326
6.634666 198.387894
6.640000 198.083893
6.645333 197.563660
6.650667 840.010803
6.656000 827.954407
6.661334 829.592529
6.666667 256.745026
6.672000 257.445465
6.677333 258.092834
6.682667 0.000000
6.688000 316.758881
6.693333 619.403198
6.698667 89.542229
6.704000 0.000000
6.709333 0.000000
6.714667 427.390625
6.720000 1196.846191
6.725333 1145.692749
6.730667 1065.292603
6.736000 0.000000
6.741333 0.000000
6.746666 1023.119568
6.752000 1020.958984
6.757333 1012.104980
6.762667 1021.258850
6.768000 1022.865662
6.773334 608.556335
6.778666 609.166748
6.784000 0.000000
6.789333 254.640549
6.794667 250.339844
6.800000 250.017899
6.805333 110.334328
6.810667 112.291939
6.816000 112.501511
6.821333 121.544395
6.826667 129.863998
6.832000 92.170052
6.837333 0.000000
6.842667 71.875969
6.848000 71.828491
6.853333 74.343445
6.858667 74.300179
6.864000 116.105034
6.869333 109.118507
6.874667 109.155190
6.880000 109.301567
6.885334 102.397102
6.890666 202.906891
6.896000 201.916718
6.901333 100.189735
6.906667 1876.234497
6.912000 1871.322876
6.917333 1807.348267
6.922667 1730.365967
6.928000 367.903625
6.933333 366.722229
6.938667 0.000000
6.944000 2263.293945
6.949333 2325.972412
6.954667 2398.853271
6.960000 174.205963
6.965333 128.520691
6.970667 128.314987
6.976000 128.622467
6.981333 145.839401
6.986667 0.000000
6.992000 97.435242
6.997334 804.968018
7.002666 797.926575
7.008000 799.177307
7.013333 805.057983
7.018667 805.054749
7.024000 312.471710
7.029333 106.916664
7.034667 1714.810913
7.040000 1687.727783
7.045333 1725.368042
7.050667 292.365448
7.056000 287.050201
7.061333 284.451508
7.066667 320.092804
7.072000 300.532074
7.077333 297.974182
7.082667 276.519989
7.088000 262.709961
7.093333 263.141418
7.098667 207.148987
7.104000 6259.984375
7.109334 11726.889648
7.114666 11761.778320
7.120000 11640.663086
7.125333 11583.126953
7.130667 11702.813477
7.136000 11859.901367
7.141333 11978.203125
7.146667 12057.056641
7.152000 12170.580078
7.157333 0.000000
7.162667 93.009537
7.168000 0.000000
7.173333 168.856567
7.178667 169.834946
7.184000 111.255142
7.189333 111.508324
7.194667 103.757835
7.200000 95.296097
7.205333 91.327522
7.210667 358.301331
7.216000 358.972900
7.221334 359.068359
7.226666 358.653778
7.232000 357.818451
7.237333 356.197357
7.242667 353.763306
7.248000 351.955627
7.253334 351.010651
7.258667 351.025269
7.264000 352.170166
7.269333 354.785767
7.274667 359.368225
7.280000 365.538422
7.285333 371.052795
7.290667 376.105896
7.296000 380.275970
7.301333 383.045868
7.306667 383.806671
7.312000 369.174469
7.317333 370.629089
7.322667 374.048859
7.328000 388.912140
7.333333 397.393036
7.338666 401.818207
7.344000 404.491943
7.349333 403.223145
7.354667 400.292633
7.360000 397.830353
7.365334 394.089630
7.370667 390.249603
7.376000 388.724304
7.381333 389.201569
7.386667 390.338531
7.392000 390.115356
7.397333 387.006927
7.402667 382.778107
7.408000 379.679535
7.413333 374.957397
7.418667 365.765350
7.424000 351.194611
7.429333 172.392059
7.434667 358.461487
7.440000 361.955627
7.445333 367.522339
7.450667 369.534729
7.456000 0.000000
7.461333 223.862167
7.466667 203.407532
7.472000 397.204468
7.477334 396.245117
7.482666 396.598267
7.488000 397.896606
7.493333 399.719666
7.498667 401.244873
7.504000 402.236328
7.509333 402.641937
7.514667 403.072723
7.520000 403.667603
7.525333 403.715546
7.530667 402.815735
7.536000 400.196777
7.541333 357.673950
7.546667 366.302277
7.552000 369.743103
7.557333 377.301392
7.562667 378.857391
7.568000 379.883514
7.573333 382.357330
7.578667 388.245392
7.584000 399.115479
7.589334 400.730286
7.594666 200.335617
7.600000 200.465942
7.605333 200.489685
7.610667 133.566025
7.616000 133.483994
7.621333 133.526123
7.626667 401.405457
7.632000 402.351624
7.637333 403.399414
7.642667 404.172729
7.648000 404.411407
7.653333 404.303101
7.658667 404.196472
7.664000 404.199707
7.669333 404.141937
7.674667 403.885223
7.680000 403.431183
7.685333 402.536011
7.690667 222.878540
7.696000 363.523834
7.701334 364.852539
7.706666 367.706451
7.712000 367.218048
7.717333 136.461624
7.722667 175.302261
7.728000 175.953979
7.733333 983.385559
7.738667 177.669312
7.744000 353.914154
7.749333 351.321381
7.754667 350.977966
7.760000 351.199615
7.765333 350.547180
7.770667 348.407532
7.776000 308.352020
7.781333 345.956787
7.786667 111.644547
7.792000 121.119362
7.797333 121.440887
7.802667 361.245575
7.808000 363.227478
7.813334 418.013763
7.818666 369.700897
7.824000 371.048157
7.829333 370.029236
7.834667 367.969269
7.840000 130.929642
7.845333 131.054535
7.850667 131.585709
7.856000 199.729630
7.861333 199.911423
7.866667 399.716248
7.872000 400.356628
7.877333 400.707062
7.882667 400.744141
7.888000 400.053650
7.893333 398.432251
7.898667 396.234009
7.904000 393.446198
7.909333 389.222443
7.914667 377.281708
7.920000 368.316956
7.925333 365.447906
7.930666 362.709320
7.936000 123.698753
7.941333 229.721191
7.946667 216.582092
7.952000 215.661560
7.957334 108.323524
7.962667 112.476250
7.968000 102.867538
7.973333 0.000000
7.978667 133.891617
7.984000 134.334778
7.989333 403.012451
7.994667 401.404388
8.000000 0.000000
