0.000000 0.000000
0.005805 0.000000
0.011610 0.000000
0.017415 0.000000
0.023220 0.000000
0.029025 0.000000
0.034830 0.000000
0.040635 0.000000
0.046440 0.000000
0.052245 0.000000
0.058050 0.000000
0.063855 0.000000
0.069660 0.000000
0.075465 0.000000
0.081270 0.000000
0.087075 0.000000
0.092880 0.000000
0.098685 0.000000
0.104490 0.000000
0.110295 0.000000
0.116100 0.000000
0.121905 0.000000
0.127710 0.000000
0.133515 0.000000
0.139320 0.000000
0.145125 0.000000
0.150930 0.000000
0.156735 0.000000
0.162540 0.000000
0.168345 0.000000
0.174150 0.000000
0.179955 0.000000
0.185760 0.000000
0.191565 0.000000
0.197370 0.000000
0.203175 0.000000
0.208980 0.000000
0.214785 0.000000
0.220590 0.000000
0.226395 0.000000
0.232200 0.000000
0.238005 0.000000
0.243810 0.000000
0.249615 0.000000
0.255419 0.000000
0.261224 0.000000
0.267029 0.000000
0.272834 0.000000
0.278639 0.000000
0.284444 0.000000
0.290249 0.000000
0.296054 0.000000
0.301859 0.000000
0.307664 0.000000
0.313469 0.000000
0.319274 0.000000
0.325079 0.000000
0.330884 0.000000
0.336689 0.000000
0.342494 0.000000
0.348299 0.000000
0.354104 0.000000
0.359909 0.000000
0.365714 0.000000
0.371519 0.000000
0.377324 0.000000
0.383129 0.000000
0.388934 0.000000
0.394739 0.000000
0.400544 0.000000
0.406349 0.000000
0.412154 0.000000
0.417959 0.000000
0.423764 0.000000
0.429569 0.000000
0.435374 0.000000
0.441179 0.000000
0.446984 0.000000
0.452789 0.000000
0.458594 0.000000
0.464399 0.000000
0.470204 0.000000
0.476009 0.000000
0.481814 0.000000
0.487619 0.000000
0.493424 0.000000
0.499229 0.000000
0.505034 0.000000
0.510839 0.000000
0.516644 0.000000
0.522449 0.000000
0.528254 0.000000
0.534059 0.000000
0.539864 0.000000
0.545669 0.000000
0.551474 0.000000
0.557279 0.000000
0.563084 0.000000
0.568889 0.000000
0.574694 0.000000
0.580499 0.000000
0.586304 0.000000
0.592109 0.000000
0.597914 0.000000
0.603719 0.000000
0.609524 0.000000
0.615329 0.000000
0.621134 0.000000
0.626939 0.000000
0.632744 0.000000
0.638549 0.000000
0.644354 0.000000
0.650159 0.000000
0.655964 0.000000
0.661769 0.000000
0.667574 0.000000
0.673379 0.000000
0.679184 0.000000
0.684989 114.842293
0.690794 0.000000
0.696599 6118.266113
0.702404 139.859924
0.708209 139.730774
0.714014 0.000000
0.719819 0.000000
0.725624 0.000000
0.731429 65.219269
0.737234 65.158150
0.743039 64.766319
0.748844 57.210613
0.754649 0.000000
0.760454 92.688339
0.766258 92.141800
0.772063 92.123810
0.777869 93.370781
0.783673 87.721992
0.789478 87.698868
0.795283 88.297035
0.801088 89.083763
0.806893 89.144806
0.812698 91.261360
0.818503 92.371895
0.824308 92.373352
0.830113 92.269554
0.835918 86.829590
0.841723 87.577942
0.847528 87.936981
0.853333 88.055153
0.859138 59.682590
0.864943 62.454643
0.870748 0.000000
0.876553 311.519623
0.882358 311.814178
0.888163 311.890594
0.893968 280.829987
0.899773 254.717880
0.905578 311.591675
0.911383 311.441345
0.917188 85.518028
0.922993 86.773155
0.928798 88.267204
0.934603 88.244049
0.940408 88.249138
0.946213 58.938141
0.952018 58.393955
0.957823 57.254631
0.963628 57.290771
0.969433 57.592567
0.975238 57.197659
0.981043 57.514374
0.986848 57.606510
0.992653 56.825344
0.998458 55.548531
1.004263 2752.992188
1.010068 2719.038574
1.015873 901.658875
1.021678 1053.537476
1.027483 488.346130
1.033288 491.831787
1.039093 511.306976
1.044898 513.478577
1.050703 182.012436
1.056508 181.833145
1.062313 5383.123047
1.068118 5306.859375
1.073923 5246.080078
1.079728 5180.106934
1.085533 131.701813
1.091338 131.669586
1.097143 157.001617
1.102948 147.157654
1.108753 5249.712891
1.114558 5227.967773
1.120363 5233.353027
1.126168 5223.075195
1.131973 5195.092773
1.137778 5187.345215
1.143583 5244.108887
1.149388 5283.154297
1.155193 5222.211426
1.160998 5121.134277
1.166803 5052.768555
1.172608 149.780975
1.178413 149.851181
1.184218 0.000000
1.190023 0.000000
1.195828 340.571167
1.201633 344.343750
1.207438 104.376663
1.213243 1155.090576
1.219048 149.868805
1.224853 150.407104
1.230658 150.466827
1.236463 150.511978
1.242268 150.799301
1.248073 150.877029
1.253878 150.721878
1.259683 150.443115
1.265488 150.273239
1.271293 150.347946
1.277097 150.694824
1.282902 150.580841
1.288707 150.016953
1.294513 150.046631
1.300317 150.254898
1.306122 150.429520
1.311927 150.279510
1.317732 149.879105
1.323537 141.482986
1.329342 169.561813
1.335147 0.000000
1.340952 712.767456
1.346757 225.980988
1.352562 501.551971
1.358367 510.884216
1.364172 174.250580
1.369977 131.021225
1.375782 130.884048
1.381587 131.062424
1.387392 131.402420
1.393197 131.754364
1.399002 131.923630
1.404807 131.898102
1.410612 131.930603
1.416417 132.097687
1.422222 132.213226
1.428027 132.161774
1.433832 157.031769
1.439637 156.805191
1.445442 131.105835
1.451247 131.048752
1.457052 131.212799
1.462857 131.430405
1.468662 131.648438
1.474467 87.916878
1.480272 131.857574
1.486077 267.381165
1.491882 0.000000
1.497687 0.000000
1.503492 190.765152
1.509297 190.664337
1.515102 131.312454
1.520907 131.052063
1.526712 130.674545
1.532517 87.305832
1.538322 263.868103
1.544127 263.377838
1.549932 262.833313
1.555737 263.288391
1.561542 87.532684
1.567347 263.829865
1.573152 264.196320
1.578957 264.929657
1.584762 265.331451
1.590567 265.235199
1.596372 264.458832
1.602177 262.973846
1.607982 262.379517
1.613787 262.625946
1.619592 263.001221
1.625397 263.124695
1.631202 262.902649
1.637007 262.725983
1.642812 264.082458
1.648617 265.249451
1.654422 264.533142
1.660227 104.278755
1.666032 104.285599
1.671837 114.046684
1.677642 131.207748
1.683447 132.084885
1.689252 132.224121
1.695057 132.006989
1.700862 131.698090
1.706667 131.346649
1.712472 130.931778
1.718277 130.615921
1.724082 131.082718
1.729887 131.458542
1.735692 131.290192
1.741497 130.966141
1.747302 131.485779
1.753107 131.672958
1.758912 131.763199
1.764717 131.987274
1.770522 132.314636
1.776327 132.462509
1.782132 130.446564
1.787936 130.485886
1.793741 130.820343
1.799546 130.729767
1.805351 130.391815
1.811157 130.383270
1.816961 174.056320
1.822766 174.205780
1.828571 130.660553
1.834376 130.570282
1.840181 114.867920
1.845986 87.672279
1.851791 87.554642
1.857596 87.526527
1.863401 87.625320
1.869206 87.710571
1.875011 87.717880
1.880816 87.497635
1.886621 87.239532
1.892426 87.167038
1.898231 87.374680
1.904036 87.853287
1.909841 351.245239
1.915646 351.831696
1.921451 352.128387
1.927256 352.235809
1.933061 352.352112
1.938866 352.242401
1.944671 303.978119
1.950476 264.019531
1.956281 262.656036
1.962086 0.000000
1.967891 231.999451
1.973696 0.000000
1.979501 169.458511
1.985306 169.923187
1.991111 1893.907471
1.996916 80.160194
2.002721 80.143799
2.008526 67.455444
2.014331 67.477730
2.020136 64.742233
2.025941 2852.217041
2.031746 2793.302246
2.037551 2759.289307
2.043356 2750.720215
2.049161 81.781776
2.054966 81.938133
2.060771 69.263062
2.066576 69.302124
2.072381 69.445480
2.078186 68.557144
2.083991 68.614326
2.089796 65.292793
2.095601 74.698318
2.101406 76.157761
2.107211 74.059708
2.113016 260.823639
2.118821 259.908539
2.124626 1129.834229
2.130431 1111.192871
2.136236 1097.554077
2.142041 1086.076294
2.147846 1075.698608
2.153651 261.300995
2.159456 262.197235
2.165261 263.144867
2.171066 80.278648
2.176871 80.128326
2.182676 65.158615
2.188481 65.170868
2.194286 65.441193
2.200091 64.616867
2.205896 64.666611
2.211701 64.605133
2.217506 81.693932
2.223311 65.226707
2.229116 66.234306
2.234921 66.281334
2.240726 76.335457
2.246531 76.357681
2.252336 1049.442505
2.258141 1054.826782
2.263946 0.000000
2.269751 0.000000
2.275556 0.000000
2.281361 0.000000
2.287166 258.984222
2.292970 1591.256226
2.298775 1593.909180
2.304580 1595.811035
2.310385 1596.656372
2.316190 525.791809
2.321995 526.463074
2.327801 87.177681
2.333606 86.712860
2.339411 141.190994
2.345215 140.864670
2.351020 140.867157
2.356825 141.011307
2.362630 70.242157
2.368435 70.338013
2.374240 70.329590
2.380045 70.284241
2.385850 87.193581
2.391655 87.164383
2.397460 87.168304
2.403265 262.694427
2.409070 70.149460
2.414875 70.308899
2.420680 70.512665
2.426485 68.528641
2.432290 68.604408
2.438095 69.914917
2.443900 86.343925
2.449705 519.922180
2.455510 262.074707
2.461315 262.663971
2.467120 87.167892
2.472925 87.125572
2.478730 87.163506
2.484535 131.589310
2.490340 131.646042
2.496145 131.695816
2.501950 131.725021
2.507755 131.761139
2.513560 131.884750
2.519365 131.742920
2.525170 131.290192
2.530975 131.025818
2.536780 130.874146
2.542585 130.603897
2.548390 261.737457
2.554195 262.197662
2.560000 131.079239
2.565805 175.351242
2.571610 146.910400
2.577415 146.964645
2.583220 0.000000
2.589025 250.806503
2.594830 379.659607
2.600635 379.461304
2.606440 288.290649
2.612245 264.853516
2.618050 264.785614
2.623855 264.082794
2.629660 262.877594
2.635465 262.952881
2.641270 263.851440
2.647075 264.935608
2.652880 264.855865
2.658685 263.243164
2.664490 262.199188
2.670295 260.723938
2.676100 203.645386
2.681905 203.562119
2.687710 203.470688
2.693515 159.040268
2.699320 177.207565
2.705125 177.369476
2.710930 356.083588
2.716735 355.637207
2.722540 355.414520
2.728345 355.004761
2.734150 267.125793
2.739955 266.958679
2.745760 156.148010
2.751565 156.387451
2.757370 263.424469
2.763175 262.753143
2.768980 262.137787
2.774785 261.689087
2.780590 261.530121
2.786395 261.937195
2.792200 263.051056
2.798005 263.634521
2.803810 263.663849
2.809614 264.324951
2.815419 273.451996
2.821224 272.988556
2.827029 155.217010
2.832834 155.282364
2.838639 267.384613
2.844445 267.490295
2.850250 267.848938
2.856054 267.713654
2.861859 267.075043
2.867664 271.832336
2.873469 272.608337
2.879274 272.159302
2.885079 272.485779
2.890884 273.136688
2.896689 271.260773
2.902494 269.827820
2.908299 5300.383789
2.914104 5308.456055
2.919909 267.643005
2.925714 1067.651733
2.931519 533.559937
2.937324 131.175003
2.943129 131.352875
2.948934 269.214630
2.954739 269.061249
2.960544 268.667145
2.966349 87.791542
2.972154 86.254501
2.977959 175.443375
2.983764 87.332336
2.989569 87.216583
2.995374 87.027649
3.001179 87.234924
3.006984 87.381599
3.012789 87.381897
3.018594 342.393066
3.024399 343.814148
3.030204 344.583466
3.036009 344.348389
3.041814 341.490051
3.047619 338.617645
3.053424 117.136681
3.059229 155.870102
3.065034 155.871552
3.070839 352.637482
3.076644 350.113007
3.082449 349.095245
3.088254 349.065582
3.094059 349.397858
3.099864 174.769562
3.105669 232.939636
3.111474 69.508759
3.117279 69.473396
3.123084 139.145340
3.128889 139.279510
3.134694 69.620415
3.140499 69.587669
3.146304 69.524475
3.152109 277.786346
3.157914 277.831116
3.163719 277.732605
3.169524 277.597839
3.175329 277.796783
3.181134 278.202545
3.186939 278.401917
3.192744 69.549622
3.198549 69.556938
3.204354 69.553482
3.210159 281.369354
3.215964 287.452850
3.221769 0.000000
3.227574 0.000000
3.233379 0.000000
3.239184 0.000000
3.244989 989.548218
3.250794 980.758667
3.256599 990.331909
3.262404 54.453117
3.268209 53.884308
3.274014 72.189957
3.279819 0.000000
3.285624 0.000000
3.291429 98.878365
3.297234 86.717567
3.303039 86.805305
3.308844 108.272423
3.314649 58.743881
3.320453 349.668304
3.326258 349.991638
3.332063 350.665863
3.337868 351.144897
3.343673 351.479431
3.349478 77.809624
3.355283 77.792610
3.361089 352.397675
3.366894 354.051086
3.372698 354.884155
3.378503 354.094208
3.384308 351.329376
3.390113 0.000000
3.395918 0.000000
3.401723 0.000000
3.407528 0.000000
3.413333 103.634491
3.419138 103.616318
3.424943 103.571922
3.430748 103.801109
3.436553 104.136147
3.442358 103.860573
3.448163 103.764763
3.453968 103.786423
3.459773 103.864235
3.465578 52.868553
3.471383 69.403168
3.477188 69.307610
3.482993 67.743698
3.488798 67.829971
3.494603 69.974419
3.500408 70.172104
3.506213 2779.601807
3.512018 2791.376465
3.517823 2819.877197
3.523628 2864.633057
3.529433 68.932793
3.535238 0.000000
3.541043 1289.900269
3.546848 196.768097
3.552653 1298.737793
3.558458 1312.782349
3.564263 1313.002075
3.570068 105.824570
3.575873 106.099579
3.581678 131.952209
3.587483 69.986877
3.593288 207.168533
3.599093 207.095581
3.604898 131.693466
3.610703 131.717834
3.616508 131.800995
3.622313 131.939499
3.628118 131.930832
3.633923 131.786942
3.639728 131.642242
3.645533 131.573090
3.651338 131.595139
3.657143 5205.455078
3.662948 5145.055176
3.668753 132.697983
3.674558 136.782349
3.680363 136.666412
3.686168 132.080261
3.691973 131.933914
3.697778 135.820511
3.703583 135.770554
3.709388 135.785187
3.715193 131.190643
3.720998 131.962814
3.726803 139.190201
3.732608 139.354156
3.738413 139.411789
3.744218 139.303711
3.750023 138.737808
3.755828 138.595840
3.761633 138.599258
3.767438 138.565292
3.773243 138.458435
3.779048 138.554901
3.784853 146.037247
3.790658 130.868683
3.796463 130.898438
3.802268 130.860184
3.808073 130.813339
3.813878 130.823181
3.819683 139.144043
3.825488 139.168304
3.831293 138.983444
3.837097 138.563843
3.842902 138.365799
3.848707 151.396866
3.854512 769.953796
3.860317 747.441162
3.866122 736.658508
3.871927 352.822296
3.877733 351.840729
3.883538 154.606720
3.889342 137.277328
3.895147 156.202408
3.900952 131.249756
3.906757 156.248703
3.912562 149.521500
3.918367 130.583511
3.924172 130.809692
3.929977 130.860352
3.935782 130.802475
3.941587 130.665527
3.947392 103.970528
3.953197 103.899498
3.959002 418.838562
3.964807 418.803131
3.970612 418.186584
3.976417 417.561432
3.982222 417.277283
3.988027 416.270294
3.993832 414.601685
3.999637 104.523155
4.005442 104.563095
4.011247 104.404480
4.017052 208.961029
4.022857 416.766968
4.028662 347.643433
4.034467 372.200897
4.040272 370.295776
4.046077 369.444183
4.051882 103.961960
4.057687 103.966721
4.063492 103.850471
4.069297 103.843575
4.075102 103.938889
4.080907 104.174698
4.086712 104.627930
4.092517 104.694160
4.098322 206.177551
4.104127 104.283821
4.109932 104.276817
4.115737 104.281235
4.121542 104.256409
4.127347 104.226952
4.133152 104.325905
4.138957 104.540092
4.144762 209.227554
4.150567 209.083633
4.156372 103.383980
4.162177 105.753067
4.167982 105.950699
4.173787 104.003654
4.179592 0.000000
4.185397 148.440475
4.191202 148.881424
4.197007 3162.143311
4.202812 3156.961426
4.208617 3156.898193
4.214422 59.304867
4.220227 2795.896729
4.226032 52.580688
4.231837 52.686935
4.237642 104.660988
4.243447 104.110184
4.249252 103.992928
4.255057 104.061623
4.260862 69.170578
4.266667 69.200340
4.272471 68.956558
4.278276 68.890419
4.284081 68.731758
4.289886 68.671387
4.295691 69.676926
4.301497 69.903992
4.307302 70.035309
4.313107 70.086922
4.318912 205.208008
4.324717 205.842911
4.330522 65.617599
4.336327 117.254448
4.342132 354.182129
4.347937 353.836273
4.353742 353.910767
4.359547 354.260986
4.365352 354.392456
4.371157 353.942810
4.376961 353.658661
4.382766 354.074554
4.388571 354.614075
4.394376 354.237213
4.400181 355.109497
4.405986 356.418182
4.411791 354.362671
4.417596 352.467407
4.423401 352.492310
4.429206 352.965912
4.435011 353.443085
4.440816 354.718567
4.446621 356.244873
4.452426 356.273438
4.458231 356.176971
4.464036 356.032837
4.469841 354.867828
4.475646 354.408325
4.481451 355.896240
4.487256 357.279327
4.493061 208.666809
4.498866 234.484451
4.504671 235.826996
4.510476 0.000000
4.516281 0.000000
4.522086 77.638985
4.527891 174.912018
4.533696 156.432022
4.539501 156.237808
4.545306 156.174728
4.551111 116.906517
4.556916 116.853043
4.562721 116.788414
4.568526 116.711723
4.574331 116.722206
4.580136 116.751732
4.585941 116.748322
4.591746 233.626694
4.597551 233.784134
4.603356 116.941101
4.609161 116.953102
4.614966 467.838043
4.620771 468.384613
4.626576 234.031235
4.632381 234.036575
4.638186 234.119659
4.643991 234.368530
4.649796 347.800842
4.655601 347.551727
4.661406 523.145142
4.667211 523.382629
4.673016 2044.453735
4.678821 174.131531
4.684626 173.953415
4.690431 174.065308
4.696236 174.303635
4.702041 173.886932
4.707846 349.386963
4.713651 347.313873
4.719456 344.685638
4.725261 116.102188
4.731066 116.111847
4.736871 116.261841
4.742676 116.409607
4.748481 116.459862
4.754286 116.483047
4.760091 116.505714
4.765896 116.504379
4.771701 116.458252
4.777506 116.405159
4.783311 191.624969
4.789115 192.006409
4.794920 192.716461
4.800725 193.868271
4.806530 0.000000
4.812335 0.000000
4.818141 0.000000
4.823946 0.000000
4.829751 114.872864
4.835556 130.731598
4.841361 131.267181
4.847166 131.802063
4.852971 131.989609
4.858776 131.956604
4.864581 131.694077
4.870386 131.381912
4.876191 131.138580
4.881996 130.836975
4.887800 130.554596
4.893605 130.328125
4.899410 129.825394
4.905215 129.439682
4.911020 129.922058
4.916825 130.237686
4.922630 129.453003
4.928435 129.155075
4.934240 129.182602
4.940045 129.186462
4.945850 129.132294
4.951655 129.229080
4.957460 3443.596924
4.963265 111.831657
4.969070 131.518082
4.974875 131.424500
4.980680 131.370880
4.986485 131.598099
4.992290 132.394714
4.998095 624.383240
5.003900 130.426651
5.009705 130.257263
5.015510 130.265808
5.021315 130.273727
5.027120 130.099991
5.032925 129.883560
5.038730 129.948578
5.044535 65.690300
5.050340 114.466934
5.056145 114.349037
5.061950 133.480087
5.067755 155.539856
5.073560 130.549561
5.079365 130.573807
5.085170 130.629913
5.090975 153.197250
5.096780 3114.147461
5.102585 3157.934814
5.108390 104.229095
5.114195 3399.806641
5.120000 3466.927979
5.125805 0.000000
5.131610 0.000000
5.137415 224.936691
5.143220 0.000000
5.149025 148.503021
5.154830 148.313019
5.160635 175.497345
5.166440 175.729965
5.172245 130.551529
5.178050 130.116943
5.183855 129.914581
5.189660 129.951080
5.195465 130.008499
5.201270 130.093750
5.207075 130.109955
5.212880 129.857910
5.218685 129.415314
5.224490 129.111237
5.230295 129.127136
5.236100 130.928604
5.241905 130.980972
5.247710 134.907135
5.253515 134.905762
5.259320 130.101074
5.265125 129.340530
5.270930 129.084702
5.276735 118.759117
5.282540 118.910583
5.288345 1104.983032
5.294150 1057.213257
5.299954 1052.282837
5.305759 1059.077393
5.311564 117.124649
5.317369 130.211136
5.323174 129.869247
5.328979 129.909164
5.334785 130.162247
5.340590 130.435059
5.346395 130.490784
5.352200 130.587463
5.358005 130.640549
5.363810 130.581223
5.369615 130.603088
5.375420 130.638733
5.381225 130.596634
5.387030 130.661072
5.392835 130.842682
5.398640 130.867432
5.404444 130.714890
5.410249 130.484268
5.416054 130.427200
5.421859 130.639969
5.427664 130.894333
5.433469 130.853119
5.439274 130.823578
5.445079 119.418068
5.450884 1116.892456
5.456689 1103.609863
5.462494 117.252800
5.468299 128.509613
5.474104 128.482712
5.479909 128.431442
5.485714 131.797852
5.491519 131.888733
5.497324 5157.028320
5.503129 5147.399902
5.508934 5157.868652
5.514739 117.858543
5.520544 117.900581
5.526349 117.886742
5.532154 117.767319
5.537959 117.720383
5.543764 5152.867676
5.549569 5188.354004
5.555374 117.881828
5.561179 117.913254
5.566984 174.872437
5.572789 5276.198242
5.578594 5254.625000
5.584399 154.283615
5.590204 154.348694
5.596009 154.642380
5.601814 155.409500
5.607619 155.884583
5.613424 116.816208
5.619229 116.946434
5.625034 116.999710
5.630839 117.014183
5.636644 117.040977
5.642449 117.048904
5.648254 117.002571
5.654059 116.918610
5.659864 116.846031
5.665669 116.810204
5.671474 116.798798
5.677279 116.806633
5.683084 116.822258
5.688889 116.813049
5.694694 116.773834
5.700499 116.772629
5.706304 116.794632
5.712109 116.786079
5.717914 116.780327
5.723719 116.801781
5.729524 116.810608
5.735329 116.796471
5.741134 116.784653
5.746939 116.882347
5.752744 117.133781
5.758549 0.000000
5.764354 0.000000
5.770159 0.000000
5.775964 0.000000
5.781769 81.675392
5.787574 51.947350
5.793379 118.361099
5.799184 117.935646
5.804989 92.046829
5.810794 93.462494
5.816598 93.748253
5.822403 94.129951
5.828208 94.230972
5.834013 94.306190
5.839818 96.807175
5.845623 96.925529
5.851429 96.725449
5.857234 0.000000
5.863039 1359.323730
5.868844 1315.400269
5.874649 1326.847168
5.880454 88.745110
5.886259 88.871048
5.892064 43.066406
5.897869 43.066406
5.903674 0.000000
5.909479 302.841492
5.915284 280.272064
5.921088 279.486633
5.926893 0.000000
5.932698 86.698875
5.938503 86.703468
5.944308 86.663429
5.950113 88.228424
5.955918 88.144966
5.961723 88.179665
5.967528 88.237930
5.973333 86.708443
5.979138 86.654709
5.984943 86.535286
5.990748 57.900536
5.996553 55.629723
6.002358 55.715130
6.008163 56.049831
6.013968 55.032009
6.019773 57.611214
6.025578 59.805164
6.031383 59.858845
6.037188 2492.516113
6.042993 2504.104248
6.048798 2543.146729
6.054603 2577.439453
6.060408 2655.424072
6.066213 0.000000
6.072018 0.000000
6.077823 0.000000
6.083628 508.631592
6.089433 536.095215
6.095238 188.082214
6.101043 88.005905
6.106848 174.851654
6.112653 2653.191650
6.118458 5312.338379
6.124263 131.702911
6.130068 174.012390
6.135873 173.798004
6.141678 173.635208
6.147483 5248.979980
6.153288 5210.459961
6.159093 5172.506836
6.164898 5197.582520
6.170703 5261.967285
6.176508 5276.236816
6.182313 5252.886230
6.188118 5244.532227
6.193923 5272.256348
6.199728 5260.783203
6.205533 5192.976074
6.211338 5127.979004
6.217143 5114.123047
6.222948 131.536667
6.228753 173.493454
6.234558 173.096069
6.240363 172.454620
6.246168 171.423218
6.251973 164.598129
6.257778 87.313881
6.263583 87.743614
6.269388 88.119537
6.275193 132.412399
6.280998 132.949677
6.286803 133.036209
6.292608 132.846725
6.298413 132.681854
6.304218 132.828995
6.310023 170.480209
6.315828 132.893494
6.321633 132.744064
6.327438 132.869827
6.333242 170.514267
6.339047 133.610168
6.344852 133.413361
6.350657 130.235168
6.356462 132.894150
6.362267 136.219849
6.368073 149.250259
6.373878 150.450333
6.379683 3300.526123
6.385488 0.000000
6.391293 198.329208
6.397098 198.619400
6.402903 500.093292
6.408708 500.850983
6.414513 261.592346
6.420318 262.069702
6.426123 174.807327
6.431927 175.023056
6.437732 131.852646
6.443537 131.854919
6.449342 168.976913
6.455147 131.890732
6.460952 131.991348
6.466757 132.052887
6.472562 131.978882
6.478367 148.648300
6.484172 131.440826
6.489977 131.380508
6.495782 131.159927
6.501587 130.803848
6.507392 130.472046
6.513197 269.716339
6.519002 269.761597
6.524807 269.902283
6.530612 259.756073
6.536417 261.483154
6.542222 261.762848
6.548027 261.725342
6.553832 261.663940
6.559637 157.529495
6.565442 130.969482
6.571247 130.932022
6.577052 130.967758
6.582857 261.697418
6.588662 261.886566
6.594467 261.988434
6.600272 261.734497
6.606077 261.270996
6.611882 260.735016
6.617687 260.318817
6.623492 260.974823
6.629297 262.440369
6.635102 262.767242
6.640907 261.995911
6.646712 261.274719
6.652517 261.746368
6.658322 262.621521
6.664127 263.185944
6.669932 263.207306
6.675737 262.744812
6.681542 152.210678
6.687347 151.303497
6.693152 150.441254
6.698957 149.403641
6.704762 131.551834
6.710567 130.474167
6.716372 129.830994
6.722177 129.887115
6.727982 130.119843
6.733787 130.941559
6.739592 131.711166
6.745397 131.827042
6.751202 131.867004
6.757007 131.938019
6.762812 131.884933
6.768617 131.786377
6.774422 131.749802
6.780227 131.619858
6.786032 131.145782
6.791837 130.814774
6.797642 130.814743
6.803447 130.915558
6.809252 130.994965
6.815057 131.175781
6.820862 131.379440
6.826667 131.506424
6.832472 131.578705
6.838277 131.607986
6.844081 131.607635
6.849886 131.827301
6.855691 132.600555
6.861496 262.046417
6.867301 262.643799
6.873106 262.529510
6.878911 262.337799
6.884717 262.213806
6.890522 262.531830
6.896327 265.042358
6.902132 265.816193
6.907937 265.074982
6.913742 65.674858
6.919547 65.754486
6.925352 265.770508
6.931157 265.052063
6.936962 264.275146
6.942767 263.887787
6.948571 263.720795
6.954376 263.915924
6.960181 265.348450
6.965986 268.359192
6.971791 271.218933
6.977596 64.723030
6.983401 272.973328
6.989206 271.804382
6.995011 79.427666
7.000816 79.397903
7.006621 79.393028
7.012426 241.658035
7.018231 0.000000
7.024036 0.000000
7.029841 0.000000
7.035646 107.664322
7.041451 107.611755
7.047256 155.544449
7.053061 79.875900
7.058866 79.912254
7.064671 82.202942
7.070476 63.641430
7.076281 66.123116
7.082086 72.803810
7.087891 65.271904
7.093696 65.275787
7.099501 75.107094
7.105306 75.096954
7.111111 75.092865
7.116916 75.214920
7.122721 75.345062
7.128526 81.630104
7.134331 65.175957
7.140136 58.016975
7.145941 65.200783
7.151746 70.952194
7.157551 0.000000
7.163356 237.461456
7.169161 237.176132
7.174966 81.476334
7.180771 1080.462158
7.186576 1066.147705
7.192381 1056.149170
7.198186 1049.565430
7.203991 1044.923950
7.209796 1035.072876
7.215601 1013.321716
7.221406 87.566376
7.227211 87.704208
7.233016 64.999069
7.238821 65.098907
7.244626 65.148651
7.250431 65.237198
7.256236 65.410210
7.262041 65.573212
7.267846 65.926682
7.273651 66.063843
7.279456 65.057098
7.285261 66.254333
7.291066 66.097313
7.296871 1052.587158
7.302676 1051.491943
7.308481 1052.096558
7.314286 1053.276489
7.320091 314.275208
7.325896 314.998840
7.331701 0.000000
7.337506 102.111641
7.343311 102.872871
7.349116 95.203712
7.354921 88.478615
7.360725 70.393639
7.366530 59.351543
7.372335 0.000000
7.378140 87.007217
7.383945 87.260109
7.389750 88.348358
7.395555 88.372208
7.401361 88.223801
7.407166 87.960228
7.412971 88.485588
7.418776 88.697502
7.424581 88.701210
7.430386 86.816742
7.436191 58.763439
7.441996 58.771690
7.447801 86.806328
7.453606 86.748985
7.459411 88.498886
7.465215 88.657486
7.471020 88.788528
7.476825 86.845100
7.482630 86.677330
7.488435 56.620178
7.494240 1068.502930
7.500045 1041.591675
7.505850 1041.855347
7.511655 1046.165283
7.517460 1051.918457
7.523265 1057.924561
7.529070 1065.407227
7.534875 1081.703735
7.540680 149.762787
7.546485 174.874329
7.552290 87.254189
7.558095 87.271027
7.563900 87.193146
7.569705 143.654083
7.575510 140.288666
7.581315 87.851341
7.587120 87.930191
7.592925 87.762634
7.598730 87.624901
7.604535 87.523773
7.610340 87.488121
7.616145 87.588692
7.621950 146.024490
7.627755 145.832657
7.633560 0.000000
7.639365 222.889633
7.645170 222.889862
7.650975 222.792343
7.656780 222.516876
7.662585 395.355927
7.668390 262.534760
7.674195 261.705963
7.680000 260.050964
7.685805 259.684265
7.691610 260.024872
7.697415 261.312531
7.703220 262.829712
7.709025 263.189819
7.714830 87.172798
7.720635 87.226959
7.726440 204.914505
7.732245 270.538483
7.738050 270.363251
7.743855 348.237915
7.749660 349.521790
7.755465 351.622864
7.761270 352.734833
7.767075 261.677734
7.772880 87.183983
7.778685 87.212067
7.784490 87.281075
7.790295 87.253937
7.796100 176.888809
7.801905 176.575333
7.807710 87.359253
7.813515 262.223206
7.819320 262.022034
7.825125 261.970978
7.830930 262.159241
7.836735 262.573456
7.842540 87.369759
7.848345 87.420837
7.854150 87.453995
7.859955 87.463676
7.865760 87.447021
7.871564 87.413445
7.877369 87.391869
7.883174 87.395042
7.888979 87.376480
7.894784 87.299118
7.900589 87.297211
7.906394 87.465332
7.912199 87.440269
7.918005 87.185402
7.923810 87.130028
7.929615 87.155052
7.935420 87.169678
7.941225 87.162689
7.947030 87.155396
7.952835 87.276894
7.958640 350.956329
7.964445 5324.155273
7.970250 5283.058105
7.976054 1059.098511
7.981859 361.020294
7.987664 258.518555
7.993469 280.310608
7.999274 280.834015
8.005079 282.006256
8.010884 282.441345
8.016689 282.121796
8.022494 280.817535
8.028299 279.269470
8.034104 278.768341
8.039909 278.468750
8.045714 378.378723
8.051519 378.557892
8.057324 379.346161
8.063129 379.689209
8.068934 379.186401
8.074739 277.319550
8.080544 277.275269
8.086349 277.403687
8.092155 277.491028
8.097960 277.591980
8.103765 277.878662
8.109570 369.444000
8.115375 177.922302
8.121180 279.072815
8.126985 277.989838
8.132789 277.956940
8.138594 278.080322
8.144399 278.270538
8.150204 278.466766
8.156009 278.567810
8.161814 278.619598
8.167619 279.007080
8.173424 279.047211
8.179229 278.703888
8.185034 278.462097
8.190839 278.348450
8.196644 278.102844
8.202449 277.680206
8.208254 277.536469
8.214059 277.723267
8.219864 278.100647
8.225669 278.357727
8.231474 278.064240
8.237279 277.499146
8.243084 225.785721
8.248889 277.637756
8.254694 278.130127
8.260499 278.850067
8.266304 226.462631
8.272109 0.000000
8.277914 0.000000
8.283719 0.000000
8.289524 113.569832
8.295329 104.257439
8.301134 104.347702
8.306939 104.238663
8.312744 104.145164
8.318549 104.122040
8.324354 51.964584
8.330159 99.800377
8.335963 99.840019
8.341768 116.367645
8.347573 116.336327
8.353378 103.684258
8.359183 103.749802
8.364988 103.825005
8.370793 103.897110
8.376598 103.942932
8.382403 77.826195
8.388208 77.851540
8.394013 103.931892
8.399818 103.848419
8.405623 77.776207
8.411428 77.769249
8.417233 103.999329
8.423038 104.032990
8.428843 103.958542
8.434649 313.024017
8.440454 313.916565
8.446259 353.077362
8.452064 352.071045
8.457869 351.149231
8.463674 104.325081
8.469479 104.185173
8.475284 104.015343
8.481089 103.901878
8.486894 103.949387
8.492699 104.095551
8.498504 104.234283
8.504309 104.311165
8.510114 104.326485
8.515919 104.305153
8.521724 104.280624
8.527529 104.218330
8.533334 104.154556
8.539139 69.431473
8.544943 69.421074
8.550748 104.081757
8.556553 104.062248
8.562358 104.168884
8.568163 104.222382
8.573968 104.208977
8.579773 104.149887
8.585578 103.656120
8.591383 0.000000
8.597188 198.549271
8.602993 1055.259155
8.608798 1050.864502
8.614603 357.755737
8.620408 357.040253
8.626213 103.913483
8.632018 103.952225
8.637823 103.820992
8.643628 103.687920
8.649433 256.328766
8.655238 131.784576
8.661043 128.560410
8.666848 128.567810
8.672653 128.607544
8.678458 128.632614
8.684263 131.765518
8.690068 131.708786
8.695873 131.681610
8.701678 131.692795
8.707483 128.618820
8.713288 129.002533
8.719093 132.728485
8.724898 132.552567
8.730703 132.253555
8.736508 132.040680
8.742313 131.907333
8.748117 131.790359
8.753922 131.612183
8.759727 129.847290
8.765532 129.858658
8.771338 129.922852
8.777143 156.629227
8.782948 156.264572
8.788753 133.094559
8.794558 132.826935
8.800363 132.873871
8.806168 132.939331
8.811973 132.840714
8.817778 132.912781
8.823583 130.534302
8.829388 133.191864
8.835193 133.101059
8.840998 132.972076
8.846803 132.929550
8.852608 132.900696
8.858413 132.799927
8.864218 132.741318
8.870023 132.696381
8.875828 132.720032
8.881633 132.964050
8.887438 155.827774
8.893243 156.590805
8.899048 0.000000
8.904853 712.628357
8.910658 0.000000
8.916463 0.000000
8.922268 0.000000
8.928073 150.943436
8.933878 151.071472
8.939683 150.913681
8.945488 161.864502
8.951293 144.650330
8.957097 136.437927
8.962902 0.000000
8.968707 0.000000
8.974512 0.000000
8.980317 237.848419
8.986122 546.629333
8.991927 104.120239
8.997732 104.180222
9.003537 102.124786
9.009342 104.746262
9.015147 104.790230
9.020952 104.843544
9.026757 104.951912
9.032562 241.866989
9.038367 103.462364
9.044172 206.100052
9.049977 206.922363
9.055782 208.729553
9.061587 209.117584
9.067392 208.445251
9.073197 207.204422
9.079002 206.713348
9.084807 206.617371
9.090612 206.672043
9.096417 69.454102
9.102222 208.042938
9.108027 104.288643
9.113832 207.968170
9.119637 208.496613
9.125443 208.849228
9.131248 208.890701
9.137053 208.733734
9.142858 208.506912
9.148663 208.340485
9.154468 208.397568
9.160272 208.602249
9.166077 208.720520
9.171882 208.771469
9.177687 208.794495
9.183492 208.808533
9.189297 208.816498
9.195102 208.799149
9.200907 208.681595
9.206712 208.405167
9.212517 208.440338
9.218322 209.608734
9.224127 209.907486
9.229932 171.830475
9.235737 68.632202
9.241542 69.629143
9.247347 128.101608
9.253152 115.328041
9.258957 126.829910
9.264762 132.315811
9.270567 84.007973
9.276372 80.742264
9.282177 65.726440
9.287982 53.029079
9.293787 61.344936
9.299592 65.061989
9.305397 65.436188
9.311202 65.471481
9.317007 65.420952
9.322812 104.409019
9.328617 104.488777
9.334422 104.441002
9.340227 67.083786
9.346032 104.242828
9.351837 104.171379
9.357642 104.407135
9.363446 104.371384
9.369251 104.100380
9.375056 52.966515
9.380861 0.000000
9.386666 0.000000
9.392471 338.174835
9.398276 342.455597
9.404081 343.963318
9.409886 344.912659
9.415691 346.211884
9.421496 352.987762
9.427301 356.964050
9.433106 265.472717
9.438911 265.733032
9.444716 214.663620
9.450521 216.404388
9.456326 216.939056
9.462132 216.399673
9.467937 215.423233
9.473742 213.883133
9.479547 211.821167
9.485352 212.932892
9.491157 217.940445
9.496962 219.324432
9.502767 220.214584
9.508572 220.790588
9.514377 220.586990
9.520182 219.597351
9.525987 217.546021
9.531792 214.573135
9.537597 242.288071
9.543402 168.873978
9.549207 168.643753
9.555012 168.546356
9.560817 0.000000
9.566622 117.431099
9.572426 116.611275
9.578231 116.822960
9.584036 117.027397
9.589841 116.675522
9.595646 116.460823
9.601451 116.768356
9.607256 116.990685
9.613061 116.967369
9.618866 116.893417
9.624671 116.864082
9.630476 116.800110
9.636281 116.760658
9.642086 116.833313
9.647891 116.901840
9.653696 116.888748
9.659501 116.872017
9.665306 116.942513
9.671111 117.037659
9.676916 117.057083
9.682721 117.004700
9.688526 358.997711
9.694331 359.283783
9.700136 93.267929
9.705941 0.000000
9.711746 0.000000
9.717551 103.840363
9.723356 103.750755
9.729161 525.123901
9.734966 526.668762
9.740771 527.035828
9.746576 277.505249
9.752381 277.709290
9.758186 277.859772
9.763991 277.971802
9.769796 278.006470
9.775600 277.990173
9.781405 277.843262
9.787210 277.605225
9.793015 277.474670
9.798820 277.408966
9.804626 277.349426
9.810431 277.362091
9.816236 277.569519
9.822041 277.886017
9.827846 277.919006
9.833651 92.733421
9.839456 92.695343
9.845261 0.000000
9.851066 0.000000
9.856871 0.000000
9.862676 0.000000
9.868481 335.123505
9.874286 339.418579
9.880091 1058.179199
9.885896 1065.036865
9.891701 1111.312012
9.897506 1146.738892
9.903311 131.803543
9.909116 131.405472
9.914921 131.006058
9.920726 0.000000
9.926531 336.955566
9.932336 0.000000
9.938141 115.124916
9.943946 129.560989
9.949751 149.652924
9.955556 116.100998
9.961361 115.958206
9.967166 115.723763
9.972971 115.400856
9.978776 3642.062988
9.984580 129.295639
9.990385 3540.763184
9.996190 198.351196
10.001995 99.570885
10.007800 169.349686
10.013605 118.298691
10.019410 118.282074
10.025215 118.326775
10.031020 1327.619507
10.036825 132.298584
10.042630 131.869049
10.048435 198.276245
10.054240 197.953033
10.060045 130.364899
10.065850 130.321671
10.071655 130.141693
10.077460 130.075287
10.083265 147.012146
10.089070 147.411453
10.094875 141.443634
10.100680 110.905235
10.106485 110.641342
10.112290 110.431412
10.118095 103.722206
10.123900 103.673363
10.129705 130.515991
10.135510 153.978531
10.141315 114.260963
10.147120 114.332062
10.152925 130.185623
10.158731 130.903656
10.164536 131.204834
10.170341 131.342606
10.176146 390.024261
10.181951 131.584808
10.187755 122.314651
10.193560 2059.339111
10.199365 2073.655762
10.205170 2088.649414
10.210975 130.625793
10.216780 131.017807
10.222585 131.294937
10.228390 131.314331
10.234195 131.653671
10.240000 132.030472
10.245805 131.722473
10.251610 117.664658
10.257415 106.424858
10.263220 128.846634
10.269025 128.524323
10.274830 107.602959
10.280635 107.409698
10.286440 116.725159
10.292245 116.689796
10.298050 116.747406
10.303855 106.761894
10.309660 106.744835
10.315465 106.743980
10.321270 106.623306
10.327075 106.320580
10.332880 106.143898
10.338685 1252.051147
10.344490 1232.980713
10.350295 1230.264526
10.356100 1237.440552
10.361905 1252.976562
10.367710 1267.609375
10.373515 116.512146
10.379320 116.561043
10.385125 116.600395
10.390930 116.622337
10.396734 106.448715
10.402539 1291.777466
10.408344 98.490486
10.414149 98.536385
10.419954 98.588669
10.425759 98.636879
10.431564 98.648155
10.437369 98.630013
10.443174 98.613014
10.448979 98.617271
10.454784 98.639091
10.460589 98.670410
10.466394 98.698700
10.472199 98.697433
10.478004 65.729813
10.483809 65.783035
10.489614 65.849014
10.495420 198.616516
10.501225 0.000000
10.507030 128.183182
10.512835 128.194244
10.518640 131.726486
10.524445 131.817886
10.530250 131.928406
10.536055 131.994492
10.541860 132.021240
10.547665 5155.924805
10.553470 5184.101562
10.559275 5174.394531
10.565080 5134.435059
10.570885 5083.336426
10.576690 5051.950684
10.582495 5068.117676
10.588300 5126.289551
10.594105 5196.500488
10.599909 5248.041016
10.605714 145.375107
10.611519 145.458420
10.617324 163.969788
10.623129 149.424911
10.628934 145.284393
10.634739 130.195770
10.640544 130.086700
10.646349 129.953506
10.652154 139.043365
10.657959 138.929840
10.663764 116.436012
10.669569 116.405914
10.675374 116.972466
10.681179 117.169464
10.686984 117.131760
10.692789 116.997269
10.698594 117.050514
10.704399 117.216278
10.710204 117.317955
10.716009 117.278915
10.721814 117.090218
10.727619 116.916969
10.733424 117.065643
10.739229 117.122360
10.745034 116.974403
10.750839 116.963646
10.756644 117.163864
10.762449 155.813599
10.768254 156.151810
10.774059 156.315689
10.779864 312.434143
10.785669 312.330780
10.791474 312.193848
10.797279 311.938843
10.803084 311.587799
10.808888 0.000000
10.814693 0.000000
10.820498 0.000000
10.826303 0.000000
10.832108 0.000000
10.837914 69.313408
10.843719 0.000000
10.849524 58.668236
10.855329 0.000000
10.861134 100.685463
10.866939 0.000000
10.872744 52.650051
10.878549 1375.100098
10.884354 1373.850952
10.890159 1374.691528
10.895964 88.694801
10.901769 88.613289
10.907574 89.314537
10.913379 88.035957
10.919184 88.173607
10.924989 91.220177
10.930794 91.154366
10.936599 89.708244
10.942404 87.948662
10.948209 87.715553
10.954014 353.296082
10.959819 352.964722
10.965624 352.691803
10.971429 352.548035
10.977234 352.766693
10.983039 353.084106
10.988844 87.528893
10.994649 87.563095
11.000454 87.473312
11.006259 87.400658
11.012063 87.458145
11.017868 88.015396
11.023673 87.381638
11.029478 350.067200
11.035283 87.965256
11.041088 87.949280
11.046893 87.823372
11.052698 350.917206
11.058503 351.087708
11.064308 351.781708
11.070113 352.121674
11.075918 351.964569
11.081723 351.801849
11.087528 351.981995
11.093333 352.680481
11.099138 353.132172
11.104943 87.603050
11.110748 87.544456
11.116553 176.180389
11.122358 175.859940
11.128163 1065.958862
11.133968 1030.538574
11.139773 1024.413574
11.145578 1025.977539
11.151383 1030.431641
11.157188 1035.579956
11.162993 1040.061646
11.168798 1044.187500
11.174603 1047.420288
11.180408 131.806198
11.186213 173.768738
11.192019 173.490234
11.197824 173.396881
11.203629 5237.960938
11.209434 5253.613770
11.215239 5275.262695
11.221043 5303.229980
11.226848 5290.994629
11.232653 5251.330566
11.238458 5231.145020
11.244263 5265.344727
11.250068 5322.883301
11.255873 5322.219727
11.261678 5245.777832
11.267483 5147.408203
11.273288 135.842499
11.279093 169.873215
11.284898 170.944138
11.290703 171.559967
11.296508 171.454437
11.302313 148.746826
11.308118 112.931374
11.313923 115.121857
11.319728 133.297806
11.325533 134.077621
11.331338 133.723434
11.337143 133.042801
11.342948 132.605835
11.348753 139.000381
11.354558 138.032822
11.360363 137.267181
11.366168 134.548096
11.371973 134.328720
11.377778 150.292175
11.383583 130.457397
11.389388 130.340179
11.395193 130.072159
11.400998 129.875702
11.406803 130.207230
11.412608 132.688461
11.418413 132.709442
11.424217 132.858749
11.430022 139.212830
11.435827 129.782272
11.441632 0.000000
11.447437 0.000000
11.453242 0.000000
11.459047 131.578125
11.464852 131.371613
11.470657 131.146255
11.476462 173.382751
11.482267 131.997177
11.488072 131.982208
11.493877 132.007721
11.499682 132.094955
11.505487 135.294403
11.511292 128.880768
11.517097 132.718658
11.522902 132.169083
11.528708 131.777496
11.534513 131.301285
11.540318 131.227646
11.546123 131.352768
11.551928 131.487457
11.557733 149.379395
11.563538 149.907349
11.569343 133.703323
11.575148 87.975464
11.580953 87.991409
11.586758 256.264191
11.592563 255.798798
11.598368 515.321045
11.604173 520.569580
11.609978 524.156128
11.615783 1073.784790
11.621588 1060.365112
11.627392 1053.561279
11.633197 1053.820435
11.639002 261.972290
11.644807 261.672546
11.650612 5301.694336
11.656417 5377.405273
11.662222 5479.318359
11.668027 5572.840332
11.673832 5674.610352
11.679637 5753.904297
11.685442 5766.978027
11.691247 5777.873535
11.697052 5815.328613
11.702857 5823.910156
11.708662 5800.957520
11.714467 5810.795898
11.720272 5834.552246
11.726077 5789.277344
11.731882 5696.247070
11.737687 5578.589844
11.743492 5475.485840
11.749297 5450.071289
11.755102 151.851349
11.760907 151.607040
11.766712 151.349167
11.772517 147.281952
11.778322 136.945038
11.784127 131.615463
11.789932 132.161835
11.795737 132.548706
11.801542 132.985184
11.807347 134.010376
11.813152 134.174759
11.818957 133.968399
11.824762 133.635666
11.830567 133.249786
11.836371 132.881226
11.842176 132.357925
11.847981 131.375732
11.853786 131.026016
11.859591 131.388351
11.865396 131.296097
11.871202 130.710251
11.877007 130.346558
11.882812 130.232758
11.888617 130.241760
11.894422 133.865082
11.900227 133.629761
11.906032 78.833160
11.911837 124.976784
11.917642 129.808014
11.923447 129.597763
11.929252 129.759430
11.935057 129.997314
11.940862 123.789909
11.946667 123.934586
11.952472 252.083939
11.958277 252.214783
11.964082 252.665985
11.969887 253.160507
11.975692 253.840256
11.981497 255.561798
11.987302 257.600037
11.993107 259.614716
11.998912 260.899231
12.004717 261.231750
12.010522 261.062622
12.016327 261.297974
12.022132 261.591614
12.027937 262.728760
12.033742 264.858307
12.039546 265.535889
12.045351 0.000000
12.051156 0.000000
12.056961 0.000000
12.062766 10205.721680
12.068571 281.812286
12.074376 272.395050
12.080181 0.000000
12.085986 1427.546265
12.091791 1423.089844
12.097596 1407.786255
12.103401 273.084106
12.109206 270.345184
12.115011 266.299225
12.120816 264.372559
12.126621 262.115723
12.132426 260.071625
12.138231 258.683014
12.144036 257.801239
12.149841 257.253693
12.155646 256.784424
12.161451 256.272980
12.167256 255.840103
12.173061 255.518723
12.178866 255.144089
12.184671 254.698425
12.190476 254.274200
12.196281 253.806259
12.202086 253.164612
12.207891 252.358932
12.213696 251.644165
12.219501 250.875061
12.225307 249.791306
12.231112 249.067581
12.236917 248.837845
12.242722 248.698837
12.248526 248.305817
12.254331 247.578094
12.260136 247.102570
12.265941 247.201202
12.271746 247.260345
12.277551 247.122345
12.283356 247.121964
12.289161 247.183411
12.294966 247.227951
12.300771 247.615234
12.306576 248.315887
12.312381 248.887726
12.318186 249.320023
12.323991 249.799576
12.329796 250.290009
12.335601 250.504959
12.341406 250.325638
12.347211 250.112701
12.353016 249.945099
12.358821 249.376205
12.364626 248.435837
12.370431 247.826401
12.376236 247.906647
12.382041 249.130981
12.387846 249.942474
12.393651 250.310394
12.399456 250.808823
12.405261 251.370865
12.411066 250.672913
12.416871 248.798752
12.422676 247.929642
12.428481 247.542877
12.434286 246.817856
12.440091 245.696396
12.445896 245.126450
12.451700 245.216141
12.457505 245.607605
12.463310 246.010208
12.469115 246.221664
12.474920 246.245560
12.480725 246.107285
12.486530 245.874588
12.492335 245.849167
12.498140 246.141663
12.503945 246.528473
12.509750 246.599838
12.515555 245.977432
12.521360 244.764557
12.527165 243.565094
12.532970 239.322983
12.538775 234.912247
12.544580 243.371277
12.550385 247.597931
12.556190 247.738998
12.561996 1525.033203
12.567801 1545.910278
12.573606 260.135529
12.579411 260.747406
12.585216 259.272980
12.591021 259.719330
12.596826 262.372620
12.602631 264.815369
12.608436 267.201202
12.614241 274.239685
12.620046 276.701721
12.625851 277.639435
12.631656 277.692017
12.637461 275.946320
12.643266 273.710205
12.649071 271.684448
12.654876 268.966705
12.660680 266.679291
12.666485 265.126984
12.672290 264.017517
12.678095 263.025604
12.683900 262.130707
12.689705 261.466187
12.695510 260.780975
12.701315 260.451294
12.707120 260.684601
12.712925 261.643127
12.718730 262.964600
12.724535 263.577301
12.730340 263.335785
12.736145 262.796143
12.741950 261.146698
12.747755 259.140472
12.753560 258.635101
12.759365 262.279419
12.765170 1867.925537
12.770975 5460.030762
12.776780 5558.405762
12.782585 5503.726562
12.788390 166.356354
12.794195 0.000000
12.800000 257.886841
12.805805 257.873718
12.811610 128.895081
12.817415 0.000000
12.823220 0.000000
12.829025 264.100006
12.834830 4715.701172
12.840635 4462.385254
12.846440 4067.813232
12.852245 3764.439453
12.858050 3631.332031
12.863854 3569.622314
12.869659 252.878693
12.875464 253.125229
12.881269 246.073959
12.887074 246.674225
12.892879 248.894867
12.898685 250.456284
12.904490 251.621429
12.910295 252.748825
12.916100 253.736603
12.921905 254.162827
12.927710 254.139740
12.933515 254.037766
12.939320 253.972382
12.945125 253.113708
12.950930 251.328537
12.956735 250.571899
12.962540 251.008606
12.968345 250.820511
12.974150 238.574860
12.979955 236.431122
12.985760 236.226883
12.991565 235.662872
12.997370 237.124512
13.003175 244.812027
13.008980 248.561813
13.014785 249.161041
13.020590 254.566284
13.026395 256.009247
13.032200 256.865173
13.038005 258.883911
13.043810 264.503906
13.049615 265.674591
13.055420 266.763977
13.061225 267.495972
13.067030 267.791962
13.072834 267.485901
13.078639 266.019745
13.084444 263.129822
13.090249 261.479218
13.096054 260.197632
13.101859 258.692871
13.107664 257.044830
13.113469 255.445587
13.119274 254.029572
13.125079 253.183380
13.130884 253.033508
13.136689 253.510590
13.142494 254.491348
13.148299 255.685623
13.154104 256.880493
13.159909 258.138916
13.165714 259.650635
13.171519 261.065582
13.177324 261.929047
13.183129 262.264832
13.188934 262.427185
13.194739 262.750732
13.200544 263.031281
13.206349 262.803192
13.212154 261.928650
13.217959 260.691467
13.223764 259.625427
13.229569 258.728790
13.235374 257.749939
13.241179 256.663361
13.246984 255.757355
13.252789 255.026505
13.258595 254.495026
13.264400 254.402466
13.270205 254.933121
13.276009 255.854874
13.281814 256.924957
13.287619 258.075348
13.293424 259.243683
13.299229 260.348785
13.305034 261.192078
13.310839 261.601257
13.316644 261.691742
13.322449 261.752411
13.328254 261.731171
13.334059 130.336441
13.339864 129.790161
13.345669 86.103386
13.351474 86.053497
13.357279 258.553162
13.363084 258.408234
13.368889 258.503021
13.374694 258.986053
13.380499 259.564423
13.386304 260.048737
13.392109 260.467468
13.397914 260.932495
13.403719 261.631165
13.409524 262.383301
13.415329 262.879883
13.421134 263.096252
13.426939 262.969910
13.432744 262.464661
13.438549 261.720062
13.444354 260.932220
13.450159 260.358093
13.455964 259.989044
13.461769 259.668457
13.467574 259.450714
13.473379 259.476898
13.479183 259.481750
13.484988 259.270660
13.490793 259.025665
13.496598 258.926361
13.502403 259.047913
13.508208 259.420807
13.514013 260.004517
13.519818 260.618713
13.525623 261.059723
13.531428 261.229156
13.537233 261.188049
13.543038 260.977753
13.548843 260.406219
13.554648 259.617157
13.560453 259.039551
13.566258 258.425293
13.572063 257.342590
13.577868 256.341797
13.583673 255.576752
13.589478 254.756775
13.595284 253.785675
13.601089 252.767059
13.606894 251.700653
13.612699 250.449707
13.618504 248.924042
13.624309 247.650543
13.630114 246.691681
13.635919 245.420059
13.641724 244.169495
13.647529 243.295944
13.653334 242.644775
13.659139 242.673859
13.664944 243.293793
13.670749 244.502167
13.676554 245.345734
13.682359 245.194443
13.688163 245.115448
13.693968 245.360519
13.699773 245.683060
13.705578 245.997818
13.711383 122.947205
13.717188 125.099655
13.722993 125.003593
13.728798 124.918777
13.734603 124.955864
13.740408 125.014137
13.746213 123.298584
13.752018 123.296661
13.757823 124.910011
13.763628 125.178474
13.769433 125.663170
13.775238 126.126534
13.781043 126.307213
13.786848 252.142487
13.792653 249.559906
13.798458 247.248093
13.804263 247.487534
13.810068 125.849129
13.815873 151.882660
13.821678 152.151962
13.827483 108.555992
13.833288 108.933578
13.839093 109.254364
13.844898 51.488781
13.850703 125.111282
13.856508 126.208588
13.862313 132.248520
13.868118 78.429573
13.873923 133.065964
13.879728 134.426010
13.885533 134.882156
13.891337 1508.510254
13.897142 1509.157104
13.902947 1501.157959
13.908752 1494.547729
13.914557 1492.220825
13.920362 1484.731201
13.926167 1478.472656
13.931973 69.015968
13.937778 145.892960
13.943583 146.490417
13.949388 147.194855
13.955193 141.532303
13.960998 0.000000
13.966803 0.000000
13.972608 0.000000
13.978413 0.000000
13.984218 0.000000
13.990023 120.934166
13.995828 121.095253
14.001633 149.743454
14.007438 149.711960
14.013243 69.143440
14.019048 156.482117
14.024853 140.146713
14.030658 147.432281
14.036463 147.552063
14.042268 955.032776
14.048073 961.978394
14.053878 965.458984
14.059683 964.311829
14.065488 154.122131
14.071293 154.281647
14.077098 3230.866211
14.082903 0.000000
14.088708 504.671936
14.094513 499.997681
14.100317 1552.910522
14.106122 582.377502
14.111927 585.814758
14.117732 899.843201
14.123537 1765.596924
14.129342 351.405090
14.135147 349.511780
14.140952 349.146667
14.146757 348.522400
14.152562 347.384216
14.158367 346.435211
14.164172 346.441620
14.169977 347.228729
14.175782 348.695618
14.181587 350.714569
14.187392 313.135956
14.193197 312.259949
14.199002 310.950684
14.204807 103.972237
14.210612 208.039413
14.216417 104.130592
14.222222 104.138428
14.228027 103.866386
14.233832 210.303452
14.239637 311.214996
14.245442 310.560913
14.251247 310.344879
14.257052 196.724609
14.262857 129.228455
14.268662 142.338730
14.274467 107.037720
14.280272 610.854370
14.286077 606.654785
14.291883 605.677124
14.297688 605.870178
14.303492 607.644470
14.309297 612.967102
14.315102 620.963623
14.320907 629.925903
14.326712 632.722229
14.332517 208.228027
14.338322 208.514862
14.344127 208.353226
14.349932 207.594986
14.355737 205.238174
14.361542 203.093704
14.367347 201.640579
14.373152 199.920731
14.378957 198.008713
14.384762 195.953964
14.390567 195.069351
14.396372 195.017212
14.402177 195.449326
14.407982 196.018616
14.413787 196.125839
14.419592 195.543732
14.425397 194.592804
14.431202 194.029617
14.437007 193.865952
14.442812 193.024612
14.448617 190.948044
14.454422 190.942047
14.460227 192.206375
14.466032 194.104202
14.471837 194.772263
14.477642 194.307571
14.483447 193.202377
14.489252 192.281494
14.495057 191.403610
14.500862 4443.568359
14.506667 4775.718262
14.512471 4949.240723
14.518276 5009.018066
14.524081 5016.730469
14.529886 5001.752930
14.535691 4984.837402
14.541496 198.367554
14.547301 194.323975
14.553106 194.126083
14.558911 194.292999
14.564716 194.367630
14.570521 194.081985
14.576326 193.758987
14.582131 193.921921
14.587936 194.966492
14.593741 195.785202
14.599546 196.406281
14.605351 201.120087
14.611156 200.908752
14.616961 200.615173
14.622766 65.056831
14.628572 98.508484
14.634377 193.278320
14.640182 192.906601
14.645987 193.172379
14.651792 193.736282
14.657597 194.414673
14.663402 194.691711
14.669207 194.660492
14.675012 194.507874
14.680817 194.756073
14.686622 195.595871
14.692427 196.196136
14.698232 195.847626
14.704037 195.251358
14.709842 195.150482
14.715646 195.137558
14.721451 194.883041
14.727256 194.661575
14.733061 194.674927
14.738866 194.806717
14.744671 194.894135
14.750476 194.842255
14.756281 194.861588
14.762086 194.994476
14.767891 195.000381
14.773696 194.824707
14.779501 194.584656
14.785306 194.391586
14.791111 194.331192
14.796916 194.452316
14.802721 194.555161
14.808526 194.406433
14.814331 193.936798
14.820136 193.673874
14.825941 194.208298
14.831746 194.846161
14.837551 194.973129
14.843356 194.994934
14.849161 195.069809
14.854966 195.320221
14.860771 195.714264
14.866576 195.717102
14.872381 195.216644
14.878186 194.928345
14.883991 195.063339
14.889796 195.473648
14.895601 195.931290
14.901406 195.492935
14.907211 193.577240
14.913016 192.661102
14.918821 192.460342
14.924625 99.363853
14.930430 97.422867
14.936235 97.147041
14.942040 97.192383
14.947845 97.528229
14.953650 196.063889
14.959455 196.669281
14.965261 196.939377
14.971066 196.402359
14.976871 195.269440
14.982676 97.913742
14.988481 97.881813
14.994286 191.199860
15.000091 191.261810
15.005896 195.017181
15.011701 196.941132
15.017506 197.514267
15.023311 198.031113
15.029116 198.428040
15.034921 198.529694
15.040726 198.751724
15.046531 199.046982
15.052336 198.931763
15.058141 198.423660
15.063946 99.579430
15.069751 99.513680
15.075556 99.309746
15.081361 99.103668
15.087166 198.307800
15.092971 198.518463
15.098776 198.658203
15.104581 198.832275
15.110386 198.844650
15.116191 99.058434
15.121996 197.656876
15.127800 197.422302
15.133605 197.312119
15.139410 197.093750
15.145215 196.641449
15.151020 196.022797
15.156825 196.299576
15.162630 196.856354
15.168435 196.938934
15.174240 196.735001
15.180045 196.060837
15.185850 195.298950
15.191655 195.243240
15.197460 195.362778
15.203265 195.523834
15.209070 195.809814
15.214875 196.135757
15.220680 196.189941
15.226485 196.714462
15.232290 142.209991
15.238095 513.214417
15.243900 0.000000
15.249705 147.550751
15.255510 196.907135
15.261315 197.020584
15.267120 196.779648
15.272925 196.736481
15.278730 196.801041
15.284535 196.740524
15.290340 196.775513
15.296145 197.235367
15.301950 198.125870
15.307755 198.446838
15.313560 197.726547
15.319366 98.042191
15.325171 196.383087
15.330976 196.752045
15.336780 197.182083
15.342585 197.248795
15.348390 196.424423
15.354195 195.491638
15.360000 195.260834
15.365805 195.407547
15.371610 196.779419
15.377415 197.057556
15.383220 196.886627
15.389025 196.895844
15.394830 196.840942
15.400635 196.651810
15.406440 196.546341
15.412245 196.583099
15.418050 196.687622
15.423855 196.892166
15.429660 197.108765
15.435465 197.230209
15.441270 197.348938
15.447075 197.503021
15.452880 197.581711
15.458685 197.447098
15.464490 197.199310
15.470295 197.044891
15.476100 196.983704
15.481905 196.856049
15.487710 196.608994
15.493515 196.272476
15.499320 195.891830
15.505125 195.519562
15.510930 195.162018
15.516735 194.829727
15.522540 194.654221
15.528345 194.735184
15.534150 195.019714
15.539954 195.443573
15.545759 196.022675
15.551564 196.640213
15.557369 197.489975
15.563174 198.693481
15.568979 199.584518
15.574784 200.075455
15.580589 200.493271
15.586394 201.606949
15.592199 204.684937
15.598004 207.074326
15.603809 207.724548
15.609614 207.831238
15.615419 207.783340
15.621224 207.632660
15.627029 204.225357
15.632834 203.805191
15.638639 203.440948
15.644444 202.994431
15.650249 202.645813
15.656054 202.588577
15.661860 202.717102
15.667665 203.048355
15.673470 203.425522
15.679275 203.731644
15.685080 204.039352
15.690885 204.601028
15.696690 209.742340
15.702495 210.124603
15.708300 210.366272
15.714105 210.345230
15.719910 210.016174
15.725715 209.739853
15.731520 209.477249
15.737325 209.108810
15.743129 208.563171
15.748934 207.979065
15.754739 207.317032
15.760544 206.711411
15.766349 206.268539
15.772154 205.963547
15.777959 205.532349
15.783764 204.897980
15.789569 102.090698
15.795374 102.114548
15.801179 204.907700
15.806984 204.979736
15.812789 204.914215
15.818594 205.139709
15.824399 206.223724
15.830204 207.764908
15.836009 208.694489
15.841814 208.964905
15.847619 208.602081
15.853424 207.935867
15.859229 207.661728
15.865034 207.872391
15.870839 0.000000
15.876644 0.000000
15.882449 0.000000
15.888254 0.000000
15.894059 102.408028
15.899864 102.410080
15.905669 102.409370
15.911474 102.602676
15.917279 102.874115
15.923084 103.103249
15.928889 206.986115
15.934694 207.581131
15.940499 207.954926
15.946304 208.315643
15.952108 209.022263
15.957913 209.838898
15.963718 210.387619
15.969523 210.597046
15.975328 210.387451
15.981133 210.096542
15.986938 209.911346
15.992743 209.520935
15.998549 208.347321
16.004354 206.944366
16.010159 205.949265
16.015965 205.399612
16.021769 205.122040
16.027575 204.694336
16.033379 204.073761
16.039185 203.641678
16.044989 203.810822
16.050795 205.085281
16.056599 206.007797
16.062403 206.393677
16.068209 206.965805
16.074013 207.625153
16.079819 208.024216
16.085623 208.159103
16.091429 208.312775
16.097233 208.624100
16.103039 209.056213
16.108843 209.533035
16.114649 209.987030
16.120453 210.445282
16.126259 210.865616
16.132063 211.089767
16.137869 211.308563
16.143673 211.586502
16.149479 211.736191
16.155283 211.609161
16.161089 849.349609
16.166893 850.218994
16.172699 851.571350
16.178503 102.894859
16.184309 428.328674
16.190113 429.055786
16.195919 878.329834
16.201723 887.275330
16.207529 87.807220
16.213333 87.869637
16.219139 2826.716553
16.224943 2841.487793
16.230749 2844.541260
16.236553 0.000000
16.242359 907.944702
16.248163 905.129028
16.253969 138.865570
16.259773 149.406006
16.265577 149.608566
16.271383 120.503922
16.277187 907.701965
16.282993 138.810135
16.288797 138.826614
16.294603 138.916138
16.300407 138.710709
16.306213 145.073898
16.312017 139.192932
16.317823 139.464584
16.323627 158.502457
16.329433 158.477692
16.335238 150.098740
16.341043 0.000000
16.346848 151.669479
16.352654 151.705978
16.358458 138.293213
16.364264 132.736115
16.370068 133.217056
16.375874 148.923080
16.381678 149.103668
16.387484 149.553650
16.393288 130.913528
16.399094 131.107300
16.404898 150.175720
16.410704 150.081284
16.416508 149.992661
16.422314 134.012939
16.428118 136.337082
16.433924 152.141342
16.439728 152.132217
16.445534 3512.641846
16.451338 3519.724609
16.457144 3502.132568
16.462948 3450.446777
16.468752 3370.395020
16.474558 3311.981689
16.480362 152.512177
16.486168 160.583023
16.491972 0.000000
16.497778 348.924744
16.503582 348.838989
16.509388 349.695435
16.515192 351.647705
16.520998 1013.854919
16.526802 1021.571106
16.532608 1023.219177
16.538412 153.202072
16.544218 153.277771
16.550022 153.133133
16.555828 927.753601
16.561632 149.018784
16.567438 199.699722
16.573242 941.088623
16.579048 933.091187
16.584852 922.541016
16.590658 911.755676
16.596462 176.361221
16.602268 155.463470
16.608072 155.093521
16.613878 242.308289
16.619682 241.979279
16.625488 242.557648
16.631292 243.024246
16.637098 262.262665
16.642902 351.004608
16.648708 231.913208
16.654512 230.681976
16.660318 209.003860
16.666122 195.715530
16.671926 131.175980
16.677732 131.120117
16.683537 130.938217
16.689342 348.789551
16.695147 347.735229
16.700953 346.471924
16.706757 345.281097
16.712563 266.927948
16.718367 3770.676514
16.724173 3642.586670
16.729977 3604.432129
16.735783 3605.450684
16.741587 3590.298828
16.747393 3530.446777
16.753197 3443.847900
16.759003 3330.867676
16.764807 3235.533447
16.770613 3168.627686
16.776417 3075.590088
16.782223 2980.322754
16.788027 349.021271
16.793833 154.755905
16.799637 155.134628
16.805443 154.855667
16.811247 154.303497
16.817053 151.547394
16.822857 136.735886
16.828663 136.780777
16.834467 98.632866
16.840273 98.897942
16.846077 562.752319
16.851883 131.026062
16.857687 542.697205
16.863493 533.882507
16.869297 526.867004
16.875101 521.885925
16.880907 518.148621
16.886711 152.240814
16.892517 152.407166
16.898321 130.922653
16.904127 130.926117
16.909931 131.056015
16.915737 131.167572
16.921541 131.032684
16.927347 130.982269
16.933151 132.068405
16.938957 132.327698
16.944761 140.385254
16.950567 156.202133
16.956371 87.920013
16.962177 0.000000
16.967981 0.000000
16.973787 532.275879
16.979591 529.360535
16.985397 525.391357
16.991201 521.342773
16.997007 170.233658
