0.000000 369.229431
0.005333 355.775146
0.010667 353.463501
0.016000 352.271790
0.021333 176.769348
0.026667 176.362198
0.032000 351.145599
0.037333 350.955017
0.042667 347.832092
0.048000 345.312103
0.053333 176.336700
0.058667 176.228653
0.064000 176.230392
0.069333 177.008469
0.074667 177.702957
0.080000 177.399490
0.085333 177.025787
0.090667 177.006561
0.096000 177.150955
0.101333 355.344574
0.106667 356.154083
0.112000 357.405884
0.117333 358.298645
0.122667 358.173889
0.128000 357.475708
0.133333 356.554535
0.138667 355.497681
0.144000 354.370636
0.149333 353.379761
0.154667 352.664124
0.160000 352.387848
0.165333 352.471619
0.170667 352.383270
0.176000 351.841278
0.181333 351.606110
0.186667 352.163574
0.192000 352.943115
0.197333 353.537140
0.202667 353.959351
0.208000 354.401581
0.213333 354.819611
0.218667 354.890656
0.224000 354.524536
0.229333 354.039948
0.234667 353.720367
0.240000 353.346710
0.245333 352.739136
0.250667 351.976929
0.256000 351.453003
0.261333 351.389099
0.266667 351.597260
0.272000 351.848755
0.277333 352.260284
0.282667 352.699799
0.288000 352.564392
0.293333 351.949921
0.298667 351.264221
0.304000 350.843933
0.309333 350.602783
0.314667 350.258392
0.320000 349.871185
0.325333 349.699249
0.330667 349.600952
0.336000 349.707489
0.341333 350.020233
0.346667 350.186279
0.352000 350.112793
0.357333 349.976929
0.362667 349.832520
0.368000 349.608734
0.373333 349.175507
0.378667 348.521423
0.384000 347.735931
0.389333 346.792267
0.394667 345.639282
0.400000 343.953827
0.405333 341.658539
0.410667 339.157990
0.416000 336.728180
0.421333 334.233917
0.426667 331.313324
0.432000 327.291992
0.437333 322.823090
0.442667 319.539062
0.448000 317.053650
0.453333 314.947327
0.458667 313.429871
0.464000 312.346558
0.469333 310.909790
0.474667 308.329590
0.480000 305.876312
0.485333 304.183289
0.490667 302.802612
0.496000 302.175903
0.501333 302.504089
0.506667 302.914734
0.512000 303.088104
0.517333 303.622070
0.522667 304.751526
0.528000 306.018127
0.533333 307.066925
0.538667 307.947815
0.544000 308.792175
0.549333 309.856049
0.554667 311.017090
0.560000 312.184204
0.565333 313.824249
0.570667 315.864166
0.576000 316.012909
0.581333 315.337250
0.586667 315.831665
0.592000 318.098969
0.597333 501.757416
0.602667 519.202637
0.608000 193.981262
0.613333 193.881866
0.618667 193.265564
0.624000 191.679199
0.629333 189.257034
0.634667 188.163681
0.640000 500.395142
0.645333 492.491547
0.650667 485.668091
0.656000 968.000366
0.661333 439.436676
0.666667 424.955322
0.672000 420.328369
0.677333 421.342896
0.682667 423.931488
0.688000 218.244629
0.693333 215.088272
0.698667 880.979858
0.704000 873.063904
0.709333 857.144714
0.714667 849.382324
0.720000 851.522644
0.725333 847.295044
0.730667 835.823242
0.736000 828.348450
0.741333 824.922119
0.746667 819.145386
0.752000 809.039368
0.757333 801.435303
0.762667 796.170349
0.768000 790.168030
0.773333 267.459747
0.778667 267.141022
0.784000 266.385956
0.789333 264.257385
0.794667 264.358978
0.800000 266.110779
0.805333 266.837402
0.810667 265.947296
0.816000 264.189148
0.821333 264.113037
0.826667 264.362762
0.832000 263.016357
0.837333 261.045746
0.842667 260.715698
0.848000 260.632782
0.853333 259.051392
0.858667 257.396210
0.864000 257.006470
0.869333 256.523682
0.874667 255.447708
0.880000 254.749451
0.885333 254.500488
0.890667 718.347534
0.896000 724.101624
0.901333 726.674316
0.906667 731.698975
0.912000 734.795288
0.917333 730.724304
0.922667 723.038818
0.928000 717.200134
0.933333 242.209183
0.938667 242.970093
0.944000 242.967163
0.949333 242.464111
0.954667 240.982559
0.960000 239.085922
0.965333 237.593246
0.970667 236.638443
0.976000 236.009262
0.981333 235.424835
0.986667 234.854370
0.992000 234.456970
0.997333 234.223587
1.002667 234.103073
1.008000 234.187927
1.013333 234.427979
1.018667 234.744034
1.024000 234.970032
1.029333 234.723648
1.034667 233.635849
1.040000 232.305328
1.045333 231.944885
1.050667 231.582214
1.056000 231.004974
1.061333 231.065750
1.066667 232.714645
1.072000 234.276031
1.077333 234.315018
1.082667 234.075897
1.088000 234.374542
1.093333 234.526276
1.098667 234.131500
1.104000 234.249435
1.109333 234.445389
1.114667 234.315689
1.120000 233.761688
1.125333 232.897888
1.130667 232.500595
1.136000 233.996109
1.141333 236.222351
1.146667 237.752121
1.152000 238.679611
1.157333 239.313049
1.162667 239.852142
1.168000 240.432724
1.173333 172.626678
1.178667 104.594772
1.184000 104.575455
1.189333 104.539177
1.194667 104.502213
1.200000 104.384872
1.205333 172.458084
1.210667 172.213379
1.216000 172.478836
1.221333 173.222198
1.226667 172.357620
1.232000 168.575104
1.237333 465.730560
1.242667 241.257217
1.248000 241.222931
1.253333 240.934692
1.258667 241.682144
1.264000 242.465134
1.269333 243.243530
1.274667 243.865372
1.280000 506.110077
1.285333 511.545624
1.290667 251.964401
1.296000 105.554436
1.301333 105.308434
1.306667 232.401337
1.312000 232.729248
1.317333 233.020737
1.322667 233.690720
1.328000 234.129837
1.333333 234.417175
1.338667 235.094757
1.344000 236.040161
1.349333 462.095490
1.354667 468.725769
1.360000 482.261658
1.365333 267.309570
1.370667 174.458603
1.376000 271.382782
1.381333 268.099121
1.386667 265.321594
1.392000 104.717590
1.397333 104.589622
1.402667 104.511818
1.408000 104.635872
1.413333 104.796852
1.418667 104.388306
1.424000 104.327263
1.429333 177.502396
1.434667 105.084877
1.440000 105.141273
1.445333 105.156761
1.450667 104.152496
1.456000 104.254936
1.461333 178.599075
1.466667 178.395432
1.472000 104.846054
1.477333 104.858810
1.482667 255.542114
1.488000 255.714127
1.493333 537.136963
1.498667 266.088531
1.504000 137.173004
1.509333 138.008011
1.514667 138.619598
1.520000 138.549316
1.525333 138.317734
1.530667 520.207520
1.536000 105.955185
1.541333 106.263496
1.546667 106.644684
1.552000 107.459503
1.557333 279.774658
1.562667 288.108215
1.568000 298.013580
1.573333 298.537720
1.578667 296.085327
1.584000 295.912781
1.589333 144.257416
1.594667 220.418930
1.600000 222.701340
1.605333 226.562500
1.610667 231.472046
1.616000 235.331711
1.621333 236.148148
1.626667 235.865921
1.632000 235.729935
1.637333 235.804291
1.642667 235.935806
1.648000 235.856140
1.653333 235.408920
1.658667 234.442856
1.664000 233.357437
1.669333 232.364182
1.674667 230.848007
1.680000 228.779587
1.685333 228.051285
1.690667 228.340744
1.696000 228.672699
1.701333 228.809021
1.706667 228.759354
1.712000 228.717896
1.717333 228.887131
1.722667 229.452332
1.728000 230.504074
1.733333 231.600296
1.738667 231.438339
1.744000 230.798553
1.749333 230.637451
1.754667 230.986740
1.760000 231.551666
1.765333 232.032227
1.770667 232.435486
1.776000 232.943100
1.781333 233.878357
1.786667 235.824692
1.792000 237.860916
1.797333 238.237411
1.802667 237.747589
1.808000 237.157806
1.813333 236.693481
1.818667 236.533890
1.824000 236.826294
1.829333 237.637482
1.834667 293.037354
1.840000 293.614563
1.845333 293.437927
1.850667 292.775024
1.856000 236.498047
1.861333 106.526016
1.866667 77.916870
1.872000 302.358398
1.877333 303.689484
1.882667 303.294586
1.888000 105.204582
1.893333 105.137802
1.898667 105.018478
1.904000 104.758324
1.909333 104.505280
1.914667 104.463806
1.920000 104.290329
1.925333 103.667542
1.930667 103.177246
1.936000 103.202721
1.941333 105.506691
1.946667 105.803268
1.952000 105.634445
1.957333 104.636124
1.962667 300.321716
1.968000 103.636818
1.973333 103.839005
1.978667 104.410316
1.984000 104.726631
1.989333 104.469208
1.994667 103.957611
2.000000 103.898537
2.005333 104.186577
2.010667 104.280220
2.016000 159.414093
2.021333 103.973320
2.026667 103.922035
2.032000 103.818855
2.037333 244.819077
2.042667 245.736725
2.048000 245.872513
2.053333 245.427292
2.058667 243.577484
2.064000 239.296707
2.069333 237.369888
2.074667 236.660980
2.080000 236.578842
2.085333 236.703094
2.090667 236.748505
2.096000 236.944077
2.101333 237.932007
2.106667 239.422913
2.112000 240.864777
2.117333 242.422394
2.122667 244.263290
2.128000 246.475845
2.133333 249.201202
2.138667 253.088959
2.144000 257.515839
2.149333 259.763855
2.154667 261.786804
2.160000 264.104492
2.165333 265.844269
2.170667 266.947418
2.176000 268.290802
2.181333 270.265930
2.186667 271.623474
2.192000 271.987732
2.197333 271.651581
2.202667 271.241302
2.208000 270.895233
2.213333 270.532837
2.218667 270.270447
2.224000 270.295898
2.229333 270.093109
2.234667 268.834808
2.240000 267.228546
2.245333 266.545380
2.250667 266.756378
2.256000 266.556183
2.261333 239.622299
2.266667 240.325562
2.272000 104.604553
2.277333 265.094330
2.282667 264.841461
2.288000 264.907623
2.293333 264.377869
2.298667 263.482880
2.304000 263.060669
2.309333 263.712860
2.314667 264.928955
2.320000 266.220917
2.325333 268.241791
2.330667 272.604126
2.336000 275.147919
2.341333 275.337769
2.346667 274.964172
2.352000 546.274231
2.357333 275.678619
2.362667 276.208221
2.368000 275.642639
2.373333 274.521484
2.378667 273.430786
2.384000 272.373901
2.389333 271.498993
2.394667 270.973938
2.400000 270.376709
2.405333 540.868286
2.410667 539.620544
2.416000 538.904785
2.421333 539.415161
2.426667 268.220001
2.432000 268.486694
2.437333 537.371704
2.442667 537.578491
2.448000 273.676575
2.453333 274.907043
2.458667 275.488617
2.464000 275.638153
2.469333 275.156464
2.474667 274.498260
2.480000 273.900330
2.485333 273.558838
2.490667 274.187500
2.496000 275.366730
2.501333 275.517853
2.506667 275.067749
2.512000 275.215271
2.517333 275.911438
2.522667 276.511505
2.528000 276.648682
2.533333 276.430542
2.538667 276.340454
2.544000 276.557556
2.549333 276.989990
2.554667 277.335083
2.560000 276.993469
2.565333 275.939575
2.570667 275.127106
2.576000 275.116730
2.581333 275.683105
2.586667 276.344299
2.592000 276.304932
2.597333 275.648315
2.602667 275.267609
2.608000 275.490875
2.613333 275.779358
2.618667 275.601471
2.624000 275.698181
2.629333 276.023071
2.634667 276.089233
2.640000 276.069275
2.645333 276.434235
2.650667 277.265045
2.656000 277.838501
2.661333 184.125656
2.666667 184.047195
2.672000 184.278992
2.677333 184.684906
2.682667 185.088394
2.688000 185.429611
2.693333 185.680054
2.698667 116.753555
2.704000 276.984619
2.709333 277.125122
2.714667 277.140533
2.720000 276.851593
2.725333 276.434235
2.730667 276.513489
2.736000 277.262390
2.741333 277.566803
2.746667 277.210083
2.752000 277.076202
2.757333 277.211060
2.762667 277.063782
2.768000 276.565704
2.773333 276.024384
2.778667 137.508072
2.784000 137.624649
2.789333 137.738937
2.794667 137.760269
2.800000 137.626984
2.805333 183.249207
2.810667 105.728645
2.816000 296.311584
2.821333 138.347397
2.826667 138.735428
2.832000 238.632889
2.837333 238.465103
2.842667 238.224380
2.848000 276.847961
2.853333 278.531281
2.858667 139.607574
2.864000 139.474136
2.869333 139.359863
2.874667 139.262711
2.880000 139.337372
2.885333 139.398483
2.890667 139.376862
2.896000 139.387283
2.901333 139.426315
2.906667 139.403458
2.912000 139.021851
2.917333 138.015244
2.922667 137.906891
2.928000 137.921005
2.933333 137.957169
2.938667 138.157700
2.944000 138.525192
2.949333 138.901138
2.954667 139.014679
2.960000 138.832626
2.965333 138.761337
2.970667 138.928787
2.976000 139.303040
2.981333 139.466324
2.986667 139.280228
2.992000 197.352371
2.997333 103.783951
3.002667 103.726952
3.008000 103.637741
3.013333 139.184158
3.018667 139.103912
3.024000 138.894119
3.029333 138.775711
3.034667 138.867065
3.040000 138.936127
3.045333 138.838837
3.050667 138.701752
3.056000 138.639633
3.061333 138.746552
3.066667 138.839355
3.072000 184.070236
3.077333 184.048309
3.082667 183.946198
3.088000 183.768631
3.093333 138.558945
3.098667 193.635773
3.104000 193.641373
3.109333 274.152161
3.114667 274.231934
3.120000 273.858032
3.125333 273.060303
3.130667 272.487946
3.136000 272.787598
3.141333 273.442749
3.146667 273.848541
3.152000 274.021027
3.157333 274.196594
3.162667 274.358521
3.168000 274.662872
3.173333 103.990097
3.178667 103.845665
3.184000 103.721375
3.189333 103.724609
3.194667 103.785072
3.200000 103.778580
3.205333 103.592941
3.210667 103.236092
3.216000 277.736481
3.221333 278.806519
3.226667 0.000000
3.232000 104.226021
3.237333 156.386688
3.242667 156.214569
3.248000 155.953598
3.253333 139.214584
3.258667 138.946899
3.264000 138.635803
3.269333 138.549179
3.274667 138.749451
3.280000 138.859497
3.285333 138.784241
3.290667 138.768188
3.296000 138.802856
3.301333 138.893326
3.306667 139.080902
3.312000 139.039505
3.317333 275.996063
3.322667 273.492859
3.328000 273.469788
3.333333 275.353241
3.338667 187.555756
3.344000 276.516388
3.349333 274.780334
3.354667 275.839417
3.360000 277.204468
3.365333 278.102875
3.370667 138.657211
3.376000 138.440277
3.381333 278.664520
3.386667 543.701599
3.392000 544.800171
3.397333 138.212509
3.402667 138.078491
3.408000 137.445648
3.413333 276.615234
3.418667 275.649750
3.424000 274.773163
3.429333 103.530548
3.434667 103.609901
3.440000 103.633644
3.445333 103.622574
3.450667 274.434570
3.456000 274.789764
3.461333 276.982605
3.466667 279.042175
3.472000 278.550934
3.477333 276.809204
3.482667 275.958130
3.488000 277.457489
3.493333 549.340027
3.498667 547.714417
3.504000 547.236694
3.509333 548.435669
3.514667 550.664429
3.520000 278.151367
3.525333 278.810303
3.530667 552.990540
3.536000 550.925110
3.541333 550.476685
3.546667 276.861908
3.552000 278.369629
3.557333 279.053589
3.562667 278.604279
3.568000 278.333618
3.573333 278.685089
3.578667 138.786392
3.584000 93.457428
3.589333 428.823517
3.594667 433.892334
3.600000 434.221710
3.605333 425.244293
3.610667 417.967621
3.616000 419.182983
3.621333 426.563385
3.626667 434.341553
3.632000 441.369110
3.637333 448.571320
3.642667 457.163147
3.648000 469.004028
3.653333 482.441528
3.658667 490.539429
3.664000 232.557205
3.669333 232.365677
3.674667 232.504700
3.680000 568.677368
3.685333 570.993530
3.690667 564.760742
3.696000 556.166809
3.701333 576.614014
3.706667 591.941162
3.712000 282.247620
3.717333 116.068939
3.722667 664.656250
3.728000 138.989502
3.733333 139.304169
3.738667 115.737877
3.744000 115.871513
3.749333 115.981712
3.754667 139.799377
3.760000 279.062744
3.765333 279.057983
3.770667 278.426636
3.776000 470.813416
3.781333 479.627930
3.786667 92.497093
3.792000 92.395821
3.797333 92.365974
3.802667 273.007904
3.808000 315.361603
3.813333 0.000000
3.818667 0.000000
3.824000 236.388687
3.829333 235.501953
3.834667 228.946869
3.840000 229.138000
3.845333 249.045044
3.850667 250.631775
3.856000 260.328949
3.861333 261.435242
3.866667 110.791985
3.872000 111.610527
3.877333 111.665848
3.882667 220.362305
3.888000 111.332092
3.893333 110.316933
3.898667 110.224945
3.904000 110.229523
3.909333 264.010071
3.914667 110.913528
3.920000 267.340027
3.925333 111.249207
3.930667 111.126305
3.936000 110.894005
3.941333 266.888458
3.946667 269.203674
3.952000 111.746178
3.957333 111.909286
3.962667 110.761070
3.968000 266.437042
3.973333 110.433441
3.978667 110.125565
3.984000 231.103745
3.989333 230.491287
3.994667 240.473007
4.000000 240.281143
4.005333 239.952652
4.010667 239.878555
4.016000 240.001724
4.021333 239.637451
4.026667 238.363174
4.032000 238.599457
4.037333 239.388596
4.042666 239.913345
4.048000 239.626266
4.053333 238.240067
4.058667 235.836380
4.064000 233.757965
4.069334 232.674438
4.074667 232.092758
4.080000 231.654297
4.085333 230.560226
4.090667 229.378937
4.096000 229.348648
4.101333 229.873123
4.106667 230.431519
4.112000 230.605865
4.117333 230.701370
4.122667 231.382980
4.128000 232.568344
4.133333 233.498672
4.138667 234.172729
4.144000 234.803452
4.149333 235.478531
4.154667 236.185516
4.160000 237.039703
4.165333 238.141296
4.170667 238.737503
4.176000 238.248520
4.181334 237.243042
4.186666 236.136536
4.192000 235.606247
4.197333 235.242599
4.202667 234.247101
4.208000 233.359360
4.213333 233.235779
4.218667 233.331863
4.224000 233.270493
4.229333 233.198547
4.234667 233.071823
4.240000 232.582413
4.245333 231.612000
4.250667 230.139465
4.256000 228.882080
4.261333 228.887070
4.266667 230.599670
4.272000 239.494492
4.277333 240.568176
4.282667 241.602295
4.288000 309.982758
4.293334 103.853233
4.298666 103.852432
4.304000 103.872246
4.309333 260.011444
4.314667 261.480774
4.320000 260.674225
4.325333 260.269196
4.330667 261.077484
4.336000 103.912689
4.341333 103.842796
4.346667 307.349518
4.352000 307.002472
4.357333 257.926208
4.362667 258.361755
4.368000 259.849243
4.373333 69.992470
4.378667 69.928589
4.384000 266.659515
4.389333 240.123993
4.394667 241.653534
4.400000 243.323700
4.405334 243.660355
4.410666 243.140991
4.416000 242.126633
4.421333 240.543564
4.426667 238.357697
4.432000 236.362701
4.437333 235.465469
4.442667 235.285614
4.448000 235.090775
4.453333 234.233536
4.458667 232.527374
4.464000 232.008804
4.469333 232.933105
4.474667 234.138214
4.480000 234.723816
4.485333 234.722183
4.490667 234.267349
4.496000 233.812225
4.501333 233.739410
4.506667 233.834976
4.512000 233.907593
4.517334 233.573090
4.522666 260.109131
4.528000 259.355377
4.533333 232.059311
4.538667 231.485886
4.544000 255.919586
4.549333 255.767776
4.554667 230.175705
4.560000 229.080994
4.565333 226.768631
4.570667 224.733444
4.576000 172.021729
4.581333 172.466980
4.586667 172.634125
4.592000 138.984543
4.597333 139.059372
4.602667 139.311890
4.608000 139.559601
4.613333 239.507812
4.618667 212.998901
4.624000 139.940964
4.629333 140.083115
4.634666 140.055725
4.640000 139.912033
4.645333 139.709274
4.650667 139.584076
4.656000 139.574936
4.661334 139.541748
4.666667 0.000000
4.672000 181.847122
4.677333 137.906815
4.682667 137.845200
4.688000 139.920273
4.693333 139.539322
4.698667 111.713104
4.704000 111.721008
4.709333 111.736725
4.714667 138.971481
4.720000 138.905701
4.725333 138.800552
4.730667 138.428635
4.736000 138.159927
4.741333 110.903015
4.746666 139.375687
4.752000 139.267334
4.757333 139.462402
4.762667 139.623688
4.768000 139.889145
4.773334 261.657959
4.778666 262.351532
4.784000 264.227448
4.789333 264.815704
4.794667 253.703171
4.800000 515.251343
4.805333 501.584595
4.810667 493.959686
4.816000 245.017136
4.821333 243.575760
4.826667 241.403656
4.832000 239.095764
4.837333 236.465607
4.842667 229.030075
4.848000 227.123642
4.853333 225.919983
4.858667 696.815613
4.864000 702.604492
4.869333 705.733276
4.874667 705.582397
4.880000 703.256531
4.885334 237.064453
4.890666 237.388290
4.896000 237.216995
4.901333 237.478104
4.906667 237.951462
4.912000 237.706421
4.917333 236.542648
4.922667 234.994232
4.928000 233.907684
4.933333 233.775894
4.938667 234.325928
4.944000 234.356796
4.949333 233.692276
4.954667 233.043106
4.960000 232.893234
4.965333 233.284119
4.970667 234.191879
4.976000 235.122391
4.981333 234.957077
4.986667 234.013123
4.992000 232.636414
4.997334 230.980209
5.002666 230.187378
5.008000 286.444611
5.013333 287.202972
5.018667 230.950272
5.024000 231.117111
5.029333 231.933701
5.034667 232.942032
5.040000 236.362457
5.045333 104.760918
5.050667 276.791931
5.056000 274.935608
5.061333 276.403229
5.066667 282.114258
5.072000 104.162148
5.077333 104.082436
5.082667 104.198715
5.088000 277.344788
5.093333 278.378967
5.098667 288.317261
5.104000 104.282669
5.109334 286.131866
5.114666 283.913849
5.120000 283.610229
5.125333 283.962585
5.130667 284.260498
5.136000 284.252106
5.141333 283.738800
5.146667 283.025085
5.152000 282.037933
5.157333 281.279816
5.162667 280.186432
5.168000 278.794769
5.173333 104.279060
5.178667 104.393524
5.184000 104.421768
5.189333 104.506470
5.194667 104.905045
5.200000 226.283737
5.205333 229.232346
5.210667 231.585403
5.216000 233.304153
5.221334 235.050369
5.226666 473.145508
5.232000 475.187408
5.237333 237.384674
5.242667 236.474609
5.248000 235.592407
5.253334 235.018661
5.258667 234.624786
5.264000 234.269775
5.269333 233.607529
5.274667 232.516495
5.280000 231.315445
5.285333 230.448425
5.290667 229.592056
5.296000 228.553207
5.301333 227.795670
5.306667 227.328033
5.312000 227.002716
5.317333 226.842712
5.322667 226.928452
5.328000 227.215408
5.333333 227.538010
5.338666 227.710724
5.344000 227.386826
5.349333 226.249969
5.354667 224.297089
5.360000 220.964798
5.365334 215.795166
5.370667 213.303787
5.376000 462.468079
5.381333 207.611572
5.386667 205.971039
5.392000 204.410278
5.397333 203.707932
5.402667 203.483658
5.408000 203.844315
5.413333 204.373474
5.418667 204.897736
5.424000 205.696213
5.429333 206.710510
5.434667 207.562698
5.440000 208.301254
5.445333 208.907593
5.450667 209.225266
5.456000 209.157928
5.461333 208.714096
5.466667 208.264740
5.472000 208.960037
5.477334 210.420959
5.482666 210.620636
5.488000 209.754852
5.493333 208.881180
5.498667 208.022446
5.504000 206.127197
5.509333 204.843353
5.514667 204.335770
5.520000 204.003601
5.525333 203.566422
5.530667 203.104996
5.536000 202.824860
5.541333 202.720261
5.546667 135.492645
5.552000 135.628372
5.557333 204.097641
5.562667 205.071442
5.568000 205.644043
5.573333 206.118561
5.578667 206.622055
5.584000 207.147720
5.589334 207.580414
5.594666 207.626709
5.600000 208.251053
5.605333 209.543884
5.610667 210.465805
5.616000 210.334991
5.621333 209.582794
5.626667 272.329254
5.632000 104.144897
5.637333 104.362610
5.642667 207.732132
5.648000 208.213242
5.653333 208.917252
5.658667 209.448593
5.664000 209.699875
5.669333 104.612061
5.674667 104.445251
5.680000 104.531929
5.685333 208.738297
5.690667 207.413773
5.696000 104.592308
5.701334 189.207611
5.706666 188.763733
5.712000 188.744400
5.717333 189.033112
5.722667 188.468918
5.728000 183.696091
5.733333 182.866074
5.738667 92.017937
5.744000 186.039795
5.749333 186.928421
5.754667 273.798065
5.760000 272.391022
5.765333 271.157166
5.770667 271.033997
5.776000 272.303009
5.781333 91.927666
5.786667 274.568329
5.792000 275.555054
5.797333 276.554749
5.802667 276.720093
5.808000 276.218933
5.813334 137.848297
5.818666 137.510910
5.824000 112.058167
5.829333 112.008629
5.834667 111.686050
5.840000 111.430542
5.845333 275.615723
5.850667 137.899384
5.856000 137.866577
5.861333 273.947784
5.866667 273.846344
5.872000 273.817688
5.877333 274.016174
5.882667 274.748840
5.888000 138.010300
5.893333 137.902542
5.898667 137.574738
5.904000 137.322479
5.909333 137.343307
5.914667 276.064697
5.920000 137.700562
5.925333 137.755890
5.930666 137.867950
5.936000 137.893661
5.941333 273.893280
5.946667 273.730896
5.952000 273.643280
5.957334 272.311676
5.962667 270.877045
5.968000 270.164948
5.973333 177.461334
5.978667 177.239868
5.984000 141.091003
5.989333 140.426987
5.994667 186.691284
6.000000 186.862839
6.005333 186.576080
6.010667 185.940613
6.016000 185.423965
6.021333 185.107147
6.026667 184.845520
6.032000 184.782959
6.037333 185.180710
6.042666 186.572403
6.048000 144.048599
6.053333 273.687164
6.058667 274.465607
6.064000 275.286133
6.069334 275.450867
6.074667 275.445404
6.080000 276.497589
6.085333 276.542816
6.090667 275.018738
6.096000 274.478027
6.101333 276.143372
6.106667 278.097626
6.112000 277.222015
6.117333 178.077545
6.122667 178.285233
6.128000 178.750046
6.133333 275.154205
6.138667 275.843384
6.144000 79.280571
6.149333 184.993011
6.154667 183.707077
6.160000 137.953613
6.165333 138.162094
6.170667 144.286972
6.176000 79.435326
6.181334 275.521912
6.186666 274.323639
6.192000 274.197723
6.197333 275.752563
6.202667 140.151459
6.208000 139.587830
6.213333 277.413177
6.218667 275.808624
6.224000 275.528687
6.229333 275.945038
6.234667 139.393265
6.240000 139.428314
6.245333 138.940598
6.250667 276.508026
6.256000 138.621078
6.261333 139.590210
6.266667 141.456467
6.272000 182.431839
6.277333 181.942062
6.282667 277.463135
6.288000 277.780090
6.293334 278.678131
6.298666 279.933502
6.304000 79.797142
6.309333 138.809219
6.314667 277.425812
6.320000 277.084991
6.325333 138.816391
6.330667 183.493622
6.336000 183.033691
6.341333 273.354401
6.346667 274.402557
6.352000 275.363770
6.357333 139.477722
6.362667 141.325150
6.368000 185.917450
6.373333 140.857483
6.378667 136.551590
6.384000 182.608475
6.389333 182.650208
6.394667 182.918182
6.400000 274.551453
6.405334 275.167297
6.410666 274.128357
6.416000 269.807617
6.421333 269.282837
6.426667 140.188965
6.432000 139.932297
6.437333 272.200195
6.442667 271.827209
6.448000 184.011841
6.453333 184.934647
6.458667 138.614639
6.464000 138.859924
6.469333 138.866562
6.474667 138.836441
6.480000 77.958244
6.485333 77.966492
6.490667 226.001266
6.496000 225.461609
6.501333 156.028610
6.506667 155.937057
6.512000 155.939835
6.517334 77.944550
6.522666 224.727219
6.528000 224.631638
6.533333 225.064407
6.538667 77.988029
6.544000 139.024719
6.549333 139.010590
6.554667 139.165695
6.560000 213.383286
6.565333 201.494049
6.570667 77.965958
6.576000 182.940155
6.581333 139.195007
6.586667 139.237473
6.592000 139.395309
6.597333 139.637238
6.602667 139.751068
6.608000 77.969421
6.613333 191.771149
6.618667 192.289337
6.624000 139.766632
6.629333 139.612686
6.634666 139.469574
6.640000 139.209000
6.645333 270.272034
6.650667 184.555145
6.656000 184.624924
6.661334 184.402863
6.666667 138.759430
6.672000 138.884567
6.677333 139.379944
6.682667 77.865067
6.688000 77.885139
6.693333 268.906158
6.698667 268.597107
6.704000 184.476868
6.709333 139.722916
6.714667 139.722778
6.720000 155.533264
6.725333 77.885590
6.730667 77.893562
6.736000 77.866135
6.741333 77.894386
6.746666 155.815704
6.752000 155.854782
6.757333 115.645576
6.762667 115.623199
6.768000 77.847496
6.773334 183.440506
6.778666 183.642853
6.784000 104.076469
6.789333 104.268349
6.794667 104.241135
6.800000 104.126381
6.805333 104.119644
6.810667 104.118652
6.816000 104.085266
6.821333 104.188477
6.826667 105.997620
6.832000 104.579567
6.837333 104.503387
6.842667 104.555672
6.848000 104.552483
6.853333 104.459465
6.858667 104.579666
6.864000 105.351006
6.869333 105.780167
6.874667 105.529465
6.880000 104.128098
6.885334 104.130646
6.890666 104.512642
6.896000 266.945984
6.901333 266.086273
6.906667 265.864349
6.912000 116.073418
6.917333 266.632477
6.922667 135.599548
6.928000 131.648590
6.933333 131.419693
6.938667 262.628754
6.944000 261.703125
6.949333 262.195374
6.954667 265.060089
6.960000 268.693909
6.965333 270.490234
6.970667 271.385498
6.976000 757.666199
6.981333 759.054504
6.986667 104.639526
6.992000 92.441597
6.997334 139.758270
7.002666 139.553345
7.008000 152.224457
7.013333 270.259613
7.018667 269.026581
7.024000 268.226379
7.029333 0.000000
7.034667 0.000000
7.040000 524.591370
7.045333 529.041016
7.050667 522.930542
7.056000 105.767319
7.061333 105.638870
7.066667 105.738571
7.072000 105.850044
7.077333 266.527252
7.082667 267.816071
7.088000 268.154816
7.093333 212.083176
7.098667 212.296280
7.104000 106.307205
7.109334 266.225616
7.114666 266.196381
7.120000 266.144989
7.125333 266.179474
7.130667 266.466583
7.136000 266.956329
7.141333 212.386902
7.146667 211.974243
7.152000 281.473480
7.157333 280.936859
7.162667 186.261566
7.168000 119.371262
7.173333 119.084526
7.178667 112.381996
7.184000 112.464447
7.189333 112.710991
7.194667 112.808632
7.200000 112.772469
7.205333 112.856400
7.210667 113.137520
7.216000 113.230782
7.221334 119.330078
7.226666 268.300476
7.232000 267.782928
7.237333 267.261749
7.242667 118.243782
7.248000 118.912933
7.253334 119.538681
7.258667 120.202728
7.264000 120.523476
7.269333 120.466202
7.274667 120.150856
7.280000 118.199615
7.285333 117.761932
7.290667 117.704872
7.296000 120.218132
7.301333 120.421799
7.306667 120.569603
7.312000 119.973267
7.317333 119.382568
7.322667 119.665375
7.328000 120.531456
7.333333 120.687355
7.338666 119.795013
7.344000 119.582939
7.349333 119.399467
7.354667 118.936707
7.360000 111.370628
7.365334 122.570198
7.370667 122.499031
7.376000 122.404770
7.381333 122.412308
7.386667 122.394554
7.392000 122.250946
7.397333 112.071793
7.402667 111.649445
7.408000 242.375626
7.413333 122.437981
7.418667 122.688736
7.424000 123.084358
7.429333 184.621948
7.434667 184.214783
7.440000 122.789299
7.445333 122.798454
7.450667 122.975777
7.456000 279.961212
7.461333 279.817108
7.466667 279.515930
7.472000 279.603119
7.477334 279.799957
7.482666 279.414581
7.488000 278.777252
7.493333 278.556824
7.498667 278.404236
7.504000 278.039795
7.509333 277.897736
7.514667 278.355591
7.520000 278.599152
7.525333 278.285339
7.530667 120.984131
7.536000 121.168343
7.541333 121.573860
7.546667 195.107849
7.552000 196.624405
7.557333 198.645233
7.562667 199.921082
7.568000 200.526169
7.573333 200.725693
7.578667 139.145752
7.584000 139.562363
7.589334 140.425415
7.594666 217.206573
7.600000 217.257614
7.605333 100.903664
7.610667 153.150024
7.616000 139.968079
7.621333 98.924538
7.626667 186.485870
7.632000 185.750549
7.637333 155.420715
7.642667 155.434586
7.648000 155.573196
7.653333 155.878036
7.658667 155.975174
7.664000 155.894211
7.669333 155.713287
7.674667 155.644592
7.680000 155.853195
7.685333 156.007263
7.690667 155.913391
7.696000 155.812988
7.701334 155.811829
7.706666 155.810623
7.712000 155.678741
7.717333 155.490173
7.722667 155.317810
7.728000 155.397537
7.733333 215.381683
7.738667 216.647873
7.744000 217.774292
7.749333 216.969437
7.754667 215.423706
7.760000 214.280899
7.765333 213.358978
7.770667 212.379593
7.776000 211.382736
7.781333 210.397949
7.786667 209.577042
7.792000 209.379959
7.797333 151.056763
7.802667 150.308395
7.808000 140.976929
7.813334 140.861115
7.818666 200.440781
7.824000 200.073410
7.829333 101.005066
7.834667 111.079109
7.840000 166.271103
7.845333 3442.964844
7.850667 3399.862061
7.856000 185.874847
7.861333 185.068359
7.866667 102.755608
7.872000 102.804932
7.877333 102.797043
7.882667 102.610001
7.888000 102.371071
7.893333 3228.576660
7.898667 3202.599365
7.904000 3159.174316
7.909333 3073.756348
7.914667 223.066284
7.920000 104.722389
7.925333 1648.675293
7.930666 1632.910278
7.936000 214.111496
7.941333 213.636566
7.946667 213.188858
7.952000 212.802216
7.957334 212.438263
7.962667 212.148605
7.968000 213.003311
7.973333 215.220078
7.978667 218.840378
7.984000 221.247437
7.989333 221.176315
7.994667 221.467178
8.000000 222.567947
8.005333 107.247841
8.010667 106.480782
8.016000 212.926895
8.021334 213.286270
8.026667 212.922302
8.032000 212.400406
8.037333 212.245407
8.042666 212.267822
8.048000 212.077133
8.053333 211.777023
8.058666 211.573044
8.064000 211.569733
8.069333 211.747208
8.074667 211.882965
8.080000 211.773102
8.085333 211.827789
8.090667 212.323105
8.096000 212.704315
8.101334 212.703949
8.106667 212.714706
8.112000 212.831589
8.117333 212.698669
8.122666 212.119110
8.128000 211.263428
8.133333 210.707245
8.138667 210.321793
8.144000 209.902145
8.149333 209.607269
8.154667 209.513794
8.160000 104.724152
8.165334 104.768463
8.170667 104.818916
8.176000 209.588303
8.181334 209.395050
8.186666 209.112274
8.192000 208.782394
8.197333 208.434433
8.202666 208.184738
8.208000 208.172775
8.213333 208.321701
8.218667 208.494354
8.224000 208.570297
8.229333 208.585800
8.234667 208.559723
8.240000 208.414154
8.245334 208.135529
8.250667 207.806137
8.256000 207.431305
8.261333 207.009659
8.266666 206.473145
8.272000 205.903870
8.277333 205.448349
8.282666 205.045593
8.288000 204.656387
8.293333 204.431870
8.298667 204.763046
8.304000 105.034134
8.309334 103.978096
8.314667 103.288185
8.320000 205.978928
8.325334 206.456024
8.330667 207.022354
8.336000 207.305771
8.341333 207.240891
8.346666 207.366821
8.352000 207.705750
8.357333 207.822083
8.362667 208.015747
8.368000 208.415939
8.373333 208.497803
8.378667 208.390717
8.384000 208.339111
8.389334 208.424179
8.394667 104.299820
8.400000 104.252930
8.405334 208.334549
8.410666 208.214722
8.416000 208.038406
8.421333 207.851532
8.426666 207.547302
8.432000 207.021805
8.437333 206.663727
8.442667 206.708984
8.448000 206.750458
8.453333 206.695526
8.458667 206.665253
8.464000 206.676010
8.469334 206.553375
8.474667 206.084167
8.480000 205.278381
8.485333 204.553955
8.490666 204.274139
8.496000 204.381012
8.501333 204.639496
8.506667 102.765915
8.512000 103.581360
8.517333 104.252289
8.522667 104.485069
8.528000 101.685760
8.533334 204.677124
8.538667 102.869217
8.544000 103.143745
8.549334 206.723328
8.554667 206.467331
8.560000 206.509979
8.565333 206.992661
8.570666 207.330582
8.576000 207.265060
8.581333 206.895950
8.586667 206.495529
8.592000 206.475159
8.597333 206.831635
8.602667 207.115067
8.608000 207.025330
8.613334 206.745667
8.618667 206.559738
8.624000 206.543884
8.629333 206.588745
8.634666 206.570343
8.640000 206.505203
8.645333 206.535049
8.650666 206.724274
8.656000 206.982040
8.661333 207.143723
8.666667 207.242188
8.672000 207.310837
8.677333 207.365067
8.682667 207.469421
8.688000 207.699661
8.693334 208.086884
8.698667 208.514465
8.704000 208.934433
8.709333 209.333282
8.714666 209.588364
8.720000 209.767273
8.725333 210.008545
8.730667 210.278656
8.736000 210.344681
8.741333 104.883034
8.746667 104.619652
8.752000 104.392540
8.757334 207.604858
8.762667 206.879440
8.768000 205.935669
8.773334 204.631821
8.778666 204.095901
8.784000 104.744530
8.789333 104.296799
8.794666 103.919563
8.800000 103.904823
8.805333 132.367599
8.810667 132.202881
8.816000 132.186646
8.821333 105.331070
8.826667 105.608383
8.832000 104.126907
8.837334 104.354759
8.842667 104.523567
8.848000 104.524490
8.853333 104.502243
8.858666 104.720039
8.864000 104.896408
8.869333 104.911865
8.874666 104.924736
8.880000 104.874023
8.885333 104.746117
8.890667 104.663940
8.896000 104.670990
8.901334 104.732742
8.906667 104.838493
8.912000 104.898170
8.917334 104.830330
8.922667 104.776680
8.928000 104.769485
8.933333 104.706764
8.938666 104.641922
8.944000 104.692375
8.949333 104.736137
8.954667 104.569168
8.960000 104.269241
8.965333 104.112991
8.970667 104.122818
8.976000 104.162895
8.981334 104.161819
8.986667 104.198059
8.992000 104.301216
8.997334 104.286812
9.002666 104.170441
9.008000 104.032616
9.013333 104.005775
9.018666 104.055000
9.024000 104.072418
9.029333 104.057953
9.034667 104.055313
9.040000 104.038124
9.045333 103.970619
9.050667 103.924042
9.056000 103.906906
9.061334 103.913895
9.066667 103.946854
9.072000 103.985954
9.077333 103.969673
9.082666 103.893486
9.088000 103.830132
9.093333 103.880974
9.098666 104.022812
9.104000 104.058716
9.109333 140.286728
9.114667 140.683411
9.120000 140.724716
9.125334 872.151672
9.130667 286.290894
9.136000 285.233826
9.141334 285.050629
9.146667 285.674896
9.152000 287.403625
9.157333 288.498505
9.162666 287.976593
9.168000 287.200256
9.173333 286.884003
9.178667 286.643250
9.184000 286.268524
9.189333 285.783447
9.194667 284.791046
9.200000 283.254272
9.205334 282.870453
9.210667 284.541870
9.216000 100.468925
9.221334 101.181946
9.226666 102.099075
9.232000 103.456291
9.237333 104.060165
9.242666 104.253128
9.248000 104.544319
9.253333 105.199226
9.258667 105.700699
9.264000 105.383545
9.269333 313.855377
9.274667 314.382599
9.280000 316.030609
9.285334 317.345551
9.290667 317.921570
9.296000 318.069489
9.301333 317.972656
9.306666 106.038475
9.312000 105.897964
9.317333 105.699585
9.322667 105.521584
9.328000 105.504509
9.333333 105.695580
9.338667 105.928825
9.344000 106.058952
9.349334 106.022232
9.354667 105.819687
9.360000 105.502640
9.365334 105.174416
9.370667 105.326744
9.376000 105.317551
9.381333 105.199257
9.386666 105.143242
9.392000 105.217888
9.397333 105.362541
9.402667 105.269348
9.408000 105.094536
9.413333 105.015404
9.418667 105.004585
9.424000 105.045448
9.429334 105.090355
9.434667 105.070343
9.440000 104.955086
9.445333 104.808273
9.450666 104.734596
9.456000 104.714088
9.461333 104.647049
9.466666 104.553329
9.472000 104.506218
9.477333 104.488213
9.482667 104.442497
9.488000 104.402191
9.493333 104.388023
9.498667 234.010864
9.504000 233.660355
9.509334 233.754150
9.514667 234.067307
9.520000 234.165054
9.525333 188.323807
9.530666 104.721321
9.536000 104.744507
9.541333 104.712128
9.546667 104.830353
9.552000 104.927483
9.557333 104.867867
9.562667 104.768257
9.568000 104.749657
9.573334 104.776855
9.578667 104.773270
9.584000 104.735016
9.589334 104.673996
9.594666 104.597015
9.600000 311.311340
9.605333 310.063446
9.610666 308.752106
9.616000 307.419922
9.621333 104.023178
9.626667 103.811668
9.632000 103.641113
9.637333 103.541336
9.642667 103.559013
9.648000 103.706085
9.653334 103.937820
9.658667 104.198380
9.664000 104.457176
9.669333 104.669861
9.674666 104.839180
9.680000 104.978989
9.685333 105.076347
9.690666 105.098335
9.696000 105.051224
9.701333 104.979820
9.706667 104.918869
9.712000 104.894135
9.717334 104.884560
9.722667 104.859192
9.728000 104.787590
9.733334 104.658958
9.738667 104.542801
9.744000 104.531593
9.749333 104.617676
9.754666 104.611496
9.760000 311.287872
9.765333 310.967468
9.770667 310.657074
9.776000 310.521637
9.781333 310.507935
9.786667 310.489777
9.792000 310.508636
9.797334 310.608154
9.802667 310.652710
9.808000 310.457703
9.813334 103.856949
9.818666 103.885170
9.824000 104.042801
9.829333 104.269890
9.834666 104.376144
9.840000 104.320305
9.845333 104.224327
9.850667 104.119553
9.856000 104.008369
9.861333 103.895050
9.866667 103.704132
9.872000 103.446632
9.877334 103.186760
9.882667 102.853973
9.888000 101.851013
9.893333 101.003952
9.898666 296.488892
9.904000 293.257263
9.909333 289.129303
9.914667 286.176544
9.920000 283.701294
9.925333 280.346344
9.930667 278.032623
9.936000 277.740479
9.941334 210.348557
9.946667 276.078430
9.952000 274.066895
9.957334 273.257812
9.962667 273.369690
9.968000 274.320251
9.973333 104.008560
9.978666 274.819824
9.984000 273.395172
9.989333 272.306427
9.994667 271.749237
10.000000 0.000000
