0.000000 0.000000
0.005333 0.000000
0.010667 0.000000
0.016000 0.000000
0.021333 0.000000
0.026667 0.000000
0.032000 0.000000
0.037333 0.000000
0.042667 0.000000
0.048000 0.000000
0.053333 0.000000
0.058667 0.000000
0.064000 0.000000
0.069333 0.000000
0.074667 0.000000
0.080000 0.000000
0.085333 656.861145
0.090667 655.640381
0.096000 198.290878
0.101333 209.622635
0.106667 186.313553
0.112000 184.053864
0.117333 103.902969
0.122667 209.093384
0.128000 210.062897
0.133333 163.955276
0.138667 109.378571
0.144000 98.577469
0.149333 82.623116
0.154667 82.580391
0.160000 98.624039
0.165333 98.684296
0.170667 82.643005
0.176000 75.697220
0.181333 164.871689
0.186667 229.741959
0.192000 61.836903
0.197333 229.322540
0.202667 164.893097
0.208000 164.717194
0.213333 164.671387
0.218667 228.911896
0.224000 584.378967
0.229333 589.568542
0.234667 590.864685
0.240000 590.932861
0.245333 591.318481
0.250667 592.443726
0.256000 593.411926
0.261333 115.985527
0.266667 117.226578
0.272000 117.517517
0.277333 117.702377
0.282667 117.876190
0.288000 118.052948
0.293333 118.199051
0.298667 118.278862
0.304000 118.333527
0.309333 118.401642
0.314667 118.584824
0.320000 119.926804
0.325333 120.221451
0.330667 120.470840
0.336000 120.617165
0.341333 120.801193
0.346667 121.187912
0.352000 244.261322
0.357333 243.316666
0.362667 242.391968
0.368000 241.814331
0.373333 241.347153
0.378667 240.669159
0.384000 239.655563
0.389333 238.622009
0.394667 238.505295
0.400000 238.974548
0.405333 239.366379
0.410667 239.340118
0.416000 238.858932
0.421333 238.067215
0.426667 237.459549
0.432000 238.018875
0.437333 240.035248
0.442667 244.756668
0.448000 246.909485
0.453333 248.462326
0.458667 250.110840
0.464000 250.500580
0.469333 249.897827
0.474667 130.958313
0.480000 131.115005
0.485333 130.988434
0.490667 130.871704
0.496000 130.824234
0.501333 130.836853
0.506667 130.839294
0.512000 130.802307
0.517333 393.651093
0.522667 392.967987
0.528000 392.319733
0.533333 391.814178
0.538667 391.075500
0.544000 389.794128
0.549333 388.439575
0.554667 387.371887
0.560000 386.343079
0.565333 385.198669
0.570667 127.237206
0.576000 126.915504
0.581333 126.572716
0.586667 126.303940
0.592000 126.268089
0.597333 126.364037
0.602667 126.451385
0.608000 126.746391
0.613333 127.271019
0.618667 253.349106
0.624000 2325.843018
0.629333 2324.594482
0.634667 2346.394775
0.640000 254.011642
0.645333 251.539551
0.650667 249.851196
0.656000 248.050293
0.661333 245.323227
0.666667 242.969482
0.672000 240.773849
0.677333 238.531097
0.682667 236.847000
0.688000 236.791382
0.693333 238.175598
0.698667 240.491837
0.704000 242.825867
0.709333 244.840317
0.714667 246.042603
0.720000 246.529175
0.725333 247.044266
0.730667 248.090240
0.736000 249.973724
0.741333 250.738785
0.746667 1561.323608
0.752000 1561.692261
0.757333 1555.212769
0.762667 421.643707
0.768000 421.899292
0.773333 418.801514
0.778667 403.422974
0.784000 811.117737
0.789333 810.464844
0.794667 809.414307
0.800000 806.826965
0.805333 800.230530
0.810667 388.678284
0.816000 389.177063
0.821333 781.701294
0.826667 781.101929
0.832000 781.586121
0.837333 782.026550
0.842667 782.127441
0.848000 781.884094
0.853333 781.535889
0.858667 781.466858
0.864000 781.690613
0.869333 781.945801
0.874667 782.204224
0.880000 782.390137
0.885333 782.491211
0.890667 782.567993
0.896000 782.899780
0.901333 783.473450
0.906667 783.770752
0.912000 783.528381
0.917333 782.997131
0.922667 782.638489
0.928000 782.674500
0.933333 783.080200
0.938667 783.665833
0.944000 784.058167
0.949333 784.300659
0.954667 784.396667
0.960000 783.994263
0.965333 783.688354
0.970667 260.664978
0.976000 260.964966
0.981333 261.122559
0.986667 261.132751
0.992000 261.023651
0.997333 260.779816
1.002667 260.509583
1.008000 260.280609
1.013333 260.074493
1.018667 259.909637
1.024000 259.800568
1.029333 259.752289
1.034667 259.732391
1.040000 259.687988
1.045333 259.634247
1.050667 259.641846
1.056000 259.726349
1.061333 259.830994
1.066667 259.871307
1.072000 259.759186
1.077333 259.713348
1.082667 390.480743
1.088000 393.424530
1.093333 393.832886
1.098667 392.066467
1.104000 391.265137
1.109333 390.772736
1.114667 778.950439
1.120000 776.867493
1.125333 776.591431
1.130667 777.830444
1.136000 779.118164
1.141333 778.741943
1.146667 776.834290
1.152000 389.689453
1.157333 389.882233
1.162667 390.199524
1.168000 780.422913
1.173333 781.148438
1.178667 390.324280
1.184000 389.960358
1.189333 195.243073
1.194667 195.588959
1.200000 196.124283
1.205333 196.822372
1.210667 197.659760
1.216000 154.996658
1.221333 154.526749
1.226667 154.128250
1.232000 200.385880
1.237333 199.970291
1.242667 154.099579
1.248000 154.336319
1.253333 154.503845
1.258667 154.585861
1.264000 154.658798
1.269333 638.208374
1.274667 634.327759
1.280000 630.426147
1.285333 200.588699
1.290667 200.114380
1.296000 200.392014
1.301333 619.783325
1.306667 613.569397
1.312000 195.904984
1.317333 194.164017
1.322667 192.897827
1.328000 284.930725
1.333333 282.437805
1.338667 278.783508
1.344000 273.368103
1.349333 268.559723
1.354667 264.262939
1.360000 262.033997
1.365333 260.568481
1.370667 258.851593
1.376000 256.292175
1.381333 253.045990
1.386667 248.126617
1.392000 192.134659
1.397333 185.058258
1.402667 185.784714
1.408000 101.776825
1.413333 191.194473
1.418667 186.609329
1.424000 180.860168
1.429333 98.091133
1.434667 98.407372
1.440000 98.435707
1.445333 98.339691
1.450667 98.178833
1.456000 792.541565
1.461333 769.624634
1.466667 70.551071
1.472000 718.415588
1.477333 721.510132
1.482667 729.682861
1.488000 70.976089
1.493333 71.001945
1.498667 164.111755
1.504000 164.302078
1.509333 667.857117
1.514667 654.445862
1.520000 597.860901
1.525333 595.561462
1.530667 594.323059
1.536000 592.989807
1.541333 590.857300
1.546667 588.019775
1.552000 587.433655
1.557333 590.131287
1.562667 591.841187
1.568000 205.157654
1.573333 205.278046
1.578667 204.746780
1.584000 197.858658
1.589333 197.441208
1.594667 197.115341
1.600000 196.707779
1.605333 196.171066
1.610667 195.849396
1.616000 195.759613
1.621333 195.718353
1.626667 195.603073
1.632000 195.370514
1.637333 195.096695
1.642667 258.981964
1.648000 257.670105
1.653333 257.270386
1.658667 256.188416
1.664000 411.615845
1.669333 417.679626
1.674667 71.479996
1.680000 246.282410
1.685333 227.197266
1.690667 218.407730
1.696000 220.284500
1.701333 228.097900
1.706667 232.945862
1.712000 233.362473
1.717333 231.906586
1.722667 233.431274
1.728000 242.466934
1.733333 245.818787
1.738667 246.628464
1.744000 246.463745
1.749333 248.284134
1.754667 251.250183
1.760000 255.956085
1.765333 388.372101
1.770667 389.483459
1.776000 390.576569
1.781333 391.210541
1.786667 391.385956
1.792000 391.352417
1.797333 391.214569
1.802667 391.215942
1.808000 391.351105
1.813333 391.289185
1.818667 195.755844
1.824000 195.891403
1.829333 195.850967
1.834667 195.348572
1.840000 194.663727
1.845333 194.096710
1.850667 193.492203
1.856000 192.895889
1.861333 193.022919
1.866667 193.786942
1.872000 194.253586
1.877333 194.357819
1.882667 194.872726
1.888000 196.536636
1.893333 198.524841
1.898667 199.892044
1.904000 201.381882
1.909333 112.057297
1.914667 112.250435
1.920000 112.422729
1.925333 112.534142
1.930667 112.528358
1.936000 112.208870
1.941333 111.394547
1.946667 198.036957
1.952000 196.097183
1.957333 195.186966
1.962667 194.572678
1.968000 389.479370
1.973333 259.923676
1.978667 259.709412
1.984000 259.722595
1.989333 782.423035
1.994667 781.793640
2.000000 783.188049
2.005333 390.256012
2.010667 390.448212
2.016000 390.688873
2.021333 390.963379
2.026667 391.523651
2.032000 756.864624
2.037333 1546.896118
2.042667 1548.217041
2.048000 1540.766113
2.053333 0.000000
2.058667 426.159027
2.064000 2828.402832
2.069333 482.300751
2.074667 155.986786
2.080000 816.742371
2.085333 824.182373
2.090667 866.387756
2.096000 127.444275
2.101333 257.516632
2.106667 257.810699
2.112000 257.662933
2.117333 256.913025
2.122667 255.705338
2.128000 254.363327
2.133333 251.956131
2.138667 249.395676
2.144000 248.848740
2.149333 249.108719
2.154667 249.241806
2.160000 249.153259
2.165333 246.093170
2.170667 120.193817
2.176000 118.303589
2.181333 118.320602
2.186667 118.284927
2.192000 118.259132
2.197333 118.311806
2.202667 120.610420
2.208000 121.808998
2.213333 122.812378
2.218667 123.793724
2.224000 252.222183
2.229333 251.620621
2.234667 250.900497
2.240000 250.358322
2.245333 250.102509
2.250667 249.827347
2.256000 249.017761
2.261333 246.914001
2.266667 242.970261
2.272000 236.996216
2.277333 234.396942
2.282667 230.474884
2.288000 212.445755
2.293333 424.366119
2.298667 112.763298
2.304000 253.560120
2.309333 254.627167
2.314667 255.559616
2.320000 256.488983
2.325333 257.322540
2.330667 257.700867
2.336000 258.035858
2.341333 258.764740
2.346667 259.160065
2.352000 258.763855
2.357333 391.638916
2.362667 391.381348
2.368000 379.639740
2.373333 369.062469
2.378667 365.387268
2.384000 181.065826
2.389333 499.318207
2.394667 497.317444
2.400000 248.984482
2.405333 250.391525
2.410667 259.866150
2.416000 261.402130
2.421333 261.978180
2.426667 262.141022
2.432000 98.441833
2.437333 98.634003
2.442667 98.767151
2.448000 98.836647
2.453333 98.839531
2.458667 98.772842
2.464000 98.629059
2.469333 98.461502
2.474667 98.066010
2.480000 193.168091
2.485333 193.786499
2.490667 195.121109
2.496000 195.699982
2.501333 195.814423
2.506667 195.786194
2.512000 195.764374
2.517333 195.828339
2.522667 195.990433
2.528000 196.151993
2.533333 196.183044
2.538667 196.074387
2.544000 195.936813
2.549333 195.842270
2.554667 195.803238
2.560000 195.793320
2.565333 195.788025
2.570667 195.751968
2.576000 195.691010
2.581333 195.593796
2.586667 195.464661
2.592000 195.353653
2.597333 195.359695
2.602667 195.774765
2.608000 197.402725
2.613333 200.896133
2.618667 203.281326
2.624000 203.908920
2.629333 202.672943
2.634667 200.332520
2.640000 188.286011
2.645333 188.399643
2.650667 388.747894
2.656000 389.182312
2.661333 195.735611
2.666667 195.369156
2.672000 390.059631
2.677333 0.000000
2.682667 191.521469
2.688000 184.880127
2.693333 186.139069
2.698667 101.939186
2.704000 101.687660
2.709333 186.875549
2.714667 176.909943
2.720000 98.419868
2.725333 98.637360
2.730667 82.225983
2.736000 82.302681
2.741333 98.954140
2.746667 98.940742
2.752000 563.386597
2.757333 76.267616
2.762667 76.326630
2.768000 559.247070
2.773333 528.687073
2.778667 522.043701
2.784000 522.359863
2.789333 520.540161
2.794667 511.278137
2.800000 506.675293
2.805333 510.026672
2.810667 582.905334
2.816000 588.297852
2.821333 589.139221
2.826667 586.801514
2.832000 583.420593
2.837333 582.201416
2.842667 582.505859
2.848000 582.204956
2.853333 296.220337
2.858667 296.677460
2.864000 582.677979
2.869333 579.732971
2.874667 577.153381
2.880000 576.435913
2.885333 575.438171
2.890667 574.961426
2.896000 576.528748
2.901333 577.035706
2.906667 575.115295
2.912000 572.314636
2.917333 569.540100
2.922667 181.139694
2.928000 180.914169
2.933333 179.723618
2.938667 178.615921
2.944000 178.279144
2.949333 177.525360
2.954667 502.148071
2.960000 503.061401
2.965333 503.127533
2.970667 168.953033
2.976000 167.203690
2.981333 165.084259
2.986667 163.667175
2.992000 491.062653
2.997333 491.020660
3.002667 490.017303
3.008000 488.722565
3.013333 488.164398
3.018667 489.299530
3.024000 491.743866
3.029333 163.209305
3.034667 163.871445
3.040000 164.815125
3.045333 165.298950
3.050667 165.261581
3.056000 386.994995
3.061333 388.066132
3.066667 389.104034
3.072000 196.856094
3.077333 197.403046
3.082667 197.424744
3.088000 197.069565
3.093333 196.444016
3.098667 389.698578
3.104000 388.824219
3.109333 388.925537
3.114667 197.840485
3.120000 127.163338
3.125333 127.188828
3.130667 127.192596
3.136000 127.174995
3.141333 127.216843
3.146667 127.132561
3.152000 126.739822
3.157333 125.596207
3.162667 246.792831
3.168000 244.206497
3.173333 241.758987
3.178667 238.713409
3.184000 235.232162
3.189333 231.431259
3.194667 227.261368
3.200000 222.026260
3.205333 211.885437
3.210667 207.690674
3.216000 205.931320
3.221333 166.455658
3.226667 168.013107
3.232000 168.535690
3.237333 168.518219
3.242667 168.300842
3.248000 167.770782
3.253333 167.269775
3.258667 167.124756
3.264000 167.119949
3.269333 166.934235
3.274667 162.072968
3.280000 154.366333
3.285333 381.701324
3.290667 102.662231
3.296000 102.574142
3.301333 102.586761
3.306667 106.336693
3.312000 106.549263
3.317333 129.107193
3.322667 1519.085205
3.328000 1532.200317
3.333333 1530.756104
3.338667 1517.691772
3.344000 1479.551270
3.349333 937.317444
3.354667 2833.258545
3.360000 478.040771
3.365333 1117.414673
3.370667 1076.719971
3.376000 965.145874
3.381333 976.407898
3.386667 985.491150
3.392000 988.726501
3.397333 988.391418
3.402667 987.490601
3.408000 987.075134
3.413333 986.796692
3.418667 986.754150
3.424000 986.059326
3.429333 985.384583
3.434667 986.342407
3.440000 493.865295
3.445333 494.550812
3.450667 494.896088
3.456000 494.868286
3.461333 494.744019
3.466667 495.413300
3.472000 496.689056
3.477333 498.020111
3.482667 499.398865
3.488000 141.958313
3.493333 141.857040
3.498667 141.963852
3.504000 142.269424
3.509333 142.621918
3.514667 142.908234
3.520000 143.131027
3.525333 143.303497
3.530667 143.427963
3.536000 143.621902
3.541333 144.150467
3.546667 144.925171
3.552000 145.462570
3.557333 145.735214
3.562667 145.657089
3.568000 145.214600
3.573333 144.394257
3.578667 143.242691
3.584000 142.266266
3.589333 141.415054
3.594667 140.610764
3.600000 140.037720
3.605333 139.759491
3.610667 139.922638
3.616000 140.381821
3.621333 140.769577
3.626667 141.050110
3.632000 141.328827
3.637333 141.562775
3.642667 141.692780
3.648000 141.784241
3.653333 141.986893
3.658667 163.371094
3.664000 162.720535
3.669333 161.583679
3.674667 162.278351
3.680000 247.490387
3.685333 333.895813
3.690667 986.555786
3.696000 990.268005
3.701333 990.886597
3.706667 990.152405
3.712000 988.997620
3.717333 987.869080
3.722667 986.833862
3.728000 985.942200
3.733333 985.546692
3.738667 986.079407
3.744000 987.270325
3.749333 988.165955
3.754667 988.448364
3.760000 988.604431
3.765333 988.850708
3.770667 989.027649
3.776000 988.961731
3.781333 988.643860
3.786667 988.034851
3.792000 985.965210
3.797333 975.931702
3.802667 245.617722
3.808000 245.735748
3.813333 245.997818
3.818667 245.806793
3.824000 245.220322
3.829333 245.914444
3.834667 760.817444
3.840000 179.820648
3.845333 179.854263
3.850667 179.836960
3.856000 777.028137
3.861333 780.679932
3.866667 786.649536
3.872000 800.927856
3.877333 199.431396
3.882667 199.552963
3.888000 199.647247
3.893333 199.262283
3.898667 958.170410
3.904000 980.045410
3.909333 986.983276
3.914667 986.614014
3.920000 985.759644
3.925333 986.639709
3.930667 988.357300
3.936000 990.068298
3.941333 990.424255
3.946667 989.447998
3.952000 988.775452
3.957333 988.714905
3.962667 988.587036
3.968000 493.734619
3.973333 493.244263
3.978667 489.614563
3.984000 197.546066
3.989333 344.931335
3.994667 351.649017
4.000000 487.729614
4.005333 492.590271
4.010667 494.551605
4.016000 495.619476
4.021333 495.914490
4.026667 495.646240
4.032000 495.161865
4.037333 494.722687
4.042666 494.390259
4.048000 494.133972
4.053333 493.961914
4.058667 493.867615
4.064000 493.871826
4.069334 493.992249
4.074667 494.134277
4.080000 494.177490
4.085333 494.153961
4.090667 494.357605
4.096000 495.301422
4.101333 498.391815
4.106667 196.287689
4.112000 196.430603
4.117333 196.522797
4.122667 196.634171
4.128000 196.686920
4.133333 196.637970
4.138667 196.664047
4.144000 196.814651
4.149333 196.910202
4.154667 196.856537
4.160000 196.744614
4.165333 196.693359
4.170667 196.960342
4.176000 197.486710
4.181334 197.810349
4.186666 197.855209
4.192000 197.767029
4.197333 197.609589
4.202667 197.376999
4.208000 197.153030
4.213333 496.812592
4.218667 496.375122
4.224000 495.373932
4.229333 494.254181
4.234667 493.643860
4.240000 493.531494
4.245333 493.513733
4.250667 493.457642
4.256000 493.327240
4.261333 493.300385
4.266667 493.366455
4.272000 493.170166
4.277333 492.038483
4.282667 490.691345
4.288000 490.401398
4.293334 165.421829
4.298666 192.180588
4.304000 191.142990
4.309333 100.766510
4.314667 100.789406
4.320000 187.356033
4.325333 167.844650
4.330667 99.240379
4.336000 99.128777
4.341333 82.631271
4.346667 495.066467
4.352000 493.924408
4.357333 334.783569
4.362667 335.803009
4.368000 335.502472
4.373333 333.486938
4.378667 331.558014
4.384000 330.448212
4.389333 198.302292
4.394667 198.863388
4.400000 199.098007
4.405334 198.898331
4.410666 198.402832
4.416000 198.111588
4.421333 197.975845
4.426667 197.800964
4.432000 197.616791
4.437333 197.381775
4.442667 197.073837
4.448000 196.627960
4.453333 196.232559
4.458667 194.493423
4.464000 188.830856
4.469333 188.705048
4.474667 102.063942
4.480000 193.942886
4.485333 183.541748
4.490667 0.000000
4.496000 97.346504
4.501333 97.355606
4.506667 86.966164
4.512000 87.087494
4.517334 783.985107
4.522666 792.475891
4.528000 77.032425
4.533333 69.759216
4.538667 68.256798
4.544000 67.438232
4.549333 64.788467
4.554667 64.705177
4.560000 64.514099
4.565333 58.270477
4.570667 64.286499
4.576000 64.154282
4.581333 63.874496
4.586667 61.009552
4.592000 61.180977
4.597333 61.554302
4.602667 61.639900
4.608000 61.538891
4.613333 61.555649
4.618667 1552.682495
4.624000 1548.930298
4.629333 1531.719604
4.634666 0.000000
4.640000 424.344879
4.645333 2852.184082
4.650667 482.648651
4.656000 481.961792
4.661334 492.950043
4.666667 978.999390
4.672000 983.774170
4.677333 990.475281
4.682667 495.178192
4.688000 496.971832
4.693333 498.987885
4.698667 499.834503
4.704000 123.334496
4.709333 122.949722
4.714667 122.815483
4.720000 122.969910
4.725333 199.796143
4.730667 198.773834
4.736000 197.398743
4.741333 195.890747
4.746666 194.962326
4.752000 194.468628
4.757333 194.388809
4.762667 195.166855
4.768000 577.119141
4.773334 575.349792
4.778666 574.359314
4.784000 573.980835
4.789333 115.267761
4.794667 115.941376
4.800000 116.223396
4.805333 116.283768
4.810667 116.194656
4.816000 116.038811
4.821333 684.199219
4.826667 679.286621
4.832000 222.345810
4.837333 221.947693
4.842667 222.047012
4.848000 222.436508
4.853333 222.604172
4.858667 222.411774
4.864000 221.825745
4.869333 220.610001
4.874667 220.184723
4.880000 220.596207
4.885334 220.924728
4.890666 221.191238
4.896000 221.759918
4.901333 222.094376
4.906667 221.898346
4.912000 221.466232
4.917333 220.821808
4.922667 219.901031
4.928000 218.967697
4.933333 217.973892
4.938667 216.735703
4.944000 215.722839
4.949333 215.273926
4.954667 215.041580
4.960000 214.693802
4.965333 214.482788
4.970667 162.891190
4.976000 164.068283
4.981333 164.537796
4.986667 164.718445
4.992000 164.776459
4.997334 164.729309
5.002666 164.621506
5.008000 164.509018
5.013333 164.426437
5.018667 164.362732
5.024000 164.302704
5.029333 164.286850
5.034667 164.309036
5.040000 500.894043
5.045333 501.261200
5.050667 499.412872
5.056000 496.580261
5.061333 496.581879
5.066667 501.203247
5.072000 196.117126
5.077333 196.437714
5.082667 196.480835
5.088000 196.432541
5.093333 196.411270
5.098667 196.404831
5.104000 196.428970
5.109334 196.471695
5.114666 196.449432
5.120000 196.382675
5.125333 196.357864
5.130667 196.325394
5.136000 196.289261
5.141333 196.281540
5.146667 196.194595
5.152000 196.014404
5.157333 195.952194
5.162667 196.032562
5.168000 196.082199
5.173333 195.987778
5.178667 584.598633
5.184000 579.592712
5.189333 563.916809
5.194667 501.742737
5.200000 495.500000
5.205333 494.557037
5.210667 497.557526
5.216000 513.710510
5.221334 513.409180
5.226666 509.159058
5.232000 505.597260
5.237333 501.630890
5.242667 497.663422
5.248000 496.146881
5.253334 329.010529
5.258667 199.460083
5.264000 185.745270
5.269333 184.615906
5.274667 186.859589
5.280000 101.782021
5.285333 194.587952
5.290667 185.366531
5.296000 0.000000
5.301333 99.015694
5.306667 98.909058
5.312000 82.447701
5.317333 98.856377
5.322667 98.807068
5.328000 82.302292
5.333333 82.258041
5.338666 82.312958
5.344000 82.458549
5.349333 248.780945
5.354667 249.205444
5.360000 249.322098
5.365334 249.464523
5.370667 250.113571
5.376000 250.886246
5.381333 251.184708
5.386667 251.426270
5.392000 252.187241
5.397333 118.326210
5.402667 118.285469
5.408000 118.285973
5.413333 118.204514
5.418667 118.005692
5.424000 117.755508
5.429333 117.578697
5.434667 117.598709
5.440000 117.742294
5.445333 117.925789
5.450667 118.134796
5.456000 118.361229
5.461333 118.619911
5.466667 119.423866
5.472000 120.252739
5.477334 120.562126
5.482666 120.783302
5.488000 120.928596
5.493333 121.188950
5.498667 121.563255
5.504000 121.901093
5.509333 245.828796
5.514667 245.685181
5.520000 245.718643
5.525333 246.213943
5.530667 246.792786
5.536000 247.239029
5.541333 247.543213
5.546667 247.594604
5.552000 247.309662
5.557333 246.865845
5.562667 246.242905
5.568000 245.216476
5.573333 243.565872
5.578667 241.364578
5.584000 239.853424
5.589334 238.887238
5.594666 238.168198
5.600000 237.846573
5.605333 237.947159
5.610667 238.329849
5.616000 238.787949
5.621333 239.266098
5.626667 240.325806
5.632000 243.052902
5.637333 444.100006
5.642667 437.187775
5.648000 98.370140
5.653333 129.692307
5.658667 130.000168
5.664000 130.090561
5.669333 130.233093
5.674667 130.496826
5.680000 130.679871
5.685333 130.718018
5.690667 130.729294
5.696000 130.612793
5.701334 130.197586
5.706666 129.443970
5.712000 128.561447
5.717333 127.834534
5.722667 126.926888
5.728000 125.695953
5.733333 124.860252
5.738667 124.282379
5.744000 123.700607
5.749333 123.070824
5.754667 120.539406
5.760000 120.028481
5.765333 120.028999
5.770667 240.116364
5.776000 241.544739
5.781333 249.977325
5.786667 252.288116
5.792000 252.975571
5.797333 253.412994
5.802667 253.724960
5.808000 254.321472
5.813334 255.471115
5.818666 255.547363
5.824000 252.461090
5.829333 241.191605
5.834667 238.840988
5.840000 236.347519
5.845333 215.755936
5.850667 214.597794
5.856000 138.870621
5.861333 138.121231
5.866667 137.455231
5.872000 136.951508
5.877333 136.611801
5.882667 136.406921
5.888000 136.265076
5.893333 136.091080
5.898667 135.834656
5.904000 1580.584106
5.909333 1577.047241
5.914667 1576.369019
5.920000 1563.633911
5.925333 425.901520
5.930666 424.792908
5.936000 194.979599
5.941333 813.774353
5.946667 816.442505
5.952000 824.061157
5.957334 838.301453
5.962667 838.323181
5.968000 807.644104
5.973333 389.285522
5.978667 783.529663
5.984000 782.438293
5.989333 781.438110
5.994667 781.225098
6.000000 781.765991
6.005333 782.747498
6.010667 783.009827
6.016000 782.118774
6.021333 781.400269
6.026667 781.963989
6.032000 782.707703
6.037333 782.635071
6.042666 781.964722
6.048000 781.554749
6.053333 781.701843
6.058667 781.873474
6.064000 781.828857
6.069334 781.269165
6.074667 780.800903
6.080000 781.181458
6.085333 782.030212
6.090667 782.530518
6.096000 782.756897
6.101333 783.195984
6.106667 783.582336
6.112000 783.861145
6.117333 783.597961
6.122667 782.779175
6.128000 782.519287
6.133333 783.098877
6.138667 783.622314
6.144000 783.484802
6.149333 783.439819
6.154667 783.786987
6.160000 783.522888
6.165333 782.227417
6.170667 780.916199
6.176000 780.439026
6.181334 780.385254
6.186666 779.795898
6.192000 778.827942
6.197333 778.458618
6.202667 778.934387
6.208000 779.530457
6.213333 779.559143
6.218667 779.062439
6.224000 778.629089
6.229333 778.741760
6.234667 778.939148
6.240000 778.663574
6.245333 389.638824
6.250667 388.282257
6.256000 387.228088
6.261333 387.976440
6.266667 389.471802
6.272000 390.374756
6.277333 390.599823
6.282667 781.171631
6.288000 780.611389
6.293334 780.106689
6.298666 779.843384
6.304000 779.866211
6.309333 780.006836
6.314667 780.070801
6.320000 780.074463
6.325333 780.188293
6.330667 780.467346
6.336000 780.883423
6.341333 781.376038
6.346667 781.901123
6.352000 782.483337
6.357333 783.141602
6.362667 783.872253
6.368000 784.586731
6.373333 785.422180
6.378667 786.444702
6.384000 785.961914
6.389333 782.590149
6.394667 780.840393
6.400000 782.271118
6.405334 784.095581
6.410666 784.669617
6.416000 784.004211
6.421333 390.534943
6.426667 390.392487
6.432000 390.797913
6.437333 391.391724
6.442667 0.000000
6.448000 0.000000
6.453333 782.387207
6.458667 260.286224
6.464000 779.746155
6.469333 777.873413
6.474667 776.384705
6.480000 776.063049
6.485333 777.390747
6.490667 389.501770
6.496000 389.061218
6.501333 388.327759
6.506667 387.841431
6.512000 387.304901
6.517334 386.938232
6.522666 778.517761
6.528000 779.012817
6.533333 778.851868
6.538667 778.970947
6.544000 389.916779
6.549333 257.170319
6.554667 185.749695
6.560000 183.472000
6.565333 104.043404
6.570667 102.221031
6.576000 102.833176
6.581333 178.384918
6.586667 163.150833
6.592000 98.935158
6.597333 98.809601
6.602667 86.580368
6.608000 711.270386
6.613333 719.053528
6.618667 722.781433
6.624000 728.548218
6.629333 737.021423
6.634666 737.469910
6.640000 727.622986
6.645333 156.788162
6.650667 156.849060
6.656000 156.987762
6.661334 157.021408
6.666667 156.753601
6.672000 664.343384
6.677333 659.998901
6.682667 593.822327
6.688000 208.145767
6.693333 207.880157
6.698667 206.815201
6.704000 589.425720
6.709333 586.822388
6.714667 584.962463
6.720000 586.818359
6.725333 204.366379
6.730667 591.571777
6.736000 594.978455
6.741333 598.227234
6.746666 210.911163
6.752000 207.022476
6.757333 729.687561
6.762667 759.183716
6.768000 771.317200
6.773334 775.134583
6.778666 776.648804
6.784000 778.531250
6.789333 779.326416
6.794667 779.131470
6.800000 780.224670
6.805333 782.721985
6.810667 395.899719
6.816000 397.125610
6.821333 397.349457
6.826667 156.878723
6.832000 157.141647
6.837333 157.303207
6.842667 128.720459
6.848000 98.847282
6.853333 98.921379
6.858667 98.845490
6.864000 98.793739
6.869333 161.957245
6.874667 247.838531
6.880000 489.484558
6.885334 484.906586
6.890666 473.961884
6.896000 245.938629
6.901333 243.641129
6.906667 242.607285
6.912000 264.829193
6.917333 263.737000
6.922667 389.955902
6.928000 391.305542
6.933333 392.403809
6.938667 195.850494
6.944000 195.424454
6.949333 195.234787
6.954667 195.135529
6.960000 195.089645
6.965333 195.132599
6.970667 195.198807
6.976000 195.164520
6.981333 195.177292
6.986667 195.483841
6.992000 196.097260
6.997334 196.784225
7.002666 197.347733
7.008000 197.893631
7.013333 298.783722
7.018667 298.159668
7.024000 296.676361
7.029333 295.009857
7.034667 294.056549
7.040000 293.715240
7.045333 293.515869
7.050667 293.376587
7.056000 293.414886
7.061333 293.392365
7.066667 292.976715
7.072000 292.122559
7.077333 290.952393
7.082667 289.705322
7.088000 288.479584
7.093333 286.994965
7.098667 285.161255
7.104000 283.543945
7.109334 282.180267
7.114666 280.662781
7.120000 279.008942
7.125333 277.401733
7.130667 275.541718
7.136000 273.071106
7.141333 270.641571
7.146667 268.654907
7.152000 266.878601
7.157333 265.148407
7.162667 262.920410
7.168000 259.805115
7.173333 257.155273
7.178667 254.820236
7.184000 252.650330
7.189333 250.892517
7.194667 249.575241
7.200000 124.372871
7.205333 905.565674
7.210667 908.457336
7.216000 918.169373
7.221334 423.535339
7.226666 1374.985840
7.232000 0.000000
7.237333 156.359299
7.242667 818.822388
7.248000 858.117432
7.253334 255.658813
7.258667 257.997925
7.264000 258.449219
7.269333 258.448669
7.274667 257.576324
7.280000 255.078781
7.285333 254.203262
7.290667 253.500336
7.296000 251.467133
7.301333 249.591034
7.306667 248.560699
7.312000 247.871536
7.317333 247.512024
7.322667 247.691467
7.328000 194.230743
7.333333 117.936470
7.338666 118.061882
7.344000 118.156097
7.349333 118.213600
7.354667 118.300835
7.360000 118.420387
7.365334 120.923111
7.370667 121.411613
7.376000 122.186028
7.381333 123.042763
7.386667 123.516022
7.392000 123.815819
7.397333 249.216797
7.402667 248.894394
7.408000 248.067001
7.413333 247.157928
7.418667 246.416046
7.424000 246.024399
7.429333 245.907700
7.434667 245.610367
7.440000 233.677979
7.445333 232.364639
7.450667 232.896683
7.456000 193.308548
7.461333 262.339233
7.466667 390.666870
7.472000 260.057190
7.477334 259.094299
7.482666 258.852356
7.488000 259.358002
7.493333 259.921448
7.498667 260.254974
7.504000 260.174438
7.509333 258.955658
7.514667 195.806442
7.520000 197.885544
7.525333 200.776733
7.530667 200.337753
7.536000 197.131470
7.541333 388.981995
7.546667 425.198853
7.552000 490.136932
7.557333 492.390717
7.562667 248.667709
7.568000 250.114059
7.573333 251.903671
7.578667 254.544968
7.584000 259.468567
7.589334 261.192749
7.594666 260.901123
7.600000 259.449158
7.605333 257.756531
7.610667 258.576202
7.616000 264.432373
7.621333 98.596756
7.626667 98.658646
7.632000 98.588997
7.637333 193.429321
7.642667 193.325760
7.648000 193.955750
7.653333 194.790787
7.658667 194.960266
7.664000 194.718063
7.669333 194.401077
7.674667 194.344910
7.680000 194.344040
7.685333 194.376312
7.690667 194.764435
7.696000 194.948959
7.701334 194.945404
7.706666 194.809280
7.712000 194.105209
7.717333 193.370773
7.722667 193.636322
7.728000 194.256790
7.733333 195.008072
7.738667 195.522079
7.744000 195.787582
7.749333 196.016266
7.754667 551.244385
7.760000 547.951111
7.765333 545.850891
7.770667 254.389465
7.776000 254.569580
7.781333 559.723206
7.786667 192.053101
7.792000 192.271500
7.797333 191.974350
7.802667 191.681946
7.808000 191.592590
7.813334 191.919647
7.818666 559.361877
7.824000 263.744690
7.829333 261.346680
7.834667 261.748383
7.840000 259.649963
7.845333 184.362595
7.850667 184.628326
7.856000 104.297821
7.861333 102.069664
7.866667 185.958908
7.872000 179.214005
7.877333 164.691406
7.882667 98.670029
7.888000 98.759491
7.893333 82.480301
7.898667 98.953560
7.904000 98.916283
7.909333 82.302452
7.914667 501.100891
7.920000 501.152740
7.925333 501.259003
7.930666 501.204559
7.936000 500.839661
7.941333 500.673737
7.946667 500.904358
7.952000 500.964661
7.957334 500.778381
7.962667 501.732452
7.968000 579.818176
7.973333 580.200012
7.978667 581.991028
7.984000 583.271423
7.989333 584.512573
7.994667 585.372925
8.000000 582.304077
8.005333 554.049438
8.010667 551.145447
8.016000 551.570496
8.021334 560.697449
8.026667 585.540161
8.032000 587.997864
8.037333 585.513245
8.042666 581.983765
8.048000 577.951843
8.053333 574.012146
8.058666 561.345764
8.064000 545.072632
8.069333 539.520630
8.074667 535.435669
8.080000 533.174133
8.085333 532.268250
8.090667 531.591370
8.096000 164.259186
8.101334 163.930466
8.106667 163.498703
8.112000 163.391937
8.117333 163.613602
8.122666 160.420349
8.128000 159.903061
8.133333 253.647888
8.138667 253.745514
8.144000 481.249542
8.149333 482.607422
8.154667 484.273468
8.160000 164.500885
8.165334 164.618378
8.170667 164.698807
8.176000 164.894669
8.181334 165.174713
8.186666 165.519196
8.192000 166.260757
8.197333 168.385498
8.202666 169.061203
8.208000 170.175964
8.213333 394.351898
8.218667 392.993286
8.224000 393.857483
8.229333 395.210083
8.234667 395.645599
8.240000 394.852356
8.245334 394.087830
8.250667 393.536255
8.256000 393.216736
8.261333 393.540619
8.266666 394.264343
8.272000 394.565155
8.277333 393.547791
8.282666 390.801178
8.288000 388.226593
8.293333 191.478500
8.298667 191.371384
8.304000 191.552704
8.309334 191.811203
8.314667 192.167465
8.320000 192.602158
8.325334 193.259888
8.330667 194.312286
8.336000 293.943054
8.341333 296.893738
8.346666 299.882202
8.352000 302.753723
8.357333 305.371063
8.362667 306.866241
8.368000 307.474091
8.373333 306.779724
8.378667 300.904968
8.384000 297.494019
8.389334 296.402557
8.394667 295.367554
8.400000 294.031372
8.405334 292.207458
8.410666 290.157776
8.416000 288.286530
8.421333 286.591461
8.426666 285.173431
8.432000 283.904816
8.437333 282.576752
8.442667 281.179077
8.448000 279.761444
8.453333 278.265015
8.458667 276.603119
8.464000 274.946960
8.469334 273.513824
8.474667 272.301697
8.480000 271.144562
8.485333 269.991699
8.490666 1534.727173
8.496000 1530.254639
8.501333 914.365662
8.506667 919.753784
8.512000 926.878418
8.517333 2802.289307
8.522667 1152.240967
8.528000 1112.756592
8.533334 1006.709045
8.538667 990.359131
8.544000 988.391541
8.549334 989.973389
8.554667 989.221924
8.560000 987.111206
8.565333 986.614502
8.570666 985.737915
8.576000 984.112244
8.581333 983.984985
8.586667 985.094666
8.592000 985.573547
8.597333 986.031555
8.602667 987.369019
8.608000 988.586121
8.613334 988.888123
8.618667 988.907471
8.624000 989.297668
8.629333 990.196167
8.634666 494.984314
8.640000 494.571320
8.645333 495.719391
8.650666 499.436066
8.656000 316.043854
8.661333 316.419586
8.666667 317.149963
8.672000 317.438446
8.677333 317.053772
8.682667 315.888214
8.688000 314.354553
8.693334 313.457855
8.698667 313.022797
8.704000 312.617096
8.709333 312.151031
8.714666 311.637573
8.720000 310.937195
8.725333 309.920105
8.730667 308.446289
8.736000 1176.769287
8.741333 1156.273804
8.746667 247.772964
8.752000 246.146240
8.757334 245.722336
8.762667 241.947678
8.768000 238.431763
8.773334 1146.146118
8.778666 1143.671265
8.784000 1147.739380
8.789333 2231.275391
8.794666 273.900482
8.800000 274.576324
8.805333 274.584839
8.810667 274.082001
8.816000 273.417389
8.821333 272.778107
8.826667 272.251038
8.832000 271.886353
8.837334 271.418427
8.842667 488.386810
8.848000 994.226318
8.853333 995.105347
8.858666 994.026550
8.864000 992.693848
8.869333 991.370361
8.874666 990.277527
8.880000 989.429260
8.885333 988.825256
8.890667 493.404510
8.896000 491.990570
8.901334 488.817749
8.906667 480.992737
8.912000 310.221802
8.917334 311.240234
8.922667 312.258728
8.928000 313.032684
8.933333 313.473450
8.938666 313.424957
8.944000 312.733978
8.949333 311.568878
8.954667 310.004364
8.960000 307.949005
8.965333 305.231354
8.970667 301.924835
8.976000 197.535110
8.981334 573.725464
8.986667 561.620544
8.992000 545.374939
8.997334 141.019287
9.002666 140.996216
9.008000 141.151733
9.013333 141.644394
9.018666 198.899673
9.024000 198.913300
9.029333 246.613708
9.034667 198.920380
9.040000 494.863159
9.045333 494.978149
9.050667 495.095551
9.056000 495.279633
9.061334 495.534790
9.066667 495.769592
9.072000 495.845947
9.077333 969.406738
9.082666 327.887207
9.088000 325.266418
9.093333 323.180664
9.098666 250.731934
9.104000 249.919998
9.109333 248.122482
9.114667 246.062332
9.120000 244.787537
9.125334 244.852402
9.130667 246.432709
9.136000 248.328568
9.141334 250.029846
9.146667 251.453110
9.152000 126.290787
9.157333 126.532600
9.162666 251.658783
9.168000 495.076416
9.173333 496.032959
9.178667 248.608093
9.184000 248.358215
9.189333 248.055252
9.194667 247.750397
9.200000 247.507660
9.205334 247.316269
9.210667 247.142136
9.216000 246.987549
9.221334 246.910812
9.226666 246.943619
9.232000 247.025482
9.237333 247.020828
9.242666 246.977951
9.248000 247.155914
9.253333 497.392426
9.258667 505.818146
9.264000 196.074417
9.269333 196.267761
9.274667 196.322037
9.280000 196.304092
9.285334 196.280899
9.290667 196.319809
9.296000 196.567307
9.301333 280.446136
9.306666 574.613525
9.312000 557.842346
9.317333 566.086731
9.322667 576.467712
9.328000 197.445709
9.333333 198.506088
9.338667 330.759094
9.344000 330.353210
9.349334 329.911621
9.354667 329.675751
9.360000 329.525452
9.365334 329.136658
9.370667 328.525513
9.376000 328.108734
9.381333 494.379089
9.386666 495.712891
9.392000 496.825348
9.397333 498.127258
9.402667 498.879395
9.408000 498.369934
9.413333 496.748047
9.418667 495.142975
9.424000 494.190216
9.429334 493.821930
9.434667 495.347137
9.440000 246.782715
9.445333 247.777267
9.450666 248.580460
9.456000 248.713303
9.461333 165.742447
9.466666 99.354591
9.472000 99.773010
9.477333 100.082108
9.482667 194.763229
9.488000 168.509918
9.493333 123.041306
9.498667 81.780060
9.504000 82.779724
9.509334 332.796509
9.514667 198.077637
9.520000 197.710068
9.525333 197.483337
9.530666 197.281265
9.536000 197.166840
9.541333 197.177689
9.546667 197.246765
9.552000 197.260117
9.557333 197.238724
9.562667 197.188431
9.568000 197.009720
9.573334 196.608154
9.578667 196.028625
9.584000 195.558044
9.589334 195.352234
9.594666 195.324661
9.600000 195.373184
9.605333 195.411957
9.610666 195.377197
9.616000 195.365952
9.621333 195.773605
9.626667 125.198959
9.632000 125.142357
9.637333 124.318336
9.642667 90.481712
9.648000 89.942291
9.653334 1135.539551
9.658667 1140.986450
9.664000 1141.086792
9.669333 1127.413574
9.674666 1058.356812
9.680000 1012.469727
9.685333 1002.831421
9.690666 997.891724
9.696000 995.131287
9.701333 992.629761
9.706667 991.327271
9.712000 991.750427
9.717334 992.706116
9.722667 992.537659
9.728000 991.100586
9.733334 990.252930
9.738667 990.910400
9.744000 991.898926
9.749333 992.284302
9.754666 991.837280
9.760000 990.939209
9.765333 989.784241
9.770667 1000.783325
9.776000 1552.807129
9.781333 1558.480713
9.786667 1553.848145
9.792000 424.819031
9.797334 195.506073
9.802667 2789.443604
9.808000 2776.201172
9.813334 493.828583
9.818666 498.524414
9.824000 1069.411743
9.829333 1024.907349
9.834666 1007.400085
9.840000 486.898804
9.845333 493.568420
9.850667 498.091370
9.856000 498.036255
9.861333 494.604523
9.866667 492.320435
9.872000 492.189850
9.877334 492.565460
9.882667 492.447876
9.888000 492.552155
9.893333 493.333801
9.898666 495.196106
9.904000 500.272430
9.909333 195.867508
9.914667 196.118500
9.920000 196.270721
9.925333 196.309692
9.930667 196.345490
9.936000 196.333893
9.941334 196.227631
9.946667 196.161423
9.952000 196.221695
9.957334 196.308136
9.962667 196.313965
9.968000 587.917725
9.973333 589.731812
9.978666 197.297318
9.984000 635.531555
9.989333 639.633301
9.994667 260.187164
10.000000 267.037292
10.005333 270.830383
10.010667 273.857727
10.016000 276.990662
10.021334 279.146851
10.026667 281.281799
10.032000 284.131927
10.037333 285.757233
10.042666 285.370117
10.048000 281.727539
10.053333 1308.851196
10.058666 1318.030396
10.064000 511.235321
10.069333 513.359497
10.074667 517.565918
10.080000 348.225769
10.085333 349.478149
10.090667 356.368195
10.096000 369.714233
10.101334 187.596191
10.106667 188.044769
10.112000 192.437317
10.117333 194.774323
10.122666 194.380844
10.128000 192.573349
10.133333 163.073685
10.138667 164.218735
10.144000 165.077103
10.149333 165.302063
10.154667 165.125885
10.160000 164.918930
10.165334 164.910324
10.170667 164.904800
10.176000 164.684174
10.181334 164.416458
10.186666 164.321854
10.192000 164.411255
10.197333 164.518326
10.202666 164.474075
10.208000 164.301239
10.213333 164.190994
10.218667 164.207703
10.224000 164.474152
10.229333 195.763657
10.234667 196.215134
10.240000 196.429230
10.245334 196.562531
10.250667 196.545837
10.256000 196.462616
10.261333 196.457260
10.266666 196.579269
10.272000 196.579453
10.277333 196.214813
10.282666 576.292358
10.288000 561.722656
10.293333 555.301819
10.298667 558.257812
10.304000 563.291748
10.309334 567.520508
10.314667 572.562256
10.320000 579.610962
10.325334 161.498260
10.330667 159.003235
10.336000 155.454514
10.341333 154.881836
10.346666 153.823700
10.352000 140.525848
10.357333 139.791336
10.362667 163.550247
10.368000 492.486267
10.373333 167.386307
10.378667 168.560333
10.384000 124.921135
10.389334 124.529785
10.394667 818.657043
10.400000 799.733215
10.405334 739.122070
10.410666 3850.664551
10.416000 3999.137207
10.421333 4184.764648
10.426666 4376.419434
10.432000 183.677536
10.437333 106.307671
10.442667 106.591522
10.448000 66.303864
10.453333 168.302994
10.458667 162.170288
10.464000 4384.595215
10.469334 98.156570
10.474667 99.155678
10.480000 99.154526
10.485333 82.531250
10.490666 82.532532
10.496000 88.577644
10.501333 69.657715
10.506667 276.688477
10.512000 279.923645
10.517333 285.736145
10.522667 290.839294
10.528000 294.138275
10.533334 296.214569
10.538667 297.300018
10.544000 297.639069
10.549334 297.200867
10.554667 295.817902
10.560000 294.085999
10.565333 292.886444
10.570666 292.082581
10.576000 291.604980
10.581333 291.693970
10.586667 292.135681
10.592000 292.553650
10.597333 292.866089
10.602667 293.021210
10.608000 292.992371
10.613334 292.778931
10.618667 292.289551
10.624000 291.435638
10.629333 290.322784
10.634666 289.147736
10.640000 288.251099
10.645333 287.991272
10.650666 288.582458
10.656000 289.654297
10.661333 290.455109
10.666667 290.886322
10.672000 291.269531
10.677333 291.741882
10.682667 292.144440
10.688000 292.407135
10.693334 292.672119
10.698667 293.011383
10.704000 293.502441
10.709333 294.306335
10.714666 295.324615
10.720000 98.757912
10.725333 98.784286
10.730667 98.740067
10.736000 98.733826
10.741333 98.924049
10.746667 98.974579
10.752000 98.893715
10.757334 98.790100
10.762667 98.687889
10.768000 98.657806
10.773334 98.883087
10.778666 99.230774
10.784000 99.398674
10.789333 97.018501
10.794666 300.337097
10.800000 303.356842
10.805333 100.655563
10.810667 100.853630
10.816000 100.893761
10.821333 100.822975
10.826667 100.657005
10.832000 100.251328
10.837334 99.065681
10.842667 98.978188
10.848000 98.708145
10.853333 98.324249
10.858666 98.044998
10.864000 97.798462
10.869333 97.404678
10.874666 96.751862
10.880000 96.338989
10.885333 96.052643
10.890667 95.121880
10.896000 94.624718
10.901334 92.880875
10.906667 135.316772
10.912000 132.513107
10.917334 266.211121
10.922667 262.635986
10.928000 248.643295
10.933333 244.600159
10.938666 241.462143
10.944000 238.159821
10.949333 233.166916
10.954667 231.311951
10.960000 238.336304
10.965333 239.328842
10.970667 239.775299
10.976000 239.185913
10.981334 238.875366
10.986667 239.887024
10.992000 242.428055
10.997334 245.144501
11.002666 246.940628
11.008000 248.116364
11.013333 249.028900
11.018666 249.655457
11.024000 249.613739
11.029333 248.880356
11.034667 247.622955
11.040000 245.996765
11.045333 244.385239
11.050667 242.933151
11.056000 241.689362
11.061334 240.632538
11.066667 239.690186
11.072000 239.157043
11.077333 238.972229
11.082666 238.869690
11.088000 238.779633
11.093333 239.110504
11.098666 238.816971
11.104000 156.558151
11.109333 156.101379
11.114667 155.540726
11.120000 155.145447
11.125334 833.474548
11.130667 803.353394
11.136000 259.049957
11.141334 259.454681
11.146667 258.922729
11.152000 258.442444
11.157333 258.581665
11.162666 259.012482
11.168000 259.570129
11.173333 260.078186
11.178667 260.102020
11.184000 259.777496
11.189333 259.641663
11.194667 259.275726
11.200000 258.343597
11.205334 257.449524
11.210667 257.140137
11.216000 257.448578
11.221334 257.716522
11.226666 257.334412
11.232000 256.528351
11.237333 255.559860
11.242666 254.209000
11.248000 252.970779
11.253333 252.319214
11.258667 252.054749
11.264000 251.975586
11.269333 251.976471
11.274667 251.987640
11.280000 251.891129
11.285334 251.674606
11.290667 251.753510
11.296000 252.709335
11.301333 254.448669
11.306666 255.882507
11.312000 256.426910
11.317333 256.302368
11.322667 255.497482
11.328000 253.944794
11.333333 252.712982
11.338667 252.034576
11.344000 251.878967
11.349334 252.429993
11.354667 261.643799
11.360000 260.750305
11.365334 260.819305
11.370667 260.910858
11.376000 260.904541
11.381333 260.370667
11.386666 258.893341
11.392000 258.280701
11.397333 129.083755
11.402667 129.939240
11.408000 153.758530
11.413333 130.829590
11.418667 129.214844
11.424000 59.516476
11.429334 797.507629
11.434667 789.496155
11.440000 392.787109
11.445333 258.686371
11.450666 258.383850
11.456000 258.191132
11.461333 257.884766
11.466666 257.810394
11.472000 258.332977
11.477333 259.161041
11.482667 259.660095
11.488000 259.620453
11.493333 259.171356
11.498667 258.395538
11.504000 257.505859
11.509334 257.579468
11.514667 258.197632
11.520000 258.230835
11.525333 256.494232
11.530666 252.607971
11.536000 250.457626
11.541333 250.098770
11.546667 250.788818
11.552000 251.762268
11.557333 240.184128
11.562667 241.724899
11.568000 242.680176
11.573334 243.287979
11.578667 245.705078
11.584000 250.112961
11.589334 250.727295
11.594666 250.626175
11.600000 250.194138
11.605333 249.783844
11.610666 249.527237
11.616000 249.231934
11.621333 248.748108
11.626667 248.134018
11.632000 247.498077
11.637333 246.649811
11.642667 244.458694
11.648000 241.825699
11.653334 240.964783
11.658667 240.577744
11.664000 240.432419
11.669333 240.453018
11.674666 240.851212
11.680000 241.757645
11.685333 242.845306
11.690666 243.371399
11.696000 243.279144
11.701333 242.759674
11.706667 241.999268
11.712000 240.861343
11.717334 226.034805
11.722667 177.964066
11.728000 99.469025
11.733334 98.566559
11.738667 181.461960
11.744000 159.493149
11.749333 152.414536
11.754666 111.368652
11.760000 110.616463
11.765333 110.237656
11.770667 731.041260
11.776000 734.916992
11.781333 756.101807
11.786667 773.768250
11.792000 778.498169
11.797334 774.734436
11.802667 774.020081
11.808000 206.911591
11.813334 207.930878
11.818666 208.443741
11.824000 208.581604
11.829333 208.684860
11.834666 208.694427
11.840000 208.795914
11.845333 209.234451
11.850667 209.799713
11.856000 210.241226
11.861333 210.766708
11.866667 211.438980
11.872000 211.783035
11.877334 211.707932
11.882667 211.909485
11.888000 212.413422
11.893333 212.183838
11.898666 210.434937
11.904000 602.096436
11.909333 598.283875
11.914667 98.016602
11.920000 98.010925
11.925333 195.884506
11.930667 195.655563
11.936000 195.538254
11.941334 195.524399
11.946667 195.534058
11.952000 195.395767
11.957334 195.114273
11.962667 194.855103
11.968000 260.572357
11.973333 259.663635
11.978666 259.260895
11.984000 258.829529
11.989333 258.045227
11.994667 257.284790
12.000000 256.770966
12.005333 255.522995
12.010667 253.918884
12.016000 253.345718
12.021334 98.538635
12.026667 98.525894
12.032000 98.317856
12.037333 98.257790
12.042666 98.371994
12.048000 163.702789
12.053333 126.255997
12.058666 124.483009
12.064000 123.953094
12.069333 124.093323
12.074667 87.367096
12.080000 249.217148
12.085333 248.804214
12.090667 257.718323
12.096000 397.121857
12.101334 394.770325
12.106667 393.218597
12.112000 392.208679
12.117333 391.978729
12.122666 391.983643
12.128000 391.811890
12.133333 391.632324
12.138667 391.566895
12.144000 391.568787
12.149333 391.220245
12.154667 390.093719
12.160000 388.648804
12.165334 387.637665
12.170667 387.015869
12.176000 386.396271
12.181334 385.949341
12.186666 386.199066
12.192000 387.059204
12.197333 388.397247
12.202666 129.768539
12.208000 131.160507
12.213333 132.873764
12.218667 135.172409
12.224000 150.190231
12.229333 155.366623
12.234667 155.127350
12.240000 154.962143
12.245334 154.938889
12.250667 155.089249
12.256000 155.620743
12.261333 157.317444
12.266666 158.702209
12.272000 160.146042
12.277333 162.152069
12.282666 162.705246
12.288000 162.958466
12.293333 162.901016
12.298667 162.627914
12.304000 162.143600
12.309334 161.332474
12.314667 160.378433
12.320000 159.528427
12.325334 158.684021
12.330667 157.630798
12.336000 156.283432
12.341333 154.723648
12.346666 153.648453
12.352000 153.140121
12.357333 153.276932
12.362667 154.270111
12.368000 408.050507
12.373333 155.451248
12.378667 156.385178
12.384000 156.169907
12.389334 474.422028
12.394667 156.506958
12.400000 1109.779175
12.405334 1062.717896
12.410666 891.188232
12.416000 888.111023
12.421333 265.309357
12.426666 264.014954
12.432000 262.742096
12.437333 256.273865
12.442667 254.168488
12.448000 254.533813
12.453333 255.713089
12.458667 258.489380
12.464000 164.265228
12.469334 164.415512
12.474667 164.126068
12.480000 160.832596
12.485333 158.571075
12.490666 158.128616
12.496000 269.814362
12.501333 272.408478
12.506667 267.952545
12.512000 261.848816
12.517333 266.268585
12.522667 273.905029
12.528000 157.761475
12.533334 158.314987
12.538667 158.832565
12.544000 160.206375
12.549334 162.712952
12.554667 164.704163
12.560000 165.866425
12.565333 167.005615
12.570666 168.207809
12.576000 168.548965
12.581333 168.250732
12.586667 168.132401
12.592000 168.343842
12.597333 168.421539
12.602667 167.803131
12.608000 166.475632
12.613334 165.151520
12.618667 164.335358
12.624000 163.910309
12.629333 163.524200
12.634666 162.433029
12.640000 159.996445
12.645333 158.251175
12.650666 157.997482
12.656000 159.488831
12.661333 161.583054
12.666667 162.631500
12.672000 162.971497
12.677333 159.710342
12.682667 158.913727
12.688000 158.271606
12.693334 154.953674
12.698667 141.797714
12.704000 141.519714
12.709333 141.472733
12.714666 0.000000
12.720000 99.119347
12.725333 99.018158
12.730667 98.831902
12.736000 251.502350
12.741333 261.584137
12.746667 260.654419
12.752000 260.308472
12.757334 98.268196
12.762667 98.432663
12.768000 98.644951
12.773334 98.778442
12.778666 98.746223
12.784000 98.615356
12.789333 98.642433
12.794666 98.740440
12.800000 501.725494
12.805333 575.967651
12.810667 584.707275
12.816000 588.606812
12.821333 591.048645
12.826667 591.923645
12.832000 591.924438
12.837334 592.442078
12.842667 593.792664
12.848000 595.178040
12.853333 595.539490
12.858666 594.732727
12.864000 146.650604
12.869333 146.542618
12.874666 146.586838
12.880000 146.822723
12.885333 147.109467
12.890667 147.217667
12.896000 147.049484
12.901334 146.735336
12.906667 146.521484
12.912000 146.377716
12.917334 146.127533
12.922667 145.823563
12.928000 145.561218
12.933333 145.334442
12.938666 145.057373
12.944000 144.708939
12.949333 144.407776
12.954667 144.236252
12.960000 144.199127
12.965333 144.316681
12.970667 144.716934
12.976000 145.388672
12.981334 5220.607422
12.986667 5237.049316
12.992000 5259.428711
12.997334 5242.887695
13.002666 5184.215820
13.008000 173.467957
13.013333 180.043564
13.018666 101.154465
13.024000 100.825104
13.029333 192.069641
13.034667 177.091599
13.040000 99.169937
13.045333 99.340637
13.050667 83.671593
13.056000 83.650299
13.061334 83.657745
13.066667 83.569046
13.072000 82.380936
13.077333 82.276672
13.082666 82.102814
13.088000 81.030365
13.093333 80.609047
13.098666 161.741669
13.104000 160.939865
13.109333 160.456848
13.114667 159.663971
13.120000 157.944687
13.125334 589.608337
13.130667 597.382385
13.136000 601.018860
13.141334 600.281494
13.146667 595.286072
13.152000 588.540771
13.157333 584.366760
13.162666 586.662598
13.168000 589.164795
13.173333 588.519104
13.178667 588.364502
13.184000 591.188904
13.189333 594.311096
13.194667 595.669800
13.200000 593.110413
13.205334 586.892395
13.210667 146.804535
13.216000 146.469147
13.221334 146.267761
13.226666 145.937622
13.232000 145.633041
13.237333 145.651428
13.242666 146.037079
13.248000 146.392578
13.253333 145.848831
13.258667 145.846420
13.264000 457.206299
13.269333 455.312286
13.274667 157.461624
13.280000 157.905304
13.285334 157.531570
13.290667 81.445724
13.296000 72.801308
13.301333 72.707405
13.306666 80.785889
13.312000 80.739922
13.317333 70.833603
13.322667 496.775299
13.328000 494.682678
13.333333 494.612640
13.338667 497.651337
13.344000 499.660919
13.349334 82.610512
13.354667 82.923355
13.360000 160.678772
13.365334 163.711594
13.370667 165.379013
13.376000 166.715866
13.381333 390.286621
13.386666 393.084930
13.392000 396.973938
13.397333 399.470215
13.402667 401.318939
13.408000 409.123383
13.413333 420.508209
13.418667 419.450714
13.424000 412.760529
13.429334 404.979401
13.434667 401.846649
13.440000 399.801788
13.445333 395.471039
13.450666 389.967957
13.456000 387.644135
13.461333 385.238403
13.466666 380.427948
13.472000 375.412323
13.477333 372.103241
13.482667 369.728882
13.488000 370.324341
13.493333 374.105438
13.498667 368.769745
13.504000 76.820839
13.509334 144.805573
13.514667 144.913803
13.520000 145.086395
13.525333 145.133682
13.530666 144.985870
13.536000 144.737518
13.541333 144.602478
13.546667 144.616089
13.552000 144.838989
13.557333 145.246979
13.562667 145.828705
13.568000 146.657440
13.573334 147.638626
13.578667 148.609909
13.584000 148.949951
13.589334 149.095657
13.594666 149.317596
13.600000 149.434982
13.605333 149.427917
13.610666 149.223602
13.616000 148.887466
13.621333 148.504623
13.626667 148.090729
13.632000 147.530289
13.637333 146.782608
13.642667 146.243912
13.648000 146.589493
13.653334 0.000000
13.658667 0.000000
13.664000 0.000000
13.669333 147.826859
13.674666 155.865723
13.680000 164.543488
13.685333 165.786652
13.690666 495.059601
13.696000 1009.935791
13.701333 993.456726
13.706667 994.982971
13.712000 1000.270447
13.717334 330.047913
13.722667 330.151917
13.728000 329.916931
13.733334 165.064728
13.738667 165.079193
13.744000 165.193985
13.749333 165.235687
13.754666 164.983383
13.760000 164.528534
13.765333 164.024887
13.770667 163.476456
13.776000 162.804565
13.781333 198.871857
13.786667 198.231110
13.792000 197.357101
13.797334 197.109680
13.802667 158.082031
13.808000 158.564896
13.813334 159.540253
13.818666 160.399673
13.824000 160.983093
13.829333 161.754440
13.834666 163.119400
13.840000 164.617813
13.845333 165.725937
13.850667 166.756531
13.856000 168.290543
13.861333 169.747330
13.866667 170.645203
13.872000 171.248215
13.877334 171.622559
13.882667 171.769394
13.888000 171.577744
13.893333 170.955948
13.898666 507.922974
13.904000 502.292877
13.909333 497.155304
13.914667 164.384079
13.920000 495.181488
13.925333 164.288254
13.930667 140.956985
13.936000 991.670410
13.941334 994.694153
13.946667 997.279541
13.952000 998.087524
13.957334 997.526367
13.962667 996.356384
13.968000 995.105957
13.973333 993.985474
13.978666 993.276184
13.984000 998.234985
13.989333 166.031113
13.994667 168.029434
14.000000 0.000000
