0.000000 0.000000
0.005333 0.000000
0.010667 0.000000
0.016000 0.000000
0.021333 0.000000
0.026667 0.000000
0.032000 0.000000
0.037333 0.000000
0.042667 0.000000
0.048000 0.000000
0.053333 0.000000
0.058667 0.000000
0.064000 0.000000
0.069333 0.000000
0.074667 0.000000
0.080000 0.000000
0.085333 0.000000
0.090667 0.000000
0.096000 0.000000
0.101333 0.000000
0.106667 0.000000
0.112000 0.000000
0.117333 0.000000
0.122667 0.000000
0.128000 0.000000
0.133333 0.000000
0.138667 0.000000
0.144000 0.000000
0.149333 0.000000
0.154667 0.000000
0.160000 0.000000
0.165333 0.000000
0.170667 0.000000
0.176000 156.952881
0.181333 0.000000
0.186667 150.293747
0.192000 135.336609
0.197333 128.784897
0.202667 125.177147
0.208000 114.153587
0.213333 114.387321
0.218667 115.616478
0.224000 117.826775
0.229333 118.512627
0.234667 146.899414
0.240000 591.696777
0.245333 123.595451
0.250667 122.543732
0.256000 121.666870
0.261333 120.773392
0.266667 120.402328
0.272000 601.971191
0.277333 590.884277
0.282667 587.065186
0.288000 584.642334
0.293333 580.044861
0.298667 564.543884
0.304000 541.884460
0.309333 534.393188
0.314667 531.912964
0.320000 531.640442
0.325333 532.395569
0.330667 538.036377
0.336000 555.909302
0.341333 570.357971
0.346667 571.637573
0.352000 298.423309
0.357333 306.652222
0.362667 116.390015
0.368000 115.284348
0.373333 224.676743
0.378667 222.530487
0.384000 114.700256
0.389333 115.071823
0.394667 114.991310
0.400000 114.614349
0.405333 114.381126
0.410667 114.674095
0.416000 115.280502
0.421333 115.616180
0.426667 115.645592
0.432000 115.521339
0.437333 115.536240
0.442667 115.492233
0.448000 115.447601
0.453333 115.578384
0.458667 115.686615
0.464000 115.567055
0.469333 115.612480
0.474667 115.866539
0.480000 116.317459
0.485333 116.919083
0.490667 116.783440
0.496000 115.499321
0.501333 114.378510
0.506667 114.110863
0.512000 114.273972
0.517333 114.622734
0.522667 115.074150
0.528000 115.256157
0.533333 114.354568
0.538667 113.171211
0.544000 113.154427
0.549333 113.556984
0.554667 113.425285
0.560000 112.810951
0.565333 112.462158
0.570667 112.782730
0.576000 113.488968
0.581333 114.146309
0.586667 114.519264
0.592000 114.957901
0.597333 116.186615
0.602667 116.634598
0.608000 116.791405
0.613333 115.279526
0.618667 113.250160
0.624000 0.000000
0.629333 115.745491
0.634667 0.000000
0.640000 0.000000
0.645333 0.000000
0.650667 113.119049
0.656000 0.000000
0.661333 0.000000
0.666667 0.000000
0.672000 0.000000
0.677333 0.000000
0.682667 0.000000
0.688000 0.000000
0.693333 0.000000
0.698667 0.000000
0.704000 0.000000
0.709333 0.000000
0.714667 0.000000
0.720000 0.000000
0.725333 0.000000
0.730667 0.000000
0.736000 0.000000
0.741333 0.000000
0.746667 0.000000
0.752000 0.000000
0.757333 0.000000
0.762667 0.000000
0.768000 0.000000
0.773333 0.000000
0.778667 0.000000
0.784000 0.000000
0.789333 0.000000
0.794667 0.000000
0.800000 0.000000
0.805333 0.000000
0.810667 0.000000
0.816000 0.000000
0.821333 0.000000
0.826667 0.000000
0.832000 0.000000
0.837333 0.000000
0.842667 0.000000
0.848000 0.000000
0.853333 0.000000
0.858667 146.118362
0.864000 65.136337
0.869333 236.525101
0.874667 135.348267
0.880000 134.795456
0.885333 126.895782
0.890667 123.430939
0.896000 113.670761
0.901333 114.911392
0.906667 116.513809
0.912000 118.350014
0.917333 146.792404
0.922667 146.802933
0.928000 124.858948
0.933333 123.091064
0.938667 122.241692
0.944000 121.203011
0.949333 120.369698
0.954667 605.164734
0.960000 593.440674
0.965333 589.180847
0.970667 587.119141
0.976000 583.644714
0.981333 575.604431
0.986667 553.599304
0.992000 534.685608
0.997333 529.360046
1.002667 528.492188
1.008000 113.891281
1.013333 534.030396
1.018667 544.149841
1.024000 563.043945
1.029333 571.534180
1.034667 295.196259
1.040000 301.724426
1.045333 117.109543
1.050667 116.115128
1.056000 115.106598
1.061333 223.446014
1.066667 220.153000
1.072000 115.037025
1.077333 115.313560
1.082667 115.046333
1.088000 114.608940
1.093333 114.506241
1.098667 114.860542
1.104000 114.938950
1.109333 114.491867
1.114667 558.074158
1.120000 562.079468
1.125333 564.107422
1.130667 566.589600
1.136000 312.107544
1.141333 315.000153
1.146667 157.917007
1.152000 157.520981
1.157333 123.958679
1.162667 122.956848
1.168000 121.603043
1.173333 120.625465
1.178667 119.179115
1.184000 113.791367
1.189333 113.155067
1.194667 113.386688
1.200000 113.763588
1.205333 114.220261
1.210667 114.525513
1.216000 114.150055
1.221333 113.274254
1.226667 112.622452
1.232000 112.679474
1.237333 113.183655
1.242667 113.285805
1.248000 113.026291
1.253333 112.990349
1.258667 113.475571
1.264000 114.036537
1.269333 114.420662
1.274667 114.831589
1.280000 116.187706
1.285333 116.860115
1.290667 117.005447
1.296000 116.944588
1.301333 112.997559
1.306667 0.000000
1.312000 115.014999
1.317333 0.000000
1.322667 0.000000
1.328000 0.000000
1.333333 113.244682
1.338667 0.000000
1.344000 2623.780273
1.349333 136.433823
1.354667 556.795471
1.360000 562.527344
1.365333 570.055176
1.370667 288.546661
1.376000 290.952667
1.381333 294.226624
1.386667 298.799255
1.392000 303.330261
1.397333 306.596954
1.402667 308.382690
1.408000 308.759735
1.413333 308.062469
1.418667 306.854095
1.424000 305.575043
1.429333 304.145996
1.434667 302.249695
1.440000 299.808105
1.445333 297.092285
1.450667 294.374481
1.456000 291.730865
1.461333 289.066162
1.466667 286.297241
1.472000 283.636108
1.477333 562.380371
1.482667 557.124695
1.488000 552.071411
1.493333 547.573364
1.498667 543.516907
1.504000 267.574127
1.509333 263.828064
1.514667 258.931580
1.520000 253.761932
1.525333 250.056213
1.530667 246.665390
1.536000 241.469498
1.541333 236.779922
1.546667 233.793518
1.552000 230.774963
1.557333 226.473312
1.562667 436.422119
1.568000 430.114075
1.573333 555.491699
1.578667 557.570496
1.584000 566.431091
1.589333 119.829742
1.594667 99.582664
1.600000 99.758102
1.605333 100.075356
1.610667 100.281441
1.616000 100.590355
1.621333 221.426163
1.626667 223.784790
1.632000 137.724213
1.637333 180.187546
1.642667 547.315308
1.648000 536.763367
1.653333 532.910583
1.658667 122.830223
1.664000 122.518913
1.669333 107.200943
1.674667 120.729271
1.680000 120.928421
1.685333 121.345116
1.690667 120.888519
1.696000 120.074966
1.701333 120.104507
1.706667 120.955719
1.712000 119.452759
1.717333 117.721153
1.722667 117.907562
1.728000 118.051552
1.733333 118.197212
1.738667 118.674339
1.744000 119.633286
1.749333 120.514099
1.754667 120.636879
1.760000 119.958206
1.765333 118.915024
1.770667 117.933998
1.776000 117.152771
1.781333 116.203735
1.786667 115.131393
1.792000 115.294296
1.797333 115.844322
1.802667 115.963051
1.808000 115.754379
1.813333 115.817383
1.818667 116.375549
1.824000 116.810120
1.829333 116.980942
1.834667 117.139755
1.840000 117.365219
1.845333 117.339325
1.850667 117.145271
1.856000 117.125984
1.861333 117.080315
1.866667 116.290352
1.872000 115.249184
1.877333 115.271217
1.882667 115.727501
1.888000 115.507729
1.893333 115.113243
1.898667 115.793304
1.904000 116.583008
1.909333 116.361481
1.914667 117.724281
1.920000 143.494064
1.925333 578.540833
1.930667 141.466461
1.936000 142.055511
1.941333 593.507080
1.946667 600.690674
1.952000 611.394287
1.957333 631.005493
1.962667 651.190002
1.968000 334.930878
1.973333 147.971268
1.978667 589.724976
1.984000 592.046814
1.989333 585.505371
1.994667 158.386658
2.000000 157.635437
2.005333 157.329987
2.010667 156.811951
2.016000 155.990799
2.021333 155.418182
2.026667 155.228638
2.032000 154.984970
2.037333 154.602463
2.042667 309.217987
2.048000 155.705002
2.053333 156.847183
2.058667 157.065704
2.064000 156.716339
2.069333 156.153702
2.074667 155.347458
2.080000 154.457977
2.085333 153.738129
2.090667 153.488907
2.096000 153.607742
2.101333 153.847855
2.106667 154.047623
2.112000 154.190994
2.117333 154.742096
2.122667 155.928375
2.128000 155.983337
2.133333 154.578384
2.138667 153.730698
2.144000 153.758530
2.149333 153.793137
2.154667 153.926331
2.160000 154.290848
2.165333 154.285126
2.170667 153.825058
2.176000 153.739792
2.181333 154.263885
2.186667 155.168518
2.192000 156.089279
2.197333 156.343063
2.202667 155.763657
2.208000 154.887863
2.213333 153.902130
2.218667 153.521118
2.224000 153.861908
2.229333 154.509995
2.234667 154.823578
2.240000 154.571579
2.245333 154.137161
2.250667 154.162064
2.256000 155.001373
2.261333 155.816589
2.266667 156.022293
2.272000 157.846817
2.277333 158.718613
2.282667 154.340012
2.288000 153.470856
2.293333 152.004257
2.298667 116.697998
2.304000 148.729248
2.309333 596.389526
2.314667 123.272751
2.320000 122.676155
2.325333 121.952812
2.330667 120.908241
2.336000 120.362183
2.341333 599.469482
2.346667 590.357483
2.352000 587.795227
2.357333 585.540649
2.362667 580.950073
2.368000 565.537537
2.373333 537.474365
2.378667 524.094604
2.384000 518.639954
2.389333 518.379028
2.394667 523.569824
2.400000 76.358955
2.405333 564.373230
2.410667 575.660034
2.416000 571.636963
2.421333 298.380768
2.426667 117.123222
2.432000 116.349098
2.437333 115.513405
2.442667 222.401718
2.448000 220.994446
2.453333 114.930016
2.458667 115.279045
2.464000 114.964928
2.469333 114.337601
2.474667 114.022964
2.480000 114.376175
2.485333 115.336487
2.490667 115.702682
2.496000 115.592705
2.501333 115.363708
2.506667 115.430145
2.512000 115.487953
2.517333 115.613235
2.522667 115.962730
2.528000 116.171227
2.533333 115.718307
2.538667 115.320320
2.544000 115.563255
2.549333 116.148254
2.554667 116.506989
2.560000 116.029785
2.565333 115.382202
2.570667 114.616920
2.576000 114.161087
2.581333 114.583450
2.586667 115.573486
2.592000 116.557098
2.597333 116.569183
2.602667 114.020287
2.608000 113.460526
2.613333 114.816017
2.618667 115.445671
2.624000 498.512543
2.629333 491.121124
2.634667 326.861786
2.640000 185.626999
2.645333 299.692932
2.650667 301.192169
2.656000 305.094421
2.661333 309.780884
2.666667 313.456818
2.672000 314.966827
2.677333 314.044861
2.682667 311.707062
2.688000 309.085663
2.693333 306.468079
2.698667 304.218567
2.704000 302.754395
2.709333 302.026276
2.714667 300.622742
2.720000 296.704041
2.725333 293.754517
2.730667 145.698700
2.736000 146.012512
2.741333 95.233177
2.746667 95.415787
2.752000 96.176758
2.757333 97.420425
2.762667 98.063522
2.768000 101.894287
2.773333 102.243111
2.778667 101.870850
2.784000 98.282516
2.789333 0.000000
2.794667 0.000000
2.800000 244.407913
2.805333 242.651047
2.810667 241.569565
2.816000 240.758026
2.821333 140.381302
2.826667 149.705185
2.832000 139.530472
2.837333 139.761826
2.842667 134.401047
2.848000 128.551483
2.853333 127.792137
2.858667 200.792282
2.864000 63.355648
2.869333 201.686844
2.874667 202.701126
2.880000 169.091324
2.885333 168.887451
2.890667 253.931427
2.896000 253.135086
2.901333 251.644989
2.906667 249.536560
2.912000 248.308502
2.917333 247.880661
2.922667 248.009460
2.928000 248.525452
2.933333 249.085480
2.938667 249.121368
2.944000 248.078934
2.949333 945.315247
2.954667 938.401855
2.960000 0.000000
2.965333 249.910751
2.970667 248.637924
2.976000 246.671371
2.981333 242.644547
2.986667 102.288940
2.992000 101.991409
2.997333 246.986694
3.002667 121.393883
3.008000 119.957115
3.013333 119.872185
3.018667 573.843506
3.024000 575.142578
3.029333 580.993408
3.034667 581.634155
3.040000 575.508728
3.045333 564.363037
3.050667 550.432678
3.056000 535.105835
3.061333 525.465942
3.066667 524.463196
3.072000 533.885315
3.077333 549.281372
3.082667 568.076660
3.088000 575.656738
3.093333 572.485535
3.098667 294.967102
3.104000 566.591309
3.109333 570.157898
3.114667 581.463623
3.120000 596.718628
3.125333 207.359161
3.130667 208.323151
3.136000 154.732468
3.141333 155.557114
3.146667 156.873062
3.152000 157.745224
3.157333 625.103882
3.162667 629.232971
3.168000 632.647888
3.173333 632.583496
3.178667 630.574951
3.184000 628.856262
3.189333 627.705505
3.194667 626.889221
3.200000 627.001526
3.205333 627.401123
3.210667 626.514526
3.216000 625.049072
3.221333 623.898376
3.226667 623.038696
3.232000 622.684021
3.237333 622.758850
3.242667 622.571594
3.248000 622.261475
3.253333 622.338867
3.258667 622.400452
3.264000 622.182007
3.269333 621.939026
3.274667 621.766113
3.280000 621.627380
3.285333 621.379089
3.290667 620.836975
3.296000 620.340393
3.301333 620.366150
3.306667 620.595764
3.312000 621.860107
3.317333 310.880798
3.322667 311.942871
3.328000 312.158112
3.333333 311.533264
3.338667 310.854248
3.344000 310.495972
3.349333 310.304718
3.354667 621.077759
3.360000 309.942841
3.365333 309.584076
3.370667 309.326508
3.376000 309.357513
3.381333 619.907532
3.386667 620.476318
3.392000 620.935547
3.397333 621.017761
3.402667 620.611572
3.408000 619.943237
3.413333 619.302856
3.418667 618.854980
3.424000 618.693787
3.429333 618.790649
3.434667 618.913208
3.440000 618.751648
3.445333 618.305359
3.450667 617.862366
3.456000 617.516296
3.461333 617.023376
3.466667 616.192627
3.472000 615.194824
3.477333 614.217163
3.482667 613.184387
3.488000 612.033081
3.493333 304.514557
3.498667 302.761597
3.504000 300.536469
3.509333 298.969238
3.514667 297.693054
3.520000 592.844543
3.525333 585.757324
3.530667 582.308960
3.536000 582.897705
3.541333 590.614807
3.546667 595.636536
3.552000 238.480942
3.557333 0.000000
3.562667 80.447624
3.568000 80.422165
3.573333 350.154236
3.578667 164.798065
3.584000 164.552414
3.589333 164.993042
3.594667 212.014328
3.600000 629.060852
3.605333 635.670959
3.610667 641.064453
3.616000 656.568848
3.621333 703.461853
3.626667 709.016418
3.632000 1048.043945
3.637333 126.568832
3.642667 47.088566
3.648000 299.059601
3.653333 298.127960
3.658667 300.211334
3.664000 318.311768
3.669333 102.570511
3.674667 103.081116
3.680000 105.481369
3.685333 105.937782
3.690667 122.713837
3.696000 121.644348
3.701333 120.705948
3.706667 120.362045
3.712000 599.348267
3.717333 591.541260
3.722667 588.087585
3.728000 584.655151
3.733333 579.525574
3.738667 565.941589
3.744000 539.650085
3.749333 527.864624
3.754667 525.736328
3.760000 112.947838
3.765333 114.811012
3.770667 534.863525
3.776000 551.765808
3.781333 568.447510
3.786667 570.996582
3.792000 298.060486
3.797333 305.293457
3.802667 116.482079
3.808000 115.643608
3.813333 224.820435
3.818667 221.164246
3.824000 114.779808
3.829333 115.382065
3.834667 115.313782
3.840000 114.823837
3.845333 114.349327
3.850667 114.328804
3.856000 114.850235
3.861333 115.480598
3.866667 115.649872
3.872000 115.548042
3.877333 115.529282
3.882667 115.102104
3.888000 114.716599
3.893333 115.083588
3.898667 115.764191
3.904000 115.844994
3.909333 115.899261
3.914667 116.102341
3.920000 116.406708
3.925333 116.943146
3.930667 116.972221
3.936000 115.663414
3.941333 114.205643
3.946667 113.971184
3.952000 115.012123
3.957333 116.028206
3.962667 116.718277
3.968000 116.337219
3.973333 115.228218
3.978667 114.349602
3.984000 113.924446
3.989333 112.977646
3.994667 111.317696
4.000000 308.269867
4.005333 315.006134
4.010667 321.285217
4.016000 324.737854
4.021333 650.299377
4.026667 653.694702
4.032000 1114.888306
4.037333 424.711426
4.042666 428.911316
4.048000 433.036804
4.053333 438.158661
4.058667 442.058533
4.064000 443.132996
4.069334 442.208252
4.074667 440.391724
4.080000 438.641907
4.085333 437.130249
4.090667 435.378632
4.096000 432.930725
4.101333 429.979340
4.106667 427.024689
4.112000 424.366638
4.117333 422.052490
4.122667 420.001587
4.128000 417.634918
4.133333 413.623596
4.138667 407.938477
4.144000 404.241425
4.149333 401.520355
4.154667 398.069641
4.160000 393.011475
4.165333 385.697723
4.170667 378.486511
4.176000 280.356445
4.181334 276.702240
4.186666 272.975372
4.192000 359.253021
4.197333 355.298767
4.202667 350.426666
4.208000 345.562042
4.213333 341.099243
4.218667 334.731812
4.224000 325.241241
4.229333 318.925354
4.234667 310.050018
4.240000 604.699280
4.245333 590.249207
4.250667 575.086609
4.256000 563.531799
4.261333 554.572815
4.266667 545.603577
4.272000 536.415894
4.277333 527.742310
4.282667 519.507446
4.288000 511.391174
4.293334 502.570099
4.298666 246.722733
4.304000 243.538513
4.309333 240.604492
4.314667 482.901459
4.320000 943.736755
4.325333 939.944275
4.330667 929.712341
4.336000 97.314835
4.341333 97.180641
4.346667 118.220016
4.352000 149.712372
4.357333 149.877029
4.362667 59.385651
4.368000 245.907852
4.373333 247.615417
4.378667 179.910965
4.384000 179.853836
4.389333 538.309692
4.394667 533.496704
4.400000 122.505623
4.405334 122.793671
4.410666 122.730728
4.416000 107.089561
4.421333 120.630585
4.426667 121.043800
4.432000 121.498016
4.437333 120.959770
4.442667 120.078621
4.448000 120.159393
4.453333 120.574982
4.458667 118.469604
4.464000 117.823036
4.469333 117.987755
4.474667 118.175720
4.480000 118.486290
4.485333 118.986511
4.490667 119.600082
4.496000 120.305939
4.501333 120.411774
4.506667 120.191780
4.512000 119.323395
4.517334 118.054268
4.522666 116.496689
4.528000 115.153809
4.533333 114.460182
4.538667 115.321365
4.544000 115.992516
4.549333 116.146843
4.554667 116.151711
4.560000 116.306908
4.565333 116.396118
4.570667 116.260376
4.576000 115.456535
4.581333 118.620010
4.586667 117.397423
4.592000 116.733353
4.597333 116.907516
4.602667 117.219475
4.608000 117.383133
4.613333 117.107002
4.618667 113.630981
4.624000 113.663177
4.629333 115.783775
4.634666 115.552719
4.640000 114.109764
4.645333 119.208420
4.650667 119.275581
4.656000 122.323730
4.661334 121.644073
4.666667 576.162598
4.672000 577.778564
4.677333 141.394791
4.682667 593.480347
4.688000 610.929138
4.693333 629.830811
4.698667 644.712524
4.704000 323.170654
4.709333 324.809540
4.714667 328.783539
4.720000 148.523804
4.725333 578.371582
4.730667 582.325012
4.736000 158.600693
4.741333 158.598938
4.746666 157.842972
4.752000 157.254471
4.757333 156.472946
4.762667 155.650818
4.768000 155.022125
4.773334 154.675827
4.778666 154.532242
4.784000 154.813934
4.789333 156.017471
4.794667 157.812714
4.800000 879.332703
4.805333 439.125519
4.810667 223.527176
4.816000 223.881775
4.821333 224.565674
4.826667 151.708588
4.832000 151.879242
4.837333 152.109512
4.842667 152.740509
4.848000 153.062668
4.853333 152.541809
4.858667 114.671753
4.864000 114.411865
4.869333 100.625648
4.874667 99.560524
4.880000 224.365158
4.885334 155.432053
4.890666 400.099365
4.896000 407.234528
4.901333 413.632721
4.906667 423.408417
4.912000 419.497620
4.917333 150.808716
4.922667 385.354736
4.928000 386.129761
4.933333 838.040405
4.938667 829.313171
4.944000 814.469421
4.949333 814.461304
4.954667 824.349609
4.960000 821.549072
4.965333 796.428833
4.970667 776.336731
4.976000 772.942749
4.981333 784.502869
4.986667 141.770386
4.992000 141.505188
4.997334 141.751785
5.002666 159.857025
5.008000 161.111404
5.013333 160.845581
5.018667 159.071655
5.024000 154.320206
5.029333 155.029816
5.034667 157.124664
5.040000 158.950806
5.045333 107.222855
5.050667 106.974884
5.056000 106.822937
5.061333 106.608833
5.066667 122.605621
5.072000 121.499969
5.077333 120.487358
5.082667 120.314087
5.088000 609.956665
5.093333 598.700745
5.098667 591.782593
5.104000 586.098450
5.109334 576.821899
5.114666 549.698730
5.120000 528.044006
5.125333 524.412170
5.130667 527.202515
5.136000 532.393311
5.141333 209.516617
5.146667 543.337708
5.152000 562.582947
5.157333 570.717102
5.162667 567.171326
5.168000 117.378197
5.173333 117.051460
5.178667 116.063492
5.184000 114.956184
5.189333 220.943665
5.194667 114.470795
5.200000 114.988922
5.205333 114.990135
5.210667 114.267319
5.216000 113.703369
5.221334 152.837601
5.226666 152.976181
5.232000 151.474823
5.237333 150.285583
5.242667 150.502884
5.248000 408.324036
5.253334 411.729736
5.258667 834.047852
5.264000 846.205750
5.269333 854.027100
5.274667 855.825378
5.280000 856.606934
5.285333 854.978821
5.290667 845.252991
5.296000 838.260132
5.301333 843.013977
5.306667 858.089294
5.312000 875.179932
5.317333 885.213623
5.322667 885.449158
5.328000 712.780151
5.333333 713.609680
5.338666 719.111755
5.344000 725.202698
5.349333 848.319763
5.354667 842.359985
5.360000 852.441040
5.365334 855.713806
5.370667 752.137329
5.376000 779.189148
5.381333 834.850586
5.386667 869.130493
5.392000 888.019287
5.397333 895.820984
5.402667 897.855957
5.408000 887.876648
5.413333 853.846313
5.418667 717.435974
5.424000 697.948303
5.429333 669.458374
5.434667 652.107056
5.440000 648.264343
5.445333 648.743713
5.450667 645.180359
5.456000 645.206909
5.461333 656.226990
5.466667 662.354980
5.472000 662.104919
5.477334 659.332825
5.482666 656.217773
5.488000 343.200317
5.493333 342.437408
5.498667 339.994812
5.504000 336.224915
5.509333 331.991211
5.514667 325.625275
5.520000 317.943298
5.525333 312.300354
5.530667 613.756470
5.536000 605.462830
5.541333 289.997284
5.546667 270.813477
5.552000 241.878647
5.557333 241.507111
5.562667 242.074997
5.568000 140.171692
5.573333 138.338440
5.578667 135.917099
5.584000 137.199402
5.589334 132.227539
5.594666 131.081375
5.600000 119.514748
5.605333 207.021286
5.610667 200.434219
5.616000 200.668381
5.621333 202.743546
5.626667 167.362976
5.632000 167.282791
5.637333 167.923630
5.642667 170.136276
5.648000 170.965897
5.653333 139.778076
5.658667 139.728806
5.664000 139.776672
5.669333 166.613281
5.674667 80.529739
5.680000 215.799713
5.685333 0.000000
5.690667 946.161865
5.696000 945.385864
5.701334 939.049500
5.706666 923.416321
5.712000 97.485825
5.717333 250.213043
5.722667 249.244629
5.728000 176.406448
5.733333 102.090103
5.738667 101.817619
5.744000 217.215057
5.749333 220.233627
5.754667 122.071350
5.760000 805.439758
5.765333 700.985779
5.770667 698.615479
5.776000 698.218628
5.781333 703.473633
5.786667 747.755371
5.792000 833.599304
5.797333 837.509277
5.802667 783.546204
5.808000 770.171326
5.813334 763.102783
5.818666 757.919067
5.824000 147.354355
5.829333 180.738800
5.834667 795.197876
5.840000 780.701355
5.845333 745.454102
5.850667 725.779175
5.856000 892.349854
5.861333 893.281860
5.866667 872.494324
5.872000 764.045959
5.877333 748.471313
5.882667 746.260254
5.888000 779.194519
5.893333 807.928833
5.898667 807.110535
5.904000 788.303833
5.909333 786.182068
5.914667 809.099976
5.920000 827.036438
5.925333 844.585938
5.930666 860.643433
5.936000 869.978027
5.941333 871.598572
5.946667 865.002380
5.952000 851.425659
5.957334 369.127075
5.962667 362.639587
5.968000 144.196060
5.973333 618.264343
5.978667 625.087769
5.984000 633.399902
5.989333 628.388123
5.994667 344.772003
6.000000 348.830078
6.005333 352.290253
6.010667 355.236115
6.016000 356.579590
6.021333 355.944946
6.026667 354.121948
6.032000 352.192596
6.037333 349.771118
6.042666 346.264526
6.048000 341.825623
6.053333 337.251343
6.058667 332.748108
6.064000 328.282166
6.069334 324.104462
6.074667 321.226349
6.080000 321.752441
6.085333 110.756287
6.090667 110.276268
6.096000 109.882805
6.101333 128.400024
6.106667 129.302963
6.112000 106.682404
6.117333 276.693085
6.122667 275.135498
6.128000 114.982964
6.133333 120.910057
6.138667 98.093544
6.144000 111.017883
6.149333 110.294395
6.154667 110.034058
6.160000 98.553032
6.165333 98.403427
6.170667 98.598358
6.176000 117.782158
6.181334 860.559387
6.186666 867.619080
6.192000 896.799133
6.197333 909.499878
6.202667 883.653931
6.208000 870.442566
6.213333 875.339478
6.218667 308.580688
6.224000 311.343689
6.229333 678.778198
6.234667 680.025452
6.240000 692.921448
6.245333 707.694214
6.250667 714.154053
6.256000 715.241760
6.261333 718.529541
6.266667 372.002014
6.272000 376.440918
6.277333 760.201599
6.282667 756.133423
6.288000 387.100739
6.293334 393.277954
6.298666 393.772797
6.304000 396.706055
6.309333 401.901031
6.314667 404.769806
6.320000 400.952515
6.325333 393.449829
6.330667 389.021057
6.336000 387.661713
6.341333 387.493439
6.346667 385.992188
6.352000 764.052917
6.357333 767.746277
6.362667 391.165131
6.368000 758.243835
6.373333 741.644043
6.378667 728.349609
6.384000 875.517822
6.389333 874.340881
6.394667 851.149170
6.400000 848.633240
6.405334 874.473083
6.410666 892.329468
6.416000 117.980545
6.421333 605.380981
6.426667 593.208557
6.432000 608.271179
6.437333 383.556458
6.442667 370.860229
6.448000 683.942383
6.453333 671.199951
6.458667 658.720215
6.464000 641.595093
6.469333 621.468872
6.474667 607.104797
6.480000 602.567017
6.485333 598.068726
6.490667 574.542175
6.496000 553.784973
6.501333 539.568298
6.506667 275.719574
6.512000 213.155167
6.517334 118.664169
6.522666 118.770386
6.528000 572.418091
6.533333 572.957947
6.538667 567.042908
6.544000 117.882141
6.549333 116.973381
6.554667 115.854309
6.560000 225.435791
6.565333 221.678619
6.570667 114.615715
6.576000 115.199280
6.581333 115.067390
6.586667 114.646614
6.592000 114.352592
6.597333 114.498642
6.602667 115.075775
6.608000 115.454414
6.613333 115.466637
6.618667 115.307869
6.624000 115.340736
6.629333 115.591080
6.634666 115.871414
6.640000 115.951988
6.645333 115.544518
6.650667 115.122849
6.656000 115.378944
6.661334 115.853905
6.666667 116.500717
6.672000 117.253326
6.677333 117.096939
6.682667 115.454155
6.688000 114.215263
6.693333 114.044937
6.698667 114.255501
6.704000 114.508087
6.709333 114.817993
6.714667 115.025620
6.720000 114.671768
6.725333 112.599045
6.730667 111.940758
6.736000 314.722717
6.741333 320.899048
6.746666 163.949768
6.752000 164.528030
6.757333 113.191414
6.762667 113.313545
6.768000 103.321289
6.773334 97.015289
6.778666 99.629700
6.784000 99.609459
6.789333 102.725975
6.794667 106.354767
6.800000 106.762314
6.805333 106.759300
6.810667 106.460518
6.816000 209.157486
6.821333 98.930626
6.826667 97.146538
6.832000 96.450951
6.837333 96.719421
6.842667 97.365753
6.848000 98.359879
6.853333 97.364281
6.858667 96.574425
6.864000 97.241524
6.869333 97.583557
6.874667 99.215752
6.880000 100.325958
6.885334 100.783943
6.890666 99.747833
6.896000 97.610687
6.901333 0.000000
6.906667 245.298767
6.912000 243.629120
6.917333 242.392838
6.922667 241.159683
6.928000 239.236755
6.933333 149.498337
6.938667 139.453751
6.944000 141.049316
6.949333 138.579224
6.954667 126.604095
6.960000 128.565750
6.965333 205.963974
6.970667 205.010391
6.976000 122.496201
6.981333 203.512604
6.986667 0.000000
6.992000 166.383072
6.997334 106.684250
7.002666 167.197754
7.008000 169.864120
7.013333 0.000000
7.018667 90.088470
7.024000 263.809143
7.029333 80.793289
7.034667 120.103706
7.040000 120.129959
7.045333 111.105042
7.050667 946.176392
7.056000 943.036194
7.061333 938.192261
7.066667 928.403198
7.072000 97.052528
7.077333 250.106812
7.082667 249.944366
7.088000 0.000000
7.093333 100.027328
7.098667 99.994492
7.104000 99.915520
7.109334 100.909515
7.114666 226.886063
7.120000 216.878571
7.125333 559.653503
7.130667 554.287659
7.136000 542.930786
7.141333 533.936157
7.146667 531.749878
7.152000 122.747330
7.157333 107.384605
7.162667 145.780060
7.168000 120.517937
7.173333 121.153381
7.178667 121.064865
7.184000 120.138435
7.189333 119.695099
7.194667 120.271027
7.200000 121.208649
7.205333 118.662598
7.210667 118.382423
7.216000 118.247437
7.221334 118.078903
7.226666 118.340271
7.232000 119.148346
7.237333 120.038956
7.242667 120.394539
7.248000 120.163956
7.253334 119.671715
7.258667 118.869217
7.264000 117.876610
7.269333 116.549721
7.274667 115.184799
7.280000 115.074753
7.285333 115.822289
7.290667 116.233299
7.296000 116.138893
7.301333 116.036240
7.306667 116.348770
7.312000 117.398193
7.317333 117.969376
7.322667 117.943985
7.328000 117.566605
7.333333 117.496826
7.338666 117.592453
7.344000 117.499222
7.349333 116.928253
7.354667 116.505569
7.360000 113.935577
7.365334 113.551346
7.370667 113.391930
7.376000 121.770668
7.381333 120.051666
7.386667 118.919136
7.392000 154.522034
7.397333 154.651733
7.402667 154.722122
7.408000 154.328766
7.413333 153.703903
7.418667 297.528381
7.424000 295.472321
7.429333 192.540100
7.434667 191.178116
7.440000 627.547363
7.445333 624.690857
7.450667 627.351318
7.456000 642.822266
7.461333 79.230980
7.466667 147.971436
7.472000 580.845581
7.477334 582.762390
7.482666 582.383118
7.488000 158.174026
7.493333 157.792648
7.498667 157.332779
7.504000 157.016251
7.509333 156.358398
7.514667 155.766586
7.520000 155.536011
7.525333 155.379333
7.530667 154.861481
7.536000 154.488281
7.541333 310.267487
7.546667 156.412277
7.552000 156.943817
7.557333 156.768051
7.562667 156.508163
7.568000 156.096191
7.573333 155.304901
7.578667 154.411850
7.584000 153.831924
7.589334 153.605301
7.594666 153.528595
7.600000 153.681702
7.605333 153.870117
7.610667 153.425690
7.616000 152.567261
7.621333 152.600708
7.626667 153.957367
7.632000 153.838455
7.637333 153.818665
7.642667 153.856979
7.648000 153.830704
7.653333 153.951416
7.658667 154.090332
7.664000 153.802963
7.669333 153.609726
7.674667 153.921875
7.680000 154.564819
7.685333 155.108124
7.690667 155.223801
7.696000 155.292160
7.701334 155.827698
7.706666 156.096313
7.712000 154.726395
7.717333 153.684402
7.722667 153.893509
7.728000 155.121384
7.733333 156.866425
7.738667 157.938583
7.744000 158.824661
7.749333 321.029266
7.754667 163.346863
7.760000 164.114655
7.765333 165.154114
7.770667 169.265045
7.776000 176.084610
7.781333 179.062347
7.786667 180.849335
7.792000 180.381973
7.797333 179.443176
7.802667 119.309875
7.808000 122.063057
7.813334 123.123055
7.818666 121.978218
7.824000 121.735947
7.829333 121.908798
7.834667 185.010559
7.840000 370.663574
7.845333 362.570862
7.850667 185.467941
7.856000 120.611290
7.861333 120.188690
7.866667 120.200119
7.872000 120.447563
7.877333 121.039474
7.882667 193.346329
7.888000 191.683350
7.893333 190.432877
7.898667 189.003677
7.904000 364.847260
7.909333 186.204636
7.914667 187.192139
7.920000 187.555130
7.925333 186.972778
7.930666 185.990326
7.936000 185.805435
7.941333 365.638947
7.946667 372.878021
7.952000 378.264038
7.957334 384.357727
7.962667 393.245972
7.968000 403.652679
7.973333 404.265198
7.978667 396.185822
7.984000 388.741333
7.989333 386.481659
7.994667 389.650024
8.000000 393.837708
8.005333 391.737549
8.010667 382.998474
8.016000 376.133636
8.021334 374.288788
8.026667 374.509521
8.032000 375.819702
8.037333 123.928864
8.042666 124.227821
8.048000 123.918221
8.053333 123.461784
8.058666 123.309395
8.064000 374.264984
8.069333 373.223450
8.074667 372.310364
8.080000 122.625320
8.085333 122.713692
8.090667 122.685555
8.096000 375.262543
8.101334 372.041016
8.106667 366.665741
8.112000 335.284485
8.117333 332.352997
8.122666 339.266693
8.128000 365.111511
8.133333 368.048553
8.138667 185.974838
8.144000 187.063309
8.149333 373.630890
8.154667 372.641632
8.160000 370.476685
8.165334 366.921997
8.170667 364.575958
8.176000 365.750061
8.181334 368.469849
8.186666 368.500671
8.192000 120.007034
8.197333 119.274307
8.202666 364.415802
8.208000 367.058075
8.213333 367.298615
8.218667 366.497345
8.224000 366.600006
8.229333 367.692322
8.234667 368.754822
8.240000 369.518646
8.245334 370.195404
8.250667 370.627625
8.256000 370.354553
8.261333 368.949341
8.266666 366.920532
8.272000 365.580780
8.277333 357.961395
8.282666 344.050812
8.288000 244.481232
8.293333 244.895157
8.298667 339.467590
8.304000 355.640778
8.309334 370.060089
8.314667 370.221588
8.320000 370.291779
8.325334 369.492065
8.330667 368.296082
8.336000 367.820648
8.341333 368.467072
8.346666 369.652588
8.352000 370.338074
8.357333 369.943512
8.362667 368.367188
8.368000 365.354980
8.373333 361.918335
8.378667 360.349396
8.384000 361.990845
8.389334 363.415558
8.394667 363.515259
8.400000 363.108734
8.405334 362.896423
8.410666 362.816162
8.416000 361.903931
8.421333 362.159088
8.426666 372.844971
8.432000 373.761292
8.437333 372.210663
8.442667 363.770874
8.448000 0.000000
8.453333 173.949036
8.458667 174.449371
8.464000 174.464233
8.469334 173.383728
8.474667 200.262512
8.480000 199.411362
8.485333 113.570778
8.490666 125.037979
8.496000 122.472237
8.501333 121.699402
8.506667 121.154610
8.512000 120.523918
8.517333 120.001274
8.522667 119.902252
8.528000 340.677704
8.533334 119.055519
8.538667 118.694595
8.544000 118.161621
8.549334 116.540848
8.554667 115.059456
8.560000 114.037781
8.565333 113.182442
8.570666 114.123940
8.576000 115.701767
8.581333 549.708740
8.586667 548.757263
8.592000 552.239441
8.597333 294.793884
8.602667 301.122162
8.608000 115.999542
8.613334 115.234108
8.618667 114.606720
8.624000 114.308868
8.629333 114.141922
8.634666 114.327591
8.640000 114.697487
8.645333 114.829910
8.650666 114.601273
8.656000 114.306885
8.661333 114.368034
8.666667 114.767899
8.672000 114.978691
8.677333 114.762634
8.682667 114.322746
8.688000 113.944153
8.693334 113.469635
8.698667 113.124390
8.704000 113.504929
8.709333 114.185135
8.714666 114.640709
8.720000 114.830971
8.725333 114.831276
8.730667 114.767982
8.736000 115.001427
8.741333 115.297729
8.746667 115.187408
8.752000 114.565651
8.757334 114.515144
8.762667 114.841011
8.768000 114.828438
8.773334 114.644302
8.778666 345.262878
8.784000 345.597046
8.789333 347.466003
8.794666 348.846710
8.800000 347.212219
8.805333 344.694336
8.810667 342.870789
8.816000 343.109589
8.821333 346.897766
8.826667 350.134064
8.832000 350.464081
8.837334 349.186188
8.842667 348.730530
8.848000 349.305786
8.853333 349.170685
8.858666 348.347992
8.864000 348.265778
8.869333 347.753021
8.874666 345.054108
8.880000 342.538635
8.885333 340.951996
8.890667 340.490021
8.896000 341.125488
8.901334 341.820404
8.906667 342.295746
8.912000 342.666199
8.917334 343.185150
8.922667 344.459778
8.928000 346.365875
8.933333 347.680542
8.938666 348.099243
8.944000 348.437988
8.949333 348.438293
8.954667 347.708099
8.960000 346.918823
8.965333 346.416870
8.970667 345.380310
8.976000 339.707184
8.981334 325.784149
8.986667 173.910812
8.992000 173.252960
8.997334 172.621887
9.002666 346.971619
9.008000 346.743500
9.013333 346.313629
9.018666 346.236847
9.024000 346.783081
9.029333 347.165039
9.034667 346.844604
9.040000 346.380707
9.045333 346.603821
9.050667 347.737183
9.056000 348.643768
9.061334 348.133759
9.066667 346.147583
9.072000 343.773438
9.077333 343.370453
9.082666 346.028900
9.088000 345.368317
9.093333 342.975464
9.098666 341.468048
9.104000 343.723358
9.109333 346.435699
9.114667 343.010193
9.120000 317.494507
9.125334 307.592896
9.130667 301.314758
9.136000 298.543121
9.141334 94.461273
9.146667 94.215225
9.152000 116.321312
9.157333 112.156189
9.162666 112.353378
9.168000 113.182686
9.173333 117.418709
9.178667 120.356270
9.184000 105.364685
9.189333 105.921265
9.194667 104.888145
9.200000 102.755219
9.205334 102.572289
9.210667 284.593903
9.216000 285.636658
9.221334 105.349785
9.226666 294.821198
9.232000 294.048615
9.237333 293.610138
9.242666 150.381851
9.248000 313.591919
9.253333 311.052551
9.258667 545.479675
9.264000 112.448662
9.269333 114.505646
9.274667 151.530838
9.280000 540.411377
9.285334 561.255127
9.290667 572.603210
9.296000 294.815369
9.301333 301.260773
9.306666 310.510406
9.312000 101.855888
9.317333 148.272186
9.322667 148.146317
9.328000 150.701324
9.333333 151.129150
9.338667 151.197556
9.344000 150.919785
9.349334 150.332687
9.354667 150.349518
9.360000 115.046494
9.365334 115.334724
9.370667 115.174644
9.376000 158.281052
9.381333 157.150345
9.386666 154.934418
9.392000 153.976608
9.397333 153.814194
9.402667 103.438721
9.408000 102.802826
9.413333 152.203568
9.418667 151.912323
9.424000 151.455048
9.429334 150.368805
9.434667 148.889984
9.440000 147.277588
9.445333 113.466385
9.450666 114.572899
9.456000 115.923737
9.461333 56.862988
9.466666 141.455872
9.472000 273.857941
9.477333 285.849304
9.482667 304.102661
9.488000 310.590332
9.493333 318.721405
9.498667 321.777527
9.504000 299.213104
9.509334 290.664154
9.514667 288.972412
9.520000 114.725677
9.525333 114.667953
9.530666 349.476654
9.536000 322.242249
9.541333 137.785416
9.546667 134.636810
9.552000 134.086380
9.557333 135.695465
9.562667 274.418213
9.568000 273.269775
9.573334 272.378174
9.578667 273.496155
9.584000 275.517395
9.589334 275.717010
9.594666 273.419434
9.600000 270.722870
9.605333 270.894348
9.610666 272.037781
9.616000 272.372467
9.621333 273.139679
9.626667 274.315338
9.632000 134.665253
9.637333 134.042648
9.642667 269.524933
9.648000 268.856476
9.653334 263.716766
9.658667 257.501617
9.664000 248.932266
9.669333 246.027863
9.674666 244.636246
9.680000 89.140411
9.685333 134.424942
9.690666 134.513016
9.696000 134.244888
9.701333 134.156464
9.706667 134.516098
9.712000 269.897491
9.717334 269.406952
9.722667 269.019531
9.728000 270.271942
9.733334 273.203156
9.738667 274.971649
9.744000 274.737366
9.749333 274.079102
9.754666 272.802673
9.760000 269.991455
9.765333 266.362213
9.770667 266.681488
9.776000 268.813995
9.781333 269.665802
9.786667 268.868896
9.792000 144.438675
9.797334 376.390778
9.802667 375.581238
9.808000 935.744141
9.813334 925.732300
9.818666 96.826355
9.824000 97.002914
9.829333 174.171143
9.834666 175.323257
9.840000 191.347382
9.845333 101.272011
9.850667 101.078598
9.856000 101.027443
9.861333 101.101234
9.866667 101.214722
9.872000 215.710190
9.877334 221.931442
9.882667 110.939728
9.888000 550.833496
9.893333 273.623932
9.898666 538.817627
9.904000 536.858887
9.909333 123.145599
9.914667 107.252632
9.920000 107.425407
9.925333 142.713837
9.930667 121.157372
9.936000 121.525299
9.941334 121.043655
9.946667 120.152252
9.952000 120.153473
9.957334 120.334465
9.962667 116.103058
9.968000 116.317993
9.973333 117.256287
9.978666 117.774872
9.984000 117.989883
9.989333 118.272346
9.994667 119.006683
10.000000 120.082436
10.005333 120.208633
10.010667 119.727509
10.016000 118.802330
10.021334 117.831596
10.026667 117.119225
10.032000 116.544533
10.037333 113.767075
10.042666 114.661079
10.048000 115.406654
10.053333 115.618439
10.058666 115.505051
10.064000 115.621628
10.069333 116.411530
10.074667 117.249969
10.080000 117.495056
10.085333 117.089470
10.090667 116.900215
10.096000 117.579826
10.101334 117.601830
10.106667 116.524673
10.112000 116.388107
10.117333 116.206390
10.122666 115.843178
10.128000 115.785431
10.133333 115.802612
10.138667 115.286499
10.144000 114.887054
10.149333 157.497437
10.154667 157.801941
10.160000 592.605225
10.165334 123.599220
10.170667 122.896599
10.176000 558.636597
10.181334 582.014465
10.186666 588.700989
10.192000 592.418945
10.197333 608.246582
10.202666 639.085693
10.208000 653.713135
10.213333 655.130798
10.218667 658.253601
10.224000 146.936386
10.229333 578.945862
10.234667 581.536194
10.240000 571.868835
10.245334 158.804703
10.250667 157.780685
10.256000 157.424606
10.261333 156.763016
10.266666 155.916901
10.272000 155.430328
10.277333 155.258102
10.282666 154.906250
10.288000 154.408157
10.293333 309.245850
10.298667 311.813690
10.304000 156.608948
10.309334 156.895035
10.314667 156.700531
10.320000 156.166306
10.325334 155.328659
10.330667 154.542603
10.336000 154.039902
10.341333 153.811752
10.346666 153.981094
10.352000 154.424316
10.357333 154.613312
10.362667 154.190842
10.368000 154.719818
10.373333 156.599136
10.378667 156.766235
10.384000 155.367142
10.389334 154.196655
10.394667 153.954849
10.400000 153.847794
10.405334 153.831955
10.410666 153.999344
10.416000 153.923904
10.421333 153.580902
10.426666 153.654327
10.432000 154.281937
10.437333 154.975388
10.442667 155.399475
10.448000 156.001404
10.453333 156.817566
10.458667 155.305817
10.464000 153.652145
10.469334 153.926895
10.474667 155.931549
10.480000 157.634827
10.485333 157.225037
10.490666 154.490204
10.496000 153.554550
10.501333 152.786240
10.506667 152.790222
10.512000 318.605042
10.517333 332.493927
10.522667 348.322021
10.528000 186.252258
10.533334 188.541931
10.538667 189.665375
10.544000 121.413925
10.549334 120.900772
10.554667 193.766785
10.560000 125.915298
10.565333 123.737747
10.570666 122.374382
10.576000 121.695274
10.581333 121.106667
10.586667 120.863495
10.592000 182.638809
10.597333 568.056152
10.602667 570.288696
10.608000 119.214432
10.613334 118.958511
10.618667 119.167053
10.624000 534.777649
10.629333 529.762512
10.634666 533.183716
10.640000 113.700150
10.645333 117.296448
10.650666 119.217056
10.656000 119.482941
10.661333 566.986450
10.666667 296.567963
10.672000 302.394958
10.677333 117.859566
10.682667 117.403732
10.688000 117.163780
10.693334 117.112610
10.698667 117.047302
10.704000 116.861015
10.709333 116.586609
10.714666 116.242256
10.720000 448.099579
10.725333 438.539337
10.730667 116.178635
10.736000 116.259201
10.741333 116.281670
10.746667 434.852203
10.752000 405.805115
10.757334 380.983398
10.762667 375.362793
10.768000 121.572311
10.773334 122.096558
10.778666 121.865448
10.784000 122.043121
10.789333 122.456818
10.794666 122.312035
10.800000 370.243225
10.805333 369.081970
10.810667 121.724915
10.816000 121.296036
10.821333 365.489349
10.826667 365.832306
10.832000 367.448242
10.837334 368.382019
10.842667 367.051514
10.848000 364.517456
10.853333 361.378479
10.858666 359.100830
10.864000 360.327301
10.869333 364.503265
10.874666 367.447174
10.880000 367.208984
10.885333 365.191193
10.890667 364.127655
10.896000 364.011200
10.901334 364.955322
10.906667 366.312042
10.912000 366.970978
10.917334 367.079224
10.922667 366.876221
10.928000 366.499084
10.933333 366.431152
10.938666 366.614929
10.944000 366.519073
10.949333 366.083710
10.954667 365.449005
10.960000 365.132172
10.965333 365.538391
10.970667 366.250946
10.976000 366.587036
10.981334 366.640533
10.986667 366.638824
10.992000 366.388733
10.997334 366.123199
11.002666 366.180237
11.008000 366.533203
11.013333 366.825989
11.018666 367.410309
11.024000 365.800568
11.029333 359.441071
11.034667 354.798981
11.040000 354.134705
11.045333 358.309540
11.050667 365.566101
11.056000 366.705780
11.061334 367.181458
11.066667 367.417175
11.072000 367.560669
11.077333 367.583771
11.082666 367.374634
11.088000 367.000427
11.093333 366.588867
11.098666 366.026031
11.104000 364.931427
11.109333 363.756622
11.114667 363.293427
11.120000 363.012848
11.125334 360.663910
11.130667 357.038086
11.136000 354.777222
11.141334 353.243744
11.146667 350.723602
11.152000 346.239288
11.157333 342.511383
11.162666 341.873932
11.168000 344.522552
11.173333 374.337860
11.178667 374.743408
11.184000 374.442230
11.189333 88.298340
11.194667 172.899506
11.200000 173.273727
11.205334 174.248260
11.210667 176.733856
11.216000 177.799667
11.221334 171.170593
11.226666 115.667839
11.232000 115.494911
11.237333 116.107162
11.242666 374.437256
11.248000 373.880371
11.253333 120.248192
11.258667 119.680550
11.264000 119.555527
11.269333 120.039261
11.274667 120.336586
11.280000 119.947762
11.285334 119.385330
11.290667 118.908150
11.296000 116.096550
11.301333 328.265625
11.306666 322.983978
11.312000 112.690300
11.317333 114.084671
11.322667 116.382912
11.328000 117.226364
11.333333 117.232582
11.338667 309.404083
11.344000 301.990936
11.349334 305.085693
11.354667 314.818329
11.360000 115.547226
11.365334 114.930923
11.370667 114.490570
11.376000 114.527519
11.381333 115.243294
11.386666 116.449699
11.392000 116.500420
11.397333 115.740685
11.402667 114.944931
11.408000 114.867516
11.413333 115.211594
11.418667 115.410057
11.424000 115.647072
11.429334 116.011185
11.434667 116.177834
11.440000 115.882767
11.445333 115.410393
11.450666 114.931160
11.456000 114.268547
11.461333 113.541130
11.466666 113.386299
11.472000 113.750023
11.477333 114.409386
11.482667 115.221024
11.488000 115.510361
11.493333 115.189865
11.498667 113.523544
11.504000 113.013580
11.509334 114.448479
11.514667 114.861183
11.520000 114.485252
11.525333 114.059608
11.530666 113.954460
11.536000 342.620453
11.541333 342.988312
11.546667 342.126495
11.552000 340.721252
11.557333 339.114960
11.562667 338.714722
11.568000 341.594086
11.573334 344.418762
11.578667 343.995117
11.584000 342.449188
11.589334 342.154907
11.594666 343.821533
11.600000 345.874451
11.605333 347.044159
11.610666 347.634857
11.616000 348.015228
11.621333 348.194214
11.626667 348.247650
11.632000 348.125641
11.637333 347.849365
11.642667 347.316925
11.648000 346.471649
11.653334 345.758484
11.658667 345.031464
11.664000 343.756836
11.669333 341.773987
11.674666 341.090332
11.680000 343.436920
11.685333 343.927917
11.690666 343.227814
11.696000 342.702393
11.701333 342.400970
11.706667 341.976929
11.712000 341.790619
11.717334 342.427399
11.722667 340.702118
11.728000 115.969162
11.733334 171.733124
11.738667 168.959915
11.744000 167.779282
11.749333 169.187851
11.754666 342.896881
11.760000 342.432404
11.765333 342.865051
11.770667 343.851227
11.776000 345.113892
11.781333 346.106384
11.786667 346.046021
11.792000 345.155731
11.797334 344.227905
11.802667 344.079407
11.808000 343.977966
11.813334 342.779358
11.818666 340.843079
11.824000 339.370148
11.829333 339.775482
11.834666 340.402557
11.840000 339.314606
11.845333 337.171814
11.850667 338.396698
11.856000 341.590485
11.861333 339.871216
11.866667 321.777710
11.872000 312.334778
11.877334 161.013489
11.882667 161.453583
11.888000 94.272270
11.893333 94.206230
11.898666 116.075989
11.904000 114.439064
11.909333 115.010384
11.914667 117.151642
11.920000 118.151863
11.925333 118.205307
11.930667 104.194008
11.936000 105.375618
11.941334 105.604584
11.946667 105.053497
11.952000 277.344849
11.957334 279.129456
11.962667 104.585457
11.968000 325.499084
11.973333 600.125366
11.978666 298.442841
11.984000 295.956635
11.989333 298.801697
11.994667 311.852692
12.000000 521.421509
12.005333 524.094910
12.010667 112.121437
12.016000 100.290878
12.021334 76.229187
12.026667 76.257225
12.032000 291.336243
12.037333 294.777557
12.042666 298.883087
12.048000 305.394318
12.053333 311.682098
12.058666 101.842705
12.064000 150.348526
12.069333 151.171310
12.074667 151.327408
12.080000 151.224670
12.085333 151.298233
12.090667 151.557556
12.096000 152.078766
12.101334 152.780121
12.106667 153.359467
12.112000 153.843445
12.117333 154.768387
12.122666 155.487869
12.128000 154.840714
12.133333 152.076263
12.138667 147.956390
12.144000 146.010391
12.149333 144.048203
12.154667 140.521133
12.160000 138.360733
12.165334 149.183533
12.170667 148.997879
12.176000 143.984909
12.181334 118.431114
12.186666 119.445602
12.192000 119.257622
12.197333 118.653008
12.202666 139.613327
12.208000 140.587738
12.213333 262.919403
12.218667 128.032883
12.224000 131.809555
12.229333 307.407806
12.234667 312.700745
12.240000 322.237244
12.245334 164.919617
12.250667 165.267151
12.256000 103.210327
12.261333 287.644958
12.266666 289.253418
12.272000 290.864716
12.277333 289.949249
12.282666 285.378845
12.288000 280.716980
12.293333 137.336868
12.298667 136.526886
12.304000 274.884888
12.309334 273.800690
12.314667 276.075439
12.320000 279.996979
12.325334 280.746613
12.330667 282.848297
12.336000 109.554832
12.341333 109.109894
12.346666 91.536636
12.352000 92.881432
12.357333 93.045517
12.362667 93.080902
12.368000 280.591675
12.373333 136.026688
12.378667 134.262268
12.384000 134.374527
12.389334 135.599960
12.394667 334.785004
12.400000 246.430038
12.405334 244.610519
12.410666 243.532669
12.416000 242.755402
12.421333 140.660110
12.426666 160.358353
12.432000 139.136017
12.437333 139.007263
12.442667 137.994431
12.448000 125.969925
12.453333 119.565529
12.458667 206.495651
12.464000 205.891190
12.469334 205.824188
12.474667 203.098801
12.480000 162.190460
12.485333 162.820618
12.490666 162.972015
12.496000 169.623230
12.501333 5788.352051
12.506667 5825.789062
12.512000 245.066360
12.517333 164.869492
12.522667 268.402985
12.528000 530.083496
12.533334 170.781998
12.538667 170.906281
12.544000 376.163086
12.549334 374.146179
12.554667 371.791748
12.560000 928.392639
12.565333 445.855133
12.570666 447.522339
12.576000 448.401184
12.581333 162.117157
12.586667 192.264114
12.592000 195.984558
12.597333 196.028595
12.602667 195.797104
12.608000 99.750900
12.613334 118.894012
12.618667 228.958069
12.624000 228.627563
12.629333 137.035461
12.634666 137.076447
12.640000 555.198059
12.645333 554.401489
12.650666 121.887947
12.656000 122.940422
12.661333 122.947807
12.666667 121.809547
12.672000 120.717819
12.677333 120.897934
12.682667 120.922249
12.688000 120.433655
12.693334 120.367561
12.698667 120.582970
12.704000 120.765953
12.709333 117.345413
12.714666 117.459320
12.720000 117.731071
12.725333 118.203011
12.730667 118.165749
12.736000 120.471832
12.741333 120.375656
12.746667 120.229477
12.752000 119.917114
12.757334 118.656464
12.762667 118.602654
12.768000 118.504585
12.773334 117.661331
12.778666 116.490601
12.784000 116.468208
12.789333 115.512627
12.794666 115.630707
12.800000 115.612923
12.805333 115.494827
12.810667 115.445190
12.816000 117.230019
12.821333 117.338715
12.826667 117.382553
12.832000 117.393730
12.837334 117.435349
12.842667 117.743927
12.848000 120.255386
12.853333 121.883995
12.858666 124.374100
12.864000 124.143372
12.869333 124.323349
12.874666 101.943375
12.880000 101.691223
12.885333 155.120667
12.890667 154.758347
12.896000 154.713135
12.901334 154.161972
12.906667 153.303650
12.912000 153.326218
12.917334 154.427094
12.922667 156.259872
12.928000 308.155701
12.933333 309.880127
12.938666 309.472260
12.944000 150.049713
12.949333 151.459015
12.954667 153.602768
12.960000 323.038391
12.965333 326.731293
12.970667 329.252228
12.976000 148.014313
12.981334 320.398193
12.986667 601.070374
12.992000 319.766357
12.997334 157.927505
13.002666 157.578018
13.008000 157.475510
13.013333 156.860443
13.018666 155.876312
13.024000 155.199661
13.029333 154.922638
13.034667 154.687592
13.040000 154.532059
13.045333 154.941956
13.050667 156.138565
13.056000 156.994598
13.061334 157.021988
13.066667 156.617783
13.072000 155.875656
13.077333 154.951996
13.082666 154.238174
13.088000 153.873047
13.093333 153.810883
13.098666 153.772018
13.104000 153.602966
13.109333 153.429550
13.114667 153.872177
13.120000 155.374908
13.125334 155.870316
13.130667 154.742294
13.136000 153.474747
13.141334 153.696533
13.146667 154.115982
13.152000 154.268448
13.157333 154.613968
13.162666 154.948639
13.168000 154.339798
13.173333 153.807526
13.178667 154.083786
13.184000 154.750397
13.189333 155.398071
13.194667 155.366135
13.200000 155.281906
13.205334 155.288910
13.210667 156.167252
13.216000 156.216476
13.221334 158.297775
13.226666 157.783386
13.232000 157.200638
13.237333 158.388062
13.242666 162.469681
13.248000 313.785522
13.253333 313.488342
13.258667 321.943542
13.264000 330.723389
13.269333 119.995728
13.274667 351.540924
13.280000 351.755981
13.285334 351.658142
13.290667 360.352081
13.296000 362.482208
13.301333 122.893547
13.306666 121.717628
13.312000 121.820343
13.317333 374.969391
13.322667 375.020081
13.328000 373.579041
13.333333 372.155762
13.338667 372.151886
13.344000 372.486908
13.349334 364.497223
13.354667 189.522064
13.360000 366.475861
13.365334 190.936081
13.370667 191.960510
13.376000 192.379120
13.381333 192.514542
13.386666 384.926971
13.392000 381.030060
13.397333 380.797119
13.402667 378.661591
13.408000 187.026825
13.413333 186.421646
13.418667 185.651703
13.424000 367.189758
13.429334 369.715271
13.434667 370.424927
13.440000 369.566132
13.445333 369.170074
13.450666 370.551331
13.456000 374.229431
13.461333 380.981506
13.466666 386.416748
13.472000 389.177856
13.477333 391.866913
13.482667 396.251373
13.488000 402.278229
13.493333 411.114532
13.498667 420.533112
13.504000 414.900421
13.509334 395.519470
13.514667 394.065247
13.520000 403.425232
13.525333 409.616364
13.530666 404.134521
13.536000 395.568054
13.541333 389.752167
13.546667 386.672089
13.552000 384.541748
13.557333 381.398956
13.562667 377.656647
13.568000 375.473083
13.573334 377.888275
13.578667 384.287659
13.584000 390.380035
13.589334 395.611084
13.594666 411.566833
13.600000 431.008453
13.605333 117.557411
13.610666 116.868362
13.616000 116.380150
13.621333 399.416626
13.626667 401.535889
13.632000 401.173157
13.637333 396.887360
13.642667 391.730865
13.648000 386.596283
13.653334 381.267029
13.658667 376.482605
13.664000 374.318451
13.669333 374.611755
13.674666 376.449921
13.680000 379.614746
13.685333 383.874664
13.690666 389.992157
13.696000 396.230377
13.701333 399.182404
13.706667 398.933838
13.712000 396.668945
13.717334 394.421173
13.722667 391.800507
13.728000 388.284210
13.733334 384.740845
13.738667 382.712860
13.744000 382.421570
13.749333 383.444458
13.754666 384.111450
13.760000 383.095886
13.765333 377.456024
13.770667 368.470367
13.776000 91.692139
13.781333 91.308258
13.786667 118.413979
13.792000 118.084618
13.797334 117.838158
13.802667 118.795227
13.808000 118.851456
13.813334 396.823395
13.818666 395.643402
13.824000 392.259247
13.829333 393.013855
13.834666 396.901062
13.840000 397.059296
13.845333 395.926758
13.850667 395.787659
13.856000 397.915192
13.861333 400.214081
13.866667 403.200958
13.872000 403.503876
13.877334 388.338531
13.882667 363.739410
13.888000 362.927979
13.893333 351.972717
13.898666 341.030334
13.904000 330.891754
13.909333 321.354340
13.914667 373.577271
13.920000 373.923767
13.925333 373.487152
13.930667 125.692169
13.936000 447.830322
13.941334 249.837311
13.946667 176.123383
13.952000 176.175568
13.957334 178.453568
13.962667 173.544449
13.968000 352.160736
13.973333 342.420258
13.978666 115.626472
13.984000 116.515747
13.989333 118.875923
13.994667 121.268837
14.000000 121.312675
14.005333 120.439362
14.010667 119.318893
14.016000 119.339661
14.021334 180.709824
14.026667 322.618042
14.032000 312.689636
14.037333 318.085999
14.042666 334.516144
14.048000 339.281036
14.053333 338.750397
14.058666 338.835938
14.064000 340.265167
14.069333 330.443970
14.074667 54.148788
14.080000 300.130219
14.085333 310.030426
14.090667 316.933838
14.096000 321.082581
14.101334 325.481232
14.106667 331.939728
14.112000 113.871674
14.117333 113.626724
14.122666 113.824135
14.128000 114.226357
14.133333 113.843246
14.138667 113.817116
14.144000 493.970245
14.149333 477.163391
14.154667 468.479523
14.160000 114.070175
14.165334 114.585602
14.170667 114.698311
14.176000 114.816353
14.181334 115.741592
14.186666 116.729187
14.192000 117.060829
14.197333 117.569832
14.202666 363.621735
14.208000 115.395340
14.213333 114.532387
14.218667 113.887138
14.224000 113.621529
14.229333 113.718536
14.234667 348.260681
14.240000 347.962585
14.245334 347.352722
14.250667 346.972504
14.256000 347.664825
14.261333 347.715057
14.266666 346.343353
14.272000 345.544952
14.277333 346.214325
14.282666 346.290161
14.288000 344.877747
14.293333 343.262848
14.298667 342.689484
14.304000 344.153503
14.309334 346.090240
14.314667 347.011841
14.320000 348.767975
14.325334 350.317413
14.330667 349.926117
14.336000 348.932312
14.341333 348.947784
14.346666 349.069244
14.352000 348.941162
14.357333 349.724121
14.362667 350.586243
14.368000 350.010834
14.373333 348.796814
14.378667 348.785919
14.384000 347.579376
14.389334 344.913483
14.394667 342.881287
14.400000 342.595886
14.405334 342.919067
14.410666 343.041229
14.416000 343.626801
14.421333 344.480743
14.426666 344.848297
14.432000 345.081573
14.437333 346.244965
14.442667 347.445251
14.448000 349.387787
14.453333 358.836792
14.458667 361.794037
14.464000 340.332214
14.469334 321.712463
14.474667 321.034424
14.480000 171.350250
14.485333 171.255798
14.490666 348.554840
14.496000 350.415222
14.501333 354.441345
14.506667 359.068237
14.512000 363.986908
14.517333 369.848602
14.522667 375.609802
14.528000 384.528503
14.533334 204.889526
14.538667 202.742874
14.544000 202.382721
14.549334 203.216827
14.554667 376.825470
14.560000 357.275238
14.565333 351.284790
14.570666 346.031494
14.576000 343.280762
14.581333 342.587372
14.586667 342.555634
14.592000 342.153473
14.597333 338.660492
14.602667 332.717804
14.608000 331.249176
14.613334 329.348907
14.618667 155.119553
14.624000 153.655197
14.629333 310.759308
14.634666 317.045105
14.640000 97.869370
14.645333 112.593567
14.650666 113.253128
14.656000 113.728172
14.661333 146.476776
14.666667 147.365326
14.672000 147.783875
14.677333 125.334091
14.682667 123.003189
14.688000 122.261917
14.693334 121.713036
14.698667 281.720856
14.704000 283.896454
14.709333 289.473145
14.714666 314.427399
14.720000 302.864960
14.725333 297.680389
14.730667 297.643829
14.736000 310.332367
14.741333 316.565063
14.746667 306.992981
14.752000 300.855927
14.757334 302.660431
14.762667 150.829117
14.768000 152.364258
14.773334 76.329208
14.778666 570.874695
14.784000 293.428284
14.789333 297.847961
14.794666 305.639923
14.800000 102.099289
14.805333 102.294182
14.810667 149.255966
14.816000 149.781525
14.821333 150.390625
14.826667 150.963959
14.832000 151.203949
14.837334 151.121231
14.842667 151.074326
14.848000 151.762650
14.853333 153.045700
14.858666 154.389679
14.864000 156.032730
14.869333 114.665634
14.874666 115.800865
14.880000 115.180962
14.885333 113.490685
14.890667 111.681778
14.896000 104.062439
14.901334 113.952835
14.906667 114.050995
14.912000 150.126770
14.917334 149.152527
14.922667 149.369751
14.928000 307.709381
14.933333 306.567627
14.938666 111.562508
14.944000 112.504929
14.949333 128.662155
14.954667 122.500618
14.960000 57.914207
14.965333 317.577667
14.970667 318.950317
14.976000 322.450714
14.981334 164.492828
14.986667 164.422729
14.992000 314.888641
14.997334 296.688202
15.002666 289.546021
15.008000 286.979645
15.013333 285.105560
15.018666 281.446930
15.024000 281.246033
15.029333 144.729126
15.034667 163.725632
15.040000 56.830147
15.045333 268.174255
15.050667 270.983398
15.056000 273.439789
15.061334 273.457642
15.066667 271.637726
15.072000 270.448547
15.077333 271.008209
15.082666 271.683380
15.088000 270.511749
15.093333 268.569427
15.098666 268.345032
15.104000 268.015839
15.109333 268.164185
15.114667 269.932770
15.120000 273.364655
15.125334 276.704254
15.130667 280.328949
15.136000 278.339722
15.141334 267.236389
15.146667 253.557632
15.152000 251.415421
15.157333 138.536682
15.162666 276.775665
15.168000 290.204956
15.173333 289.974640
15.178667 309.772980
15.184000 330.386139
15.189333 335.152161
15.194667 335.386078
15.200000 329.200806
15.205334 276.750519
15.210667 274.825165
15.216000 277.137726
15.221334 276.573944
15.226666 271.387329
15.232000 268.783203
15.237333 270.491058
15.242666 274.673309
15.248000 277.272675
15.253333 277.860229
15.258667 278.059540
15.264000 276.882050
15.269333 273.704651
15.274667 112.763794
15.280000 0.000000
15.285334 375.901733
15.290667 375.596069
15.296000 374.627197
15.301333 97.018875
15.306666 250.228638
15.312000 249.059341
15.317333 175.524582
15.322667 176.204788
15.328000 186.786728
15.333333 186.109650
15.338667 101.201660
15.344000 100.911949
15.349334 100.483505
15.354667 118.629585
15.360000 119.048370
15.365334 216.741882
15.370667 217.749130
15.376000 217.231720
15.381333 216.573685
15.386666 179.752502
15.392000 535.799683
15.397333 529.139771
15.402667 528.626770
15.408000 146.103485
15.413333 107.134682
15.418667 107.293472
15.424000 204.869141
15.429334 120.831146
15.434667 121.129639
15.440000 120.458603
15.445333 119.851921
15.450666 120.092033
15.456000 120.520142
15.461333 117.075424
15.466666 117.231392
15.472000 117.694382
15.477333 118.081841
15.482667 118.558060
15.488000 119.460808
15.493333 120.303276
15.498667 120.568810
15.504000 120.195564
15.509334 119.418785
15.514667 118.614845
15.520000 118.135124
15.525333 117.304024
15.530666 115.452133
15.536000 114.230339
15.541333 114.476051
15.546667 115.196022
15.552000 115.627899
15.557333 115.507675
15.562667 115.347801
15.568000 116.198395
15.573334 117.346519
15.578667 117.586952
15.584000 117.826935
15.589334 118.758499
15.594666 119.394936
15.600000 119.194855
15.605333 116.543686
15.610666 114.422234
15.616000 112.404076
15.621333 112.287811
15.626667 118.358185
15.632000 153.485718
15.637333 151.981827
15.642667 151.903793
15.648000 151.942474
15.653334 151.399628
15.658667 151.334061
15.664000 152.139175
15.669333 152.302917
15.674666 147.865555
15.680000 295.087097
15.685333 143.979706
15.690666 140.766327
15.696000 596.705872
15.701333 619.570740
15.706667 626.611511
15.712000 630.794678
15.717334 593.117737
15.722667 567.460449
15.728000 564.853516
15.733334 556.933472
15.738667 531.420654
15.744000 158.034302
15.749333 157.735107
15.754666 156.927261
15.760000 155.890488
15.765333 155.182678
15.770667 154.932861
15.776000 154.737946
15.781333 154.431702
15.786667 309.188049
15.792000 311.634094
15.797334 156.386215
15.802667 156.765625
15.808000 156.522064
15.813334 156.083435
15.818666 155.602036
15.824000 155.145309
15.829333 154.707184
15.834666 154.290115
15.840000 154.051254
15.845333 154.124817
15.850667 154.415070
15.856000 154.767548
15.861333 155.413177
15.866667 156.163574
15.872000 155.413956
15.877334 153.891434
15.882667 153.814484
15.888000 153.847366
15.893333 153.804031
15.898666 153.929352
15.904000 154.289505
15.909333 154.244873
15.914667 153.924103
15.920000 154.069931
15.925333 154.697998
15.930667 155.569595
15.936000 156.423981
15.941334 156.390015
15.946667 155.625809
15.952000 155.172119
15.957334 154.494095
15.962667 152.036652
15.968000 146.790176
15.973333 77.431946
15.978666 178.132095
15.984000 174.896225
15.989333 164.514664
15.994667 162.326660
16.000000 158.571930
16.005333 152.614792
16.010666 350.853912
16.016001 361.861359
16.021334 371.420502
16.026667 378.989532
16.032000 193.871643
16.037333 196.359222
16.042667 197.708908
16.048000 122.686089
16.053333 123.062119
16.058666 122.819275
16.063999 122.262573
16.069334 121.420944
16.074667 120.848488
16.080000 120.580421
16.085333 90.620064
16.090666 119.419258
16.096001 119.053734
16.101334 119.161232
16.106667 119.756378
16.112000 120.284119
16.117332 119.315140
16.122667 115.547981
16.128000 115.988251
16.133333 116.920982
16.138666 117.971115
16.143999 118.706177
16.149334 118.421066
16.154667 117.697281
16.160000 117.535011
16.165333 117.410858
16.170666 117.102829
16.176001 116.955811
16.181334 117.509941
16.186666 118.241951
16.191999 118.400612
16.197332 118.323174
16.202667 118.314064
16.208000 410.692871
16.213333 402.913757
16.218666 398.847626
16.224001 117.235565
16.229334 117.086731
16.234667 427.494232
16.240000 442.062073
16.245333 453.440491
16.250668 461.667694
16.256001 116.198112
16.261333 116.300629
16.266666 116.667961
16.271999 116.994881
16.277334 117.011047
16.282667 117.038063
16.288000 117.562180
16.293333 118.367775
16.298666 119.037544
16.304001 376.898529
16.309334 367.599548
16.314667 364.011017
16.320000 363.217285
16.325333 364.050385
16.330667 365.508240
16.336000 365.279419
16.341333 363.823975
16.346666 365.718872
16.351999 371.060394
16.357334 376.642151
16.362667 378.601959
16.368000 377.051331
16.373333 374.434509
16.378666 371.736847
16.384001 369.617401
16.389334 368.542053
16.394667 369.009186
16.400000 370.189728
16.405333 371.585724
16.410667 372.405304
16.416000 373.998108
16.421333 376.955536
16.426666 379.452026
16.431999 380.832916
16.437334 382.306976
16.442667 385.034424
16.448000 386.952057
16.453333 386.278839
16.458666 383.100006
16.464001 379.576019
16.469334 376.822449
16.474667 374.678802
16.480000 373.287537
16.485332 372.798889
16.490667 373.030579
16.496000 373.139374
16.501333 372.944427
16.506666 371.555969
16.511999 366.797241
16.517334 362.245056
16.522667 361.244141
16.528000 365.346039
16.533333 376.614044
16.538666 384.707581
16.544001 393.158600
16.549334 399.411316
16.554667 400.747742
16.559999 399.550781
16.565332 397.731750
16.570667 395.367157
16.576000 392.398376
16.581333 388.748260
16.586666 383.176056
16.591999 377.715851
16.597334 373.677979
16.602667 371.212524
16.608000 120.514755
16.613333 120.345329
16.618668 379.836456
16.624001 371.206024
16.629333 363.320038
16.634666 362.386963
16.639999 361.125397
16.645334 357.801270
16.650667 354.193420
16.656000 356.375549
16.661333 371.684509
16.666666 373.346802
16.672001 372.020691
16.677334 448.068207
16.682667 448.743500
16.688000 174.474655
16.693333 367.257202
16.698668 365.453125
16.704000 172.670670
16.709333 171.656952
16.714666 170.147232
16.719999 113.901840
16.725334 114.961578
16.730667 351.816132
16.736000 358.138458
16.741333 364.536346
16.746666 366.163727
16.752001 361.028076
16.757334 356.647095
16.762667 350.614746
16.768000 340.255188
16.773333 119.852013
16.778667 118.655342
16.784000 117.787758
16.789333 115.980217
16.794666 335.388428
16.799999 331.735382
16.805334 328.789307
16.810667 341.147552
16.816000 347.483765
16.821333 347.288879
16.826666 342.072083
16.832001 322.620331
16.837334 311.969055
16.842667 312.694824
16.848000 320.569733
16.853333 329.025848
16.858667 113.700737
16.864000 113.030106
16.869333 358.344360
16.874666 364.597900
16.879999 205.143997
16.885334 207.055649
16.890667 467.119080
16.896000 467.648315
16.901333 114.186050
16.906666 114.979492
16.912001 115.834938
16.917334 116.787384
16.922667 116.884521
16.927999 116.286499
16.933332 115.443687
16.938667 113.640907
16.944000 110.585693
16.949333 108.663712
16.954666 111.551155
16.959999 113.158905
16.965334 113.979080
16.970667 114.100807
16.976000 113.944794
16.981333 113.954460
16.986666 113.921562
16.992001 113.669197
16.997334 113.439049
17.002666 113.538307
17.007999 113.830940
17.013334 113.909111
17.018667 343.378845
17.024000 345.247040
17.029333 346.803345
17.034666 345.490814
17.040001 343.253113
17.045334 341.199677
17.050667 341.121826
17.056000 342.959381
17.061333 343.851715
17.066668 343.356781
17.072001 342.125214
17.077333 341.548096
17.082666 342.440033
17.087999 343.799652
17.093334 344.325623
17.098667 344.782898
17.104000 345.537262
17.109333 345.641663
17.114666 345.504730
17.120001 345.660950
17.125334 346.352478
17.130667 347.746338
17.136000 348.979095
17.141333 349.205505
17.146667 349.026215
17.152000 350.923767
17.157333 354.265472
17.162666 357.032806
17.167999 357.392609
17.173334 352.810913
17.178667 346.934052
17.184000 343.882202
17.189333 342.719025
17.194666 342.152435
17.200001 342.869934
17.205334 341.733551
17.210667 319.810547
17.216000 275.546143
17.221333 0.000000
17.226667 133.628891
17.232000 137.180145
17.237333 355.627472
17.242666 349.969086
17.247999 346.297455
17.253334 344.472595
17.258667 344.140930
17.264000 344.263824
17.269333 344.641357
17.274666 344.993286
17.280001 344.194550
17.285334 342.286346
17.290667 341.485413
17.296000 342.232849
17.301332 342.694397
17.306667 342.500519
17.312000 342.387726
17.317333 342.133240
17.322666 341.485352
17.327999 343.266968
17.333334 346.788513
17.338667 343.438110
17.344000 333.803070
17.349333 331.916962
17.354666 339.569977
17.360001 292.303741
17.365334 153.851959
17.370667 153.255936
17.375999 316.581268
17.381332 317.701202
17.386667 313.272522
17.392000 309.506775
17.397333 152.005981
17.402666 149.244125
17.408001 149.116776
17.413334 149.647781
17.418667 150.162064
17.424000 304.414856
17.429333 294.720184
17.434668 285.931641
17.440001 373.615845
17.445333 119.882149
17.450666 120.290695
17.455999 620.794678
17.461334 605.842651
17.466667 598.646179
17.472000 297.876526
17.477333 299.667084
17.482666 312.820496
17.488001 312.066650
17.493334 110.863602
17.498667 298.474579
17.504000 100.571960
17.509333 100.920715
17.514668 76.141548
17.520000 294.731415
17.525333 296.238129
17.530666 298.398773
17.535999 302.351135
17.541334 307.335052
17.546667 311.295837
17.552000 313.922943
17.557333 151.492767
17.562666 151.766571
17.568001 151.594849
17.573334 151.353317
17.578667 151.614258
17.584000 152.411697
17.589333 153.161499
17.594667 153.133240
17.600000 152.403976
17.605333 152.498505
17.610666 154.169113
17.615999 155.248276
17.621334 154.213257
17.626667 151.217316
17.632000 302.823547
17.637333 297.186218
17.642666 142.720535
17.648001 140.229279
17.653334 134.723450
17.658667 128.642654
17.664000 125.906853
17.669333 125.812462
17.674667 125.436584
17.680000 124.457054
17.685333 258.449005
17.690666 261.821381
17.695999 266.112274
17.701334 129.979553
17.706667 125.964287
17.712000 128.896027
17.717333 132.664261
17.722666 133.681351
17.728001 135.166779
17.733334 166.422562
17.738667 113.484444
17.743999 113.908623
17.749332 114.759453
17.754667 86.390694
17.760000 85.888618
17.765333 304.919098
17.770666 285.444244
17.775999 280.866486
17.781334 282.763245
17.786667 285.766144
17.792000 291.208130
17.797333 301.972626
17.802668 304.378021
17.808001 139.393127
17.813334 140.230606
17.818666 141.315887
17.823999 142.123764
17.829334 142.512894
17.834667 142.729172
17.840000 142.926926
17.845333 143.282135
17.850666 143.809219
17.856001 144.329514
17.861334 143.780914
17.866667 142.993469
17.872000 142.846848
17.877333 142.572769
17.882668 142.375687
17.888000 142.479416
17.893333 142.695755
17.898666 142.759460
17.903999 142.775513
17.909334 142.996323
17.914667 143.334808
17.920000 143.480194
17.925333 143.519318
17.930666 143.864578
17.936001 436.938507
17.941334 436.812317
17.946667 437.175751
17.952000 136.249557
17.957333 135.426575
17.962667 134.681290
17.968000 133.962479
17.973333 133.739426
17.978666 540.811340
17.983999 540.507507
17.989334 131.593002
17.994667 130.812881
18.000000 130.654846
18.005333 130.719772
18.010666 130.618591
18.016001 130.300537
18.021334 129.953796
18.026667 129.659088
18.032000 129.220596
18.037333 501.823853
18.042667 491.208649
18.048000 133.255051
18.053333 250.822739
18.058666 248.951141
18.063999 125.424614
18.069334 190.379547
18.074667 191.747437
18.080000 196.505676
18.085333 198.584488
18.090666 114.771042
18.096001 115.303802
18.101334 214.909714
18.106667 225.192917
18.112000 227.341217
18.117332 226.379913
18.122667 137.022446
18.128000 136.710541
18.133333 268.525970
18.138666 143.409760
18.143999 123.983246
18.149334 144.006882
18.154667 144.352600
18.160000 143.331329
18.165333 142.336029
18.170666 143.161758
18.176001 147.265762
18.181334 147.862274
18.186666 148.626740
18.191999 150.071854
18.197332 151.618454
18.202667 153.096893
18.208000 154.070984
18.213333 153.728333
18.218666 152.848984
18.224001 152.654327
18.229334 153.004639
18.234667 153.025574
18.240000 152.474686
18.245333 151.723770
18.250668 150.959152
18.256001 150.029449
18.261333 148.910507
18.266666 147.813736
18.271999 146.995743
18.277334 146.437149
18.282667 145.949814
18.288000 145.347885
18.293333 144.552170
18.298666 143.753693
18.304001 143.320984
18.309334 143.366058
18.314667 143.468994
18.320000 143.217468
18.325333 142.406494
18.330667 140.983765
18.336000 139.178391
18.341333 138.251144
18.346666 137.549622
18.351999 136.863647
18.357334 136.311218
18.362667 135.800232
18.368000 135.089157
18.373333 134.231522
18.378666 133.406845
18.384001 132.513062
18.389334 131.573242
18.394667 130.651169
18.400000 129.764938
18.405333 128.967041
18.410667 128.394363
18.416000 128.071335
18.421333 553.768005
18.426666 544.642334
18.431999 295.100555
18.437334 298.099640
18.442667 155.722122
18.448000 157.234253
18.453333 156.036697
18.458666 326.176605
18.464001 328.285828
18.469334 324.551422
18.474667 319.178619
18.480000 597.237610
18.485332 158.474579
18.490667 157.882263
18.496000 157.535217
18.501333 157.429123
18.506666 156.788055
18.511999 155.813141
18.517334 155.196960
18.522667 154.919891
18.528000 154.640533
18.533333 154.579208
18.538666 155.180161
18.544001 156.383652
18.549334 157.028885
18.554667 156.930008
18.559999 156.556839
18.565332 155.879776
18.570667 154.914581
18.576000 153.764587
18.581333 152.968887
18.586666 153.231506
18.591999 154.008316
18.597334 154.548172
18.602667 154.367157
18.608000 154.204193
18.613333 155.355759
18.618668 155.808380
18.624001 154.566467
18.629333 153.587555
18.634666 154.037292
18.639999 154.382874
18.645334 154.572983
18.650667 154.949661
18.656000 154.894562
18.661333 154.166626
18.666666 153.768005
18.672001 154.045029
18.677334 154.617142
18.682667 155.142242
18.688000 155.595001
18.693333 155.712906
18.698668 155.019989
18.704000 154.247681
18.709333 155.197174
18.714666 157.022064
18.719999 156.943634
18.725334 155.339127
18.730667 158.432678
18.736000 159.843369
18.741333 160.380630
18.746666 161.838669
18.752001 163.521362
18.757334 164.627686
18.762667 93.055283
18.768000 181.603577
18.773333 181.126450
18.778667 118.899765
18.784000 372.472015
18.789333 373.702789
18.794666 121.106445
18.799999 121.186020
18.805334 122.073975
18.810667 122.894386
18.816000 373.230408
18.821333 371.290497
18.826666 367.723480
18.832001 365.490784
18.837334 364.450104
18.842667 363.860138
18.848000 365.413727
18.853333 369.530121
18.858667 190.156357
18.864000 191.059235
18.869333 192.116623
18.874666 192.607346
18.879999 385.187531
18.885334 384.806000
18.890667 384.979767
18.896000 380.189545
18.901333 186.967972
18.906666 186.032303
18.912001 366.479919
18.917334 367.191437
18.922667 368.084839
18.927999 368.107483
18.933332 367.751709
18.938667 367.845886
18.944000 369.278534
18.949333 373.772949
18.954666 382.056824
18.959999 388.389923
18.965334 390.900269
18.970667 393.132080
18.976000 398.042328
18.981333 405.059631
18.986666 412.138000
18.992001 415.325470
18.997334 405.909790
19.002666 392.818085
19.007999 393.869934
19.013334 402.345184
19.018667 121.451233
19.024000 120.973610
19.029333 120.553146
19.034666 390.375336
19.040001 386.707825
19.045334 383.199585
19.050667 379.439789
19.056000 376.404968
19.061333 375.467834
19.066668 378.509338
19.072001 386.455536
19.077333 395.841217
19.082666 401.905457
19.087999 407.928650
19.093334 414.259918
19.098667 118.177223
19.104000 417.324921
19.109333 413.540710
19.114666 405.048279
19.120001 392.955505
19.125334 389.916656
19.130667 393.244598
19.136000 395.087585
19.141333 390.017792
19.146667 383.221252
19.152000 378.748749
19.157333 376.646088
19.162666 376.510895
19.167999 377.676453
19.173334 380.221344
19.178667 386.111725
19.184000 393.985962
19.189333 400.102386
19.194666 401.919586
19.200001 402.172882
19.205334 401.662292
19.210667 398.760223
19.216000 393.555084
19.221333 388.805695
19.226667 385.622406
19.232000 383.473785
19.237333 382.337280
19.242666 382.586700
19.247999 383.582886
19.253334 383.918457
19.258667 383.890808
19.264000 384.245148
19.269333 377.152069
19.274666 363.979706
19.280001 91.989380
19.285334 92.822876
19.290667 92.316818
19.296000 402.889252
19.301332 118.188057
19.306667 118.833900
19.312000 394.610504
19.317333 391.829590
19.322666 390.014771
19.327999 388.427063
19.333334 388.115326
19.338667 389.889008
19.344000 392.919922
19.349333 397.654358
19.354666 404.565155
19.360001 414.501312
19.365334 421.112213
19.370667 407.004517
19.375999 378.595825
19.381332 364.547455
19.386667 358.850861
19.392000 356.390045
19.397333 354.349854
19.402666 350.032623
19.408001 350.256561
19.413334 354.220886
19.418667 371.195312
19.424000 374.070923
19.429333 373.939880
19.434668 88.367119
19.440001 173.419220
19.445333 173.425446
19.450666 173.671082
19.455999 174.021088
19.461334 173.039658
19.466667 115.250763
19.472000 115.446831
19.477333 115.167542
19.482666 176.229950
19.488001 177.002396
19.493334 120.529274
19.498667 120.304047
19.504000 188.303497
19.509333 182.390137
19.514668 180.350998
19.520000 314.327271
19.525333 310.086426
19.530666 319.034027
19.535999 332.185760
19.541334 335.467773
19.546667 334.871216
19.552000 336.211853
19.557333 338.606201
19.562666 110.483337
19.568001 287.623383
19.573334 178.940247
19.578667 319.982971
19.584000 321.222504
19.589333 322.789642
19.594667 327.096588
19.600000 332.552368
19.605333 113.948502
19.610666 114.022583
19.615999 114.277588
19.621334 113.896301
19.626667 113.519226
19.632000 501.130798
19.637333 492.874054
19.642666 477.890076
19.648001 114.248833
19.653334 114.537140
19.658667 114.770569
19.664000 114.801094
19.669333 114.822578
19.674667 115.148476
19.680000 115.902390
19.685333 116.495811
19.690666 116.979424
19.695999 116.561890
19.701334 115.045357
19.706667 114.008461
19.712000 113.542984
19.717333 113.460983
19.722666 346.314331
19.728001 346.192688
19.733334 346.439636
19.738667 346.283875
19.743999 346.463257
19.749332 347.075928
19.754667 346.576538
19.760000 345.518097
19.765333 345.507568
19.770666 346.151520
19.775999 345.979492
19.781334 345.176941
19.786667 344.561249
19.792000 343.986237
19.797333 343.729401
19.802668 344.539124
19.808001 347.286102
19.813334 351.019073
19.818666 351.783752
19.823999 349.589966
19.829334 348.549713
19.834667 348.968781
19.840000 348.868195
19.845333 348.161591
19.850666 349.017487
19.856001 350.866302
19.861334 351.040161
19.866667 348.905945
19.872000 347.006989
19.877333 344.623138
19.882668 342.292511
19.888000 341.692444
19.893333 342.713013
19.898666 343.903473
19.903999 344.395264
19.909334 344.418610
19.914667 344.376160
19.920000 344.545563
19.925333 345.181732
19.930666 346.066528
19.936001 346.890839
19.941334 352.173431
19.946667 364.697052
19.952000 367.964233
19.957333 358.112183
19.962667 349.231903
19.968000 340.184662
19.973333 328.313293
19.978666 85.202034
19.983999 170.858414
19.989334 170.216492
19.994667 359.743500
20.000000 364.829193
20.005333 368.852722
20.010666 376.600616
20.016001 386.844696
20.021334 204.546661
20.026667 203.675262
20.032000 203.050613
20.037333 203.243118
20.042667 203.836655
20.048000 366.073395
20.053333 355.767517
20.058666 348.311859
20.063999 342.129517
20.069334 337.543732
20.074667 336.350372
20.080000 337.664886
20.085333 339.981934
20.090666 338.508667
20.096001 335.937012
20.101334 336.324921
20.106667 337.146393
20.112000 334.783508
20.117332 299.327301
20.122667 293.070038
20.128000 293.902588
20.133333 157.514771
20.138666 215.886185
20.143999 210.702164
20.149334 113.739449
20.154667 113.706161
20.160000 113.711990
20.165333 148.810379
20.170666 125.565453
20.176001 123.216110
20.181334 122.288727
20.186666 279.855957
20.191999 282.287323
20.197332 285.448975
20.202667 288.855225
20.208000 303.107910
20.213333 299.087891
20.218666 297.046844
20.224001 298.692291
20.229334 312.361237
20.234667 316.294250
20.240000 305.973816
20.245333 295.298584
20.250668 297.366486
20.256001 150.516495
20.261333 151.878662
20.266666 151.465546
20.271999 291.436829
20.277334 294.117462
20.282667 298.366638
20.288000 306.250793
20.293333 314.052460
20.298666 149.388062
20.304001 149.041122
20.309334 150.100754
20.314667 150.806549
20.320000 151.255661
20.325333 151.338959
20.330667 151.006485
20.336000 150.851410
20.341333 151.533722
20.346666 152.936295
20.351999 154.723328
20.357334 156.948227
20.362667 158.929962
20.368000 114.842995
20.373333 114.203377
20.378666 112.999168
20.384001 111.920013
20.389334 103.535126
20.394667 103.219910
20.400000 113.223083
20.405333 101.817390
20.410667 148.626053
20.416000 148.851456
20.421333 304.684998
20.426666 303.094391
20.431999 141.881012
20.437334 136.677399
20.442667 134.937378
20.448000 91.204651
20.453333 340.699554
20.458666 336.934387
20.464001 331.486359
20.469334 318.942230
20.474667 311.969513
20.480000 163.444824
20.485332 162.594055
20.490667 146.276047
20.496000 149.373352
20.501333 150.791290
20.506666 150.294525
20.511999 148.485214
20.517334 224.496353
20.522667 149.631485
20.528000 151.184753
20.533333 151.421555
20.538666 151.434280
20.544001 151.449127
20.549334 151.679489
20.554667 152.266647
20.559999 152.654587
20.565332 152.528320
20.570667 152.145798
20.576000 151.781876
20.581333 151.413483
20.586666 151.015610
20.591999 150.492432
20.597334 149.568359
20.602667 148.776566
20.608000 148.151855
20.613333 146.931625
20.618668 144.927231
20.624001 143.474091
20.629333 142.972504
20.634666 143.064453
20.639999 143.443283
20.645334 143.575226
20.650667 143.345993
20.656000 143.136261
20.661333 143.208481
20.666666 143.408493
20.672001 143.426727
20.677334 143.183853
20.682667 142.837082
20.688000 142.530579
20.693333 142.217758
20.698668 141.887436
20.704000 141.605408
20.709333 141.201630
20.714666 140.628601
20.719999 139.919891
20.725334 138.850433
20.730667 137.659546
20.736000 136.823578
20.741333 136.332260
20.746666 401.878387
20.752001 399.127380
20.757334 396.575623
20.762667 140.165787
20.768000 139.386932
20.773333 138.546204
20.778667 137.396576
20.784000 135.379318
20.789333 137.723648
20.794666 374.603149
20.799999 943.317993
20.805334 97.144180
20.810667 97.178253
20.816000 256.275787
20.821333 258.882629
20.826666 97.548584
20.832001 150.341949
20.837334 150.099197
20.842667 150.219421
20.848000 150.189041
20.853333 149.801971
20.858667 150.336990
20.864000 152.915375
20.869333 152.503265
20.874666 150.920959
20.879999 149.783585
20.885334 148.971771
20.890667 148.186020
20.896000 147.319534
20.901333 146.283890
20.906666 145.158356
20.912001 144.479309
20.917334 144.244431
20.922667 143.985962
20.927999 143.444290
20.933332 142.481873
20.938667 141.115463
20.944000 139.894424
20.949333 139.292480
20.954666 138.599762
20.959999 137.333282
20.965334 425.941589
20.970667 423.785522
20.976000 126.641296
20.981333 122.611565
20.986666 121.471031
20.992001 121.022026
20.997334 120.281342
21.002666 119.535385
21.007999 124.957664
21.013334 126.181351
21.018667 126.969398
21.024000 128.005966
21.029333 128.488800
21.034666 127.429543
21.040001 126.017601
21.045334 125.593224
21.050667 126.059639
21.056000 126.360443
21.061333 125.987694
21.066668 125.063522
21.072001 124.285713
21.077333 119.420601
21.082666 119.753990
21.087999 120.330994
21.093334 120.171082
21.098667 119.751686
21.104000 115.255005
21.109333 113.230972
21.114666 117.688347
21.120001 118.656265
21.125334 119.393951
21.130667 286.756165
21.136000 152.057190
21.141333 152.270187
21.146667 152.017807
21.152000 152.388763
21.157333 154.142578
21.162666 558.045776
21.167999 576.972412
21.173334 591.546021
21.178667 589.455139
21.184000 580.025635
21.189333 585.291931
21.194666 153.860641
21.200001 318.707306
21.205334 323.389435
21.210667 148.873032
21.216000 149.772858
21.221333 151.008926
21.226667 157.855347
21.232000 157.901016
21.237333 157.627136
21.242666 157.288376
21.247999 156.437103
21.253334 155.747009
21.258667 155.474533
21.264000 155.509567
21.269333 155.399429
21.274666 155.368057
21.280001 311.201508
21.285334 316.301636
21.290667 158.812698
21.296000 158.606110
21.301332 157.974915
21.306667 157.342758
21.312000 156.602554
21.317333 155.865402
21.322666 155.746948
21.327999 156.001862
21.333334 155.972687
21.338667 155.506485
21.344000 155.446243
21.349333 156.510483
21.354666 165.034180
21.360001 165.148941
21.365334 164.770370
21.370667 164.271713
21.375999 163.606094
21.381332 162.651428
21.386667 161.985382
21.392000 161.841919
21.397333 161.869003
21.402666 161.654190
21.408001 161.146118
21.413334 160.641388
21.418667 160.246140
21.424000 159.938461
21.429333 159.734848
21.434668 159.548615
21.440001 159.281265
21.445333 158.875504
21.450666 158.450729
21.455999 158.096573
21.461334 157.665588
21.466667 157.174393
21.472000 156.862000
21.477333 156.633774
21.482666 156.195755
21.488001 155.778061
21.493334 155.741928
21.498667 155.987656
21.504000 158.789429
21.509333 348.981323
21.514668 353.646942
21.520000 362.219696
21.525333 367.750946
21.530666 368.778534
21.535999 76.026901
21.541334 156.361298
21.546667 157.511169
21.552000 158.122269
21.557333 158.899826
21.562666 368.105011
21.568001 364.024689
21.573334 356.671295
21.578667 119.340851
21.584000 119.817665
21.589333 533.089600
21.594667 168.264389
21.600000 167.880432
21.605333 167.202438
21.610666 166.494690
21.615999 166.234222
21.621334 166.359390
21.626667 166.290909
21.632000 165.660248
21.637333 164.855713
21.642666 118.479820
21.648001 118.225349
21.653334 152.711502
21.658667 318.493591
21.664000 324.904663
21.669333 330.441833
21.674667 335.976379
21.680000 345.484436
21.685333 73.753471
21.690666 411.053497
21.695999 418.981781
21.701334 418.221893
21.706667 411.457153
21.712000 117.420601
21.717333 117.300476
21.722666 117.182121
21.728001 426.141907
21.733334 442.200287
21.738667 460.345245
21.743999 465.772980
21.749332 117.005013
21.754667 116.106773
21.760000 116.290680
21.765333 117.112183
21.770666 116.883240
21.775999 115.229652
21.781334 378.687469
21.786667 160.354828
21.792000 160.759064
21.797333 161.998367
21.802668 163.372528
21.808001 166.124115
21.813334 121.238182
21.818666 121.792847
21.823999 121.092361
21.829334 120.059319
21.834667 119.535309
21.840000 438.975861
21.845333 441.064362
21.850666 438.175720
21.856001 433.875793
21.861334 425.239410
21.866667 410.516754
21.872000 119.364067
21.877333 384.866241
21.882668 374.368195
21.888000 367.873138
21.893333 366.437042
21.898666 368.882538
21.903999 374.362854
21.909334 182.593811
21.914667 182.747025
21.920000 379.289032
21.925333 376.935059
21.930666 381.283783
21.936001 389.096527
21.941334 390.917389
21.946667 386.259491
21.952000 382.146881
21.957333 379.609528
21.962667 376.871765
21.968000 374.734863
21.973333 374.650787
21.978666 374.958832
21.983999 374.440735
21.989334 373.829498
21.994667 373.649750
22.000000 373.105835
22.005333 372.061554
22.010666 370.964233
22.016001 369.131409
22.021334 363.877777
22.026667 120.372879
22.032000 360.301056
22.037333 374.980469
22.042667 393.735840
22.048000 402.660675
22.053333 404.643707
22.058666 402.868744
22.063999 398.908630
22.069334 395.052979
22.074667 391.507935
22.080000 386.391083
22.085333 381.260101
22.090666 120.234871
22.096001 120.303589
22.101334 120.318237
22.106667 120.280869
22.112000 372.991791
22.117332 357.862122
22.122667 358.145813
22.128000 359.451233
22.133333 359.166962
22.138666 356.847443
22.143999 354.058899
22.149334 353.785156
22.154667 356.096649
22.160000 359.936279
22.165333 371.078796
22.170666 371.625580
22.176001 369.370117
22.181334 0.000000
22.186666 173.688660
22.191999 174.089706
22.197332 174.483978
22.202667 173.998932
22.208000 171.770569
22.213333 170.887390
22.218666 114.068657
22.224001 115.017563
22.229334 361.362152
22.234667 366.928467
22.240000 367.146088
22.245333 361.613708
22.250668 356.739410
22.256001 351.872711
22.261333 343.810638
22.266666 119.989082
22.271999 118.980217
22.277334 118.139565
22.282667 323.553467
22.288000 331.400726
22.293333 328.442474
22.298666 327.171143
22.304001 341.493530
22.309334 347.010101
22.314667 346.353699
22.320000 341.456970
22.325333 326.045654
22.330667 314.543427
22.336000 314.906616
22.341333 114.633453
22.346666 114.307434
22.351999 113.688454
22.357334 113.116661
22.362667 112.890717
22.368000 113.394875
22.373333 206.434555
22.378666 208.167252
22.384001 209.779205
22.389334 470.823761
22.394667 113.921242
22.400000 114.813957
22.405333 115.746132
22.410667 116.504379
22.416000 464.398376
22.421333 114.998238
22.426666 114.460579
22.431999 112.648933
22.437334 111.139404
22.442667 110.434341
22.448000 111.383423
22.453333 113.181007
22.458666 113.858337
22.464001 113.843536
22.469334 113.725800
22.474667 113.886574
22.480000 113.980728
22.485332 113.713303
22.490667 113.445465
22.496000 113.504288
22.501333 113.669952
22.506666 113.763397
22.511999 344.362000
22.517334 343.789581
22.522667 346.155090
22.528000 347.523834
22.533333 345.266968
22.538666 343.245758
22.544001 342.348907
22.549334 342.171875
22.554667 343.384583
22.559999 344.951538
22.565332 344.150543
22.570667 342.841034
22.576000 342.647003
22.581333 343.783173
22.586666 345.089752
22.591999 345.578888
22.597334 345.470703
22.602667 345.356567
22.608000 345.852356
22.613333 346.133270
22.618668 345.971771
22.624001 346.340820
22.629333 347.285187
22.634666 347.899170
22.639999 348.905396
22.645334 351.831970
22.650667 354.096954
22.656000 355.014496
22.661333 356.420593
22.666666 353.323853
22.672001 347.243591
22.677334 344.051025
22.682667 343.124542
22.688000 343.111725
22.693333 344.306702
22.698668 346.472290
22.704000 348.139313
22.709333 347.731262
22.714666 322.662445
22.719999 209.737259
22.725334 210.832611
22.730667 0.000000
22.736000 172.249832
22.741333 346.362823
22.746666 344.332275
22.752001 344.099731
22.757334 344.150818
22.762667 344.515869
22.768000 344.970001
22.773333 344.211243
22.778667 342.301880
22.784000 341.379517
22.789333 341.939270
22.794666 342.873627
22.799999 343.093658
22.805334 341.460815
22.810667 338.178131
22.816000 334.699707
22.821333 332.147766
22.826666 334.381256
22.832001 349.463776
22.837334 349.704071
22.842667 338.408997
22.848000 326.025421
22.853333 317.471924
22.858667 312.879395
22.864000 297.032288
22.869333 295.289307
22.874666 296.408752
22.879999 316.331390
22.885334 317.221893
22.890667 113.408974
22.896000 149.622604
22.901333 149.881729
22.906666 150.383377
22.912001 150.592758
22.917334 149.951035
22.922667 147.137878
22.927999 145.710968
22.933332 145.235733
22.938667 119.353996
22.944000 151.420044
22.949333 151.078430
22.954666 150.093994
22.959999 149.492188
22.965334 149.059753
22.970667 76.385674
22.976000 302.414856
22.981333 298.246857
22.986666 296.125702
22.992001 73.348808
22.997334 151.018478
23.002666 282.685120
23.007999 287.766235
23.013334 290.524719
23.018667 293.650024
23.024000 300.425873
23.029333 310.461823
23.034666 315.182465
23.040001 316.123505
23.045334 150.751755
23.050667 151.109207
23.056000 151.339081
23.061333 151.661591
23.066668 152.081421
23.072001 152.446579
23.077333 152.659378
23.082666 152.736526
23.087999 153.003464
23.093334 154.075531
23.098667 154.681305
23.104000 154.128036
23.109333 152.860229
23.114666 151.354965
23.120001 150.172638
23.125334 303.767548
23.130667 300.634766
23.136000 301.452911
23.141333 146.228088
23.146667 139.981689
23.152000 126.853683
23.157333 124.471855
23.162666 124.436707
23.167999 124.105164
23.173334 123.004456
23.178667 63.862789
23.184000 263.225922
23.189333 258.244659
23.194666 261.865723
23.200001 281.213776
23.205334 305.546906
23.210667 306.231049
23.216000 307.220154
23.221333 311.430145
23.226667 314.283997
23.232000 165.821671
23.237333 166.727020
23.242666 166.727722
23.247999 275.526978
23.253334 276.877197
23.258667 280.860474
23.264000 280.471375
23.269333 279.802917
23.274666 283.086304
23.280001 285.112549
23.285334 282.807892
23.290667 279.011841
23.296000 275.860443
23.301332 272.528625
23.306667 275.257294
23.312000 300.426422
23.317333 170.443710
23.322666 89.146294
23.327999 89.765442
23.333334 270.073700
23.338667 269.267792
23.344000 272.469513
23.349333 276.702393
23.354666 276.833252
23.360001 274.338623
23.365334 274.167786
23.370667 280.774719
23.375999 138.565521
23.381332 91.599007
23.386667 339.685608
23.392000 244.433167
23.397333 243.479477
23.402666 242.771545
23.408001 242.512680
23.413334 149.132767
23.418667 148.937424
23.424000 141.934677
23.429333 138.530197
23.434668 128.520004
23.440001 0.000000
23.445333 131.139542
23.450666 217.019409
23.455999 63.614590
23.461334 202.635086
23.466667 91.532387
23.472000 166.399536
23.477333 166.622467
23.482666 104.971558
23.488001 167.334518
23.493334 168.078461
23.498667 90.302032
23.504000 90.313721
23.509333 120.392319
23.514668 121.287605
23.520000 121.099480
23.525333 120.924492
23.530666 177.631134
23.535999 934.657654
23.541334 936.508850
23.546667 934.222595
23.552000 96.695557
23.557333 250.393692
23.562666 249.961258
23.568001 248.590027
23.573334 176.032532
23.578667 101.881760
23.584000 101.617935
23.589333 101.336311
23.594667 120.394005
23.600000 121.694855
23.605333 228.774429
23.610666 228.022308
23.615999 179.669998
23.621334 179.838654
23.626667 179.547638
23.632000 145.158417
23.637333 146.623199
23.642666 311.287384
23.648001 157.665970
23.653334 160.651810
23.658667 163.870850
23.664000 166.843018
23.669333 529.375000
23.674667 168.885376
23.680000 167.963547
23.685333 167.177139
23.690666 167.036499
23.695999 167.097183
23.701334 167.229660
23.706667 167.321381
23.712000 167.152313
23.717333 166.695618
23.722666 166.164413
23.728001 484.909943
23.733334 485.045837
23.738667 158.004181
23.743999 168.012558
23.749332 167.718628
23.754667 167.403427
23.760000 118.844337
23.765333 168.323044
23.770666 167.835617
23.775999 166.416779
23.781334 165.088943
23.786667 163.731094
23.792000 162.002838
23.797333 160.178436
23.802668 158.412460
23.808001 157.345642
23.813334 156.585983
23.818666 154.939087
23.823999 153.861710
23.829334 153.586777
23.834667 153.258881
23.840000 149.129349
23.845333 148.589844
23.850666 119.306671
23.856001 118.125328
23.861334 115.725197
23.866667 115.647942
23.872000 113.452469
23.877333 115.975006
23.882668 115.885231
23.888000 115.768944
23.893333 115.768753
23.898666 115.840851
23.903999 115.841728
23.909334 115.772942
23.914667 115.771904
23.920000 113.484871
23.925333 113.597862
23.930666 121.590004
23.936001 121.479698
23.941334 121.357170
23.946667 172.346207
23.952000 172.360138
23.957333 172.328247
23.962667 172.806351
23.968000 559.008423
23.973333 590.519592
23.978666 115.572998
23.983999 115.427292
23.989334 115.611183
23.994667 116.573936
24.000000 0.000000
