0.000000 617.508606
0.005333 592.976318
0.010667 587.669373
0.016000 583.537537
0.021333 580.284119
0.026667 577.909607
0.032000 576.648315
0.037333 576.373535
0.042667 576.146973
0.048000 575.180420
0.053333 573.624878
0.058667 572.548096
0.064000 572.277222
0.069333 572.037048
0.074667 571.552063
0.080000 571.734741
0.085333 572.975769
0.090667 574.245239
0.096000 574.632324
0.101333 574.560242
0.106667 574.719666
0.112000 575.059448
0.117333 575.453674
0.122667 575.807068
0.128000 575.866882
0.133333 575.460632
0.138667 574.833435
0.144000 574.563049
0.149333 574.639343
0.154667 574.722473
0.160000 574.679565
0.165333 574.394836
0.170667 573.881714
0.176000 573.467041
0.181333 573.382202
0.186667 118.020058
0.192000 117.972748
0.197333 117.821983
0.202667 556.289612
0.208000 556.173950
0.213333 556.411316
0.218667 117.167007
0.224000 117.175835
0.229333 117.624954
0.234667 117.647049
0.240000 149.756134
0.245333 146.763840
0.250667 140.143906
0.256000 138.110474
0.261333 136.750198
0.266667 207.199173
0.272000 207.429611
0.277333 205.238358
0.282667 294.198547
0.288000 299.407562
0.293333 205.770126
0.298667 205.806427
0.304000 206.472336
0.309333 130.469406
0.314667 130.222946
0.320000 129.830551
0.325333 259.501495
0.330667 133.766342
0.336000 133.695877
0.341333 133.634811
0.346667 133.618622
0.352000 133.588730
0.357333 310.756592
0.362667 310.036377
0.368000 309.659546
0.373333 309.673645
0.378667 133.268814
0.384000 133.348709
0.389333 133.275269
0.394667 198.434631
0.400000 308.290405
0.405333 306.076965
0.410667 132.059875
0.416000 132.177673
0.421333 132.721603
0.426667 133.402740
0.432000 133.765884
0.437333 133.718109
0.442667 133.615997
0.448000 308.430420
0.453333 134.004379
0.458667 133.998840
0.464000 133.949234
0.469333 133.871918
0.474667 133.811295
0.480000 133.701218
0.485333 133.521790
0.490667 87.541687
0.496000 133.395782
0.501333 133.459259
0.506667 214.017365
0.512000 214.036346
0.517333 213.970016
0.522667 213.277618
0.528000 211.541092
0.533333 208.691391
0.538667 206.156342
0.544000 205.158310
0.549333 205.447525
0.554667 206.797073
0.560000 208.311935
0.565333 209.102448
0.570667 209.277298
0.576000 208.995819
0.581333 208.416550
0.586667 208.188095
0.592000 208.957809
0.597333 210.299530
0.602667 211.222992
0.608000 211.526886
0.613333 211.417892
0.618667 210.871841
0.624000 210.979263
0.629333 417.493134
0.634667 419.054291
0.640000 420.521545
0.645333 214.666306
0.650667 214.109009
0.656000 210.162430
0.661333 207.864929
0.666667 207.658310
0.672000 207.303253
0.677333 206.679520
0.682667 206.690430
0.688000 208.004105
0.693333 209.171829
0.698667 209.405167
0.704000 209.510635
0.709333 209.585342
0.714667 203.330795
0.720000 203.336273
0.725333 203.226990
0.730667 209.976242
0.736000 210.039474
0.741333 203.483322
0.746667 401.144379
0.752000 397.786530
0.757333 396.242096
0.762667 394.556610
0.768000 393.090546
0.773333 392.932526
0.778667 393.021423
0.784000 392.793915
0.789333 392.833893
0.794667 393.117950
0.800000 392.997528
0.805333 393.079895
0.810667 393.882385
0.816000 394.315613
0.821333 394.006805
0.826667 393.609680
0.832000 393.993591
0.837333 394.996704
0.842667 395.592010
0.848000 395.651489
0.853333 395.128906
0.858667 393.958099
0.864000 197.549973
0.869333 197.308304
0.874667 197.412018
0.880000 197.723251
0.885333 198.294403
0.890667 198.716614
0.896000 198.604782
0.901333 198.031448
0.906667 197.268631
0.912000 196.730545
0.917333 196.765228
0.922667 197.271057
0.928000 197.811813
0.933333 393.781952
0.938667 393.988098
0.944000 393.563171
0.949333 392.959320
0.954667 392.116272
0.960000 129.364822
0.965333 392.884369
0.970667 392.967499
0.976000 390.752594
0.981333 389.971863
0.986667 389.883118
0.992000 619.727417
0.997333 620.953125
1.002667 621.145203
1.008000 621.604919
1.013333 622.290588
1.018667 622.879395
1.024000 622.984558
1.029333 622.608276
1.034667 622.408752
1.040000 622.370728
1.045333 622.268372
1.050667 622.260437
1.056000 622.429871
1.061333 622.508484
1.066667 207.594223
1.072000 207.736160
1.077333 207.922104
1.082667 624.107483
1.088000 624.510742
1.093333 624.340454
1.098667 208.082657
1.104000 207.915176
1.109333 207.736862
1.114667 207.648743
1.120000 207.675217
1.125333 207.667160
1.130667 207.534210
1.136000 207.321106
1.141333 207.137817
1.146667 207.036469
1.152000 207.021149
1.157333 207.057144
1.162667 207.108170
1.168000 207.255600
1.173333 207.527557
1.178667 207.857788
1.184000 207.544113
1.189333 1462.283447
1.194667 1454.494995
1.200000 1454.852051
1.205333 1458.406616
1.210667 1482.364868
1.216000 1654.437988
1.221333 1644.452148
1.226667 1631.636475
1.232000 1612.095581
1.237333 1568.817627
1.242667 1486.354614
1.248000 241.655777
1.253333 239.786758
1.258667 227.831863
1.264000 230.148178
1.269333 229.512253
1.274667 229.044968
1.280000 230.287827
1.285333 117.112808
1.290667 116.519218
1.296000 116.203323
1.301333 116.656181
1.306667 117.484505
1.312000 118.523933
1.317333 117.594276
1.322667 117.495644
1.328000 117.539810
1.333333 117.721527
1.338667 300.401642
1.344000 300.280945
1.349333 300.448090
1.354667 300.241760
1.360000 299.777435
1.365333 299.554993
1.370667 299.464722
1.376000 299.202606
1.381333 298.886688
1.386667 298.564545
1.392000 298.183990
1.397333 297.996674
1.402667 297.863007
1.408000 297.386505
1.413333 296.604370
1.418667 296.087036
1.424000 296.240173
1.429333 296.659943
1.434667 296.552917
1.440000 116.859116
1.445333 116.621567
1.450667 116.806900
1.456000 116.938751
1.461333 116.993736
1.466667 116.971916
1.472000 117.860481
1.477333 295.961456
1.482667 295.735962
1.488000 295.471100
1.493333 295.326385
1.498667 295.521973
1.504000 295.911804
1.509333 296.219086
1.514667 296.531891
1.520000 296.516388
1.525333 295.993286
1.530667 295.510284
1.536000 295.412506
1.541333 295.483795
1.546667 295.384613
1.552000 117.651215
1.557333 117.594154
1.562667 117.658325
1.568000 117.830040
1.573333 117.931961
1.578667 117.914467
1.584000 117.876671
1.589333 117.904953
1.594667 118.011826
1.600000 118.031601
1.605333 117.816887
1.610667 117.324150
1.616000 116.849609
1.621333 116.785561
1.626667 116.931305
1.632000 116.946762
1.637333 116.914177
1.642667 116.985016
1.648000 117.086243
1.653333 117.164406
1.658667 117.257935
1.664000 117.446983
1.669333 117.725594
1.674667 117.955338
1.680000 118.100906
1.685333 118.214516
1.690667 118.304688
1.696000 118.519394
1.701333 118.686783
1.706667 117.667046
1.712000 118.083054
1.717333 118.170280
1.722667 118.122246
1.728000 117.142113
1.733333 116.870163
1.738667 116.966858
1.744000 475.000854
1.749333 469.891327
1.754667 472.646973
1.760000 508.821686
1.765333 507.811096
1.770667 494.008514
1.776000 494.821625
1.781333 501.841614
1.786667 503.541351
1.792000 499.667664
1.797333 496.336121
1.802667 498.257965
1.808000 503.116791
1.813333 504.770691
1.818667 506.506104
1.824000 582.954895
1.829333 585.821655
1.834667 118.019203
1.840000 118.010254
1.845333 118.054253
1.850667 117.997002
1.856000 117.730186
1.861333 117.570862
1.866667 117.516701
1.872000 117.412605
1.877333 117.488159
1.882667 117.559517
1.888000 288.354401
1.893333 287.511932
1.898667 117.261154
1.904000 117.000351
1.909333 285.588104
1.914667 285.208649
1.920000 284.668762
1.925333 270.959167
1.930667 571.140259
1.936000 567.978027
1.941333 565.119934
1.946667 563.099060
1.952000 560.557129
1.957333 290.166351
1.962667 285.543518
1.968000 284.870483
1.973333 118.364960
1.978667 118.389915
1.984000 118.382355
1.989333 118.361969
1.994667 518.105347
2.000000 515.338928
2.005333 516.105591
2.010667 517.499634
2.016000 516.865112
2.021333 510.343048
2.026667 501.283661
2.032000 492.201508
2.037333 486.374451
2.042667 488.564514
2.048000 490.769043
2.053333 489.166687
2.058667 490.152710
2.064000 494.397125
2.069333 499.842560
2.074667 502.016693
2.080000 503.901031
2.085333 508.669708
2.090667 513.443909
2.096000 516.300110
2.101333 518.035767
2.106667 516.840210
2.112000 513.581116
2.117333 511.627136
2.122667 510.137329
2.128000 507.422943
2.133333 504.924957
2.138667 502.693939
2.144000 500.273926
2.149333 498.197479
2.154667 495.619385
2.160000 492.988068
2.165333 491.790100
2.170667 491.140472
2.176000 489.865601
2.181333 489.208710
2.186667 489.138763
2.192000 488.598938
2.197333 489.739380
2.202667 492.935455
2.208000 493.920197
2.213333 478.526550
2.218667 476.409973
2.224000 475.530914
2.229333 475.664673
2.234667 476.213135
2.240000 477.373047
2.245333 156.899048
2.250667 156.802658
2.256000 156.306259
2.261333 156.287506
2.266667 156.312363
2.272000 156.629242
2.277333 157.561600
2.282667 157.398422
2.288000 156.071213
2.293333 157.115173
2.298667 160.013031
2.304000 160.698502
2.309333 152.283279
2.314667 147.536667
2.320000 147.719101
2.325333 195.877625
2.330667 196.164139
2.336000 196.755981
2.341333 197.041336
2.346667 196.596542
2.352000 195.858154
2.357333 195.498337
2.362667 195.713730
2.368000 196.139954
2.373333 196.284943
2.378667 196.165161
2.384000 196.032867
2.389333 195.814316
2.394667 195.603760
2.400000 195.537949
2.405333 195.321655
2.410667 194.921829
2.416000 194.586395
2.421333 194.376801
2.426667 194.468140
2.432000 194.782974
2.437333 194.719482
2.442667 194.387497
2.448000 194.402283
2.453333 194.648651
2.458667 195.457809
2.464000 195.946075
2.469333 195.912613
2.474667 195.590256
2.480000 197.282440
2.485333 197.374878
2.490667 197.379807
2.496000 197.237289
2.501333 196.216965
2.506667 196.082809
2.512000 117.700386
2.517333 117.541451
2.522667 117.348152
2.528000 117.925964
2.533333 117.813126
2.538667 117.634575
2.544000 117.564674
2.549333 117.725159
2.554667 117.920311
2.560000 117.858215
2.565333 117.452179
2.570667 117.105354
2.576000 117.081383
2.581333 117.234024
2.586667 117.260292
2.592000 117.274887
2.597333 117.157608
2.602667 117.180351
2.608000 117.403473
2.613333 117.558502
2.618667 117.580673
2.624000 117.464859
2.629333 117.475029
2.634667 117.704414
2.640000 117.980492
2.645333 117.825676
2.650667 117.182266
2.656000 116.864990
2.661333 117.357979
2.666667 117.977112
2.672000 117.780609
2.677333 117.081772
2.682667 117.166786
2.688000 118.081734
2.693333 118.710640
2.698667 118.514557
2.704000 117.290527
2.709333 117.329430
2.714667 118.341240
2.720000 118.318062
2.725333 118.139824
2.730667 117.887077
2.736000 117.159760
2.741333 117.060379
2.746667 299.694458
2.752000 117.977959
2.757333 307.315613
2.762667 307.558807
2.768000 313.933929
2.773333 313.820953
2.778667 314.030701
2.784000 332.242004
2.789333 333.061859
2.794667 314.447510
2.800000 313.867279
2.805333 319.820038
2.810667 328.599915
2.816000 328.388641
2.821333 328.760651
2.826667 332.353668
2.832000 330.985413
2.837333 323.298553
2.842667 322.708984
2.848000 336.320648
2.853333 356.216156
2.858667 347.243164
2.864000 328.568512
2.869333 325.114960
2.874667 192.757263
2.880000 193.613022
2.885333 195.248444
2.890667 195.487747
2.896000 194.435059
2.901333 194.625153
2.906667 196.038132
2.912000 196.840302
2.917333 193.910110
2.922667 348.008820
2.928000 347.205658
2.933333 196.199966
2.938667 197.249115
2.944000 366.935944
2.949333 357.282684
2.954667 353.359039
2.960000 195.611847
2.965333 191.514709
2.970667 357.369568
2.976000 341.128937
2.981333 341.132477
2.986667 352.126526
2.992000 354.909821
2.997333 353.197083
3.002667 349.711151
3.008000 346.872345
3.013333 346.782288
3.018667 346.710236
3.024000 118.516563
3.029333 589.599670
3.034667 589.048035
3.040000 586.443176
3.045333 195.852097
3.050667 195.876160
3.056000 585.282410
3.061333 585.979370
3.066667 585.140381
3.072000 195.743774
3.077333 195.718506
3.082667 195.696701
3.088000 195.487595
3.093333 195.201035
3.098667 195.025726
3.104000 195.035873
3.109333 195.202850
3.114667 195.435989
3.120000 293.376251
3.125333 292.920044
3.130667 293.129822
3.136000 293.533508
3.141333 293.417358
3.146667 292.923065
3.152000 292.492798
3.157333 292.540710
3.162667 292.921265
3.168000 293.171692
3.173333 292.820099
3.178667 292.101288
3.184000 292.175385
3.189333 293.284210
3.194667 1458.209717
3.200000 1452.792236
3.205333 677.698914
3.210667 196.599945
3.216000 96.204872
3.221333 1637.783569
3.226667 1624.615356
3.232000 1608.408813
3.237333 346.339294
3.242667 345.741211
3.248000 343.627136
3.253333 343.166840
3.258667 343.654816
3.264000 343.703003
3.269333 342.861542
3.274667 341.823486
3.280000 328.125702
3.285333 326.169525
3.290667 324.790619
3.296000 325.837006
3.301333 327.413116
3.306667 312.863983
3.312000 313.773163
3.317333 329.526489
3.322667 329.542267
3.328000 348.065704
3.333333 347.876770
3.338667 348.628967
3.344000 349.474854
3.349333 349.849213
3.354667 349.943542
3.360000 349.806641
3.365333 349.394470
3.370667 348.625336
3.376000 348.240723
3.381333 349.307159
3.386667 350.869598
3.392000 351.572784
3.397333 351.730560
3.402667 351.677521
3.408000 351.387360
3.413333 351.561615
3.418667 352.589050
3.424000 353.083618
3.429333 350.577728
3.434667 346.805695
3.440000 347.562073
3.445333 350.415985
3.450667 351.371429
3.456000 350.784821
3.461333 4979.791992
3.466667 494.209534
3.472000 483.466827
3.477333 476.257843
3.482667 472.983368
3.488000 453.645721
3.493333 452.168762
3.498667 450.545593
3.504000 77.429817
3.509333 370.970734
3.514667 382.566284
3.520000 384.994720
3.525333 384.688690
3.530667 381.828247
3.536000 379.970154
3.541333 379.587799
3.546667 379.572632
3.552000 379.510834
3.557333 379.526398
3.562667 379.933472
3.568000 767.779297
3.573333 774.737793
3.578667 385.130646
3.584000 385.794434
3.589333 385.346283
3.594667 384.669617
3.600000 383.813446
3.605333 383.419891
3.610667 383.936554
3.616000 384.560883
3.621333 4798.386719
3.626667 4881.710938
3.632000 4966.766602
3.637333 4985.968750
3.642667 4979.712891
3.648000 4947.155762
3.653333 4883.249512
3.658667 378.833405
3.664000 383.014679
3.669333 386.845154
3.674667 701.431580
3.680000 391.706665
3.685333 387.400848
3.690667 386.165283
3.696000 385.289246
3.701333 377.035522
3.706667 374.962311
3.712000 402.588928
3.717333 401.497345
3.722667 398.270233
3.728000 381.233368
3.733333 380.611053
3.738667 380.531677
3.744000 382.330078
3.749333 384.827820
3.754667 385.343781
3.760000 383.762787
3.765333 382.537689
3.770667 382.999023
3.776000 4736.730957
3.781333 383.092194
3.786667 381.442719
3.792000 4882.275391
3.797333 4866.355469
3.802667 4824.105469
3.808000 4795.860352
3.813333 4784.025879
3.818667 4756.748047
3.824000 4703.544922
3.829333 4653.907227
3.834667 4643.953125
3.840000 379.724365
3.845333 379.801727
3.850667 379.974030
3.856000 380.039154
3.861333 380.688660
3.866667 381.915955
3.872000 383.962341
3.877333 386.525970
3.882667 388.324371
3.888000 389.453552
3.893333 389.909485
3.898667 389.431366
3.904000 388.439636
3.909333 388.161407
3.914667 388.578522
3.920000 388.429626
3.925333 290.895569
3.930667 199.393631
3.936000 4096.971191
3.941333 4119.621094
3.946667 291.356415
3.952000 538.094299
3.957333 538.557007
3.962667 535.171753
3.968000 532.302307
3.973333 531.613892
3.978667 532.747437
3.984000 535.457275
3.989333 130.891434
3.994667 130.864258
4.000000 554.245911
4.005333 552.435852
4.010667 131.053757
4.016000 131.017960
4.021333 130.966919
4.026667 130.870468
4.032000 130.630264
4.037333 130.441010
4.042666 130.508087
4.048000 390.558685
4.053333 390.397400
4.058667 169.545929
4.064000 170.112595
4.069334 170.202972
4.074667 170.140869
4.080000 541.899292
4.085333 541.849548
4.090667 541.744019
4.096000 540.850098
4.101333 540.212769
4.106667 539.416565
4.112000 538.506104
4.117333 539.041626
4.122667 540.666931
4.128000 542.560242
4.133333 543.989136
4.138667 544.762207
4.144000 545.124817
4.149333 130.951813
4.154667 131.040375
4.160000 170.044891
4.165333 170.184998
4.170667 170.195877
4.176000 237.321213
4.181334 237.198029
4.186666 236.619324
4.192000 236.095200
4.197333 235.696747
4.202667 234.852280
4.208000 194.996536
4.213333 194.904648
4.218667 146.841843
4.224000 146.904770
4.229333 593.489746
4.234667 579.846191
4.240000 575.634949
4.245333 597.328247
4.250667 647.215820
4.256000 541.949097
4.261333 540.109375
4.266667 539.050049
4.272000 540.201660
4.277333 542.706970
4.282667 543.347473
4.288000 542.910400
4.293334 543.741699
4.298666 556.795593
4.304000 561.127197
4.309333 559.060425
4.314667 557.042297
4.320000 558.500366
4.325333 570.902039
4.330667 579.871155
4.336000 590.536255
4.341333 596.373779
4.346667 598.453796
4.352000 598.966980
4.357333 597.748779
4.362667 591.809509
4.368000 571.887085
4.373333 558.764893
4.378667 555.747986
4.384000 557.680054
4.389333 561.586426
4.394667 567.934387
4.400000 577.399231
4.405334 602.137329
4.410666 196.187897
4.416000 196.172729
4.421333 603.186462
4.426667 603.588928
4.432000 603.993103
4.437333 604.744141
4.442667 605.434998
4.448000 603.363831
4.453333 600.260437
4.458667 598.419617
4.464000 595.565857
4.469333 586.234802
4.474667 584.086182
4.480000 590.352478
4.485333 591.783691
4.490667 591.770569
4.496000 591.756958
4.501333 591.943420
4.506667 591.096008
4.512000 588.718323
4.517334 588.626343
4.522666 590.998596
4.528000 573.120300
4.533333 571.162537
4.538667 572.181885
4.544000 591.265503
4.549333 590.327881
4.554667 195.869858
4.560000 195.265518
4.565333 195.110870
4.570667 195.398346
4.576000 196.639618
4.581333 587.698059
4.586667 589.773193
4.592000 586.823853
4.597333 579.918884
4.602667 577.320801
4.608000 576.247864
4.613333 576.371155
4.618667 576.355774
4.624000 270.487396
4.629333 272.049713
4.634666 272.713898
4.640000 272.561615
4.645333 271.481995
4.650667 270.738922
4.656000 261.858093
4.661334 262.157501
4.666667 262.903564
4.672000 266.761841
4.677333 267.385864
4.682667 195.210129
4.688000 268.739929
4.693333 270.015808
4.698667 270.851654
4.704000 289.076355
4.709333 288.660645
4.714667 285.672668
4.720000 284.986664
4.725333 285.384766
4.730667 287.909424
4.736000 606.470459
4.741333 272.454132
4.746666 272.725983
4.752000 195.584656
4.757333 196.087540
4.762667 271.560486
4.768000 270.395569
4.773334 268.714325
4.778666 197.081314
4.784000 269.825287
4.789333 269.246216
4.794667 268.096741
4.800000 267.222290
4.805333 267.274719
4.810667 539.351868
4.816000 537.555847
4.821333 264.884369
4.826667 264.915985
4.832000 534.530151
4.837333 534.488708
4.842667 535.831665
4.848000 271.765717
4.853333 272.486603
4.858667 196.022095
4.864000 197.498154
4.869333 198.889175
4.874667 197.495605
4.880000 196.453445
4.885334 196.901474
4.890666 198.099823
4.896000 198.478546
4.901333 198.185257
4.906667 197.314545
4.912000 266.400421
4.917333 267.072388
4.922667 610.752502
4.928000 606.922546
4.933333 555.356262
4.938667 541.993408
4.944000 550.533997
4.949333 554.098083
4.954667 553.855042
4.960000 553.217712
4.965333 552.381409
4.970667 548.258911
4.976000 546.583801
4.981333 548.412415
4.986667 550.477783
4.992000 524.990112
4.997334 1459.814209
