0.000000 662.541138
0.005333 668.732544
0.010667 393.812653
0.016000 393.315948
0.021333 391.157776
0.026667 11970.339844
0.032000 12102.174805
0.037333 12235.259766
0.042667 12239.302734
0.048000 12119.490234
0.053333 11891.803711
0.058667 472.908386
0.064000 475.074554
0.069333 737.681213
0.074667 732.618835
0.080000 734.503662
0.085333 740.257690
0.090667 744.454895
0.096000 745.001282
0.101333 741.716187
0.106667 735.654724
0.112000 729.980591
0.117333 726.257507
0.122667 723.748230
0.128000 720.138550
0.133333 719.324097
0.138667 729.765503
0.144000 366.633850
0.149333 0.000000
0.154667 207.990097
0.160000 158.712326
0.165333 158.505264
0.170667 127.925957
0.176000 0.000000
0.181333 96.588470
0.186667 2357.589844
0.192000 2383.524414
0.197333 2437.875732
0.202667 2524.453857
0.208000 2621.315918
0.213333 2719.956543
0.218667 2770.885498
0.224000 2756.239258
0.229333 2633.595215
0.234667 2578.017090
0.240000 2570.315430
0.245333 2807.887207
0.250667 2879.764893
0.256000 2624.345947
0.261333 2500.775146
0.266667 2506.573242
0.272000 2521.328857
0.277333 2455.176025
0.282667 2400.379883
0.288000 2396.293457
0.293333 2390.721924
0.298667 2370.293457
0.304000 2319.109863
0.309333 2240.902344
0.314667 2218.391113
0.320000 323.971008
0.325333 75.396820
0.330667 160.161453
0.336000 152.817474
0.341333 99.586189
0.346667 97.609512
0.352000 58.850353
0.357333 59.316483
0.362667 118.468491
0.368000 59.453846
0.373333 59.616886
0.378667 59.819820
0.384000 59.832184
0.389333 60.288818
0.394667 60.463097
0.400000 122.587196
0.405333 60.265823
0.410667 125.887001
0.416000 122.887444
0.421333 60.402218
0.426667 60.732029
0.432000 121.556313
0.437333 60.580547
0.442667 60.882877
0.448000 121.000641
0.453333 121.361229
0.458667 60.982349
0.464000 121.190781
0.469333 116.461693
0.474667 115.095749
0.480000 113.888123
0.485333 112.387428
0.490667 63.994324
0.496000 312.544586
0.501333 313.260925
0.506667 306.185883
0.512000 305.495636
0.517333 298.165436
0.522667 296.508423
0.528000 295.118622
0.533333 295.530304
0.538667 296.249725
0.544000 297.537964
0.549333 300.280487
0.554667 302.827606
0.560000 306.137878
0.565333 310.268158
0.570667 308.452423
0.576000 301.767273
0.581333 295.779907
0.586667 289.423065
0.592000 286.154938
0.597333 285.753662
0.602667 285.988129
0.608000 289.970337
0.613333 295.135681
0.618667 300.042603
0.624000 302.973206
0.629333 297.989136
0.634667 294.667450
0.640000 68.086052
0.645333 155.678177
0.650667 107.734367
0.656000 106.075912
0.661333 104.411896
0.666667 102.722214
0.672000 145.102356
0.677333 299.544434
0.682667 298.851654
0.688000 296.842224
0.693333 294.556091
0.698667 291.168762
0.704000 284.801758
0.709333 280.019257
0.714667 275.282898
0.720000 275.557007
0.725333 277.327301
0.730667 278.300842
0.736000 279.264374
0.741333 280.831604
0.746667 285.069885
0.752000 287.115753
0.757333 280.674194
0.762667 277.498047
0.768000 225.419785
0.773333 211.265945
0.778667 176.411148
0.784000 132.194839
0.789333 128.735077
0.794667 121.026199
0.800000 95.673042
0.805333 92.695290
0.810667 89.025276
0.816000 60.670799
0.821333 69.815414
0.826667 73.070320
0.832000 73.068703
0.837333 72.032845
0.842667 73.352196
0.848000 72.920578
0.853333 61.434940
0.858667 61.349426
0.864000 60.271759
0.869333 60.289906
0.874667 130.811600
0.880000 125.211029
0.885333 60.091244
0.890667 60.642735
0.896000 123.623169
0.901333 60.367599
0.906667 60.526669
0.912000 121.574722
0.917333 122.322792
0.922667 61.045258
0.928000 120.772842
0.933333 120.354828
0.938667 60.990925
0.944000 122.284500
0.949333 120.963959
0.954667 61.145554
0.960000 122.080460
0.965333 120.001358
0.970667 61.137066
0.976000 61.250893
0.981333 119.929817
0.986667 61.178394
0.992000 61.234364
0.997333 120.490097
1.002667 120.953308
1.008000 61.191891
1.013333 120.759720
1.018667 120.487022
1.024000 61.187016
1.029333 121.472916
1.034667 120.069023
1.040000 61.193153
1.045333 61.455418
1.050667 119.631973
1.056000 61.242470
1.061333 61.384064
1.066667 119.925995
1.072000 61.419827
1.077333 61.600868
1.082667 6015.250488
1.088000 5972.742188
1.093333 743.045410
1.098667 745.652466
1.104000 749.441528
1.109333 753.359802
1.114667 859.671631
1.120000 857.463196
1.125333 853.397705
1.130667 5755.404297
1.136000 5799.708984
1.141333 5905.897461
1.146667 5923.998047
1.152000 5866.290527
1.157333 5806.780762
1.162667 5683.173828
1.168000 860.217529
1.173333 859.506470
1.178667 2591.589600
1.184000 858.309692
1.189333 5799.426758
1.194667 5944.793457
1.200000 6060.342285
1.205333 6089.524902
1.210667 6002.970703
1.216000 5837.064453
1.221333 5739.973633
1.226667 5808.381836
1.232000 5905.676758
1.237333 5944.382812
1.242667 989.434692
1.248000 975.663513
1.253333 4978.247070
1.258667 4750.885254
1.264000 4643.478516
1.269333 4559.655762
1.274667 4494.621582
1.280000 4466.039551
1.285333 1181.018311
1.290667 1181.136597
1.296000 1177.191040
1.301333 1172.988525
1.306667 1173.291138
1.312000 1177.809692
1.317333 140.753616
1.322667 140.710968
1.328000 140.637650
1.333333 140.609299
1.338667 119.083084
1.344000 119.066704
1.349333 125.975914
1.354667 118.877213
1.360000 118.901169
1.365333 118.938896
1.370667 126.049866
1.376000 118.834579
1.381333 117.161560
1.386667 0.000000
1.392000 237.046310
1.397333 236.624756
1.402667 118.836327
1.408000 118.940315
1.413333 119.925987
1.418667 97.117752
1.424000 2319.764893
1.429333 2337.002930
1.434667 170.689682
1.440000 0.000000
1.445333 0.000000
1.450667 87.850746
1.456000 172.585678
1.461333 171.164993
1.466667 168.748383
1.472000 167.297440
1.477333 165.131882
1.482667 162.597687
1.488000 160.520493
1.493333 158.967148
1.498667 157.835281
1.504000 156.893387
1.509333 156.210449
1.514667 155.551239
1.520000 154.850021
1.525333 154.376923
1.530667 154.150696
1.536000 153.918747
1.541333 153.641052
1.546667 153.341080
1.552000 152.944626
1.557333 152.354187
1.562667 151.708496
1.568000 151.524323
1.573333 152.361115
1.578667 152.434631
1.584000 151.443359
1.589333 150.400803
1.594667 149.944946
1.600000 149.687714
1.605333 149.389633
1.610667 149.014328
1.616000 148.550018
1.621333 147.994736
1.626667 147.295349
1.632000 146.351959
1.637333 145.447632
1.642667 144.593246
1.648000 143.756241
1.653333 143.343094
1.658667 143.161987
1.664000 142.900421
1.669333 142.668777
1.674667 142.610840
1.680000 142.609192
1.685333 142.586258
1.690667 142.522919
1.696000 142.299408
1.701333 141.927200
1.706667 141.671753
1.712000 141.597977
1.717333 141.549728
1.722667 141.355270
1.728000 141.075027
1.733333 140.847473
1.738667 140.719650
1.744000 298.539398
1.749333 313.335175
1.754667 305.692902
1.760000 304.866821
1.765333 304.149750
1.770667 305.016327
1.776000 306.792725
1.781333 308.651520
1.786667 308.921539
1.792000 311.387268
1.797333 316.461334
1.802667 316.314209
1.808000 309.649200
1.813333 302.129974
1.818667 297.034027
1.824000 291.145355
1.829333 290.005707
1.834667 139.332367
1.840000 141.235825
1.845333 145.820129
1.850667 147.534134
1.856000 294.342499
1.861333 115.140007
1.866667 152.792297
1.872000 152.633118
1.877333 159.037064
1.882667 160.016556
1.888000 161.258469
1.893333 161.810669
1.898667 161.951675
1.904000 161.635834
1.909333 160.892197
1.914667 159.815216
1.920000 158.312027
1.925333 156.739105
1.930667 154.870041
1.936000 153.140106
1.941333 150.922958
1.946667 147.861404
1.952000 146.777176
1.957333 144.341553
1.962667 143.049454
1.968000 141.536163
1.973333 138.735031
1.978667 136.497711
1.984000 134.632278
1.989333 131.985519
1.994667 131.101471
2.000000 130.395599
2.005333 129.787918
2.010667 208.321701
2.016000 133.596420
2.021333 140.119934
2.026667 139.837845
2.032000 126.043694
2.037333 93.508751
2.042667 91.608162
2.048000 90.411026
2.053333 61.249622
2.058667 69.063644
2.064000 71.131584
2.069333 70.561195
2.074667 70.269547
2.080000 72.052353
2.085333 62.235615
2.090667 61.038200
2.096000 60.916367
2.101333 115.501465
2.106667 124.877258
2.112000 125.092850
2.117333 121.809128
2.122667 60.099251
2.128000 133.183746
2.133333 132.849487
2.138667 61.784954
2.144000 61.655594
2.149333 125.751831
2.154667 123.315910
2.160000 61.761074
2.165333 118.421799
2.170667 118.550591
2.176000 61.255878
2.181333 126.845909
2.186667 119.569382
2.192000 60.799759
2.197333 120.433968
2.202667 120.331108
2.208000 60.604763
2.213333 122.843941
2.218667 117.765251
2.224000 61.339039
2.229333 61.375587
2.234667 122.739891
2.240000 62.042393
2.245333 61.038181
2.250667 118.681267
2.256000 61.618786
2.261333 61.503975
2.266667 120.946159
2.272000 118.570778
2.277333 61.202961
2.282667 61.609661
2.288000 119.608963
2.293333 61.261074
2.298667 61.547962
2.304000 119.399193
2.309333 61.212177
2.314667 61.421700
2.320000 11792.625977
2.325333 11801.806641
2.330667 11769.184570
2.336000 11745.696289
2.341333 130.855026
2.346667 132.198029
2.352000 132.109695
2.357333 132.114807
2.362667 65.903587
2.368000 65.935555
2.373333 66.180679
2.378667 78.504829
2.384000 437.350037
2.389333 433.919067
2.394667 432.540741
2.400000 450.476868
2.405333 450.900513
2.410667 449.487915
2.416000 447.120850
2.421333 444.612244
2.426667 442.943359
2.432000 411.556732
2.437333 411.059113
2.442667 410.324066
2.448000 409.081268
2.453333 408.572662
2.458667 409.461975
2.464000 409.270386
2.469333 405.987976
2.474667 410.179596
2.480000 394.983032
2.485333 393.342621
2.490667 393.009918
2.496000 393.712952
2.501333 157.597549
2.506667 463.116272
2.512000 462.948395
2.517333 462.971466
2.522667 468.170197
2.528000 468.459656
2.533333 467.904297
2.538667 467.462982
2.544000 467.150269
2.549333 466.943481
2.554667 466.942169
2.560000 467.129150
2.565333 467.150696
2.570667 466.972534
2.576000 466.888000
2.581333 466.888367
2.586667 466.777618
2.592000 466.511658
2.597333 466.393005
2.602667 466.644440
2.608000 467.326355
2.613333 156.288589
2.618667 156.825653
2.624000 156.956512
2.629333 252.687088
2.634667 0.000000
2.640000 0.000000
2.645333 127.605377
2.650667 127.644478
2.656000 97.060585
2.661333 97.061287
2.666667 0.000000
2.672000 215.910309
2.677333 215.462173
2.682667 154.877182
2.688000 153.794968
2.693333 152.070938
2.698667 150.895035
2.704000 149.268616
2.709333 147.336517
2.714667 145.541092
2.720000 144.068085
2.725333 142.656769
2.730667 141.394409
2.736000 140.536148
2.741333 139.931610
2.746667 139.323761
2.752000 138.623047
2.757333 137.866165
2.762667 137.132278
2.768000 136.414047
2.773333 135.917801
2.778667 135.739090
2.784000 135.704880
2.789333 135.613007
2.794667 135.432602
2.800000 135.578079
2.805333 138.332886
2.810667 139.140076
2.816000 139.397949
2.821333 139.564590
2.826667 139.605667
2.832000 139.516663
2.837333 139.391373
2.842667 139.260681
2.848000 138.998535
2.853333 138.501617
2.858667 137.982956
2.864000 137.507355
2.869333 136.892349
2.874667 135.990875
2.880000 135.092621
2.885333 134.426483
2.890667 133.807190
2.896000 133.263229
2.901333 132.761475
2.906667 132.164764
2.912000 131.675186
2.917333 131.332275
2.922667 131.068985
2.928000 131.069351
2.933333 131.397202
2.938667 131.728882
2.944000 131.886581
2.949333 132.101181
2.954667 132.580139
2.960000 133.112198
2.965333 133.509201
2.970667 133.780151
2.976000 133.858582
2.981333 177.105820
2.986667 313.247925
2.992000 320.047333
2.997333 351.612793
3.002667 353.121033
3.008000 349.209564
3.013333 347.308624
3.018667 348.333130
3.024000 349.179840
3.029333 351.037415
3.034667 353.138702
3.040000 352.450470
3.045333 351.437347
3.050667 352.499237
3.056000 354.513702
3.061333 355.272095
3.066667 354.717499
3.072000 354.429138
3.077333 353.907745
3.082667 352.936890
3.088000 352.381134
3.093333 351.048462
3.098667 349.525360
3.104000 162.799942
3.109333 162.113327
3.114667 146.548279
3.120000 146.726089
3.125333 147.120285
3.130667 147.667206
3.136000 147.991959
3.141333 148.000397
3.146667 147.750854
3.152000 147.193527
3.157333 145.972656
3.162667 144.423828
3.168000 143.160477
3.173333 140.130768
3.178667 139.029755
3.184000 137.606689
3.189333 135.989151
3.194667 133.520447
3.200000 132.198669
3.205333 129.442352
3.210667 127.979683
3.216000 127.487946
3.221333 127.254143
3.226667 127.056198
3.232000 126.672096
3.237333 125.458092
3.242667 124.618980
3.248000 175.003159
3.253333 161.303452
3.258667 155.251846
3.264000 147.635483
3.269333 105.066742
3.274667 99.346596
3.280000 90.400032
3.285333 88.344765
3.290667 70.326607
3.296000 70.575256
3.301333 70.558662
3.306667 70.435333
3.312000 70.481293
3.317333 70.513069
3.322667 70.285210
3.328000 59.221222
3.333333 117.617821
3.338667 117.408684
3.344000 117.690079
3.349333 117.966431
3.354667 117.874115
3.360000 117.890656
3.365333 117.998360
3.370667 117.855766
3.376000 117.641006
3.381333 117.719933
3.386667 117.975853
3.392000 118.095634
3.397333 118.103645
3.402667 118.081352
3.408000 118.037025
3.413333 118.074898
3.418667 118.157982
3.424000 118.154396
3.429333 118.163414
3.434667 118.215691
3.440000 118.240601
3.445333 118.211044
3.450667 118.093361
3.456000 117.929253
3.461333 117.844635
3.466667 117.693382
3.472000 114.014900
3.477333 111.672897
3.482667 111.269417
3.488000 111.082314
3.493333 110.930756
3.498667 110.965355
3.504000 111.048744
3.509333 111.128067
3.514667 111.149475
3.520000 110.701416
3.525333 109.117256
3.530667 63.469902
3.536000 62.963428
3.541333 106.205528
3.546667 106.121864
3.552000 180.607513
3.557333 166.141647
3.562667 163.151520
3.568000 162.564316
3.573333 162.518250
3.578667 162.516617
3.584000 162.382751
3.589333 162.053238
3.594667 161.593521
3.600000 160.057922
3.605333 158.231934
3.610667 157.668182
3.616000 156.417603
3.621333 155.402298
3.626667 153.319580
3.632000 151.735077
3.637333 149.077484
3.642667 148.078201
3.648000 144.518127
3.653333 143.800964
3.658667 140.468903
3.664000 139.857407
3.669333 136.608963
3.674667 135.851929
3.680000 133.061707
3.685333 132.353760
3.690667 130.338196
3.696000 128.688416
3.701333 127.757011
3.706667 126.455498
3.712000 124.925423
3.717333 123.981323
3.722667 121.979980
3.728000 121.784546
3.733333 121.580780
3.738667 119.331917
3.744000 117.476059
3.749333 117.188072
3.754667 115.096375
3.760000 114.945335
3.765333 113.275101
3.770667 113.251129
3.776000 113.195328
3.781333 130.929398
3.786667 132.557983
3.792000 132.344986
3.797333 132.072708
3.802667 131.878632
3.808000 130.638031
3.813333 198.570114
3.818667 198.426636
3.824000 78.513855
3.829333 78.538673
3.834667 78.553627
3.840000 198.799423
3.845333 198.753937
3.850667 390.484558
3.856000 390.017944
3.861333 248.901779
3.866667 249.192001
3.872000 248.693115
3.877333 121.592598
3.882667 121.500771
3.888000 119.902084
3.893333 96.983040
3.898667 0.000000
3.904000 2375.257324
3.909333 2457.775391
3.914667 2535.271973
3.920000 2596.899414
3.925333 2654.190186
3.930667 2680.231934
3.936000 2751.640137
3.941333 2948.041504
3.946667 78.769936
3.952000 78.578545
3.957333 78.390945
3.962667 78.406113
3.968000 78.459129
3.973333 78.528015
3.978667 78.660339
3.984000 78.696442
3.989333 78.659286
3.994667 78.564056
4.000000 391.965363
4.005333 78.523537
4.010667 78.548241
4.016000 78.533302
4.021333 78.475800
4.026667 78.436470
4.032000 78.435394
4.037333 78.451485
4.042666 78.454979
4.048000 78.461601
4.053333 389.332825
4.058667 389.308441
4.064000 389.197540
4.069334 388.967285
4.074667 388.951691
4.080000 389.030457
4.085333 78.445267
4.090667 78.427650
4.096000 78.430649
4.101333 78.449532
4.106667 78.457008
4.112000 78.463348
4.117333 78.458656
4.122667 78.452904
4.128000 78.458282
4.133333 78.467438
4.138667 78.467010
4.144000 78.452057
4.149333 78.439827
4.154667 78.457565
4.160000 78.510834
4.165333 78.548004
4.170667 78.536095
4.176000 388.650391
4.181334 356.300415
4.186666 295.352051
4.192000 296.993042
4.197333 311.607605
4.202667 159.624527
4.208000 104.412720
4.213333 104.482430
4.218667 104.515694
4.224000 313.749054
4.229333 313.497284
4.234667 65.685402
4.240000 65.696198
4.245333 63.855049
4.250667 63.642044
4.256000 63.638050
4.261333 152.765915
4.266667 153.208801
4.272000 153.940506
4.277333 62.763863
4.282667 109.834457
4.288000 129.606613
4.293334 129.411758
4.298666 129.740448
4.304000 130.465988
4.309333 130.590942
4.314667 130.049225
4.320000 129.737762
4.325333 130.246338
4.330667 130.624756
4.336000 130.656052
4.341333 78.528618
4.346667 78.516769
4.352000 65.625038
4.357333 4821.440430
4.362667 4851.182129
4.368000 4861.802734
4.373333 4839.388672
4.378667 4808.294434
4.384000 4808.674316
4.389333 4866.781738
4.394667 4935.803223
4.400000 4960.769043
4.405334 4963.377930
4.410666 4954.723633
4.416000 4950.944336
4.421333 4982.948730
4.426667 5071.446289
4.432000 5170.749023
4.437333 5239.202148
4.442667 5288.582031
4.448000 5323.466309
4.453333 5348.869629
4.458667 5378.049316
4.464000 5423.040039
4.469333 70.785866
4.474667 77.665764
4.480000 0.000000
4.485333 214.961685
4.490667 150.193756
4.496000 146.240662
4.501333 141.554962
4.506667 108.487022
4.512000 92.704697
4.517334 87.625992
4.522666 85.627220
4.528000 64.060555
4.533333 63.957180
4.538667 95.449463
4.544000 95.024017
4.549333 189.483490
4.554667 188.633652
4.560000 188.004318
4.565333 187.565689
4.570667 187.281113
4.576000 187.106583
4.581333 187.132278
4.586667 187.510712
4.592000 188.284393
4.597333 189.260544
4.602667 190.113068
4.608000 190.674301
4.613333 190.983368
4.618667 191.122040
4.624000 191.144562
4.629333 567.631653
4.634666 565.278198
4.640000 79.706711
4.645333 79.479218
4.650667 79.609367
4.656000 80.521866
4.661334 80.473328
4.666667 80.279808
4.672000 80.006493
4.677333 80.000084
4.682667 80.397896
4.688000 80.278435
4.693333 80.316696
4.698667 79.972816
4.704000 80.038292
4.709333 80.312561
4.714667 80.261131
4.720000 80.486671
4.725333 80.209473
4.730667 80.386040
4.736000 80.519600
4.741333 80.329155
4.746666 80.438957
4.752000 80.181328
4.757333 80.533646
4.762667 80.533585
4.768000 80.406296
4.773334 80.260109
4.778666 80.559204
4.784000 80.638374
4.789333 5482.086426
4.794667 5706.433105
4.800000 5842.257812
4.805333 5816.276855
4.810667 5708.695312
4.816000 5644.970215
4.821333 5721.021973
4.826667 4411.288086
4.832000 221.226746
4.837333 212.693893
4.842667 205.388153
4.848000 204.124542
4.853333 203.180923
4.858667 202.712708
4.864000 202.315170
4.869333 201.928162
4.874667 201.511978
4.880000 200.736298
4.885334 199.470688
4.890666 198.475555
4.896000 197.720154
4.901333 196.878372
4.906667 195.551285
4.912000 194.289200
4.917333 193.195862
4.922667 192.212524
4.928000 191.247238
4.933333 189.947769
4.938667 188.531845
4.944000 187.184525
4.949333 187.329407
4.954667 952.299927
4.960000 387.579468
4.965333 387.802490
4.970667 193.794662
4.976000 192.537537
4.981333 190.186035
4.986667 192.626221
4.992000 192.760529
4.997334 192.961502
5.002666 193.408386
5.008000 193.668152
5.013333 193.402603
5.018667 192.960236
5.024000 192.527145
5.029333 192.067505
5.034667 191.478043
5.040000 190.611877
5.045333 189.832703
5.050667 189.788971
5.056000 190.399429
5.061333 191.085663
5.066667 191.597855
5.072000 192.175415
5.077333 192.967941
5.082667 193.782547
5.088000 194.609787
5.093333 195.539597
5.098667 195.959198
5.104000 195.528778
5.109334 159.441193
5.114666 158.269089
5.120000 0.000000
5.125333 0.000000
5.130667 0.000000
5.136000 0.000000
5.141333 0.000000
5.146667 229.587860
5.152000 236.502335
5.157333 237.262375
5.162667 227.889816
5.168000 230.050446
5.173333 234.264755
5.178667 235.336670
5.184000 236.263535
5.189333 237.234619
5.194667 237.734726
5.200000 237.481888
5.205333 236.694946
5.210667 235.660828
5.216000 234.365250
5.221334 232.623032
5.226666 230.956528
5.232000 229.761292
5.237333 228.791321
5.242667 227.752213
5.248000 226.416855
5.253334 225.338287
5.258667 225.253067
5.264000 225.756348
5.269333 226.420700
5.274667 227.060303
5.280000 227.546356
5.285333 227.893509
5.290667 228.218750
5.296000 228.575363
5.301333 228.958862
5.306667 229.332016
5.312000 229.890625
5.317333 101.236496
5.322667 102.130806
5.328000 77.852028
5.333333 79.734261
5.338666 82.138512
5.344000 81.005630
5.349333 3212.579590
5.354667 3215.864990
5.360000 0.000000
5.365334 143.752777
5.370667 330.225128
5.376000 329.729950
5.381333 225.141754
5.386667 224.977448
5.392000 235.407166
5.397333 608.655823
5.402667 609.492493
5.408000 615.484863
5.413333 312.140381
5.418667 311.887146
5.424000 317.231018
5.429333 312.496368
5.434667 310.740356
5.440000 148.760544
5.445333 149.127655
5.450667 149.995239
5.456000 150.313278
5.461333 150.681503
5.466667 151.598099
5.472000 152.315735
5.477334 152.610336
5.482666 152.543945
5.488000 152.200912
5.493333 151.507294
5.498667 150.502365
5.504000 149.331284
5.509333 147.964203
5.514667 146.539124
5.520000 145.408432
5.525333 144.981232
5.530667 145.019257
5.536000 144.768005
5.541333 143.768936
5.546667 142.092331
5.552000 141.982620
5.557333 143.095016
5.562667 144.044952
5.568000 145.077118
5.573333 162.676544
5.578667 80.024391
5.584000 213.259674
5.589334 124.970161
5.594666 124.936897
5.600000 125.359436
5.605333 157.694244
5.610667 156.532532
5.616000 154.505692
5.621333 152.849854
5.626667 151.600342
5.632000 150.701904
5.637333 150.314026
5.642667 150.242081
5.648000 150.279938
5.653333 150.518417
5.658667 151.254669
5.664000 152.047272
5.669333 152.604355
5.674667 154.538712
5.680000 154.922638
5.685333 5022.703125
5.690667 4917.511719
5.696000 4928.953125
5.701334 5058.195312
5.706666 5271.850098
5.712000 10051.283203
5.717333 215.133530
5.722667 161.245209
5.728000 159.298492
5.733333 155.419571
5.738667 152.126694
5.744000 97.080025
5.749333 92.890442
5.754667 87.899208
5.760000 83.390785
5.765333 69.832893
5.770667 70.780457
5.776000 81.247490
5.781333 80.956055
5.786667 79.031807
5.792000 78.759094
5.797333 78.381439
5.802667 155.845535
5.808000 155.612030
5.813334 155.788055
5.818666 156.151428
5.824000 156.444031
5.829333 156.742004
5.834667 157.011932
5.840000 157.341797
5.845333 157.763626
5.850667 157.956451
5.856000 157.732605
5.861333 78.437653
5.866667 78.416985
5.872000 78.925270
5.877333 79.962051
5.882667 82.172508
5.888000 84.213654
5.893333 84.409279
5.898667 84.533745
5.904000 88.412560
5.909333 91.070900
5.914667 88.068001
5.920000 84.699867
5.925333 84.790596
5.930666 85.079727
5.936000 85.176056
5.941333 87.828049
5.946667 88.217400
5.952000 87.093643
5.957334 84.822220
5.962667 84.754410
5.968000 85.634087
5.973333 87.441406
5.978667 87.333168
5.984000 86.772614
5.989333 85.994606
5.994667 85.085861
6.000000 0.000000
