0.000000 0.000000
0.005805 300.939178
0.011610 300.891388
0.017415 300.747589
0.023220 203.431046
0.029025 203.464523
0.034830 69.055489
0.040635 104.270691
0.046440 206.929489
0.052245 207.088379
0.058050 209.121704
0.063855 210.706985
0.069660 211.268631
0.075465 211.745956
0.081270 212.132736
0.087075 212.169342
0.092880 211.856339
0.098685 211.112747
0.104490 209.964355
0.110295 208.999405
0.116100 208.374176
0.121905 207.707214
0.127710 206.675064
0.133515 205.577866
0.139320 205.129074
0.145125 205.366623
0.150930 205.937714
0.156735 206.775208
0.162540 207.839935
0.168345 208.658249
0.174150 209.192398
0.179955 209.474960
0.185760 209.617645
0.191565 209.715286
0.197370 209.826981
0.203175 209.921722
0.208980 209.839127
0.214785 209.517227
0.220590 208.983627
0.226395 208.260178
0.232200 207.468597
0.238005 206.853043
0.243810 206.643265
0.249615 206.681213
0.255419 206.652267
0.261224 206.469482
0.267029 206.490097
0.272834 206.783432
0.278639 207.043701
0.284444 207.100876
0.290249 207.054810
0.296054 207.091660
0.301859 207.142380
0.307664 207.073700
0.313469 206.892487
0.319274 206.656265
0.325079 206.353409
0.330884 206.088135
0.336689 206.282776
0.342494 206.879578
0.348299 207.059509
0.354104 207.039856
0.359909 207.152756
0.365714 207.324799
0.371519 207.322784
0.377324 207.310516
0.383129 207.545883
0.388934 207.695694
0.394739 206.864700
0.400544 205.052917
0.406349 203.409424
0.412154 202.450638
0.417959 201.911163
0.423764 201.349091
0.429569 199.316864
0.435374 198.577606
0.441179 199.016479
0.446984 198.897827
0.452789 198.019608
0.458594 197.978027
0.464399 199.014755
0.470204 207.279526
0.476009 208.170090
0.481814 208.297119
0.487619 197.556534
0.493424 197.434143
0.499229 197.488052
0.505034 197.710938
0.510839 198.225571
0.516644 198.911438
0.522449 199.011154
0.528254 198.620087
0.534059 198.115036
0.539864 605.939392
0.545669 608.763184
0.551474 197.611557
0.557279 197.461884
0.563084 197.612015
0.568889 197.832916
0.574694 197.726288
0.580499 197.370331
0.586304 196.888321
0.592109 196.086670
0.597914 195.463089
0.603719 195.450607
0.609524 195.786011
0.615329 123.097282
0.621134 122.979439
0.626939 195.463974
0.632744 207.625259
0.638549 207.027527
0.644354 206.562790
0.650159 206.554169
0.655964 207.164658
0.661769 207.480530
0.667574 207.103088
0.673379 206.756546
0.679184 206.785156
0.684989 206.978577
0.690794 207.172302
0.696599 207.257401
0.702404 207.356003
0.708209 207.573486
0.714014 207.550629
0.719819 210.635071
0.725624 104.081482
0.731429 103.955933
0.737234 213.602142
0.743039 214.102051
0.748844 213.784225
0.754649 213.066879
0.760454 211.244949
0.766258 207.812607
0.772063 205.195129
0.777869 203.178391
0.783673 202.887802
0.789478 203.638123
0.795283 204.075012
0.801088 203.326385
0.806893 202.823669
0.812698 202.934052
0.818503 203.888077
0.824308 204.815521
0.830113 205.918335
0.835918 209.897919
0.841723 213.142303
0.847528 213.837692
0.853333 213.614212
0.859138 223.881989
0.864943 226.022476
0.870748 226.727371
0.876553 227.089218
0.882358 227.537247
0.888163 77.631172
0.893968 77.471703
0.899773 77.359581
0.905578 230.367813
0.911383 230.685623
0.917188 230.888153
0.922993 231.208984
0.928798 232.017395
0.934603 77.421646
0.940408 77.549988
0.946213 77.598053
0.952018 77.555634
0.957823 232.658813
0.963628 232.765152
0.969433 233.350296
0.975238 78.014893
0.981043 78.091339
0.986848 78.056419
0.992653 236.560944
0.998458 234.847321
1.004263 234.004227
1.010068 233.406799
1.015873 232.916275
1.021678 115.646599
1.027483 142.376434
1.033288 141.764633
1.039093 141.609451
1.044898 141.915039
1.050703 209.906677
1.056508 209.432983
1.062313 208.903137
1.068118 208.555328
1.073923 208.578171
1.079728 208.930527
1.085533 209.329117
1.091338 209.657730
1.097143 210.165527
1.102948 210.644562
1.108753 210.586334
1.114558 210.424942
1.120363 210.303268
1.126168 209.270950
1.131973 206.442139
1.137778 206.013107
1.143583 206.265778
1.149388 204.597290
1.155193 203.938721
1.160998 204.352829
1.166803 204.959854
1.172608 205.240906
1.178413 205.138046
1.184218 205.123489
1.190023 205.588150
1.195828 207.510895
1.201633 208.494431
1.207438 208.963333
1.213243 209.760300
1.219048 211.886337
1.224853 212.667786
1.230658 213.449432
1.236463 214.273819
1.242268 214.456085
1.248073 212.828873
1.253878 211.330124
1.259683 209.191635
1.265488 207.972580
1.271293 205.649200
1.277097 203.999603
1.282902 204.215103
1.288707 204.852859
1.294513 205.117935
1.300317 205.143692
1.306122 205.277435
1.311927 205.852280
1.317732 206.797531
1.323537 207.642700
1.329342 208.256668
1.335147 208.381729
1.340952 208.239517
1.346757 207.908020
1.352562 207.752518
1.358367 208.007736
1.364172 208.522202
1.369977 208.686081
1.375782 208.464691
1.381587 208.276031
1.387392 208.137680
1.393197 207.628693
1.399002 206.630920
1.404807 206.173553
1.410612 205.981598
1.416417 205.953583
1.422222 205.969284
1.428027 205.433762
1.433832 204.439621
1.439637 204.341629
1.445442 205.208069
1.451247 209.243484
1.457052 209.510513
1.462857 209.550842
1.468662 210.020142
1.474467 210.853516
1.480272 211.146988
1.486077 210.846283
1.491882 105.385269
1.497687 105.246315
1.503492 105.195450
1.509297 105.117767
1.515102 104.943398
1.520907 210.680099
1.526712 210.402206
1.532517 210.082947
1.538322 209.869034
1.544127 209.645233
1.549932 209.283508
1.555737 208.872070
1.561542 208.440262
1.567347 207.876114
1.573152 206.207458
1.578957 204.096405
1.584762 210.888519
1.590567 210.927750
1.596372 209.968155
1.602177 209.185852
1.607982 176.267685
1.613787 176.811829
1.619592 182.271286
1.625397 182.713669
1.631202 175.559647
1.637007 157.502014
1.642812 230.102570
1.648617 242.380951
1.654422 241.348648
1.660227 189.405090
1.666032 201.724655
1.671837 202.118896
1.677642 203.707001
1.683447 154.909637
1.689252 154.976486
1.695057 155.187271
1.700862 217.156982
1.706667 217.087601
1.712472 155.696304
1.718277 0.000000
1.724082 548.694031
1.729887 550.632080
1.735692 207.237869
1.741497 570.635254
1.747302 570.617981
1.753107 569.985901
1.758912 574.197388
1.764717 578.530396
1.770522 575.976624
1.776327 569.616760
1.782132 564.644897
1.787936 563.434265
1.793741 160.430786
1.799546 159.562653
1.805351 157.809937
1.811157 156.175934
1.816961 155.894333
1.822766 351.940186
1.828571 351.838898
1.834376 350.921509
1.840181 349.214935
1.845986 347.560364
1.851791 346.181458
1.857596 344.909515
1.863401 344.613342
1.869206 344.970734
1.875011 345.328400
1.880816 345.966309
1.886621 346.967346
1.892426 347.032043
1.898231 346.755493
1.904036 346.888794
1.909841 346.888702
1.915646 345.606262
1.921451 343.756287
1.927256 343.611664
1.933061 344.346924
1.938866 345.235657
1.944671 151.390182
1.950476 151.908600
1.956281 172.467178
1.962086 172.383041
1.967891 155.685852
1.973696 145.933578
1.979501 131.658661
1.985306 131.825241
1.991111 132.110275
1.996916 131.888458
2.002721 131.518555
2.008526 131.288345
2.014331 131.078522
2.020136 130.880905
2.025941 130.677505
2.031746 130.450821
2.037551 130.427551
2.043356 130.860107
2.049161 131.363266
2.054966 131.539642
2.060771 131.520355
2.066576 131.412674
2.072381 131.278610
2.078186 131.220993
2.083991 131.266006
2.089796 131.261292
2.095601 131.087845
2.101406 130.767944
2.107211 130.376892
2.113016 129.940063
2.118821 264.383820
2.124626 264.275024
2.130431 263.250031
2.136236 262.546448
2.142041 262.576263
2.147846 263.853729
2.153651 264.374634
2.159456 264.344482
2.165261 264.562561
2.171066 264.905212
2.176871 265.038269
2.182676 265.209259
2.188481 265.758759
2.194286 264.972992
2.200091 263.516510
2.205896 262.350098
2.211701 261.679901
2.217506 261.439270
2.223311 261.479797
2.229116 263.159424
2.234921 266.780914
2.240726 88.004929
2.246531 88.229500
2.252336 277.243378
2.258141 273.011597
2.263946 352.678986
2.269751 79.568565
2.275556 229.989304
2.281361 229.139481
2.287166 0.000000
2.292970 87.046173
2.298775 0.000000
2.304580 1405.234497
2.310385 230.389435
2.316190 138.554596
2.321995 139.829102
2.327801 141.054840
2.333606 68.404076
2.339411 68.460411
2.345215 71.567421
2.351020 68.525925
2.356825 68.567421
2.362630 142.929291
2.368435 142.892975
2.374240 142.780457
2.380045 142.828812
2.385850 142.960968
2.391655 70.495621
2.397460 70.535812
2.403265 68.747643
2.409070 131.137268
2.414875 142.090195
2.420680 68.769104
2.426485 176.404022
2.432290 176.389267
2.438095 176.305817
2.443900 176.340164
2.449705 176.530533
2.455510 176.392822
2.461315 175.734985
2.467120 174.375687
2.472925 87.523193
2.478730 529.754456
2.484535 87.611008
2.490340 260.411957
2.496145 277.578400
2.501950 278.413330
2.507755 278.674774
2.513560 278.551819
2.519365 278.296143
2.525170 70.991356
2.530975 70.952057
2.536780 261.520508
2.542585 263.533051
2.548390 290.604126
2.554195 350.186096
2.560000 350.308044
2.565805 350.336212
2.571610 349.924652
2.577415 290.780701
2.583220 0.000000
2.589025 0.000000
2.594830 141.245804
2.600635 141.676773
2.606440 142.139008
2.612245 101.749176
2.618050 1541.478516
2.623855 379.569916
2.629660 259.802856
2.635465 261.079468
2.641270 142.810593
2.647075 142.909363
2.652880 70.588242
2.658685 70.593132
2.664490 156.790207
2.670295 156.695847
2.676100 156.567780
2.681905 69.007950
2.687710 69.010971
2.693515 138.139679
2.699320 141.538376
2.705125 141.416443
2.710930 140.779755
2.716735 136.527725
2.722540 140.438629
2.728345 144.363403
2.734150 145.810944
2.739955 85.372154
2.745760 85.851768
2.751565 86.430138
2.757370 345.140381
2.763175 70.387466
2.768980 70.198952
2.774785 90.764595
2.780590 142.377335
2.786395 142.255707
2.792200 142.147095
2.798005 141.987610
2.803810 141.990631
2.809614 142.168137
2.815419 142.124481
2.821224 132.120087
2.827029 69.278732
2.832834 70.090126
2.838639 70.079964
2.844445 70.107925
2.850250 70.356415
2.856054 87.322342
2.861859 87.306015
2.867664 130.996719
2.873469 130.794327
2.879274 141.438339
2.885079 86.846474
2.890884 86.398331
2.896689 0.000000
2.902494 0.000000
2.908299 0.000000
2.914104 202.444946
2.919909 96.622559
2.925714 182.020508
2.931519 104.149811
2.937324 104.147270
2.943129 104.016060
2.948934 103.763428
2.954739 175.766159
2.960544 156.594864
2.966349 156.222168
2.972154 104.451706
2.977959 315.634857
2.983764 315.674225
2.989569 314.796051
2.995374 155.068024
3.001179 203.001434
3.006984 153.922073
3.012789 153.833054
3.018594 153.909943
3.024399 154.453400
3.030204 154.953873
3.036009 155.020874
3.041814 154.570312
3.047619 304.616577
3.053424 309.209808
3.059229 155.602020
3.065034 155.595230
3.070839 155.432098
3.076644 314.247253
3.082449 314.559998
3.088254 314.169098
3.094059 103.147339
3.099864 154.346619
3.105669 154.642014
3.111474 154.734573
3.117279 154.786942
3.123084 154.838089
3.128889 311.792542
3.134694 311.907196
3.140499 311.636475
3.146304 311.060974
3.152109 311.482330
3.157914 312.537964
3.163719 154.997681
3.169524 154.863983
3.175329 155.308914
3.181134 155.670288
3.186939 155.467926
3.192744 155.063034
3.198549 155.108704
3.204354 306.280182
3.210159 296.798462
3.215964 155.190979
3.221769 156.144608
3.227574 311.449493
3.233379 311.670013
3.239184 267.163208
3.244989 267.022858
3.250794 266.743469
3.256599 266.635925
3.262404 258.903503
3.268209 258.221283
3.274014 257.851074
3.279819 257.685425
3.285624 257.729095
3.291429 258.336761
3.297234 260.289246
3.303039 261.218689
3.308844 261.636353
3.314649 261.911102
3.320453 261.636658
3.326258 261.116058
3.332063 276.276886
3.337868 276.301208
3.343673 276.271973
3.349478 275.969269
3.355283 275.579651
3.361089 275.403473
3.366894 275.086182
3.372698 264.530975
3.378503 232.189255
3.384308 233.015945
3.390113 233.761139
3.395918 276.910126
3.401723 274.968994
3.407528 274.407684
3.413333 260.507202
3.419138 261.193298
3.424943 270.935455
3.430748 273.237427
3.436553 273.669342
3.442358 261.694611
3.448163 261.483551
3.453968 261.044495
3.459773 260.557556
3.465578 233.697418
3.471383 273.755646
3.477188 273.610260
3.482993 272.071869
3.488798 271.223236
3.494603 273.044952
3.500408 275.774536
3.506213 277.588196
3.512018 307.367737
3.517823 155.731415
3.523628 156.190674
3.529433 156.271927
3.535238 0.000000
3.541043 0.000000
3.546848 0.000000
3.552653 0.000000
3.558458 110.894821
3.564263 111.089493
3.570068 108.353004
3.575873 108.525719
3.581678 106.275475
3.587483 103.542778
3.593288 207.934647
3.599093 207.353439
3.604898 103.756424
3.610703 105.674034
3.616508 103.637299
3.622313 103.690170
3.628118 207.969193
3.633923 103.748589
3.639728 103.698509
3.645533 103.694733
3.651338 103.688232
3.657143 103.683563
3.662948 206.923233
3.668753 206.982895
3.674558 207.117844
3.680363 103.288353
3.686168 212.827133
3.691973 215.537048
3.697778 221.662094
3.703583 223.120087
3.709388 103.953232
3.715193 104.039925
3.720998 240.335709
3.726803 104.082794
3.732608 104.103462
3.738413 104.138390
3.744218 104.095398
3.750023 312.235138
3.755828 104.089615
3.761633 104.068039
3.767438 104.012909
3.773243 103.993446
3.779048 103.998352
3.784853 103.982147
3.790658 312.003662
3.796463 311.718292
3.802268 311.494232
3.808073 311.277435
3.813878 311.109406
3.819683 103.855827
3.825488 156.259720
3.831293 156.434128
3.837097 156.339813
3.842902 67.425896
3.848707 331.931671
3.854512 332.081512
3.860317 197.008438
3.866122 196.079880
3.871927 99.636757
3.877733 207.812698
3.883538 207.295822
3.889342 257.845459
3.895147 206.945740
3.900952 105.899765
3.906757 105.870796
3.912562 105.857422
3.918367 105.818054
3.924172 207.408173
3.929977 207.144608
3.935782 207.326797
3.941587 103.729195
3.947392 207.870361
3.953197 208.028473
3.959002 208.356094
3.964807 208.591644
3.970612 208.409744
3.976417 5139.949219
3.982222 5072.299316
3.988027 136.413589
3.993832 136.256851
3.999637 136.296631
4.005442 0.000000
4.011247 104.655243
4.017052 104.271873
4.022857 104.096542
4.028662 103.940689
4.034467 103.443443
4.040272 205.115723
4.046077 205.314880
4.051882 104.274605
4.057687 142.684937
4.063492 142.382309
4.069297 68.945992
4.075102 208.567810
4.080907 208.576324
4.086712 208.889145
4.092517 209.474075
4.098322 209.741776
4.104127 69.584930
4.109932 209.332458
4.115737 153.055450
4.121542 154.318985
4.127347 154.653763
4.133152 152.555725
4.138957 151.934326
4.144762 152.013702
4.150567 164.322235
4.156372 166.500305
4.162177 0.000000
4.167982 0.000000
4.173787 213.330231
4.179592 213.677338
4.185397 206.386398
4.191202 201.097748
4.197007 197.204941
4.202812 196.721527
4.208617 155.871964
4.214422 315.098328
4.220227 157.506546
4.226032 157.181595
4.231837 315.227020
4.237642 315.770020
4.243447 315.810638
4.249252 313.875854
4.255057 312.041992
4.260862 311.217499
4.266667 310.835938
4.272471 310.695587
4.278276 311.023163
4.284081 312.216064
4.289886 312.832275
4.295691 312.711212
4.301497 312.503021
4.307302 312.326416
4.313107 312.051666
4.318912 311.434509
4.324717 310.271881
4.330522 309.290253
4.336327 309.269409
4.342132 309.325806
4.347937 310.020905
4.353742 315.983673
4.359547 317.865753
4.365352 319.249603
4.371157 317.773010
4.376961 314.906616
4.382766 312.774139
4.388571 312.229401
4.394376 312.007660
4.400181 155.184509
4.405986 311.444946
4.411791 311.421356
4.417596 311.359650
4.423401 311.132599
4.429206 310.719086
4.435011 310.250488
4.440816 310.016815
4.446621 310.087738
4.452426 310.373596
4.458231 310.955566
4.464036 311.782532
4.469841 312.454315
4.475646 312.781433
4.481451 155.976791
4.487256 154.284897
4.493061 113.459969
4.498866 113.318680
4.504671 110.629425
4.510476 86.147125
4.516281 116.617226
4.522086 116.988647
4.527891 65.843773
4.533696 65.523804
4.539501 87.128822
4.545306 130.294952
4.551111 130.238220
4.556916 129.939911
4.562721 129.629623
4.568526 129.741867
4.574331 130.198547
4.580136 130.554398
4.585941 133.039825
4.591746 133.186844
4.597551 133.044662
4.603356 130.362930
4.609161 130.720016
4.614966 262.621643
4.620771 262.767334
4.626576 262.466949
4.632381 262.074951
4.638186 263.369873
4.643991 293.117493
4.649796 293.503662
4.655601 130.509323
4.661406 130.488846
4.667211 130.491180
4.673016 130.465393
4.678821 274.331573
4.684626 273.827423
4.690431 273.737549
4.696236 273.920807
4.702041 273.983612
4.707846 233.467606
4.713651 233.517395
4.719456 233.258041
4.725261 232.948486
4.731066 232.967194
4.736871 232.960648
4.742676 232.793732
4.748481 263.607605
4.754286 264.635193
4.760091 271.455994
4.765896 252.806595
4.771701 270.767273
4.777506 271.883270
4.783311 274.408966
4.789115 87.597244
4.794920 233.021271
4.800725 234.068436
4.806530 240.582443
4.812335 240.444565
4.818141 0.000000
4.823946 0.000000
4.829751 0.000000
4.835556 0.000000
4.841361 200.983932
4.847166 200.207535
4.852971 200.086777
4.858776 199.776047
4.864581 196.107925
4.870386 195.923294
4.876191 194.406113
4.881996 194.335419
4.887800 194.486633
4.893605 194.362534
4.899410 194.402100
4.905215 97.650444
4.911020 99.494087
4.916825 100.772438
4.922630 101.168503
4.928435 62.156727
4.934240 310.267853
4.940045 311.550232
4.945850 312.513306
4.951655 312.525818
4.957460 205.448669
4.963265 190.436630
4.969070 88.889969
4.974875 88.664703
4.980680 354.440338
4.986485 354.109497
4.992290 156.278549
4.998095 99.537796
5.003900 193.991821
5.009705 194.605331
5.015510 195.589432
5.021315 195.357697
5.027120 195.058090
5.032925 195.119156
5.038730 196.016479
5.044535 197.284363
5.050340 199.145309
5.056145 197.886627
5.061950 196.407181
5.067755 196.174515
5.073560 199.516724
5.079365 200.065506
5.085170 211.821381
5.090975 213.720551
5.096780 154.395340
5.102585 97.028282
5.108390 0.000000
5.114195 0.000000
5.120000 97.793030
5.125805 98.188446
5.131610 99.119804
5.137415 65.728134
5.143220 65.698151
5.149025 198.646744
5.154830 198.782791
5.160635 97.270897
5.166440 98.333809
5.172245 195.516479
5.178050 226.310150
5.183855 190.581985
5.189660 190.464233
5.195465 99.350410
5.201270 103.654984
5.207075 100.726608
5.212880 112.359970
5.218685 197.891068
5.224490 198.507050
5.230295 198.890915
5.236100 3440.294434
5.241905 3549.925293
5.247710 3571.619385
5.253515 118.774086
5.259320 112.028450
5.265125 118.065529
5.270930 118.151016
5.276735 118.247215
5.282540 118.328896
5.288345 197.732162
5.294150 198.037949
5.299954 99.264458
5.305759 99.081131
5.311564 98.991203
5.317369 98.954163
5.323174 98.920311
5.328979 197.290497
5.334785 196.995941
5.340590 65.751213
5.346395 65.745529
5.352200 184.256409
5.358005 196.854019
5.363810 196.862137
5.369615 196.791901
5.375420 196.499725
5.381225 195.838043
5.387030 195.466064
5.392835 195.421082
5.398640 104.208138
5.404444 196.515320
5.410249 196.925476
5.416054 0.000000
5.421859 0.000000
5.427664 97.564201
5.433469 97.502518
5.439274 100.043007
5.445079 203.972565
5.450884 204.003723
5.456689 203.985016
5.462494 154.552933
5.468299 154.845047
5.474104 154.538132
5.479909 154.237259
5.485714 129.828827
5.491519 0.000000
5.497324 123.374107
5.503129 789.320190
5.508934 106.530182
5.514739 106.431694
5.520544 104.674614
5.526349 104.722649
5.532154 156.269104
5.537959 156.295822
5.543764 156.299530
5.549569 156.189651
5.555374 156.038269
5.561179 156.049133
5.566984 156.154526
5.572789 156.043045
5.578594 155.888321
5.584399 155.930603
5.590204 156.106918
5.596009 156.149933
5.601814 155.923050
5.607619 155.527802
5.613424 155.145218
5.619229 155.031372
5.625034 155.120636
5.630839 155.195343
5.636644 155.110641
5.642449 155.054657
5.648254 155.134979
5.654059 155.201874
5.659864 155.240814
5.665669 155.340546
5.671474 155.447906
5.677279 155.457031
5.683084 155.427094
5.688889 155.408829
5.694694 155.346237
5.700499 155.284088
5.706304 155.350906
5.712109 155.489273
5.717914 155.586060
5.723719 155.601196
5.729524 155.650726
5.735329 155.713913
5.741134 155.778793
5.746939 106.063484
5.752744 106.018372
5.758549 128.442047
5.764354 128.389786
5.770159 272.113129
5.775964 272.122833
5.781769 128.010529
5.787574 125.239563
5.793379 128.501877
5.799184 128.756485
5.804989 132.643417
5.810794 132.773376
5.816598 132.857101
5.822403 132.941269
5.828208 133.006485
5.834013 140.109192
5.839818 136.903824
5.845623 137.008118
5.851429 133.082657
5.857234 126.669739
5.863039 126.654579
5.868844 126.750816
5.874649 123.712822
5.880454 123.758644
5.886259 137.262711
5.892064 137.098145
5.897869 136.963272
5.903674 126.270813
5.909479 126.464882
5.915284 126.729683
5.921088 126.824059
5.926893 131.002258
5.932698 131.464661
5.938503 131.424637
5.944308 130.757950
5.950113 130.514069
5.955918 127.310120
5.961723 127.334442
5.967528 116.958916
5.973333 116.978569
5.979138 131.029083
5.984943 131.193451
5.990748 126.988121
5.996553 126.851913
6.002358 130.989716
6.008163 131.070312
6.013968 130.986984
6.019773 130.395782
6.025578 117.059021
6.031383 127.520889
6.037188 127.454948
6.042993 116.990685
6.048798 117.032768
6.054603 116.973877
6.060408 116.569626
6.066213 116.486847
6.072018 116.487434
6.077823 116.465195
6.083628 103.095245
6.089433 115.735275
6.095238 115.706299
6.101043 84.819626
6.106848 86.783478
6.112653 59.061077
6.118458 59.060936
6.124263 173.013916
6.130068 57.643463
6.135873 88.596947
6.141678 88.554146
6.147483 88.445976
6.153288 89.206528
6.159093 89.953896
6.164898 87.424622
6.170703 87.187981
6.176508 87.527512
6.182313 89.448166
6.188118 88.871407
6.193923 87.686752
6.199728 87.464317
6.205533 87.459778
6.211338 87.551743
6.217143 175.431000
6.222948 175.412292
6.228753 175.346451
6.234558 175.246475
6.240363 175.227234
6.246168 87.848694
6.251973 87.866730
6.257778 87.331871
6.263583 87.157875
6.269388 175.365356
6.275193 87.152992
6.280998 87.080734
6.286803 87.192970
6.292608 87.670029
6.298413 87.807152
6.304218 175.119446
6.310023 174.622040
6.315828 174.392426
6.321633 87.761299
6.327438 87.514351
6.333242 343.529358
6.339047 342.721008
6.344852 87.300568
6.350657 87.163918
6.356462 356.787292
6.362267 335.806427
6.368073 336.166931
6.373878 945.233582
6.379683 1044.157349
6.385488 1033.815308
6.391293 518.781738
6.397098 529.194336
6.402903 209.041168
6.408708 208.866669
6.414513 208.788757
6.420318 131.839279
6.426123 128.305405
6.431927 178.944412
6.437732 167.978500
6.443537 5273.746582
6.449342 5298.971191
6.455147 5301.067383
6.460952 5273.174316
6.466757 5229.422852
6.472562 5190.964844
6.478367 5182.445801
6.484172 5227.838867
6.489977 5244.816406
6.495782 5179.462891
6.501587 5091.414062
6.507392 5064.792480
6.513197 139.473297
6.519002 0.000000
6.524807 0.000000
6.530612 309.996887
6.536417 92.384155
6.542222 148.684219
6.548027 149.197800
6.553832 132.080887
6.559637 172.870239
6.565442 171.819031
6.571247 127.348053
6.577052 127.278526
6.582857 170.896881
6.588662 171.248276
6.594467 171.248138
6.600272 171.315720
6.606077 171.743286
6.611882 173.327972
6.617687 155.356384
6.623492 154.862213
6.629297 154.810760
6.635102 155.372070
6.640907 157.845062
6.646712 157.624847
6.652517 140.235489
6.658322 140.577179
6.664127 140.612259
6.669932 0.000000
6.675737 0.000000
6.681542 0.000000
6.687347 209.217377
6.693152 210.065414
6.698957 210.665665
6.704762 182.823212
6.710567 182.351791
6.716372 155.919266
6.722177 156.156342
6.727982 156.578094
6.733787 156.734512
6.739592 156.888382
6.745397 172.665863
6.751202 313.191895
6.757007 312.867554
6.762812 312.766266
6.768617 312.586395
6.774422 310.669525
6.780227 157.909256
6.786032 157.834717
6.791837 157.330994
6.797642 156.932312
6.803447 318.073273
6.809252 317.247284
6.815057 156.012833
6.820862 155.577225
6.826667 155.937820
6.832472 155.978470
6.838277 203.871445
6.844081 155.560837
6.849886 155.241760
6.855691 539.591919
6.861496 534.352112
6.867301 534.486511
6.873106 209.879059
6.878911 209.196411
6.884717 208.123795
6.890522 155.021301
6.896327 155.502319
6.902132 155.655334
6.907937 312.217224
6.913742 311.989563
6.919547 312.068573
6.925352 312.325043
6.931157 312.459869
6.936962 155.483292
6.942767 155.394363
6.948571 155.297440
6.954376 155.256210
6.960181 155.294769
6.965986 155.277832
6.971791 311.937683
6.977596 312.785889
6.983401 313.923462
6.989206 311.988098
6.995011 105.241455
7.000816 103.995346
7.006621 114.318893
7.012426 117.782143
7.018231 127.892288
7.024036 128.900421
7.029841 131.256546
7.035646 131.140350
7.041451 131.031204
7.047256 131.110519
7.053061 131.232117
7.058866 131.240692
7.064671 131.136047
7.070476 131.015549
7.076281 130.973618
7.082086 131.011917
7.087891 131.097855
7.093696 131.157837
7.099501 131.133331
7.105306 262.263794
7.111111 130.909927
7.116916 130.784485
7.122721 130.674454
7.128526 130.648117
7.134331 130.699020
7.140136 130.760330
7.145941 130.830658
7.151746 130.990417
7.157551 131.499207
7.163356 130.241882
7.169161 130.232559
7.174966 263.104126
7.180771 263.092896
7.186576 263.553650
7.192381 264.112213
7.198186 87.894684
7.203991 263.402344
7.209796 263.074219
7.215601 263.134918
7.221406 263.446503
7.227211 263.737946
7.233016 264.130768
7.238821 264.536621
7.244626 264.568054
7.250431 263.968414
7.256236 263.313965
7.262041 263.068878
7.267846 263.339325
7.273651 263.491089
7.279456 263.250702
7.285261 264.764221
7.291066 277.727325
7.296871 277.527679
7.302676 275.663940
7.308481 69.946167
7.314286 0.000000
7.320091 146.607681
7.325896 149.988266
7.331701 153.652954
7.337506 1398.512939
7.343311 1402.259277
7.349116 69.338478
7.354921 66.338348
7.360725 67.477753
7.366530 138.828720
7.372335 138.769257
7.378140 138.658997
7.383945 138.422836
7.389750 141.492096
7.395555 137.593933
7.401361 138.539032
7.407166 139.132263
7.412971 139.101273
7.418776 138.862320
7.424581 69.486160
7.430386 69.429527
7.436191 69.375885
7.441996 69.539101
7.447801 69.744934
7.453606 145.350769
7.459411 145.397308
7.465215 71.002373
7.471020 69.333900
7.476825 68.962883
7.482630 171.453064
7.488435 173.874268
7.494240 174.948074
7.500045 175.665100
7.505850 69.621193
7.511655 69.420166
7.517460 92.638222
7.523265 277.636261
7.529070 277.489349
7.534875 277.371460
7.540680 277.273895
7.546485 277.075806
7.552290 86.964584
7.558095 86.931740
7.563900 86.906860
7.569705 276.847809
7.575510 277.074707
7.581315 276.918854
7.587120 276.056458
7.592925 275.443420
7.598730 275.926971
7.604535 276.715942
7.610340 69.617790
7.616145 0.000000
7.621950 144.302185
7.627755 144.335907
7.633560 144.745529
7.639365 115.771217
7.645170 508.489777
7.650975 510.491852
7.656780 515.918945
7.662585 173.918198
7.668390 87.004959
7.674195 87.028694
7.680000 87.060631
7.685805 141.054153
7.691610 140.990112
7.697415 140.769608
7.703220 154.033798
7.709025 153.834702
7.714830 69.683182
7.720635 69.502487
7.726440 69.313515
7.732245 70.656120
7.738050 70.740341
7.743855 69.723534
7.749660 132.336777
7.755465 142.284134
7.761270 142.952667
7.767075 142.400528
7.772880 88.207825
7.778685 88.354027
7.784490 85.917892
7.790295 85.729141
7.796100 85.392807
7.801905 89.185867
7.807710 140.050278
7.813515 86.683632
7.819320 86.748154
7.825125 70.243919
7.830930 70.070366
7.836735 69.981377
7.842540 69.981148
7.848345 70.969612
7.854150 70.378464
7.859955 70.344345
7.865760 69.302803
7.871564 69.327850
7.877369 138.212708
7.883174 69.471176
7.888979 69.505791
7.894784 70.218063
7.900589 70.434410
7.906394 173.988174
7.912199 174.212250
7.918005 67.191193
7.923810 0.000000
7.929615 0.000000
7.935420 183.640854
7.941225 184.002457
7.947030 184.525192
7.952835 195.613327
7.958640 172.347092
7.964445 172.345337
7.970250 172.737534
7.976054 261.350952
7.981859 261.131317
7.987664 104.010452
7.993469 104.153069
7.999274 156.847961
8.005079 315.171692
8.010884 315.287659
8.016689 314.835938
8.022494 312.782959
8.028299 306.782257
8.034104 152.650299
8.039909 152.908463
8.045714 156.913132
8.051519 155.574814
8.057324 155.463394
8.063129 155.389252
8.068934 155.392670
8.074739 155.619995
8.080544 155.793289
8.086349 314.896088
8.092155 155.243652
8.097960 155.298706
8.103765 155.256195
8.109570 155.169235
8.115375 155.299438
8.121180 155.465576
8.126985 310.892120
8.132789 310.950439
8.138594 310.879913
8.144399 310.615570
8.150204 310.218842
8.156009 309.929016
8.161814 309.860962
8.167619 309.824432
8.173424 309.892700
8.179229 310.325409
8.185034 310.807159
8.190839 310.685303
8.196644 310.386475
8.202449 310.481262
8.208254 310.524384
8.214059 310.116516
8.219864 309.866608
8.225669 310.718750
8.231474 312.288574
8.237279 312.428619
8.243084 310.815308
8.248889 308.319031
8.254694 5433.316406
8.260499 269.159119
8.266304 256.436401
8.272109 267.369141
8.277914 266.648529
8.283719 267.083893
8.289524 268.024841
8.295329 257.991882
8.301134 257.800476
8.306939 257.729828
8.312744 257.762573
8.318549 258.056244
8.324354 258.417664
8.330159 258.591949
8.335963 276.820038
8.341768 276.589722
8.347573 261.132080
8.353378 260.803680
8.359183 259.742889
8.364988 259.395599
8.370793 259.909637
8.376598 260.263458
8.382403 260.108337
8.388208 259.503143
8.394013 269.784149
8.399818 267.035065
8.405623 267.478729
8.411428 267.837677
8.417233 278.680756
8.423038 277.985168
8.428843 276.863220
8.434649 275.235748
8.440454 273.693451
8.446259 273.718292
8.452064 274.366394
8.457869 274.419098
8.463674 274.018005
8.469479 271.989960
8.475284 275.849213
8.481089 275.138092
8.486894 274.875092
8.492699 275.854492
8.498504 277.212036
8.504309 277.450653
8.510114 277.060638
8.515919 276.805420
8.521724 276.788177
8.527529 276.652588
8.533334 276.166595
8.539139 275.887451
8.544943 275.983154
8.550748 276.815247
8.556553 281.140564
8.562358 285.527039
8.568163 122.520615
8.573968 122.768822
8.579773 99.070473
8.585578 99.229424
8.591383 99.675392
8.597188 105.583557
8.602993 105.534378
8.608798 105.435356
8.614603 101.405426
8.620408 69.316200
8.626213 68.566948
8.632018 68.723358
8.637823 68.920250
8.643628 69.111107
8.649433 69.126663
8.655238 69.119209
8.661043 69.145874
8.666848 69.110909
8.672653 69.049530
8.678458 68.975433
8.684263 69.000183
8.690068 69.216682
8.695873 69.320366
8.701678 69.193542
8.707483 109.203880
8.713288 216.824402
8.719093 217.713837
8.724898 218.146194
8.730703 218.411331
8.736508 216.849136
8.742313 116.741051
8.748117 117.084000
8.753922 117.167755
8.759727 117.055267
8.765532 116.956169
8.771338 116.945518
8.777143 116.920013
8.782948 116.799736
8.788753 116.691086
8.794558 175.533066
8.800363 175.554031
8.806168 351.740814
8.811973 351.649170
8.817778 70.194229
8.823583 70.197823
8.829388 351.553955
8.835193 351.551178
8.840998 351.607758
8.846803 70.156685
8.852608 70.109711
8.858413 64.535255
8.864218 64.484924
8.870023 64.439293
8.875828 0.000000
8.881633 198.309448
8.887438 198.409500
8.893243 0.000000
8.899048 0.000000
8.904853 245.317322
8.910658 244.995682
8.916463 131.925491
8.922268 103.890907
8.928073 105.804184
8.933878 105.831520
8.939683 131.709381
8.945488 131.655731
8.951293 131.653000
8.957097 131.761200
8.962902 128.630203
8.968707 131.778931
8.974512 131.725372
8.980317 131.678787
8.986122 131.631790
8.991927 5124.750977
8.997732 5045.463379
9.003537 132.889008
9.009342 132.774933
9.015147 132.454269
9.020952 132.100571
9.026757 131.682236
9.032562 131.475067
9.038367 131.593246
9.044172 131.839310
9.049977 125.577011
9.055782 125.447937
9.061587 0.000000
9.067392 52.016102
9.073197 155.009354
9.079002 155.003143
9.084807 155.076614
9.090612 155.281357
9.096417 69.200356
9.102222 69.268837
9.108027 69.253639
9.113832 155.866531
9.119637 155.725739
9.125443 69.500710
9.131248 69.517303
9.137053 69.458328
9.142858 69.336647
9.148663 69.350121
9.154468 206.778641
9.160272 206.131348
9.166077 155.627213
9.171882 155.453979
9.177687 132.553421
9.183492 0.000000
9.189297 238.782394
9.195102 238.630447
9.200907 213.840149
9.206712 192.787079
9.212517 188.001099
9.218322 188.060135
9.224127 203.776550
9.229932 196.300201
9.235737 152.332230
9.241542 315.830109
9.247347 315.479767
9.253152 314.423157
9.258957 312.453857
9.264762 310.374603
9.270567 308.342255
9.276372 207.119049
9.282177 207.281799
9.287982 104.292061
9.293787 309.056183
9.299592 309.940735
9.305397 312.465454
9.311202 313.604309
9.317007 313.043701
9.322812 312.468109
9.328617 312.132538
9.334422 311.824554
9.340227 311.606445
9.346032 311.418610
9.351837 311.166351
9.357642 310.949646
9.363446 310.886200
9.369251 311.209045
9.375056 313.717041
9.380861 317.239594
9.386666 349.047455
9.392471 351.156067
9.398276 322.733978
9.404081 318.384094
9.409886 316.024261
9.415691 314.658203
9.421496 313.543365
9.427301 312.745544
9.433106 312.410645
9.438911 312.345917
9.444716 311.972778
9.450521 311.501434
9.456326 311.428833
9.462132 311.597565
9.467937 311.608124
9.473742 311.358521
9.479547 311.266083
9.485352 311.732269
9.491157 312.711273
9.496962 155.930710
9.502767 156.497482
9.508572 121.332809
9.514377 104.490570
9.520182 104.231049
9.525987 86.993713
9.531792 772.077271
9.537597 689.107422
9.543402 263.931488
9.549207 263.657562
9.555012 261.941223
9.560817 261.074280
9.566622 261.945618
9.572426 131.454758
9.578231 131.323944
9.584036 131.107254
9.589841 131.089188
9.595646 260.601501
9.601451 260.281464
9.607256 260.006531
9.613061 131.150589
9.618866 130.712311
9.624671 259.176666
9.630476 259.954895
9.636281 260.422638
9.642086 260.965729
9.647891 261.448547
9.653696 261.562897
9.659501 262.350586
9.665306 263.161194
9.671111 262.777557
9.676916 262.408539
9.682721 262.107269
9.688526 261.554993
9.694331 260.994141
9.700136 260.487030
9.705941 260.150238
9.711746 260.318939
9.717551 261.054962
9.723356 261.600861
9.729161 262.058411
9.734966 262.618927
9.740771 263.015015
9.746576 262.449402
9.752381 261.546570
9.758186 262.838409
9.763991 265.540771
9.769796 265.723328
9.775600 264.539093
9.781405 264.477112
9.787210 265.485931
9.793015 267.358398
9.798820 268.011658
9.804626 267.987518
9.810431 267.665802
9.816236 265.016937
9.822041 155.605484
9.827846 155.510239
9.833651 0.000000
9.839456 235.446945
9.845261 235.616226
9.851066 0.000000
9.856871 199.650986
9.862676 199.560760
9.868481 194.613098
9.874286 195.372528
9.880091 195.495743
9.885896 195.136597
9.891701 194.835602
9.897506 195.440887
9.903311 196.904343
9.909116 196.852371
9.914921 196.578186
9.920726 196.739944
9.926531 186.995239
9.932336 198.008362
9.938141 197.474487
9.943946 196.769272
9.949751 196.533920
9.955556 197.040573
9.961361 186.876083
9.967166 186.966370
9.972971 227.932358
9.978776 227.722443
9.984580 227.107269
9.990385 210.145416
9.996190 210.255966
10.001995 211.064941
10.007800 95.311790
10.013605 234.590805
10.019410 255.787231
10.025215 0.000000
10.031020 88.067795
10.036825 0.000000
10.042630 116.918701
10.048435 260.570740
10.054240 93.565315
10.060045 93.587639
10.065850 189.479019
10.071655 189.808975
10.077460 189.831085
10.083265 354.550385
10.089070 353.984528
10.094875 233.510666
10.100680 191.381134
10.106485 191.825241
10.112290 204.423523
10.118095 205.007248
10.123900 257.345673
10.129705 0.000000
10.135510 0.000000
10.141315 0.000000
10.147120 0.000000
10.152925 105.858521
10.158731 96.657700
10.164536 96.988190
10.170341 105.041702
10.176146 105.179672
10.181951 0.000000
10.187755 115.090141
10.193560 109.100449
10.199365 109.176254
10.205170 4057.943359
10.210975 4017.901123
10.216780 103.085640
10.222585 99.299576
10.228390 64.823700
10.234195 112.448021
10.240000 112.398056
10.245805 100.132126
10.251610 3521.984863
10.257415 3497.409912
10.263220 3523.420410
10.269025 3538.550781
10.274830 3541.767090
10.280635 3530.395508
10.286440 122.970306
10.292245 122.878922
10.298050 122.708618
10.303855 197.615723
10.309660 197.738113
10.315465 197.767700
10.321270 174.387497
10.327075 174.504791
10.332880 103.752045
10.338685 103.869308
10.344490 104.208954
10.350295 118.145363
10.356100 197.317520
10.361905 197.143280
10.367710 3544.874268
10.373515 65.715782
10.379320 99.377678
10.385125 110.524094
10.390930 110.358047
10.396734 110.154427
10.402539 109.934303
10.408344 103.629395
10.414149 154.182053
10.419954 154.219742
10.425759 114.294769
10.431564 114.329758
10.437369 118.289490
10.443174 131.586700
10.448979 136.488708
10.454784 202.214691
10.460589 202.963242
10.466394 203.314758
10.472199 203.461792
10.478004 203.505264
10.483809 203.877304
10.489614 204.209274
10.495420 155.326706
10.501225 155.791443
10.507030 156.103897
10.512835 156.041580
10.518640 155.862335
10.524445 155.764923
10.530250 155.845642
10.536055 123.826889
10.541860 124.953072
10.547665 125.573097
10.553470 125.690422
10.559275 124.541000
10.565080 124.389275
10.570885 124.447159
10.576690 124.488922
10.582495 155.705093
10.588300 155.699295
10.594105 155.851517
10.599909 156.071136
10.605714 156.165710
10.611519 156.207016
10.617324 156.120667
10.623129 155.927658
10.628934 156.056091
10.634739 156.321350
10.640544 156.265121
10.646349 156.103546
10.652154 156.251862
10.657959 156.467224
10.663764 156.310440
10.669569 155.939529
10.675374 155.868896
10.681179 155.844559
10.686984 155.578583
10.692789 155.309860
10.698594 155.226715
10.704399 155.225876
10.710204 155.280228
10.716009 155.327118
10.721814 155.337646
10.727619 155.344009
10.733424 155.246292
10.739229 154.825058
10.745034 154.586624
10.750839 311.808624
10.756644 282.791412
10.762449 260.952942
10.768254 208.923645
10.774059 206.894287
10.779864 205.913773
10.785669 187.635956
10.791474 187.854446
10.797279 188.697128
10.803084 188.957886
10.808888 174.425842
10.814693 174.347610
10.820498 258.955231
10.826303 131.869598
10.832108 131.866699
10.837914 65.150925
10.843719 136.429825
10.849524 132.224136
10.855329 132.357330
10.861134 132.586960
10.866939 132.774231
10.872744 129.853760
10.878549 129.996765
10.884354 133.182724
10.890159 133.061768
10.895964 132.884933
10.901769 126.953995
10.907574 117.946457
10.913379 117.917732
10.919184 112.505516
10.924989 110.001259
10.930794 229.983093
10.936599 190.422638
10.942404 202.549271
10.948209 203.390366
10.954014 232.410370
10.959819 265.012909
10.965624 263.778229
10.971429 131.720154
10.977234 131.328659
10.983039 130.888123
10.988844 130.960693
10.994649 131.447250
11.000454 132.151382
11.006259 132.294617
11.012063 131.870224
11.017868 131.052750
11.023673 130.635651
11.029478 131.160828
11.035283 116.739250
11.041088 116.625999
11.046893 116.681007
11.052698 126.102631
11.058503 130.610046
11.064308 131.022186
11.070113 116.799911
11.075918 116.819122
11.081723 116.798607
11.087528 116.817200
11.093333 116.860741
11.099138 101.268608
11.104943 97.217888
11.110748 86.592690
11.116553 86.112648
11.122358 85.099197
11.128163 88.594101
11.133968 89.045799
11.139773 89.056931
11.145578 89.076538
11.151383 87.781456
11.157188 86.708511
11.162993 86.852341
11.168798 87.274612
11.174603 87.381584
11.180408 87.423439
11.186213 86.800705
11.192019 86.739029
11.197824 87.511475
11.203629 87.472244
11.209434 87.433731
11.215239 174.310028
11.221043 173.497375
11.226848 173.603394
11.232653 174.631256
11.238458 175.272995
11.244263 175.745712
11.250068 175.884232
11.255873 175.776886
11.261678 175.689377
11.267483 175.740219
11.273288 175.917358
11.279093 87.779030
11.284898 87.816063
11.290703 176.108627
11.296508 176.032104
11.302313 175.994324
11.308118 352.227600
11.313923 351.996002
11.319728 351.917572
11.325533 352.148834
11.331338 352.390686
11.337143 352.381439
11.342948 352.140930
11.348753 351.902679
11.354558 117.043930
11.360363 117.024216
11.366168 351.757507
11.371973 352.080902
11.377778 352.130310
11.383583 70.000900
11.389388 1097.083130
11.395193 475.823700
11.400998 477.969635
11.406803 995.983093
11.412608 1005.174500
11.418413 888.652832
11.424217 880.873413
11.430022 880.188171
11.435827 880.473328
11.441632 881.101074
11.447437 88.156830
11.453242 88.107994
11.459047 173.406021
11.464852 173.359238
11.470657 173.384827
11.476462 173.873032
11.482267 175.544617
11.488072 175.764084
11.493877 175.598709
11.499682 175.100006
11.505487 174.697937
11.511292 174.512878
11.517097 174.532227
11.522902 174.693481
11.528708 174.799561
11.534513 174.752243
11.540318 174.404251
11.546123 164.113678
11.551928 164.413116
11.557733 166.298676
11.563538 168.084534
11.569343 263.693909
11.575148 1090.727661
11.580953 1101.490234
11.586758 131.545990
11.592563 173.430389
11.598368 172.959595
11.604173 173.416199
11.609978 174.360550
11.615783 174.388718
11.621588 173.989334
11.627392 173.712967
11.633197 177.274780
11.639002 177.670486
11.644807 171.628220
11.650612 171.659866
11.656417 171.687561
11.662222 171.802750
11.668027 1640.284180
11.673832 161.209457
11.679637 161.459045
11.685442 161.342499
11.691247 128.470657
11.697052 0.000000
11.702857 176.014801
11.708662 176.087372
11.714467 176.434082
11.720272 177.070633
11.726077 309.045410
11.731882 1548.584106
11.737687 262.291443
11.743492 1559.200439
11.749297 131.311172
11.755102 131.308075
11.760907 156.652863
11.766712 157.003616
11.772517 160.224136
11.778322 160.703766
11.784127 160.455109
11.789932 158.467575
11.795737 157.521301
11.801542 157.205139
11.807347 157.276306
11.813152 157.625656
11.818957 157.635757
11.824762 156.984406
11.830567 156.635208
11.836371 156.769684
11.842176 156.902649
11.847981 156.834412
11.853786 313.871826
11.859591 155.230392
11.865396 240.753159
11.871202 228.542526
11.877007 155.454102
11.882812 104.091011
11.888617 104.060837
11.894422 131.141022
11.900227 554.942200
11.906032 548.086365
11.911837 545.071411
11.917642 540.326965
11.923447 154.476776
11.929252 155.366180
11.935057 312.377228
11.940862 312.360260
11.946667 312.437164
11.952472 312.790466
11.958277 313.244995
11.964082 313.176849
11.969887 312.705200
11.975692 312.500854
11.981497 312.810272
11.987302 313.129456
11.993107 313.413910
11.998912 327.679596
12.004717 314.832489
12.010522 314.545105
12.016327 308.704254
12.022132 159.641647
12.027937 166.429260
12.033742 166.703476
12.039546 83.672768
12.045351 131.568649
12.051156 131.020508
12.056961 130.378983
12.062766 130.022644
12.068571 129.720108
12.074376 129.417297
12.080181 258.262207
12.085986 258.048828
12.091791 128.502670
12.097596 257.497467
12.103401 258.047089
12.109206 259.280823
12.115011 259.493713
12.120816 258.179382
12.126621 256.873444
12.132426 256.602448
12.138231 128.441986
12.144036 128.462051
12.149841 128.322266
12.155646 128.188629
12.161451 128.029404
12.167256 127.795929
12.173061 127.634941
12.178866 127.606712
12.184671 128.790878
12.190476 124.484604
12.196281 124.605682
12.202086 245.040405
12.207891 246.001862
12.213696 246.601440
12.219501 247.433792
12.225307 255.698685
12.231112 255.566254
12.236917 256.127686
12.242722 257.011169
12.248526 258.016144
12.254331 258.828217
12.260136 259.203552
12.265941 259.300323
12.271746 259.693756
12.277551 260.301239
12.283356 260.158569
12.289161 260.013702
12.294966 261.109467
12.300771 262.801117
12.306576 263.349548
12.312381 263.528564
12.318186 263.651337
12.323991 262.787720
12.329796 260.229828
12.335601 257.767792
12.341406 256.176819
12.347211 255.659500
12.353016 257.069122
12.358821 128.753448
12.364626 129.112411
12.370431 258.592102
12.376236 258.321259
12.382041 257.710236
12.387846 257.122833
12.393651 257.187103
12.399456 257.804291
12.405261 258.588043
12.411066 259.334534
12.416871 259.928650
12.422676 260.452209
12.428481 260.911102
12.434286 261.078918
12.440091 260.854156
12.445896 260.497040
12.451700 260.308838
12.457505 260.389893
12.463310 260.486572
12.469115 260.468201
12.474920 260.275970
12.480725 259.839142
12.486530 259.429596
12.492335 259.473846
12.498140 259.901581
12.503945 260.595520
12.509750 261.519257
12.515555 262.198975
12.521360 262.210571
12.527165 262.008789
12.532970 261.907990
12.538775 261.940399
12.544580 262.210510
12.550385 262.691193
12.556190 263.052826
12.561996 263.010040
12.567801 262.342560
12.573606 261.125763
12.579411 259.249054
12.585216 257.587646
12.591021 256.740173
12.596826 256.666870
12.602631 256.606934
12.608436 256.226288
12.614241 256.556244
12.620046 257.257477
12.625851 258.000336
12.631656 4615.046875
12.637461 4680.795898
12.643266 4716.697754
12.649071 4698.789551
12.654876 4624.887695
12.660680 0.000000
12.666485 264.173126
12.672290 263.261719
12.678095 262.906860
12.683900 263.121826
12.689705 121.089066
12.695510 121.227959
12.701315 121.052742
12.707120 241.309982
12.712925 239.439819
12.718730 238.071167
12.724535 237.501770
12.730340 237.170441
12.736145 236.533737
12.741950 235.536789
12.747755 234.877045
12.753560 234.866333
12.759365 234.699509
12.765170 234.294479
12.770975 117.031227
12.776780 234.799362
12.782585 235.582993
12.788390 236.452438
12.794195 237.671951
12.800000 240.378662
12.805805 243.225281
12.811610 245.984695
12.817415 252.999374
12.823220 257.839111
12.829025 259.817413
12.834830 261.594635
12.840635 262.535370
12.846440 262.706879
12.852245 262.141541
12.858050 260.954346
12.863854 259.551910
12.869659 258.601227
12.875464 258.206360
12.881269 257.846649
12.887074 257.120667
12.892879 255.800446
12.898685 254.076172
12.904490 252.654984
12.910295 251.680862
12.916100 250.895859
12.921905 250.427170
12.927710 250.623322
12.933515 251.804947
12.939320 253.382477
12.945125 254.434753
12.950930 254.960342
12.956735 254.493439
12.962540 794.254761
12.968345 317.024200
12.974150 317.262115
12.979955 356.045013
12.985760 266.750275
12.991565 262.123138
12.997370 260.334808
13.003175 127.813866
13.008980 127.979256
13.014785 127.883385
13.020590 127.190102
13.026395 126.933243
13.032200 258.780884
13.038005 311.903229
13.043810 312.832550
13.049615 312.957306
13.055420 312.713196
13.061225 127.644302
13.067030 127.412361
13.072834 125.092369
13.078639 125.131256
13.084444 125.146881
13.090249 247.841507
13.096054 248.586655
13.101859 245.530273
13.107664 242.491074
13.113469 242.028137
13.119274 79.383400
13.125079 79.165489
13.130884 79.074951
13.136689 241.658707
13.142494 241.609055
13.148299 242.431976
13.154104 243.775620
13.159909 155.577881
13.165714 155.529633
13.171519 155.425476
13.177324 265.438507
13.183129 77.774704
13.188934 307.252655
13.194739 308.962677
13.200544 310.293274
13.206349 155.080582
13.212154 309.681274
13.217959 309.664062
13.223764 154.981277
13.229569 154.917343
13.235374 154.690979
13.241179 312.009674
13.246984 313.171997
13.252789 103.619011
13.258595 103.504868
13.264400 262.989777
13.270205 264.673309
13.276009 266.104309
13.281814 266.818420
13.287619 266.369110
13.293424 264.570282
13.299229 262.256592
13.305034 260.847839
13.310839 259.934509
13.316644 259.177551
13.322449 258.381409
13.328254 257.856873
13.334059 257.452789
13.339864 256.947327
13.345669 256.342285
13.351474 255.788025
13.357279 255.635437
13.363084 255.967911
13.368889 256.489075
13.374694 257.246887
13.380499 258.209259
13.386304 259.205048
13.392109 260.299988
13.397914 261.584564
13.403719 262.887482
13.409524 263.809570
13.415329 264.553436
13.421134 265.247162
13.426939 265.572693
13.432744 265.424286
13.438549 264.809326
13.444354 263.734924
13.450159 262.554047
13.455964 261.622864
13.461769 260.977692
13.467574 260.516022
13.473379 259.893585
13.479183 258.938416
13.484988 257.915833
13.490793 257.137482
13.496598 256.993256
13.502403 257.628387
13.508208 258.725677
13.514013 260.065094
13.519818 261.442230
13.525623 262.518585
13.531428 263.353485
13.537233 264.050659
13.543038 264.367584
13.548843 264.425812
13.554648 264.586121
13.560453 264.731140
13.566258 264.455261
13.572063 263.819672
13.577868 263.138214
13.583673 262.593018
13.589478 262.262573
13.595284 261.791046
13.601089 86.462509
13.606894 86.316551
13.612699 86.195183
13.618504 129.272034
13.624309 258.104187
13.630114 258.556519
13.635919 259.531067
13.641724 260.369202
13.647529 260.687653
13.653334 260.842010
13.659139 261.109467
13.664944 261.448547
13.670749 261.727600
13.676554 261.933105
13.682359 262.101959
13.688163 262.259491
13.693968 262.305847
13.699773 262.094971
13.705578 261.711151
13.711383 261.453430
13.717188 261.424072
13.722993 261.502136
13.728798 261.487823
13.734603 261.187714
13.740408 260.699982
13.746213 260.368713
13.752018 260.180542
13.757823 259.940399
13.763628 259.593597
13.769433 259.446899
13.775238 259.886566
13.781043 260.662354
13.786848 261.103973
13.792653 261.254425
13.798458 261.394287
13.804263 261.425659
13.810068 261.198364
13.815873 260.829132
13.821678 260.541626
13.827483 260.267578
13.833288 259.854095
13.839093 259.371429
13.844898 259.165710
13.850703 259.374878
13.856508 259.772552
13.862313 259.986328
13.868118 259.621307
13.873923 258.533905
13.879728 257.201569
13.885533 255.877274
13.891337 254.743027
13.897142 254.155792
13.902947 253.783859
13.908752 253.136581
13.914557 252.442627
13.920362 252.278000
13.926167 252.414032
13.931973 252.425720
13.937778 251.888672
13.943583 250.350739
13.949388 247.806503
13.955193 246.489990
13.960998 246.323471
13.966803 246.318237
13.972608 246.105240
13.978413 245.686874
13.984218 245.220291
13.990023 244.718216
13.995828 243.839783
14.001633 120.352608
14.007438 120.121384
14.013243 119.915337
14.019048 119.668213
14.024853 119.274986
14.030658 118.119713
14.036463 117.889122
14.042268 117.626968
14.048073 117.299500
14.053878 233.457092
14.059683 232.647354
14.065488 231.990738
14.071293 115.968513
14.077098 115.811646
14.082903 115.592751
14.088708 231.244553
14.094513 230.924820
14.100317 230.065247
14.106122 227.760147
14.111927 224.943298
14.117732 223.742950
14.123537 223.410858
14.129342 143.327866
14.135147 142.794250
14.140952 141.479691
14.146757 140.016525
14.152562 139.043198
14.158367 137.593887
14.164172 133.428864
14.169977 136.966553
14.175782 136.979446
14.181587 131.255112
14.187392 69.215508
14.193197 131.772263
14.199002 137.071915
14.204807 137.132446
14.210612 137.134521
14.216417 142.763840
14.222222 125.072342
14.228027 125.275688
14.233832 795.188416
14.239637 0.000000
14.245442 0.000000
14.251247 130.909760
14.257052 154.539139
14.262857 156.561218
14.268662 157.028854
14.274467 197.962708
14.280272 195.785263
14.286077 194.527863
14.291883 194.203293
14.297688 156.073929
14.303492 156.142685
14.309297 141.186142
14.315102 315.535034
14.320907 314.611176
14.326712 313.317963
14.332517 156.003204
14.338322 155.868362
14.344127 155.888550
14.349932 155.921844
14.355737 300.550964
14.361542 296.927643
14.367347 296.382843
14.373152 155.827133
14.378957 155.956589
14.384762 314.797058
14.390567 316.590118
14.396372 153.731903
14.402177 308.457886
14.407982 307.548187
14.413787 307.172363
14.419592 307.303131
14.425397 307.980988
14.431202 307.948669
14.437007 308.003876
14.442812 309.330963
14.448617 310.710602
14.454422 311.148560
14.460227 311.180115
14.466032 311.049805
14.471837 309.707672
14.477642 294.266052
14.483447 271.237274
14.489252 268.699677
14.495057 103.465790
14.500862 103.491058
14.506667 153.413254
14.512471 153.765884
14.518276 153.972656
14.524081 501.455353
14.529886 502.959229
14.535691 504.030182
14.541496 108.657845
14.547301 2350.487549
14.553106 2381.108643
14.558911 123.747284
14.564716 516.805908
14.570521 516.843872
14.576326 516.903259
14.582131 517.051697
14.587936 516.373474
14.593741 513.924744
14.599546 510.164795
14.605351 507.830780
14.611156 281.847015
14.616961 276.773590
14.622766 274.828003
14.628572 633.185852
14.634377 634.137390
14.640182 200.562729
14.645987 202.193146
14.651792 203.459320
14.657597 204.625626
14.663402 205.336121
14.669207 205.617096
14.675012 205.790771
14.680817 206.566376
14.686622 207.915100
14.692427 208.956177
14.698232 262.270691
14.704037 262.879730
14.709842 263.802490
14.715646 87.032715
14.721451 87.055344
14.727256 270.203552
14.733061 270.252411
14.738866 269.851013
14.744671 268.775665
14.750476 269.267731
14.756281 128.249161
14.762086 128.314484
14.767891 128.374466
14.773696 266.137970
14.779501 266.917389
14.785306 267.620056
14.791111 268.136719
14.796916 268.326569
14.802721 86.426941
14.808526 269.867279
14.814331 2821.157715
14.820136 2829.982910
14.825941 266.003784
14.831746 130.032471
14.837551 8608.455078
14.843356 4224.124512
14.849161 4208.834961
14.854966 4200.952637
14.860771 4216.218750
14.866576 4220.895996
14.872381 242.595627
14.878186 253.800354
14.883991 128.979782
14.889796 0.000000
14.895601 177.705139
14.901406 178.058273
14.907211 186.565491
14.913016 185.358154
14.918821 183.141876
14.924625 183.525665
14.930430 183.361694
14.936235 182.714172
14.942040 181.350296
14.947845 178.992935
14.953650 176.489685
14.959455 175.319885
14.965261 174.806808
14.971066 174.549225
14.976871 174.350433
14.982676 174.204742
14.988481 174.174316
14.994286 174.417908
15.000091 174.805603
15.005896 174.977188
15.011701 174.864624
15.017506 181.325897
15.023311 182.802765
15.029116 184.006363
15.034921 186.690170
15.040726 189.285751
15.046531 190.084534
15.052336 190.482590
15.058141 191.135666
15.063946 192.793640
15.069751 194.385712
15.075556 195.211166
15.081361 195.637070
15.087166 195.940964
15.092971 196.238663
15.098776 196.197510
15.104581 195.715195
15.110386 195.361984
15.116191 195.365829
15.121996 195.273163
15.127800 194.799088
15.133605 194.301544
15.139410 194.309799
15.145215 194.620346
15.151020 194.858429
15.156825 195.052582
15.162630 195.335983
15.168435 195.907486
15.174240 196.743774
15.180045 197.334763
15.185850 197.489090
15.191655 196.944351
15.197460 196.276596
15.203265 98.599594
15.209070 98.628769
15.214875 197.826187
15.220680 197.783234
15.226485 198.390930
15.232290 198.678848
15.238095 198.512390
15.243900 197.638916
15.249705 195.316940
15.255510 194.902878
15.261315 98.192314
15.267120 191.608093
15.272925 192.244553
15.278730 193.405182
15.284535 197.222336
15.290340 197.605759
15.296145 198.125031
15.301950 198.586456
15.307755 198.870010
15.313560 199.448059
15.319366 199.687744
15.325171 198.973038
15.330976 197.712204
15.336780 197.250916
15.342585 196.898224
15.348390 196.516479
15.354195 196.703979
15.360000 197.406784
15.365805 197.990982
15.371610 198.200043
15.377415 198.409607
15.383220 99.168007
15.389025 99.067146
15.394830 197.908752
15.400635 197.459473
15.406440 197.408920
15.412245 197.373352
15.418050 197.079895
15.423855 196.495316
15.429660 196.266602
15.435465 196.410324
15.441270 196.531662
15.447075 196.456528
15.452880 195.655350
15.458685 195.014252
15.464490 195.220795
15.470295 195.661453
15.476100 196.088959
15.481905 196.344223
15.487710 196.466248
15.493515 196.302292
15.499320 195.741837
15.505125 389.166626
15.510930 389.120972
15.516735 388.712952
15.522540 98.812599
15.528345 196.688721
15.534150 196.917221
15.539954 198.549576
15.545759 198.494705
15.551564 197.664307
15.557369 195.524033
15.563174 194.585495
15.568979 194.565643
15.574784 195.937302
15.580589 197.955948
15.586394 197.864883
15.592199 198.068298
15.598004 198.575363
15.603809 199.372559
15.609614 199.770432
15.615419 199.848602
15.621224 199.803574
15.627029 199.786362
15.632834 199.850845
15.638639 199.716293
15.644444 199.317902
15.650249 198.855835
15.656054 198.028488
15.661860 103.002068
15.667665 205.477722
15.673470 207.451126
15.679275 208.961304
15.685080 351.780945
15.690885 104.262924
15.696690 103.731148
15.702495 103.440155
15.708300 100.057838
15.714105 103.428932
15.719910 103.402344
15.725715 103.146080
15.731520 102.724258
15.737325 102.536598
15.743129 100.170532
15.748934 100.148964
15.754739 100.218430
15.760544 100.242012
15.766349 100.331108
15.772154 102.228943
15.777959 102.589287
15.783764 102.558250
15.789569 102.340141
15.795374 102.244308
15.801179 102.204742
15.806984 102.071709
15.812789 101.616165
15.818594 101.329880
15.824399 103.773628
15.830204 103.816193
15.836009 103.800873
15.841814 103.716927
15.847619 207.222580
15.853424 105.748863
15.859229 105.777611
15.865034 103.827751
15.870839 210.170013
15.876644 210.004166
15.882449 209.775330
15.888254 209.734985
15.894059 209.802383
15.899864 209.537643
15.905669 208.229889
15.911474 207.290741
15.917279 203.583099
15.923084 202.750488
15.928889 202.405304
15.934694 202.292831
15.940499 202.417389
15.946304 202.800095
15.952108 203.213959
15.957913 203.335526
15.963718 203.652191
15.969523 207.966400
15.975328 207.780731
15.981133 207.897690
15.986938 208.041489
15.992743 207.882538
15.998549 207.748016
16.004354 208.160721
16.010159 209.205261
16.015965 209.505402
16.021769 209.091141
16.027575 208.619888
16.033379 69.425774
16.039185 69.420380
16.044989 206.807571
16.050795 206.000549
16.056599 205.714966
16.062403 205.614929
16.068209 205.308929
16.074013 205.168076
16.079819 205.694580
16.085623 206.262589
16.091429 206.703629
16.097233 207.343872
16.103039 208.258194
16.108843 209.149765
16.114649 209.773117
16.120453 210.399139
16.126259 211.167526
16.132063 105.524063
16.137869 105.724953
16.143673 105.804245
16.149479 105.657700
16.155283 104.794189
16.161089 104.630142
16.166893 103.635796
16.172699 103.327408
16.178503 103.323616
16.184309 205.200256
16.190113 204.768463
16.195919 205.237625
16.201723 205.666870
16.207529 205.684402
16.213333 205.548187
16.219139 205.577789
16.224943 205.878448
16.230749 206.316208
16.236553 206.759491
16.242359 207.197327
16.248163 207.629959
16.253969 208.029861
16.259773 208.307098
16.265577 208.417023
16.271383 208.460876
16.277187 208.641632
16.282993 208.963211
16.288797 209.220154
16.294603 209.279770
16.300407 208.988037
16.306213 208.453049
16.312017 207.789566
16.317823 207.446472
16.323627 207.691345
16.329433 208.060257
16.335238 207.958145
16.341043 207.422577
16.346848 207.030396
16.352654 206.902557
16.358458 207.093964
16.364264 207.354599
16.370068 207.516815
16.375874 207.589523
16.381678 207.467987
16.387484 207.245926
16.393288 207.494781
16.399094 208.166977
16.404898 208.583374
16.410704 208.303635
16.416508 206.287521
16.422314 206.638214
16.428118 206.861710
16.433924 207.032272
16.439728 207.767517
16.445534 209.339920
16.451338 210.334641
16.457144 210.181229
16.462948 105.040306
16.468752 104.368462
16.474558 103.917763
16.480362 103.887283
16.486168 103.891296
16.491972 103.760048
16.497778 2718.730713
16.503582 2719.899170
16.509388 2666.521484
16.515192 2626.708252
16.520998 2598.485596
16.526802 2560.526855
16.532608 2540.320557
16.538412 2571.218506
16.544218 2595.414307
16.550022 2576.139893
16.555828 2547.237061
16.561632 2506.596191
16.567438 2423.690430
16.573242 666.765320
16.579048 664.872742
16.584852 661.005859
16.590658 2487.946777
16.596462 2540.008789
16.602268 887.247375
16.608072 151.885666
16.613878 151.791031
16.619682 127.047943
16.625488 127.149422
16.631292 127.436935
16.637098 127.711319
16.642902 127.810722
16.648708 172.318237
16.654512 171.400452
16.660318 172.285095
16.666122 173.582260
16.671926 173.561279
16.677732 169.753860
16.683537 169.584000
16.689342 173.853043
16.695147 174.232529
16.700953 173.885910
16.706757 163.855072
16.712563 164.191223
16.718367 168.672363
16.724173 169.125610
16.729977 169.598022
16.735783 169.526077
16.741587 169.226364
16.747393 169.073654
16.753197 0.000000
16.759003 0.000000
16.764807 0.000000
16.770613 0.000000
16.776417 0.000000
16.782223 0.000000
16.788027 1064.472168
16.793833 1070.979980
16.799637 527.605835
16.805443 130.703506
16.811247 130.845413
16.817053 156.942352
16.822857 157.277145
16.828663 157.186325
16.834467 157.038467
16.840273 157.221588
16.846077 157.882187
16.851883 157.706070
16.857687 156.720123
16.863493 157.114227
16.869297 157.809845
16.875101 158.127762
16.880907 311.510040
16.886711 313.191498
16.892517 314.669556
16.898321 315.299652
16.904127 315.414032
16.909931 949.428833
16.915737 474.453552
16.921541 481.527130
16.927347 153.915207
16.933151 154.603546
16.938957 155.649536
16.944761 156.171463
16.950567 314.035370
16.956371 315.071106
16.962177 156.268616
16.967981 155.872192
16.973787 155.751648
16.979591 324.817688
16.985397 324.176392
16.991201 323.010010
16.997007 322.427795
