0.000000 0.000000
0.005333 0.000000
0.010667 436.413818
0.016000 131.025208
0.021333 131.084076
0.026667 131.038559
0.032000 130.920181
0.037333 130.845001
0.042667 130.991837
0.048000 131.226181
0.053333 196.733948
0.058667 198.537933
0.064000 198.500610
0.069333 200.156342
0.074667 200.469208
0.080000 130.878769
0.085333 131.099823
0.090667 131.062393
0.096000 130.193161
0.101333 131.019501
0.106667 0.000000
0.112000 0.000000
0.117333 0.000000
0.122667 0.000000
0.128000 0.000000
0.133333 95.227051
0.138667 92.301201
0.144000 684.221313
0.149333 673.368164
0.154667 663.301025
0.160000 659.114014
0.165333 73.710594
0.170667 73.331619
0.176000 294.261780
0.181333 293.421936
0.186667 292.604156
0.192000 292.018005
0.197333 292.321289
0.202667 552.371460
0.208000 557.244812
0.213333 559.476624
0.218667 559.718750
0.224000 306.325104
0.229333 75.576149
0.234667 548.859192
0.240000 324.855682
0.245333 326.987762
0.250667 328.950134
0.256000 330.971710
0.261333 333.224640
0.266667 335.182495
0.272000 335.945618
0.277333 335.757904
0.282667 334.897491
0.288000 333.207306
0.293333 330.026672
0.298667 328.721558
0.304000 328.990021
0.309333 329.784698
0.314667 329.463989
0.320000 329.064362
0.325333 330.030884
0.330667 330.303864
0.336000 330.257935
0.341333 109.936806
0.346667 110.124115
0.352000 110.291138
0.357333 110.255127
0.362667 110.146690
0.368000 110.022713
0.373333 109.808754
0.378667 109.562744
0.384000 109.495605
0.389333 109.661575
0.394667 109.736420
0.400000 109.778877
0.405333 109.887894
0.410667 110.078339
0.416000 110.174637
0.421333 9222.027344
0.426667 9366.230469
0.432000 9629.427734
0.437333 109.225288
0.442667 109.231743
0.448000 110.234451
0.453333 110.227356
0.458667 329.910889
0.464000 329.445862
0.469333 328.074951
0.474667 164.665451
0.480000 164.802216
0.485333 164.937378
0.490667 326.497284
0.496000 326.154358
0.501333 326.161377
0.506667 326.744415
0.512000 164.679489
0.517333 164.737961
0.522667 165.259216
0.528000 165.813629
0.533333 166.004456
0.538667 166.063614
0.544000 324.636871
0.549333 324.661682
0.554667 330.841248
0.560000 277.696716
0.565333 277.877045
0.570667 258.983246
0.576000 259.010071
0.581333 264.590881
0.586667 263.365204
0.592000 262.965881
0.597333 262.410095
0.602667 261.595184
0.608000 260.159454
0.613333 259.055328
0.618667 257.557343
0.624000 255.151657
0.629333 253.563477
0.634667 253.064850
0.640000 253.008987
0.645333 253.413925
0.650667 254.812271
0.656000 256.065857
0.661333 256.627441
0.666667 257.074829
0.672000 260.218170
0.677333 261.645050
0.682667 262.546234
0.688000 263.273560
0.693333 263.340668
0.698667 262.982971
0.704000 262.568970
0.709333 262.746063
0.714667 257.377289
0.720000 257.167877
0.725333 256.857483
0.730667 82.512901
0.736000 82.452866
0.741333 298.042694
0.746667 82.067680
0.752000 315.066040
0.757333 82.963821
0.762667 257.805359
0.768000 266.424622
0.773333 266.498291
0.778667 265.524719
0.784000 265.107361
0.789333 264.988708
0.794667 264.903809
0.800000 264.933319
0.805333 264.993683
0.810667 264.876709
0.816000 264.292755
0.821333 263.588318
0.826667 263.257385
0.832000 263.222870
0.837333 263.348389
0.842667 263.426849
0.848000 263.338043
0.853333 263.117371
0.858667 262.765472
0.864000 262.387848
0.869333 262.068542
0.874667 261.676178
0.880000 261.112122
0.885333 260.805847
0.890667 299.095093
0.896000 290.616882
0.901333 290.344696
0.906667 289.324677
0.912000 287.532379
0.917333 287.241180
0.922667 287.930389
0.928000 289.617676
0.933333 292.536072
0.938667 293.003998
0.944000 293.031769
0.949333 292.737823
0.954667 292.087891
0.960000 292.874573
0.965333 265.799225
0.970667 304.089935
0.976000 303.828308
0.981333 1979.595947
0.986667 1967.200684
0.992000 355.023010
0.997333 287.039703
1.002667 286.664429
1.008000 287.472076
1.013333 281.483246
1.018667 0.000000
1.024000 697.178345
1.029333 142.589096
1.034667 258.434540
1.040000 258.502136
1.045333 258.653229
1.050667 259.032623
1.056000 259.429749
1.061333 259.332184
1.066667 256.754120
1.072000 256.655396
1.077333 256.690979
1.082667 256.346924
1.088000 256.030426
1.093333 255.602646
1.098667 254.936813
1.104000 254.672073
1.109333 254.621964
1.114667 254.636734
1.120000 248.798981
1.125333 164.453705
1.130667 321.047089
1.136000 109.759354
1.141333 109.808304
1.146667 109.854507
1.152000 324.790436
1.157333 324.713867
1.162667 325.717438
1.168000 326.710602
1.173333 327.049072
1.178667 328.109802
1.184000 329.516113
1.189333 7277.242188
1.194667 7287.444824
1.200000 292.783539
1.205333 293.182098
1.210667 287.407806
1.216000 278.823181
1.221333 273.246368
1.226667 273.101074
1.232000 273.818420
1.237333 274.180298
1.242667 273.353149
1.248000 270.797546
1.253333 268.479309
1.258667 267.174438
1.264000 265.983276
1.269333 264.842957
1.274667 263.567505
1.280000 262.331848
1.285333 261.277313
1.290667 260.323120
1.296000 259.652374
1.301333 259.334778
1.306667 259.306702
1.312000 259.566864
1.317333 260.008820
1.322667 260.546448
1.328000 261.237061
1.333333 262.147858
1.338667 262.925293
1.344000 263.533661
1.349333 263.857239
1.354667 263.853027
1.360000 263.556396
1.365333 263.133209
1.370667 277.495575
1.376000 279.534760
1.381333 296.002167
1.386667 291.234528
1.392000 290.432251
1.397333 294.330109
1.402667 294.495605
1.408000 294.784790
1.413333 331.878235
1.418667 331.560120
1.424000 198.569916
1.429333 198.557663
1.434667 198.742523
1.440000 99.424423
1.445333 99.349472
1.450667 99.140877
1.456000 98.910965
1.461333 98.903320
1.466667 99.070404
1.472000 99.147743
1.477333 99.220222
1.482667 99.424332
1.488000 99.482384
1.493333 99.386734
1.498667 99.353210
1.504000 99.335648
1.509333 98.566010
1.514667 98.785591
1.520000 98.850685
1.525333 98.160988
1.530667 98.905251
1.536000 99.027939
1.541333 98.981743
1.546667 98.756706
1.552000 98.710388
1.557333 98.752838
1.562667 98.777161
1.568000 98.611740
1.573333 98.445503
1.578667 98.522110
1.584000 98.595650
1.589333 98.615814
1.594667 98.607002
1.600000 98.545418
1.605333 98.585274
1.610667 98.674675
1.616000 98.632896
1.621333 98.485291
1.626667 98.550224
1.632000 98.750618
1.637333 98.684296
1.642667 98.609825
1.648000 97.692413
1.653333 97.672478
1.658667 98.609283
1.664000 98.789207
1.669333 260.461060
1.674667 261.252380
1.680000 263.716217
1.685333 265.070221
1.690667 265.369293
1.696000 265.085510
1.701333 264.264038
1.706667 263.476654
1.712000 262.647308
1.717333 261.791840
1.722667 261.472321
1.728000 261.775604
1.733333 262.361328
1.738667 263.227905
1.744000 264.547028
1.749333 266.720764
1.754667 269.392883
1.760000 272.285004
1.765333 275.730255
1.770667 278.460510
1.776000 281.175171
1.781333 284.349915
1.786667 286.956085
1.792000 289.398468
1.797333 291.413208
1.802667 293.071930
1.808000 294.628967
1.813333 295.953400
1.818667 296.826447
1.824000 297.218323
1.829333 297.086426
1.834667 296.569000
1.840000 295.848724
1.845333 295.118835
1.850667 294.496918
1.856000 293.850098
1.861333 293.256439
1.866667 292.832367
1.872000 292.442352
1.877333 292.082153
1.882667 291.875916
1.888000 291.824280
1.893333 291.839447
1.898667 291.906586
1.904000 291.928619
1.909333 291.880096
1.914667 291.924896
1.920000 292.136444
1.925333 292.458405
1.930667 292.833221
1.936000 293.199127
1.941333 293.554810
1.946667 293.932556
1.952000 294.291229
1.957333 294.582825
1.962667 294.725647
1.968000 294.724792
1.973333 294.737427
1.978667 294.859985
1.984000 295.008667
1.989333 295.156647
1.994667 295.422089
2.000000 295.869751
2.005333 296.435150
2.010667 297.251984
2.016000 297.792206
2.021333 298.347626
2.026667 313.029846
2.032000 301.398621
2.037333 302.188385
2.042667 155.286575
2.048000 0.000000
2.053333 0.000000
2.058667 96.860367
2.064000 98.638367
2.069333 74.523682
2.074667 72.780838
2.080000 73.116936
2.085333 73.125313
2.090667 73.110931
2.096000 73.078621
2.101333 73.065536
2.106667 73.344963
2.112000 73.406326
2.117333 74.035660
2.122667 73.957283
2.128000 72.782356
2.133333 73.863510
2.138667 74.838959
2.144000 74.857361
2.149333 73.804115
2.154667 74.518227
2.160000 74.892647
2.165333 74.872009
2.170667 75.479431
2.176000 74.182816
2.181333 74.165703
2.186667 74.088768
2.192000 74.046753
2.197333 74.059174
2.202667 74.149529
2.208000 74.181366
2.213333 73.015762
2.218667 72.931389
2.224000 73.320984
2.229333 270.694061
2.234667 270.486206
2.240000 72.274521
2.245333 421.976471
2.250667 422.045624
2.256000 160.978073
2.261333 164.658798
2.266667 165.704941
2.272000 0.000000
2.277333 90.725494
2.282667 871.289062
2.288000 871.492859
2.293333 874.326233
2.298667 83.017570
2.304000 77.174957
2.309333 77.184669
2.314667 77.018654
2.320000 195.904022
2.325333 392.652679
2.330667 392.508331
2.336000 391.730804
2.341333 390.166229
2.346667 387.648651
2.352000 384.558167
2.357333 381.614014
2.362667 379.339111
2.368000 377.756897
2.373333 376.798370
2.378667 376.777924
2.384000 378.084869
2.389333 381.063293
2.394667 385.404083
2.400000 390.610809
2.405333 397.095337
2.410667 406.126740
2.416000 413.492645
2.421333 420.149475
2.426667 425.095703
2.432000 429.686676
2.437333 434.001556
2.442667 438.007568
2.448000 441.636871
2.453333 444.078552
2.458667 444.853455
2.464000 444.441559
2.469333 443.293427
2.474667 442.162781
2.480000 441.861145
2.485333 442.236359
2.490667 442.690186
2.496000 442.696716
2.501333 442.202972
2.506667 441.382019
2.512000 440.369019
2.517333 439.259094
2.522667 438.338135
2.528000 438.080994
2.533333 438.691681
2.538667 439.928345
2.544000 441.536896
2.549333 443.291351
2.554667 444.648712
2.560000 445.618286
2.565333 446.057617
2.570667 445.584625
2.576000 443.606384
2.581333 434.647461
2.586667 407.008087
2.592000 406.435455
2.597333 408.171783
2.602667 97.129623
2.608000 435.174347
2.613333 435.277679
2.618667 436.237244
2.624000 437.570953
2.629333 147.324509
2.634667 147.572357
2.640000 302.571533
2.645333 302.486969
2.650667 301.448914
2.656000 293.406555
2.661333 292.086212
2.666667 145.535873
2.672000 393.240692
2.677333 400.327911
2.682667 402.718475
2.688000 576.428772
2.693333 579.028931
2.698667 862.963135
2.704000 854.083557
2.709333 843.579529
2.714667 400.471893
2.720000 400.753113
2.725333 401.717499
2.730667 194.817902
2.736000 376.323151
2.741333 378.284851
2.746667 378.874634
2.752000 378.607513
2.757333 379.521454
2.762667 380.995880
2.768000 382.926300
2.773333 386.332001
2.778667 389.209564
2.784000 390.502075
2.789333 391.054413
2.794667 391.315338
2.800000 390.958252
2.805333 389.749146
2.810667 387.636261
2.816000 384.619324
2.821333 380.805450
2.826667 377.090515
2.832000 373.980194
2.837333 371.468170
2.842667 152.139145
2.848000 151.739777
2.853333 152.040176
2.858667 151.662064
2.864000 150.994766
2.869333 151.147186
2.874667 152.684311
2.880000 315.046631
2.885333 318.505829
2.890667 321.681274
2.896000 324.506317
2.901333 328.972809
2.906667 330.460449
2.912000 331.327209
2.917333 166.431564
2.922667 166.982346
2.928000 167.267731
2.933333 167.595016
2.938667 168.214539
2.944000 169.139191
2.949333 169.779739
2.954667 170.016144
2.960000 169.906250
2.965333 74.321709
2.970667 73.900383
2.976000 73.714180
2.981333 72.744453
2.986667 73.049156
2.992000 75.712776
2.997333 76.305534
