0.000000 403.042145
0.005333 677.309326
0.010667 677.012695
0.016000 178.670197
0.021333 178.554565
0.026667 178.323471
0.032000 177.818481
0.037333 176.929306
0.042667 175.804657
0.048000 174.321884
0.053333 677.770935
0.058667 673.127319
0.064000 665.007080
0.069333 657.487061
0.074667 652.729492
0.080000 648.563538
0.085333 644.507690
0.090667 150.178375
0.096000 149.716690
0.101333 149.689911
0.106667 149.872314
0.112000 150.159012
0.117333 150.697235
0.122667 627.572327
0.128000 628.174438
0.133333 629.992004
0.138667 632.087463
0.144000 632.868652
0.149333 160.803329
0.154667 161.440994
0.160000 161.513382
0.165333 161.147324
0.170667 160.570602
0.176000 159.846146
0.181333 158.494598
0.186667 156.699600
0.192000 154.076096
0.197333 149.588272
0.202667 632.806519
0.208000 634.119446
0.213333 142.217560
0.218667 140.406479
0.224000 631.276489
0.229333 643.112305
0.234667 663.466675
0.240000 130.374710
0.245333 130.115707
0.250667 266.129303
0.256000 104.397270
0.261333 104.386551
0.266667 104.211472
0.272000 104.081642
0.277333 104.046410
0.282667 104.018188
0.288000 104.011230
0.293333 104.060577
0.298667 104.148857
0.304000 104.133163
0.309333 103.931396
0.314667 103.929527
0.320000 104.142395
0.325333 104.293434
0.330667 104.475296
0.336000 104.888771
0.341333 265.994232
0.346667 266.720337
0.352000 103.942436
0.357333 104.103851
0.362667 104.321075
0.368000 104.564812
0.373333 104.781029
0.378667 104.901299
0.384000 104.910522
0.389333 104.996819
0.394667 105.031258
0.400000 104.782326
0.405333 104.113678
0.410667 105.157944
0.416000 105.368225
0.421333 104.302475
0.426667 104.097145
0.432000 104.141136
0.437333 104.232635
0.442667 104.282089
0.448000 104.224762
0.453333 103.994049
0.458667 103.840904
0.464000 104.100739
0.469333 104.376167
0.474667 104.547455
0.480000 104.628723
0.485333 104.246315
0.490667 103.943428
0.496000 104.242531
0.501333 104.530151
0.506667 104.274475
0.512000 104.087219
0.517333 104.248734
0.522667 104.258095
0.528000 104.171936
0.533333 104.358009
0.538667 104.635162
0.544000 104.573792
0.549333 104.339378
0.554667 104.298424
0.560000 104.471252
0.565333 104.589951
0.570667 104.457268
0.576000 104.280312
0.581333 104.250069
0.586667 104.268166
0.592000 104.158623
0.597333 104.187294
0.602667 104.516815
0.608000 104.691536
0.613333 104.521004
0.618667 104.252945
0.624000 104.169571
0.629333 104.118835
0.634667 104.029350
0.640000 104.112793
0.645333 104.234276
0.650667 104.157547
0.656000 104.068497
0.661333 104.182533
0.666667 104.316559
0.672000 104.369247
0.677333 104.396614
0.682667 104.346626
0.688000 104.284401
0.693333 104.271210
0.698667 104.277023
0.704000 104.375000
0.709333 104.587563
0.714667 104.517136
0.720000 104.287476
0.725333 104.242165
0.730667 104.561752
0.736000 104.730774
0.741333 104.622086
0.746667 104.476357
0.752000 104.411507
0.757333 104.398781
0.762667 104.395660
0.768000 104.400078
0.773333 104.430733
0.778667 104.421021
0.784000 104.414719
0.789333 104.593880
0.794667 104.847588
0.800000 104.760727
0.805333 104.430954
0.810667 104.319885
0.816000 104.454773
0.821333 104.476562
0.826667 104.349541
0.832000 104.595535
0.837333 104.950317
0.842667 104.860733
0.848000 104.636696
0.853333 104.781044
0.858667 104.826462
0.864000 104.620384
0.869333 104.493340
0.874667 104.573227
0.880000 104.647141
0.885333 104.609558
0.890667 104.442467
0.896000 104.295517
0.901333 104.490257
0.906667 104.743080
0.912000 104.592148
0.917333 104.391991
0.922667 104.712677
0.928000 1147.281250
0.933333 1139.252686
0.938667 1130.385742
0.944000 283.005707
0.949333 1116.450562
0.954667 298.313110
0.960000 302.205597
0.965333 310.979095
0.970667 317.021332
0.976000 317.672272
0.981333 317.536682
0.986667 317.436584
0.992000 317.749481
0.997333 318.249756
1.002667 318.351166
1.008000 317.915833
1.013333 317.282288
1.018667 317.112183
1.024000 317.968597
1.029333 319.935028
1.034667 322.882629
1.040000 327.260162
1.045333 332.634003
1.050667 337.721344
1.056000 342.925842
1.061333 348.471558
1.066667 353.332855
1.072000 356.772644
1.077333 359.801819
1.082667 362.454041
1.088000 364.386932
1.093333 365.663116
1.098667 366.656494
1.104000 367.522156
1.109333 367.843262
1.114667 367.282990
1.120000 366.213806
1.125333 364.681976
1.130667 362.519684
1.136000 359.610443
1.141333 356.417969
1.146667 354.094238
1.152000 352.159485
1.157333 349.665985
1.162667 347.512421
1.168000 346.633942
1.173333 346.809418
1.178667 348.342896
1.184000 352.056213
1.189333 356.841339
1.194667 360.623444
1.200000 363.612488
1.205333 366.514069
1.210667 369.721313
1.216000 373.138855
1.221333 376.357727
1.226667 378.901886
1.232000 380.692596
1.237333 381.572540
1.242667 381.364044
1.248000 379.664307
1.253333 376.183411
1.258667 371.837402
1.264000 367.473053
1.269333 363.953156
1.274667 362.663727
1.280000 365.070221
1.285333 367.645264
1.290667 366.214172
1.296000 361.561279
1.301333 354.910950
1.306667 350.369415
1.312000 347.263794
1.317333 344.709900
1.322667 343.641174
1.328000 345.170105
1.333333 349.772491
1.338667 356.617218
1.344000 359.564453
1.349333 360.425964
1.354667 360.299561
1.360000 360.332062
1.365333 361.251312
1.370667 362.939026
1.376000 364.660828
1.381333 366.064758
1.386667 367.045746
1.392000 367.789764
1.397333 368.563568
1.402667 369.467896
1.408000 370.285248
1.413333 370.664856
1.418667 370.575073
1.424000 370.259888
1.429333 369.874023
1.434667 369.316437
1.440000 368.536194
1.445333 367.692139
1.450667 367.292572
1.456000 367.519318
1.461333 368.080658
1.466667 368.669189
1.472000 369.315338
1.477333 370.230377
1.482667 371.369843
1.488000 372.629028
1.493333 373.821472
1.498667 374.679718
1.504000 375.214172
1.509333 375.507294
1.514667 375.473755
1.520000 375.207214
1.525333 375.211884
1.530667 375.831207
1.536000 376.967957
1.541333 378.232147
1.546667 379.407318
1.552000 380.277466
1.557333 380.855286
1.562667 381.395325
1.568000 381.926178
1.573333 381.996674
1.578667 381.455109
1.584000 380.984131
1.589333 380.838226
1.594667 380.806122
1.600000 380.805023
1.605333 380.806030
1.610667 380.459167
1.616000 379.607056
1.621333 378.516907
1.626667 377.480499
1.632000 376.492157
1.637333 375.488831
1.642667 374.186462
1.648000 372.230133
1.653333 370.115265
1.658667 368.659546
1.664000 367.715179
1.669333 366.898499
1.674667 366.117188
1.680000 365.452240
1.685333 364.899017
1.690667 364.695190
1.696000 365.112640
1.701333 365.675262
1.706667 365.653595
1.712000 365.133209
1.717333 364.547119
1.722667 364.095337
1.728000 363.980591
1.733333 364.170532
1.738667 364.214935
1.744000 364.000671
1.749333 363.747925
1.754667 363.488251
1.760000 363.200592
1.765333 363.026794
1.770667 362.945221
1.776000 362.761780
1.781333 362.572296
1.786667 362.379425
1.792000 362.245911
1.797333 362.275116
1.802667 362.475739
1.808000 362.593994
1.813333 361.825684
1.818667 157.796555
1.824000 78.452499
1.829333 78.479080
1.834667 315.006042
1.840000 315.915771
1.845333 78.126266
1.850667 78.128578
1.856000 78.082008
1.861333 78.038651
1.866667 78.110847
1.872000 78.172554
1.877333 78.158928
1.882667 78.173149
1.888000 78.109001
1.893333 77.941673
1.898667 77.954292
1.904000 78.247505
1.909333 78.426674
1.914667 78.364403
1.920000 78.149559
1.925333 78.012939
1.930667 78.056847
1.936000 78.292908
1.941333 78.487617
1.946667 78.509186
1.952000 320.760803
1.957333 325.184692
1.962667 326.624084
1.968000 327.082947
1.973333 326.899048
1.978667 326.053101
1.984000 324.132965
1.989333 320.476715
1.994667 317.290955
2.000000 315.889069
2.005333 156.895584
2.010667 156.364105
2.016000 155.627899
2.021333 154.960175
2.026667 154.491196
2.032000 154.091888
2.037333 153.803604
2.042667 307.630188
2.048000 307.959778
2.053333 308.786194
2.058667 310.060303
2.064000 311.352600
2.069333 312.412842
2.074667 313.466736
2.080000 314.486084
2.085333 315.163757
2.090667 78.246582
2.096000 78.125549
2.101333 78.163673
2.106667 78.079048
2.112000 77.933777
2.117333 77.830124
2.122667 77.747215
2.128000 305.786713
2.133333 78.042664
2.138667 78.162254
2.144000 155.659241
2.149333 155.551651
2.154667 155.604309
2.160000 155.676117
2.165333 155.661758
2.170667 78.166763
2.176000 78.289398
2.181333 308.560028
2.186667 78.267059
2.192000 78.230217
2.197333 317.173401
2.202667 319.998413
2.208000 323.501404
2.213333 325.099731
2.218667 325.115051
2.224000 323.957886
2.229333 321.785095
2.234667 319.133728
2.240000 316.198730
2.245333 312.398102
2.250667 308.967194
2.256000 307.699951
2.261333 307.727631
2.266667 307.970764
2.272000 307.759552
2.277333 307.026306
2.282667 306.267853
2.288000 306.233704
2.293333 307.162598
2.298667 308.892731
2.304000 311.136047
2.309333 313.064667
2.314667 314.734161
2.320000 316.769928
2.325333 319.540833
2.330667 322.417664
2.336000 324.418945
2.341333 325.964111
2.346667 327.260437
2.352000 328.368195
2.357333 329.292603
2.362667 330.240051
2.368000 331.084137
2.373333 331.786102
2.378667 332.126617
2.384000 331.911957
2.389333 331.170593
2.394667 330.023438
2.400000 328.835358
2.405333 327.795166
2.410667 326.737427
2.416000 325.720245
2.421333 324.276337
2.426667 321.607086
2.432000 318.997681
2.437333 317.491211
2.442667 316.065643
2.448000 314.167664
2.453333 312.076477
2.458667 310.903625
2.464000 310.269836
2.469333 154.912109
2.474667 154.852753
2.480000 154.888687
2.485333 154.934113
2.490667 154.912643
2.496000 154.877228
2.501333 155.057724
2.506667 155.657684
2.512000 155.946228
2.517333 156.018494
2.522667 155.963867
2.528000 313.008392
2.533333 312.567322
2.538667 309.810883
2.544000 306.842102
2.549333 304.317444
2.554667 300.903595
2.560000 296.472015
2.565333 293.206268
2.570667 290.110352
2.576000 285.289154
2.581333 280.930389
2.586667 278.252411
2.592000 276.036682
2.597333 274.036499
2.602667 272.388184
2.608000 270.983765
2.613333 269.317139
2.618667 266.580933
2.624000 138.266083
2.629333 137.880325
2.634667 276.892487
2.640000 277.461761
2.645333 7172.971191
2.650667 7312.207520
2.656000 7676.223633
2.661333 8062.796875
2.666667 8393.953125
2.672000 8772.132812
2.677333 8904.903320
2.682667 8958.405273
2.688000 9102.659180
2.693333 78.219337
2.698667 78.237473
2.704000 78.211594
2.709333 78.766029
2.714667 78.692375
2.720000 7697.458984
2.725333 7328.413574
2.730667 7250.567383
2.736000 7132.292480
2.741333 6906.863770
2.746667 6756.528320
2.752000 6648.034668
2.757333 6466.758789
2.762667 226.139603
2.768000 234.432205
2.773333 234.892288
2.778667 237.246704
2.784000 238.067230
2.789333 237.455292
2.794667 236.701126
2.800000 236.280991
2.805333 235.823120
2.810667 234.876785
2.816000 233.149765
2.821333 231.300980
2.826667 230.045502
2.832000 229.407043
2.837333 229.247070
2.842667 229.456772
2.848000 229.709656
2.853333 229.656204
2.858667 229.012695
2.864000 227.888885
2.869333 226.859833
2.874667 215.627930
2.880000 216.684128
2.885333 227.210602
2.890667 78.157578
2.896000 223.632660
2.901333 222.596725
2.906667 224.180191
2.912000 78.329979
2.917333 78.350975
2.922667 78.293060
2.928000 78.249229
2.933333 219.800690
2.938667 78.110565
2.944000 222.956070
2.949333 222.580368
2.954667 210.374695
2.960000 190.464905
2.965333 190.615402
2.970667 191.301239
2.976000 192.431870
2.981333 192.474869
2.986667 191.977707
2.992000 191.896011
2.997333 192.922073
3.002667 196.062119
3.008000 217.840210
3.013333 219.688034
3.018667 218.916443
3.024000 215.699478
3.029333 214.002243
3.034667 213.641434
3.040000 213.032166
3.045333 212.271622
3.050667 212.109695
3.056000 217.709671
3.061333 218.719971
3.066667 218.258423
3.072000 212.713120
3.077333 212.172424
3.082667 213.642578
3.088000 215.403030
3.093333 213.539169
3.098667 198.324799
3.104000 207.668716
3.109333 210.112045
3.114667 209.330460
3.120000 207.521866
3.125333 202.013641
3.130667 208.457413
3.136000 210.009323
3.141333 210.956970
3.146667 215.069260
3.152000 216.742340
3.157333 225.608780
3.162667 228.029999
3.168000 230.111740
3.173333 231.427872
3.178667 231.711853
3.184000 231.242844
3.189333 230.519287
3.194667 229.962601
3.200000 229.718582
3.205333 229.632248
3.210667 229.497284
3.216000 229.043488
3.221333 227.940155
3.226667 226.154526
3.232000 225.164597
3.237333 224.956055
3.242667 225.181808
3.248000 225.560059
3.253333 225.989838
3.258667 226.504333
3.264000 227.229095
3.269333 228.154587
3.274667 229.542648
3.280000 231.677170
3.285333 284.211945
3.290667 298.230377
3.296000 297.719452
3.301333 297.750061
3.306667 298.018158
3.312000 297.897217
3.317333 297.408844
3.322667 296.369019
3.328000 295.349213
3.333333 294.860596
3.338667 294.724640
3.344000 294.916412
3.349333 295.210968
3.354667 294.750519
3.360000 293.830780
3.365333 293.519409
3.370667 293.432343
3.376000 292.981354
3.381333 292.988403
3.386667 293.171722
3.392000 292.460327
3.397333 291.381439
3.402667 290.787567
3.408000 290.591278
3.413333 291.005402
3.418667 291.335846
3.424000 290.816101
3.429333 290.834290
3.434667 291.475647
3.440000 291.086334
3.445333 290.164337
3.450667 290.055817
3.456000 289.942505
3.461333 289.816742
3.466667 291.220215
3.472000 292.445312
3.477333 292.172546
3.482667 291.967346
3.488000 291.782043
3.493333 288.412170
3.498667 288.833099
3.504000 263.545349
3.509333 263.819611
3.514667 187.220306
3.520000 187.704147
3.525333 189.504318
3.530667 194.304794
3.536000 194.795059
3.541333 195.071609
3.546667 195.188934
3.552000 195.129578
3.557333 194.945221
3.562667 194.773026
3.568000 194.759583
3.573333 195.031357
3.578667 195.645111
3.584000 196.378342
3.589333 196.860306
3.594667 197.156021
3.600000 197.453735
3.605333 197.812485
3.610667 198.226913
3.616000 198.540466
3.621333 198.649704
3.626667 198.511780
3.632000 198.112350
3.637333 197.486588
3.642667 196.890610
3.648000 196.475754
3.653333 288.003265
3.658667 286.708099
3.664000 58.409653
3.669333 58.523888
3.674667 175.406296
3.680000 58.713493
3.685333 58.593616
3.690667 289.846100
3.696000 98.937645
3.701333 289.789398
3.706667 144.158722
3.712000 174.432480
3.717333 173.404221
3.722667 171.979538
3.728000 170.589401
3.733333 169.559921
3.738667 169.057846
3.744000 169.067810
3.749333 169.616806
3.754667 170.683701
3.760000 171.967865
3.765333 173.525757
3.770667 174.981018
3.776000 177.577530
3.781333 179.908203
3.786667 181.606262
3.792000 183.164185
3.797333 185.463928
3.802667 187.880554
3.808000 189.708160
3.813333 191.595062
3.818667 192.835617
3.824000 193.729828
3.829333 194.441147
3.834667 194.942307
3.840000 195.120697
3.845333 195.057343
3.850667 194.854309
3.856000 194.591171
3.861333 194.401077
3.866667 194.327728
3.872000 194.273911
3.877333 194.119720
3.882667 193.869583
3.888000 193.583374
3.893333 193.257935
3.898667 193.073486
3.904000 193.253586
3.909333 193.700027
3.914667 194.208588
3.920000 194.794510
3.925333 195.580734
3.930667 196.596115
3.936000 197.518661
3.941333 197.880447
3.946667 197.782410
3.952000 197.505905
3.957333 197.252182
3.962667 197.209457
3.968000 98.847382
3.973333 99.116524
3.978667 139.995590
3.984000 275.401794
3.989333 274.574677
3.994667 273.885956
4.000000 273.826263
4.005333 274.712616
4.010667 276.099640
4.016000 276.764038
4.021333 275.185394
4.026667 273.078766
4.032000 269.525177
4.037333 266.308258
4.042666 265.825928
4.048000 265.832123
4.053333 265.956940
4.058667 263.412354
4.064000 258.686005
4.069334 229.238281
4.074667 227.224487
4.080000 225.921951
4.085333 225.382034
4.090667 224.950562
4.096000 2310.619629
4.101333 2351.956787
4.106667 221.403015
4.112000 221.427414
4.117333 222.330765
4.122667 223.741516
4.128000 224.764343
4.133333 2422.242432
4.138667 2412.840576
4.144000 2402.354736
4.149333 2395.062256
4.154667 2391.813232
4.160000 2384.058838
4.165333 238.286514
4.170667 239.123245
4.176000 239.949280
4.181334 269.677704
4.186666 269.449341
4.192000 267.260010
4.197333 264.784393
4.202667 264.428436
4.208000 264.850861
4.213333 277.256256
4.218667 277.257629
4.224000 277.008118
4.229333 276.991394
4.234667 277.303741
4.240000 277.587280
4.245333 267.951202
4.250667 267.560577
4.256000 267.699036
4.261333 267.956299
4.266667 276.314117
4.272000 6281.408203
4.277333 6245.013672
4.282667 6231.250977
4.288000 6250.468750
4.293334 6251.845215
4.298666 3769.723389
4.304000 283.766266
4.309333 4756.573242
4.314667 271.675446
4.320000 271.498352
4.325333 271.699249
4.330667 272.839691
4.336000 275.964478
4.341333 277.331146
4.346667 276.927582
4.352000 275.021271
4.357333 269.079102
4.362667 265.417114
4.368000 263.661682
4.373333 262.568787
4.378667 261.352173
4.384000 259.864716
4.389333 258.949799
4.394667 259.061066
4.400000 260.034210
4.405334 261.243225
4.410666 262.271759
4.416000 263.094208
4.421333 263.539154
4.426667 263.613190
4.432000 263.693024
4.437333 264.344238
4.442667 265.735626
4.448000 266.755096
4.453333 267.199219
4.458667 267.533905
4.464000 267.945618
4.469333 268.327759
4.474667 268.281006
4.480000 267.189911
4.485333 265.701935
4.490667 264.379303
4.496000 263.399597
4.501333 262.486908
4.506667 261.254211
4.512000 259.460724
4.517334 257.007507
4.522666 254.830612
4.528000 253.859665
4.533333 253.648880
4.538667 253.701126
4.544000 254.063812
4.549333 255.889236
4.554667 259.994568
4.560000 260.533112
4.565333 262.112335
4.570667 267.852325
4.576000 286.220184
4.581333 296.811646
4.586667 303.208588
4.592000 307.531525
4.597333 310.135101
4.602667 312.284546
4.608000 314.877350
4.613333 317.830139
4.618667 320.065277
4.624000 321.364166
4.629333 322.049438
4.634666 322.338867
4.640000 322.205231
4.645333 321.354675
4.650667 319.686981
4.656000 317.835510
4.661334 316.610413
4.666667 316.213104
4.672000 158.174957
4.677333 158.256958
4.682667 158.185532
4.688000 158.145767
4.693333 158.321625
4.698667 158.624847
4.704000 158.944565
4.709333 159.179733
4.714667 159.049271
4.720000 158.334747
4.725333 314.812683
4.730667 313.615662
4.736000 312.962677
4.741333 312.851471
4.746666 312.683899
4.752000 311.842010
4.757333 310.069000
4.762667 307.812164
4.768000 305.607605
4.773334 303.112946
4.778666 299.112030
4.784000 293.421692
4.789333 287.915802
4.794667 281.624817
4.800000 274.149628
4.805333 270.412537
4.810667 267.858215
4.816000 265.476410
4.821333 131.305649
4.826667 130.467834
4.832000 130.056198
4.837333 129.860764
4.842667 129.810059
4.848000 129.861679
4.853333 130.005859
4.858667 130.224396
4.864000 520.277283
4.869333 523.219788
4.874667 524.880432
4.880000 132.132034
4.885334 132.379761
4.890666 132.587097
4.896000 132.721481
4.901333 132.767792
4.906667 132.637817
4.912000 264.764130
4.917333 263.314697
4.922667 261.243591
4.928000 258.196045
4.933333 505.594696
4.938667 501.605835
4.944000 336.257690
4.949333 332.751801
4.954667 327.296173
4.960000 236.332596
4.965333 233.001144
4.970667 230.921844
4.976000 229.654007
4.981333 228.708160
4.986667 227.709381
4.992000 227.107880
4.997334 227.400482
5.002666 228.096420
5.008000 228.354599
5.013333 227.750610
5.018667 226.441452
5.024000 224.863968
5.029333 300.497925
5.034667 442.301239
5.040000 437.645294
5.045333 433.274719
5.050667 205.790314
5.056000 203.580307
5.061333 202.165070
5.066667 201.073517
5.072000 200.272354
5.077333 199.815552
5.082667 199.544769
5.088000 199.178024
5.093333 198.802734
5.098667 198.762100
5.104000 199.214630
5.109334 199.974503
5.114666 200.410431
5.120000 200.389084
5.125333 200.402298
5.130667 200.731232
5.136000 201.315338
5.141333 201.994324
5.146667 202.720215
5.152000 203.217422
5.157333 203.090637
5.162667 201.689240
5.168000 200.237793
5.173333 199.317856
5.178667 198.848877
5.184000 174.561356
5.189333 103.717491
5.194667 103.782707
5.200000 99.609978
5.205333 103.819847
5.210667 0.000000
5.216000 224.409592
5.221334 216.103928
5.226666 214.662857
5.232000 213.597992
5.237333 213.145859
5.242667 220.740982
5.248000 221.989868
5.253334 225.625793
5.258667 227.104034
5.264000 228.136551
5.269333 230.136978
5.274667 231.519135
5.280000 231.731903
5.285333 231.469147
5.290667 231.259521
5.296000 231.450073
5.301333 231.985413
5.306667 232.653564
5.312000 233.361862
5.317333 234.361633
5.322667 235.783066
5.328000 237.919159
5.333333 240.228455
5.338666 242.127518
5.344000 243.981369
5.349333 246.418671
5.354667 248.769257
5.360000 250.608795
5.365334 253.277267
5.370667 257.577698
5.376000 260.847168
5.381333 264.513214
5.386667 268.003021
5.392000 270.136322
5.397333 271.121735
5.402667 271.183655
5.408000 270.597870
5.413333 269.384796
5.418667 222.296127
5.424000 266.233643
5.429333 264.993164
5.434667 263.768707
5.440000 262.497345
5.445333 260.562653
5.450667 257.854248
5.456000 255.295120
5.461333 253.677368
5.466667 253.178452
5.472000 253.480545
5.477334 254.626343
5.482666 255.824081
5.488000 256.488190
5.493333 257.351685
5.498667 259.086548
5.504000 261.179321
5.509333 262.781921
5.514667 264.094330
5.520000 265.520752
5.525333 267.892548
5.530667 271.852173
5.536000 274.687744
5.541333 276.942505
5.546667 278.637695
5.552000 279.765564
5.557333 280.886414
5.562667 282.468658
5.568000 284.094238
5.573333 284.916199
5.578667 284.797302
5.584000 283.286224
5.589334 279.715698
5.594666 278.436462
5.600000 278.318817
5.605333 0.000000
5.610667 90.838493
5.616000 135.629425
5.621333 134.919235
5.626667 133.720032
5.632000 133.374283
5.637333 133.159683
5.642667 132.940125
5.648000 132.805679
5.653333 88.709885
5.658667 88.818115
5.664000 133.446747
5.669333 268.622101
5.674667 270.333038
5.680000 272.286316
5.685333 274.339417
5.690667 276.327240
5.696000 277.966705
5.701334 279.860260
5.706666 282.051849
5.712000 283.110809
5.717333 283.107574
5.722667 282.374664
5.728000 281.133026
5.733333 279.770935
5.738667 277.926575
5.744000 270.832520
5.749333 265.810944
5.754667 316.723602
5.760000 300.820221
5.765333 299.664825
5.770667 300.010651
5.776000 300.411835
5.781333 198.350616
5.786667 199.272919
5.792000 116.294289
5.797333 116.323944
5.802667 116.400124
5.808000 116.246185
5.813334 115.327690
5.818666 115.239304
5.824000 115.280594
5.829333 115.386169
5.834667 115.630600
5.840000 231.914551
5.845333 116.812836
5.850667 117.033188
5.856000 117.160057
5.861333 234.518158
5.866667 234.250702
5.872000 233.561462
5.877333 232.307220
5.882667 231.178696
5.888000 230.158859
5.893333 228.019775
5.898667 224.494293
5.904000 221.023651
5.909333 220.177689
5.914667 219.440369
5.920000 218.743332
5.925333 218.446732
5.930666 218.722061
5.936000 219.210449
5.941333 219.490143
5.946667 219.623444
5.952000 219.841171
5.957334 220.331085
5.962667 221.618378
5.968000 224.295120
5.973333 226.701950
5.978667 231.272507
5.984000 232.831604
5.989333 234.960266
5.994667 237.119904
6.000000 238.827240
6.005333 240.523422
6.010667 242.420563
6.016000 244.530884
6.021333 245.942993
6.026667 122.656334
6.032000 246.692902
6.037333 491.086975
6.042666 456.807861
6.048000 450.757660
6.053333 207.143478
6.058667 206.713547
6.064000 206.954498
6.069334 208.576157
6.074667 100.086838
6.080000 222.472717
6.085333 221.993103
6.090667 221.518890
6.096000 110.080818
6.101333 110.052032
6.106667 110.275269
6.112000 221.985992
6.117333 223.269394
6.122667 224.339981
6.128000 225.471252
6.133333 228.035446
6.138667 229.525406
6.144000 237.125443
6.149333 237.732422
6.154667 238.973877
6.160000 241.017975
6.165333 244.383286
6.170667 246.638489
6.176000 248.231827
6.181334 249.145020
6.186666 249.575577
6.192000 124.766777
6.197333 124.535316
6.202667 248.022247
6.208000 247.033859
6.213333 245.819885
6.218667 483.041687
6.224000 475.820496
6.229333 235.069962
6.234667 232.924957
6.240000 231.044647
6.245333 225.006256
6.250667 224.332001
6.256000 223.610458
6.261333 222.504288
6.266667 220.913971
6.272000 220.266068
6.277333 220.456207
6.282667 221.073975
6.288000 221.744431
6.293334 222.575714
6.298666 224.224518
6.304000 229.354233
6.309333 232.176743
6.314667 233.910568
6.320000 236.068436
6.325333 238.522461
6.330667 184.002731
6.336000 102.845749
6.341333 104.715752
6.346667 104.739876
6.352000 0.000000
6.357333 84.004684
6.362667 0.000000
6.368000 0.000000
6.373333 140.532562
6.378667 0.000000
6.384000 104.357201
6.389333 104.447571
6.394667 104.480392
6.400000 104.488838
6.405334 104.451668
6.410666 429.337311
6.416000 148.279160
6.421333 148.228302
6.426667 148.247055
6.432000 148.389343
6.437333 148.593185
6.442667 104.421150
6.448000 104.478828
6.453333 104.356575
6.458667 104.142044
6.464000 103.960106
6.469333 104.019196
6.474667 105.215210
6.480000 105.386276
6.485333 137.000839
6.490667 155.455688
6.496000 157.883667
6.501333 158.104507
6.506667 158.150482
6.512000 158.077179
6.517334 104.195862
6.522666 158.525360
6.528000 159.210709
6.533333 160.598618
6.538667 154.876114
6.544000 207.522888
6.549333 415.269775
6.554667 416.409637
6.560000 416.318268
6.565333 402.940460
6.570667 401.004730
6.576000 138.694565
6.581333 105.443634
6.586667 105.423340
6.592000 105.193802
6.597333 105.043762
6.602667 151.254166
6.608000 158.175873
6.613333 104.434456
6.618667 104.438057
6.624000 104.576447
6.629333 209.371536
6.634666 104.528076
6.640000 209.403427
6.645333 209.406067
6.650667 209.447601
6.656000 146.743073
6.661334 208.976089
6.666667 151.167343
6.672000 151.050293
6.677333 151.071045
6.682667 151.405975
6.688000 154.018448
6.693333 153.888779
6.698667 152.542816
6.704000 151.058548
6.709333 421.204498
6.714667 150.401108
6.720000 150.549820
6.725333 150.660339
6.730667 122.119034
6.736000 122.161682
6.741333 105.946884
6.746666 105.228027
6.752000 68.870758
6.757333 68.811638
6.762667 86.528229
6.768000 206.535263
6.773334 209.237152
6.778666 211.315811
6.784000 211.725464
6.789333 105.975533
6.794667 126.812943
6.800000 209.953384
6.805333 210.303558
6.810667 210.979507
6.816000 211.193314
6.821333 211.009079
6.826667 105.460762
6.832000 105.265129
6.837333 104.760170
6.842667 105.013992
6.848000 105.402504
6.853333 105.892578
6.858667 207.137695
6.864000 207.525070
6.869333 0.000000
6.874667 104.512047
6.880000 104.299393
6.885334 104.207565
6.890666 104.353394
6.896000 104.594467
6.901333 105.133324
6.906667 105.175888
6.912000 102.795052
6.917333 1218.485352
6.922667 1192.369385
6.928000 1163.907471
6.933333 1031.416382
6.938667 223.768219
6.944000 225.547958
6.949333 228.680557
6.954667 229.819321
6.960000 230.313400
6.965333 230.910995
6.970667 231.674362
6.976000 102.801613
6.981333 88.458061
6.986667 136.016449
6.992000 272.473907
6.997334 274.004944
7.002666 104.601028
7.008000 104.523178
7.013333 104.001785
7.018667 104.240486
7.024000 104.566299
7.029333 104.700783
7.034667 104.657433
7.040000 104.589401
7.045333 104.719719
7.050667 104.756813
7.056000 104.600258
7.061333 103.743805
7.066667 104.060936
7.072000 104.184532
7.077333 105.723915
7.082667 105.757713
7.088000 105.714172
7.093333 104.751099
7.098667 104.785133
7.104000 104.740227
7.109334 106.732132
7.114666 0.000000
7.120000 246.574692
7.125333 246.775909
7.130667 246.668091
7.136000 231.681381
7.141333 320.627258
7.146667 324.394226
7.152000 326.032379
7.157333 327.689423
7.162667 108.899132
7.168000 795.802124
7.173333 822.579895
7.178667 194.866608
7.184000 193.938080
7.189333 311.930206
7.194667 310.562897
7.200000 155.667725
7.205333 155.850266
7.210667 156.068069
7.216000 156.486862
7.221334 157.301376
7.226666 158.630219
7.232000 159.775314
7.237333 184.451950
7.242667 549.324951
7.248000 550.263733
7.253334 112.599197
7.258667 341.829834
7.264000 345.547089
7.269333 348.747498
7.274667 350.633301
7.280000 175.769547
7.285333 176.486603
7.290667 176.818970
7.296000 176.901260
7.301333 177.015244
7.306667 117.915031
7.312000 351.532532
7.317333 350.804962
7.322667 350.108185
7.328000 349.930267
7.333333 350.393341
7.338666 351.032867
7.344000 351.407623
7.349333 351.210358
7.354667 350.253387
7.360000 174.670853
7.365334 345.085052
7.370667 344.021912
7.376000 344.023102
7.381333 343.992493
7.386667 172.292099
7.392000 171.996902
7.397333 171.814636
7.402667 171.815643
7.408000 172.134293
7.413333 172.942200
7.418667 347.302429
7.424000 349.001221
7.429333 177.905701
7.434667 178.591568
7.440000 1637.994141
7.445333 1639.604248
7.450667 1639.592896
7.456000 217.474960
7.461333 123.011314
7.466667 123.295494
7.472000 123.536232
7.477334 123.825882
7.482666 124.252556
7.488000 187.693695
7.493333 188.169785
7.498667 188.031311
7.504000 365.834473
7.509333 362.629150
7.514667 359.482941
7.520000 355.898376
7.525333 352.230743
7.530667 349.243713
7.536000 347.408112
7.541333 346.834106
7.546667 346.943237
7.552000 347.172119
7.557333 347.651367
7.562667 348.905365
7.568000 351.363739
7.573333 354.224762
7.578667 356.124725
7.584000 357.745605
7.589334 120.505424
7.594666 120.964943
7.600000 366.433655
7.605333 367.247864
7.610667 367.656128
7.616000 367.753448
7.621333 367.304626
7.626667 366.417603
7.632000 365.587036
7.637333 364.948425
7.642667 363.924927
7.648000 361.502563
7.653333 353.114929
7.658667 117.438263
7.664000 117.651726
7.669333 117.973526
7.674667 118.637329
7.680000 119.007172
7.685333 119.214325
7.690667 866.986877
7.696000 870.000732
7.701334 864.930176
7.706666 856.301331
7.712000 850.937744
7.717333 177.804993
7.722667 178.245682
7.728000 178.931702
7.733333 179.710663
7.738667 180.704849
7.744000 181.883133
7.749333 182.780853
7.754667 183.475296
7.760000 184.335632
7.765333 185.350983
7.770667 186.266266
7.776000 187.235260
7.781333 188.338669
7.786667 189.220535
7.792000 189.857224
7.797333 190.321533
7.802667 190.783035
7.808000 191.530655
7.813334 192.508728
7.818666 193.212509
7.824000 193.547180
7.829333 193.591888
7.834667 386.733582
7.840000 385.437592
7.845333 383.860260
7.850667 382.297150
7.856000 380.642731
7.861333 379.268372
7.866667 380.069183
7.872000 386.885284
7.877333 196.895950
7.882667 197.393341
7.888000 197.486450
7.893333 197.072922
7.898667 196.486649
7.904000 196.346405
7.909333 196.805328
7.914667 98.085922
7.920000 130.155350
7.925333 130.120850
7.930666 111.101494
7.936000 112.797218
7.941333 119.833229
7.946667 354.673859
7.952000 352.255524
7.957334 350.483063
7.962667 174.293625
7.968000 174.048126
7.973333 174.041092
7.978667 116.235641
7.984000 116.297234
7.989333 116.281883
7.994667 116.147476
8.000000 78.417191
8.005333 198.488068
8.010667 199.175735
8.016000 78.762695
8.021334 122.985527
8.026667 132.418518
8.032000 199.702408
8.037333 199.839066
8.042666 200.392990
8.048000 200.602493
8.053333 200.234558
8.058666 199.676239
8.064000 194.737778
8.069333 194.445450
8.074667 194.107330
8.080000 194.111847
8.085333 206.441254
8.090667 201.507950
8.096000 276.547699
8.101334 315.635925
8.106667 315.511169
8.112000 314.654541
8.117333 313.460632
8.122666 312.786072
8.128000 156.385544
8.133333 363.793732
8.138667 313.785919
8.144000 314.612305
8.149333 315.379211
8.154667 315.471222
8.160000 315.309662
8.165334 315.432343
8.170667 315.836426
8.176000 316.321411
8.181334 316.667877
8.186666 316.664642
8.192000 316.349426
8.197333 316.101227
8.202666 316.192841
8.208000 316.300903
8.213333 315.865662
8.218667 315.236298
8.224000 314.874573
8.229333 315.049530
8.234667 315.259888
8.240000 315.191376
8.245334 315.082123
8.250667 315.132111
8.256000 314.919189
8.261333 313.252594
8.266666 309.412079
8.272000 304.119598
8.277333 301.822388
8.282666 303.348541
8.288000 306.894012
8.293333 309.046875
8.298667 308.460632
8.304000 306.015320
8.309334 304.358612
8.314667 122.346199
8.320000 100.191216
8.325334 92.179749
8.330667 89.632187
8.336000 101.714767
8.341333 101.604599
8.346666 302.680786
8.352000 101.849861
8.357333 102.020355
8.362667 319.517487
8.368000 317.411224
8.373333 791.533813
8.378667 793.768433
8.384000 801.075378
8.389334 807.292725
8.394667 161.491730
8.400000 161.495438
8.405334 161.141769
8.410666 320.488708
8.416000 318.842621
8.421333 317.047791
8.426666 315.114258
8.432000 312.621735
8.437333 309.306152
8.442667 304.412384
8.448000 300.293854
8.453333 298.820618
8.458667 298.790558
8.464000 299.189941
8.469334 299.769989
8.474667 300.660736
8.480000 301.748962
8.485333 302.792084
8.490666 304.846313
8.496000 307.871704
8.501333 308.480072
8.506667 308.916138
8.512000 310.558411
8.517333 313.817993
8.522667 318.069946
8.528000 322.062347
8.533334 324.391205
8.538667 325.787750
8.544000 326.837646
8.549334 327.170258
8.554667 326.437744
8.560000 325.212646
8.565333 323.847168
8.570666 321.994873
8.576000 319.665680
8.581333 317.421143
8.586667 315.246521
8.592000 312.574524
8.597333 308.697113
8.602667 304.729950
8.608000 302.123657
8.613334 301.107239
8.618667 301.037537
8.624000 300.829559
8.629333 300.524994
8.634666 300.628204
8.640000 301.280914
8.645333 302.325378
8.650666 303.748199
8.656000 305.051727
8.661333 306.300079
8.666667 308.333923
8.672000 310.948242
8.677333 311.862640
8.682667 310.109497
8.688000 154.361725
8.693334 258.868896
8.698667 259.860077
8.704000 242.929214
8.709333 99.148819
8.714666 197.713898
8.720000 198.202271
8.725333 198.294907
8.730667 198.425827
8.736000 198.908478
8.741333 199.443207
8.746667 199.771088
8.752000 200.216522
8.757334 200.188477
8.762667 199.300507
8.768000 398.074738
8.773334 252.418686
8.778666 251.289688
8.784000 97.892128
8.789333 242.809830
8.794666 242.400467
8.800000 240.156631
8.805333 237.646545
8.810667 236.958862
8.816000 237.033844
8.821333 238.258301
8.826667 239.912613
8.832000 241.037369
8.837334 243.169968
8.842667 245.868912
8.848000 250.018234
8.853333 253.352615
8.858666 255.248322
8.864000 256.316589
8.869333 257.673279
8.874666 261.378021
8.880000 263.142792
8.885333 263.700806
8.890667 263.998383
8.896000 132.041962
8.901334 132.111481
8.906667 264.564362
8.912000 263.867645
8.917334 263.267792
8.922667 262.811615
8.928000 262.782684
8.933333 263.264679
8.938666 263.885681
8.944000 264.163422
8.949333 263.899200
8.954667 263.208649
8.960000 262.533386
8.965333 130.942749
8.970667 130.786118
8.976000 261.411377
8.981334 261.522736
8.986667 261.653351
8.992000 261.649872
8.997334 261.708160
9.002666 262.055084
9.008000 262.466339
9.013333 262.790741
9.018666 263.128967
9.024000 131.708939
9.029333 78.183731
9.034667 78.187805
9.040000 169.766296
9.045333 156.410812
9.050667 169.074326
9.056000 154.472992
9.061334 160.553909
9.066667 78.404015
9.072000 78.368301
9.077333 196.762924
9.082666 114.781334
9.088000 114.800919
9.093333 264.230408
9.098666 264.817383
9.104000 266.180847
9.109333 268.632355
9.114667 268.304321
9.120000 265.449249
9.125334 261.791534
9.130667 259.501587
9.136000 257.385254
9.141334 255.066498
9.146667 252.416901
9.152000 247.425476
9.157333 242.900192
9.162666 240.006744
9.168000 237.019379
9.173333 235.236755
9.178667 234.555908
9.184000 234.458252
9.189333 234.426849
9.194667 234.435043
9.200000 234.716766
9.205334 234.995941
9.210667 234.700943
9.216000 233.926422
9.221334 233.250763
9.226666 232.853943
9.232000 232.529968
9.237333 232.252853
9.242666 232.781677
9.248000 233.797363
9.253333 234.201050
9.258667 234.121765
9.264000 234.255234
9.269333 234.864685
9.274667 235.209473
9.280000 234.881241
9.285334 231.166870
9.290667 103.337410
9.296000 206.952225
9.301333 206.937103
9.306666 206.658997
9.312000 206.070587
9.317333 205.357529
9.322667 204.071793
9.328000 201.979233
9.333333 200.718521
9.338667 200.453903
9.344000 200.595322
9.349334 200.116989
9.354667 199.181961
9.360000 198.783752
9.365334 198.630936
9.370667 198.276077
9.376000 197.693802
9.381333 197.555634
9.386666 198.087051
9.392000 199.383057
9.397333 201.108109
9.402667 201.533295
9.408000 199.187820
9.413333 197.196472
9.418667 196.525146
9.424000 195.832275
9.429334 195.413086
9.434667 97.663582
9.440000 97.562454
9.445333 77.769585
9.450666 77.628067
9.456000 154.916122
9.461333 155.736267
9.466666 156.443726
9.472000 199.527695
9.477333 0.000000
9.482667 0.000000
9.488000 112.729439
9.493333 115.713440
9.498667 117.432419
9.504000 119.280624
9.509334 122.685661
9.514667 248.348083
9.520000 249.952393
9.525333 249.605087
9.530666 243.990616
9.536000 242.079742
9.541333 240.796692
9.546667 239.448654
9.552000 238.211060
9.557333 236.991684
9.562667 236.196213
9.568000 235.709671
9.573334 235.117584
9.578667 234.060898
9.584000 232.461807
9.589334 231.279663
9.594666 230.745758
9.600000 230.546036
9.605333 230.609161
9.610666 230.871246
9.616000 231.195084
9.621333 231.479111
9.626667 231.778809
9.632000 232.243637
9.637333 232.974960
9.642667 233.826553
9.648000 234.312592
9.653334 234.197067
9.658667 233.616760
9.664000 232.160217
9.669333 229.738510
9.674666 115.171005
9.680000 115.287598
9.685333 220.035446
9.690666 218.407928
9.696000 168.452209
9.701333 780.904480
9.706667 210.356018
9.712000 208.945007
9.717334 206.652634
9.722667 204.472504
9.728000 203.146149
9.733334 200.086044
9.738667 197.235641
9.744000 195.323563
9.749333 193.538177
9.754666 192.181320
9.760000 191.469070
9.765333 191.325775
9.770667 191.969498
9.776000 193.288605
9.781333 194.095978
9.786667 194.447739
9.792000 194.761627
9.797334 195.154083
9.802667 195.422333
9.808000 195.733871
9.813334 196.252335
9.818666 196.830475
9.824000 197.280945
9.829333 197.509872
9.834666 117.142265
9.840000 116.482292
9.845333 116.168335
9.850667 116.784332
9.856000 117.630730
9.861333 117.518372
9.866667 117.374084
9.872000 117.396683
9.877334 117.419609
9.882667 117.306267
9.888000 117.181061
9.893333 117.206268
9.898666 117.463455
9.904000 117.561028
9.909333 117.348183
9.914667 101.783859
9.920000 599.395142
9.925333 798.721191
9.930667 185.418243
9.936000 184.581131
9.941334 183.895828
9.946667 182.795029
9.952000 180.841141
9.957334 177.666824
9.962667 176.031921
9.968000 175.067047
9.973333 174.269775
9.978666 173.308472
9.984000 172.355606
9.989333 171.984451
9.994667 171.867142
10.000000 171.949738
10.005333 172.497589
10.010667 173.420227
10.016000 175.398560
10.021334 176.355713
10.026667 176.446945
10.032000 176.186584
10.037333 175.754272
10.042666 175.454636
10.048000 175.176956
10.053333 174.690018
10.058666 173.871658
10.064000 219.635315
10.069333 219.060364
10.074667 218.430649
10.080000 58.329647
10.085333 117.540985
10.090667 117.590813
10.096000 117.803421
10.101334 117.975052
10.106667 117.896652
10.112000 117.675957
10.117333 157.988922
10.122666 157.650452
10.128000 157.778580
10.133333 158.086060
10.138667 158.453735
10.144000 158.978561
10.149333 159.804611
10.154667 117.903046
10.160000 118.060829
10.165334 245.357880
10.170667 165.689270
10.176000 165.686600
10.181334 165.553665
10.186666 165.310593
10.192000 164.881912
10.197333 117.066467
10.202666 117.274651
10.208000 117.281456
10.213333 117.289398
10.218667 117.303505
10.224000 117.258102
10.229333 117.127747
10.234667 117.056366
10.240000 117.692307
10.245334 118.297043
10.250667 118.246277
10.256000 117.816750
10.261333 117.748962
10.266666 232.858826
10.272000 243.258423
10.277333 243.905548
10.282666 269.758759
10.288000 0.000000
10.293333 355.512146
10.298667 355.212646
10.304000 179.949753
10.309334 172.346848
10.314667 172.044266
10.320000 172.156387
10.325334 173.053955
10.330667 174.320343
10.336000 164.368942
10.341333 165.595871
10.346666 166.260574
10.352000 117.184990
10.357333 117.241043
10.362667 113.626663
10.368000 78.730476
10.373333 78.751190
10.378667 117.419525
10.384000 117.105896
10.389334 117.117363
10.394667 117.463814
10.400000 117.650993
10.405334 117.592102
10.410666 117.491379
10.416000 117.332054
10.421333 117.073219
10.426666 117.034729
10.432000 117.079605
10.437333 117.091110
10.442667 119.417480
10.448000 170.484467
10.453333 170.810104
10.458667 171.116821
10.464000 175.948593
10.469334 177.146530
10.474667 178.469055
10.480000 178.220001
10.485333 177.826584
10.490666 177.526398
10.496000 176.177078
10.501333 173.954239
10.506667 170.125381
10.512000 169.203812
10.517333 167.398376
10.522667 329.512634
10.528000 117.317291
10.533334 117.107834
10.538667 116.692680
10.544000 309.243561
10.549334 411.157135
10.554667 403.395233
10.560000 399.350647
10.565333 401.208130
10.570666 143.308014
10.576000 416.364288
10.581333 420.285583
10.586667 429.119232
10.592000 387.069702
10.597333 174.553070
10.602667 174.704529
10.608000 175.125748
10.613334 174.868011
10.618667 174.637543
10.624000 174.410797
10.629333 173.521896
10.634666 172.643738
10.640000 116.794434
10.645333 117.111404
10.650666 178.192474
10.656000 178.090775
10.661333 116.513741
10.666667 116.289246
10.672000 116.320442
10.677333 118.399475
10.682667 118.200447
10.688000 115.636581
10.693334 116.694580
10.698667 117.822632
10.704000 117.858475
10.709333 117.731537
10.714666 117.271622
10.720000 116.312416
10.725333 116.250847
10.730667 116.713470
10.736000 117.588768
10.741333 117.844078
10.746667 117.816826
10.752000 117.561485
10.757334 115.960777
10.762667 115.775963
10.768000 118.464897
10.773334 118.697182
10.778666 116.266006
10.784000 116.265930
10.789333 117.824280
10.794666 117.617264
10.800000 117.519928
10.805333 117.544044
10.810667 117.613609
10.816000 117.659004
10.821333 117.703247
10.826667 117.657097
10.832000 117.521797
10.837334 117.621536
10.842667 117.879982
10.848000 117.978745
10.853333 117.922371
10.858666 117.776382
10.864000 600.343201
10.869333 600.716003
10.874666 603.709473
10.880000 610.343445
10.885333 224.171844
10.890667 222.243469
10.896000 219.919174
10.901334 217.975800
10.906667 218.378326
10.912000 219.544342
10.917334 220.443008
10.922667 221.356369
10.928000 222.256012
10.933333 222.547409
10.938666 215.658295
10.944000 215.989029
10.949333 217.048416
10.954667 217.996445
10.960000 217.925201
10.965333 217.027161
10.970667 215.848434
10.976000 215.810944
10.981334 216.521118
10.986667 215.308197
10.992000 214.422241
10.997334 339.765411
11.002666 127.365906
11.008000 125.036926
11.013333 97.637283
11.018666 198.479706
11.024000 198.949936
11.029333 199.469635
11.034667 157.878540
11.040000 157.163315
11.045333 130.001236
11.050667 98.765144
11.056000 98.246872
11.061334 98.167320
11.066667 195.500961
11.072000 131.521271
11.077333 131.832275
11.082666 132.425339
11.088000 133.089005
11.093333 163.916931
11.098666 164.540955
11.104000 164.812378
11.109333 164.631668
11.114667 147.798035
11.120000 147.658188
11.125334 148.201187
11.130667 149.225616
11.136000 149.649612
11.141334 312.093384
11.146667 311.436890
11.152000 309.749878
11.157333 147.996140
11.162666 148.242035
11.168000 132.931992
11.173333 133.002823
11.178667 133.007553
11.184000 132.815582
11.189333 132.533798
11.194667 132.597015
11.200000 132.900833
11.205334 132.943115
11.210667 132.614075
11.216000 130.777344
11.221334 130.653412
11.226666 130.646286
11.232000 130.873627
11.237333 131.275406
11.242666 131.852798
11.248000 133.714005
11.253333 134.476364
11.258667 164.052856
11.264000 164.462204
11.269333 164.976746
11.274667 132.105652
11.280000 131.924011
11.285334 198.162216
11.290667 197.852524
11.296000 198.075378
11.301333 198.510757
11.306666 199.084915
11.312000 199.710678
11.317333 199.847794
11.322667 1104.373047
11.328000 1078.151123
11.333333 1038.301270
11.338667 301.076599
11.344000 301.835175
11.349334 302.041351
11.354667 302.214325
11.360000 1295.362549
11.365334 1282.974243
11.370667 1268.821411
11.376000 1266.229858
11.381333 1274.750854
11.386666 1278.357056
11.392000 1251.933594
11.397333 1226.662842
11.402667 1225.926392
11.408000 1238.204224
11.413333 1235.865845
11.418667 1196.208252
11.424000 1156.228027
11.429334 186.935181
11.434667 903.790894
11.440000 113.206245
11.445333 113.244347
11.450666 98.502769
11.456000 98.542198
11.461333 98.481529
11.466666 130.735733
11.472000 131.007385
11.477333 196.278458
11.482667 234.052765
11.488000 202.967163
11.493333 193.287354
11.498667 195.363235
11.504000 196.930527
11.509334 197.868912
11.514667 198.357437
11.520000 198.115356
11.525333 197.271927
11.530666 130.425797
11.536000 130.391846
11.541333 131.050766
11.546667 131.440643
11.552000 131.276703
11.557333 131.144165
11.562667 131.113403
11.568000 131.140823
11.573334 131.252747
11.578667 131.417297
11.584000 131.462524
11.589334 131.466583
11.594666 131.468735
11.600000 131.463669
11.605333 131.398346
11.610666 131.217087
11.616000 131.026474
11.621333 393.742889
11.626667 395.319916
11.632000 396.127380
11.637333 106.974022
11.642667 107.312630
11.648000 215.466797
11.653334 215.869354
11.658667 215.650726
11.664000 207.316864
11.669333 203.068268
11.674666 202.451889
11.680000 201.828262
11.685333 200.263275
11.690666 291.848083
11.696000 608.232666
11.701333 295.797577
11.706667 299.153809
11.712000 300.548645
11.717334 300.832184
11.722667 301.779449
11.728000 308.216766
11.733334 210.385605
11.738667 211.611542
11.744000 213.157043
11.749333 215.373505
11.754666 130.605453
11.760000 130.675323
11.765333 130.992538
11.770667 131.142471
11.776000 130.810684
11.781333 130.602554
11.786667 130.591843
11.792000 130.504547
11.797334 130.900101
11.802667 137.997009
11.808000 0.000000
11.813334 233.376236
11.818666 232.565704
11.824000 0.000000
11.829333 104.376595
11.834666 104.451111
11.840000 98.697495
11.845333 98.608521
11.850667 146.885178
11.856000 96.822128
11.861333 227.996155
11.866667 240.007935
11.872000 238.840546
11.877334 238.282822
11.882667 238.141968
11.888000 237.402740
11.893333 235.043228
11.898666 233.885834
11.904000 234.379303
11.909333 234.980560
11.914667 235.223862
11.920000 235.239624
11.925333 235.186142
11.930667 235.647202
11.936000 237.206543
11.941334 238.360367
11.946667 240.702393
11.952000 243.276993
11.957334 246.374313
11.962667 248.667679
11.968000 250.644913
11.973333 253.228394
11.978666 257.403809
11.984000 259.738434
11.989333 260.647858
11.994667 261.478699
12.000000 262.290161
12.005333 263.231567
12.010667 264.372040
12.016000 265.260651
12.021334 265.536163
12.026667 265.401978
12.032000 265.401215
12.037333 265.751312
12.042666 266.272522
12.048000 266.639709
12.053333 266.616882
12.058666 266.097870
12.064000 265.252533
12.069333 264.831451
12.074667 264.863922
12.080000 265.035461
12.085333 264.845825
12.090667 263.527039
12.096000 254.424255
12.101334 371.998016
12.106667 369.476959
12.112000 373.087677
12.117333 380.081482
12.122666 383.845856
12.128000 384.599884
12.133333 145.966202
12.138667 145.781723
12.144000 131.147400
12.149333 131.308395
12.154667 131.379959
12.160000 131.187592
12.165334 198.323624
12.170667 65.491074
12.176000 65.517334
12.181334 173.806671
12.186666 173.428909
12.192000 173.073318
12.197333 130.766998
12.202666 130.723618
12.208000 130.642670
12.213333 130.517960
12.218667 130.475479
12.224000 130.528366
12.229333 130.495468
12.234667 335.996552
12.240000 334.204254
12.245334 419.924316
12.250667 417.139069
12.256000 160.647598
12.261333 318.433929
12.266666 317.921722
12.272000 317.418091
12.277333 317.007446
12.282666 316.662598
12.288000 316.603943
12.293333 317.034027
12.298667 317.591888
12.304000 316.707367
12.309334 312.848969
12.314667 309.989502
12.320000 308.828003
12.325334 308.287811
12.330667 307.640442
12.336000 306.927124
12.341333 306.817657
12.346666 153.667297
12.352000 154.222137
12.357333 461.761047
12.362667 463.672180
12.368000 467.090027
12.373333 426.071716
12.378667 172.899689
12.384000 173.168304
12.389334 130.330841
12.394667 129.492264
12.400000 185.908676
12.405334 186.470596
12.410666 263.245087
12.416000 118.011856
12.421333 86.966187
12.426666 114.185516
12.432000 114.105881
12.437333 113.913528
12.442667 0.000000
12.448000 263.290863
12.453333 264.433075
12.458667 264.350800
12.464000 263.397003
12.469334 262.221436
12.474667 261.336548
12.480000 260.749786
12.485333 260.384613
12.490666 259.979797
12.496000 415.681519
12.501333 414.735626
12.506667 413.596252
12.512000 256.536102
12.517333 255.543060
12.522667 254.765961
12.528000 254.351639
12.533334 254.310165
12.538667 2155.159180
12.544000 254.508926
12.549334 254.860718
12.554667 255.701538
12.560000 256.822205
12.565333 411.970825
12.570666 410.338135
12.576000 408.363647
12.581333 135.973709
12.586667 106.671669
12.592000 102.730972
12.597333 102.932907
12.602667 103.568016
12.608000 104.099144
12.613334 411.269562
12.618667 411.334259
12.624000 103.940552
12.629333 139.438980
12.634666 139.290115
12.640000 139.046112
12.645333 421.660248
12.650666 423.844666
12.656000 426.047607
12.661333 427.124054
12.666667 426.435425
12.672000 424.862030
12.677333 423.361877
12.682667 422.844788
12.688000 422.569000
12.693334 212.981583
12.698667 104.374733
12.704000 103.945389
12.709333 103.641464
12.714666 103.497368
12.720000 208.695435
12.725333 209.884018
12.730667 314.250641
12.736000 104.774193
12.741333 104.761040
12.746667 2388.927979
12.752000 2432.656494
12.757334 2493.289062
12.762667 404.290100
12.768000 142.237762
12.773334 2640.097900
12.778666 2621.368164
12.784000 2588.953857
12.789333 2544.309814
12.794666 2489.098145
12.800000 2496.811768
12.805333 2557.423584
12.810667 2593.375000
12.816000 2605.345703
12.821333 2592.541748
12.826667 2565.998047
12.832000 2550.421143
12.837334 2555.811035
12.842667 2575.695068
12.848000 210.377853
12.853333 210.428574
12.858666 140.596313
12.864000 418.176361
12.869333 207.369736
12.874666 414.147614
12.880000 103.703407
12.885333 103.792595
12.890667 103.667084
12.896000 206.975464
12.901334 413.543671
12.906667 413.415283
12.912000 103.704041
12.917334 103.721863
12.922667 103.884163
12.928000 104.098923
12.933333 103.985649
12.938666 103.534637
12.944000 103.656067
12.949333 104.057304
12.954667 104.262779
12.960000 104.085152
12.965333 155.571899
12.970667 111.731369
12.976000 111.755257
12.981334 103.243401
12.986667 103.318481
12.992000 103.674866
12.997334 104.105164
13.002666 104.163078
13.008000 102.978035
13.013333 102.794014
13.018666 102.717163
13.024000 102.596733
13.029333 106.106865
13.034667 106.146301
13.040000 431.615570
13.045333 368.232239
13.050667 423.090118
13.056000 104.321320
13.061334 104.944595
13.066667 105.542015
13.072000 106.040901
13.077333 106.037003
13.082666 105.608414
13.088000 313.962616
13.093333 313.383087
13.098666 157.339066
13.104000 104.034851
13.109333 103.935158
13.114667 103.946815
13.120000 104.035583
13.125334 104.150330
13.130667 104.175385
13.136000 104.055428
13.141334 156.296722
13.146667 156.074295
13.152000 156.107376
13.157333 103.720619
13.162666 103.676338
13.168000 103.711853
13.173333 103.661911
13.178667 103.416107
13.184000 154.716888
13.189333 103.359001
13.194667 104.040298
13.200000 104.013939
13.205334 104.021492
13.210667 104.035233
13.216000 104.059807
13.221334 104.091072
13.226666 103.967194
13.232000 103.638435
13.237333 103.636703
13.242666 103.979126
13.248000 104.119141
13.253333 104.112198
13.258667 104.083176
13.264000 103.938049
13.269333 103.692993
13.274667 103.770256
13.280000 103.882332
13.285334 103.825714
13.290667 103.816772
13.296000 103.919975
13.301333 103.937820
13.306666 103.906555
13.312000 104.009827
13.317333 104.142693
13.322667 104.129585
13.328000 104.082359
13.333333 104.180794
13.338667 104.337532
13.344000 104.395798
13.349334 415.011047
13.354667 237.777786
13.360000 238.061264
13.365334 104.728668
13.370667 289.618469
13.376000 292.687988
13.381333 297.439545
13.386666 300.777161
13.392000 304.045685
13.397333 232.434937
13.402667 408.396851
13.408000 410.331879
13.413333 412.551727
13.418667 414.827515
13.424000 416.376678
13.429334 324.197723
13.434667 324.534729
13.440000 325.084808
13.445333 163.320099
13.450666 163.818771
13.456000 326.877899
13.461333 327.701935
13.466666 328.615540
13.472000 331.098572
13.477333 1542.903931
13.482667 171.950684
13.488000 1573.280029
13.493333 1557.615479
13.498667 180.607025
13.504000 182.920349
13.509334 373.980377
13.514667 376.362061
13.520000 378.763733
13.525333 126.181305
13.530666 126.265045
13.536000 126.090836
13.541333 187.921814
13.546667 187.240524
13.552000 186.207138
13.557333 185.227615
13.562667 184.359848
13.568000 1565.279419
13.573334 357.507935
13.578667 355.427399
13.584000 353.417175
13.589334 351.842010
13.594666 350.672150
13.600000 175.273682
13.605333 175.666458
13.610666 353.061768
13.616000 354.595123
13.621333 356.386658
13.626667 358.578491
13.632000 361.780792
13.637333 366.286896
13.642667 371.124237
13.648000 373.999115
13.653334 373.800690
13.658667 371.648102
13.664000 368.653107
13.669333 365.845062
13.674666 103.997963
13.680000 103.977783
13.685333 103.903641
13.690666 209.563965
13.696000 209.478867
13.701333 209.373032
13.706667 209.138550
13.712000 208.808228
13.717334 104.178612
13.722667 103.954170
13.728000 103.775002
13.733334 103.824760
13.738667 103.924042
13.744000 103.907829
13.749333 103.894341
13.754666 104.276505
13.760000 104.315849
13.765333 197.800659
13.770667 198.453278
13.776000 201.150269
13.781333 384.089111
13.786667 384.706604
13.792000 384.399994
13.797334 382.725189
13.802667 907.138245
13.808000 886.593201
13.813334 183.450989
13.818666 848.189270
13.824000 836.477234
13.829333 828.614807
13.834666 823.026672
13.840000 818.193481
13.845333 814.907043
13.850667 814.531067
13.856000 123.673279
13.861333 124.274391
13.866667 124.793190
13.872000 125.209801
13.877334 125.643150
13.882667 126.318329
13.888000 127.105194
13.893333 127.715912
13.898666 128.545700
13.904000 129.236511
13.909333 129.758011
13.914667 130.044418
13.920000 195.081528
13.925333 195.187820
13.930667 195.147339
13.936000 195.101761
13.941334 195.213730
13.946667 195.453949
13.952000 195.611282
13.957334 195.758072
13.962667 196.028656
13.968000 196.192307
13.973333 196.083374
13.978666 195.856201
13.984000 195.885986
13.989333 195.902664
13.994667 195.571381
14.000000 195.194534
14.005333 195.061401
14.010667 194.952347
14.016000 194.479965
14.021334 193.952576
14.026667 193.659531
14.032000 193.535477
14.037333 386.371185
14.042666 386.720154
14.048000 386.095184
14.053333 384.621521
14.058666 382.994476
14.064000 381.879486
14.069333 381.260284
14.074667 380.823608
14.080000 380.812500
14.085333 191.539642
14.090667 193.420700
14.096000 193.068939
14.101334 190.416641
14.106667 189.040802
14.112000 187.983063
14.117333 237.786301
14.122666 117.344902
14.128000 117.393494
14.133333 117.399162
14.138667 113.867409
14.144000 110.451256
14.149333 405.200806
14.154667 397.950500
14.160000 196.904617
14.165334 196.562195
14.170667 388.825714
14.176000 383.408081
14.181334 379.759583
14.186666 376.456940
14.192000 373.229126
14.197333 370.285248
14.202666 368.374969
14.208000 367.141785
14.213333 366.189911
14.218667 364.993225
14.224000 363.789398
14.229333 362.996826
14.234667 363.024139
14.240000 119.742363
14.245334 119.343605
14.250667 211.014801
14.256000 210.983231
14.261333 176.967896
14.266666 176.699921
14.272000 176.642273
14.277333 176.690811
14.282666 176.683914
14.288000 176.702255
14.293333 176.711105
14.298667 176.568771
14.304000 176.283279
14.309334 175.931610
14.314667 175.470490
14.320000 116.832275
14.325334 274.535065
14.330667 208.291458
14.336000 208.533356
14.341333 207.960266
14.346666 312.401031
14.352000 313.063354
14.357333 313.527130
14.362667 313.553284
14.368000 313.045258
14.373333 312.479767
14.378667 312.290955
14.384000 312.407684
14.389334 312.883118
14.394667 313.728058
14.400000 314.111877
14.405334 314.040985
14.410666 314.135956
14.416000 314.347046
14.421333 314.523132
14.426666 314.750092
14.432000 315.060181
14.437333 104.944191
14.442667 314.087433
14.448000 313.835144
14.453333 314.112183
14.458667 314.359009
14.464000 380.482819
14.469334 378.584503
14.474667 377.507690
14.480000 379.730194
14.485333 78.063454
14.490666 78.008965
14.496000 77.937370
14.501333 77.916397
14.506667 77.928970
14.512000 78.023872
14.517333 96.149879
14.522667 157.806305
14.528000 157.459763
14.533334 116.629608
14.538667 112.975632
14.544000 112.824120
14.549334 112.827995
14.554667 159.246490
14.560000 378.421478
14.565333 334.786407
14.570666 397.722534
14.576000 336.040405
14.581333 335.084381
14.586667 333.368011
14.592000 331.484070
14.597333 329.139832
14.602667 2249.174072
14.608000 2183.409180
14.613334 2155.174805
14.618667 2147.739746
14.624000 312.263275
14.629333 309.835663
14.634666 153.179794
14.640000 152.369431
14.645333 152.022797
14.650666 152.062744
14.656000 152.398270
14.661333 152.784470
14.666667 153.117279
14.672000 308.898926
14.677333 310.777863
14.682667 312.773010
14.688000 157.961044
14.693334 158.773422
14.698667 159.432556
14.704000 160.169510
14.709333 160.911285
14.714666 161.486664
14.720000 161.898163
14.725333 162.158600
14.730667 162.266693
14.736000 162.192703
14.741333 2591.252930
14.746667 2621.769287
14.752000 2601.964844
14.757334 2559.987305
14.762667 2536.341309
14.768000 2548.833252
14.773334 2590.257324
14.778666 2589.827148
14.784000 2569.061768
14.789333 2559.374268
14.794666 2558.618164
14.800000 2558.849854
14.805333 2567.116699
14.810667 2585.888184
14.816000 152.026855
14.821333 151.997757
14.826667 151.932053
14.832000 151.775513
14.837334 151.652985
14.842667 151.716339
14.848000 2491.006104
14.853333 2483.606934
14.858666 2482.204102
14.864000 2508.250244
14.869333 2553.520508
14.874666 2604.883545
14.880000 2662.969238
14.885333 2716.715820
14.890667 374.499512
14.896000 452.862274
14.901334 450.446777
14.906667 445.128448
14.912000 0.000000
14.917334 102.211006
14.922667 102.269745
14.928000 125.404778
14.933333 2484.229248
14.938666 2396.977539
14.944000 2433.480469
14.949333 2523.000000
14.954667 2562.244385
14.960000 2556.019775
14.965333 2519.558838
14.970667 2482.847168
14.976000 262.550659
14.981334 2522.379639
14.986667 238.820114
14.992000 240.413666
14.997334 241.187607
15.002666 242.120239
15.008000 243.756393
15.013333 245.824402
15.018666 247.682693
15.024000 248.681931
15.029333 249.291245
15.034667 250.205231
15.040000 252.058044
15.045333 254.091385
15.050667 255.174240
15.056000 255.392654
15.061334 255.073456
15.066667 254.578537
15.072000 254.214111
15.077333 254.022522
15.082666 253.833557
15.088000 253.425079
15.093333 252.757141
15.098666 252.142014
15.104000 231.891022
15.109333 232.901489
15.114667 233.753571
15.120000 234.587006
15.125334 238.330139
15.130667 238.459656
15.136000 237.450058
15.141334 236.770493
15.146667 236.240448
15.152000 235.399139
15.157333 234.294098
15.162666 233.617966
15.168000 233.247543
15.173333 233.184006
15.178667 233.478516
15.184000 233.921417
15.189333 117.015991
15.194667 233.581787
15.200000 233.425171
15.205334 233.370743
15.210667 233.400070
15.216000 233.598190
15.221334 233.840469
15.226666 233.885529
15.232000 233.580399
15.237333 232.756027
15.242666 231.418869
15.248000 230.174667
15.253333 229.084503
15.258667 227.577713
15.264000 225.815353
15.269333 77.750824
15.274667 77.833817
15.280000 77.925545
15.285334 77.865601
15.290667 77.814468
15.296000 77.937080
15.301333 77.991028
15.306666 77.998466
15.312000 77.993744
15.317333 77.950630
15.322667 77.776100
15.328000 77.676964
15.333333 179.139465
15.338667 340.340302
15.344000 197.554886
15.349334 197.782303
15.354667 77.498230
15.360000 77.544189
15.365334 77.476891
15.370667 532.633606
15.376000 205.722656
15.381333 130.220490
15.386666 249.690216
15.392000 250.489639
15.397333 250.405518
15.402667 249.814789
15.408000 248.962204
15.413333 247.815735
15.418667 242.950989
15.424000 241.821777
15.429334 2071.836182
15.434667 2044.849976
15.440000 235.963409
15.445333 235.116333
15.450666 234.120529
15.456000 232.821915
15.461333 231.759567
15.466666 231.389786
15.472000 231.659348
15.477333 232.665955
15.482667 234.048355
15.488000 235.332581
15.493333 236.713043
15.498667 238.288010
15.504000 240.235001
15.509334 242.598785
15.514667 245.319778
15.520000 247.730270
15.525333 248.714233
15.530666 194.144928
15.536000 193.897781
15.541333 193.989044
15.546667 78.091698
15.552000 78.009705
15.557333 78.052879
15.562667 78.162354
15.568000 232.623184
15.573334 212.014526
15.578667 211.691040
15.584000 198.265884
15.589334 198.097427
15.594666 78.216599
15.600000 77.830276
15.605333 77.646622
15.610666 77.798973
15.616000 77.995689
15.621333 78.086021
15.626667 78.068993
15.632000 77.933243
15.637333 77.931992
15.642667 78.008881
15.648000 157.386993
15.653334 157.978973
15.658667 116.432365
15.664000 157.188995
15.669333 157.471008
15.674666 0.000000
15.680000 112.179337
15.685333 100.716179
15.690666 114.318268
15.696000 114.376648
15.701333 114.516449
15.706667 114.774895
15.712000 117.248581
15.717334 117.716766
15.722667 118.101181
15.728000 118.357353
15.733334 118.460701
15.738667 186.840576
15.744000 188.536667
15.749333 194.485870
15.754666 194.491516
15.760000 194.965836
15.765333 195.862885
15.770667 195.841507
15.776000 195.731339
15.781333 195.741943
15.786667 195.855530
15.792000 196.081772
15.797334 196.314804
15.802667 196.362045
15.808000 189.298218
15.813334 174.948380
15.818666 175.538025
15.824000 175.817352
15.829333 175.462143
15.834666 117.763252
15.840000 175.659470
15.845333 175.819107
15.850667 175.634384
15.856000 116.826538
15.861333 116.714371
15.866667 116.829109
15.872000 117.084961
15.877334 118.413536
15.882667 173.055832
15.888000 173.047775
15.893333 173.194748
15.898666 165.613159
15.904000 116.376396
15.909333 116.436867
15.914667 238.144562
15.920000 239.034012
15.925333 239.547318
15.930667 239.619568
15.936000 239.165741
15.941334 238.315979
15.946667 237.203979
15.952000 236.114929
15.957334 235.036179
15.962667 233.746643
15.968000 231.984863
15.973333 230.482971
15.978666 229.843246
15.984000 229.364044
15.989333 228.787491
15.994667 228.116150
16.000000 227.415054
16.005333 227.071976
16.010666 227.518616
16.016001 230.420715
16.021334 233.745255
16.026667 235.509979
16.032000 237.165588
16.037333 238.871582
16.042667 240.273087
16.048000 240.893967
16.053333 240.457169
16.058666 237.319687
16.063999 152.283157
16.069334 118.000053
16.074667 117.848511
16.080000 114.312050
16.085333 114.360207
16.090666 116.572594
16.096001 234.436142
16.101334 231.361008
16.106667 116.786232
16.112000 117.424377
16.117332 119.209885
16.122667 119.160454
16.128000 118.405716
16.133333 118.071579
16.138666 118.056030
16.143999 118.140404
16.149334 113.965477
16.154667 229.640015
16.160000 230.791901
16.165333 231.836655
16.170666 233.378571
16.176001 236.530991
16.181334 238.352142
16.186666 238.788864
16.191999 237.915070
16.197332 235.853577
16.202667 234.563126
16.208000 233.635880
16.213333 233.203568
16.218666 233.653229
16.224001 234.612213
16.229334 235.643463
16.234667 237.563812
16.240000 240.175491
16.245333 242.523468
16.250668 246.145874
16.256001 249.182343
16.261333 250.977966
16.266666 252.659851
16.271999 255.193512
16.277334 258.628021
16.282667 261.735291
16.288000 263.698578
16.293333 264.694305
16.298666 265.213654
16.304001 265.422852
16.309334 265.518036
16.314667 265.669098
16.320000 265.789307
16.325333 265.677521
16.330667 265.229950
16.336000 264.484100
16.341333 263.619354
16.346666 262.840790
16.351999 262.286194
16.357334 261.833984
16.362667 261.286133
16.368000 260.747192
16.373333 260.504974
16.378666 260.708313
16.384001 261.194397
16.389334 261.640045
16.394667 261.915833
16.400000 262.014008
16.405333 261.973175
16.410667 261.913849
16.416000 261.861847
16.421333 261.745605
16.426666 182.576263
16.431999 117.128609
16.437334 117.414467
16.442667 117.724846
16.448000 0.000000
16.453333 0.000000
16.458666 269.104462
16.464001 196.974716
16.469334 203.475388
16.474667 202.236633
16.480000 178.056091
16.485332 178.430984
16.490667 184.905975
16.496000 186.252609
16.501333 168.427719
16.506666 168.701447
16.511999 177.892929
16.517334 177.765045
16.522667 117.253632
16.528000 117.202248
16.533333 176.806793
16.538666 176.515717
16.544001 175.973755
16.549334 175.594757
16.554667 175.388138
16.559999 175.279449
16.565332 175.101624
16.570667 174.688736
16.576000 174.566727
16.581333 117.464363
16.586666 117.909851
16.591999 117.845413
16.597334 58.437107
16.602667 58.433590
16.608000 58.447788
16.613333 116.561417
16.618668 116.807220
16.624001 117.022041
16.629333 117.045197
16.634666 116.848602
16.639999 116.637817
16.645334 116.478447
16.650667 116.575020
16.656000 116.779015
16.661333 116.774811
16.666666 116.598732
16.672001 116.485886
16.677334 116.425514
16.682667 116.328957
16.688000 116.329063
16.693333 116.441505
16.698668 116.516396
16.704000 116.405396
16.709333 116.105385
16.714666 116.135201
16.719999 116.483871
16.725334 116.742668
16.730667 116.911766
16.736000 117.073441
16.741333 117.002541
16.746666 116.739944
16.752001 116.675240
16.757334 116.655701
16.762667 116.691017
16.768000 116.677475
16.773333 116.600975
16.778667 116.590721
16.784000 116.679581
16.789333 116.842430
16.794666 117.030548
16.799999 117.152664
16.805334 117.168449
16.810667 172.822388
16.816000 173.134552
16.821333 173.885345
16.826666 174.955017
16.832001 175.777527
16.837334 176.059601
16.842667 175.998169
16.848000 111.125084
16.853333 117.243446
16.858667 117.173286
16.864000 114.524544
16.869333 228.556915
16.874666 114.814240
16.879999 115.116837
16.885334 115.669510
16.890667 160.129120
16.896000 161.247299
16.901333 162.136765
16.906666 163.159882
16.912001 166.127930
16.917334 167.745667
16.922667 168.413315
16.927999 243.210144
16.933332 244.967316
16.938667 246.093643
16.944000 247.584366
16.949333 249.894867
16.954666 251.895187
16.959999 253.388077
16.965334 254.609283
16.970667 255.535599
16.976000 256.591003
16.981333 258.160553
16.986666 259.675323
16.992001 260.606384
16.997334 260.984283
17.002666 261.114136
17.007999 261.231323
17.013334 261.359650
17.018667 261.393250
17.024000 261.313507
17.029333 261.144653
17.034666 260.822571
17.040001 260.400543
17.045334 260.138367
17.050667 260.231415
17.056000 260.563324
17.061333 260.586029
17.066668 260.171844
17.072001 259.855652
17.077333 259.760834
17.082666 259.730804
17.087999 259.838654
17.093334 260.151550
17.098667 260.533112
17.104000 260.872559
17.109333 261.183990
17.114666 261.612793
17.120001 262.232788
17.125334 262.999725
17.130667 263.364594
17.136000 263.131195
17.141333 262.633667
17.146667 262.322205
17.152000 262.327362
17.157333 262.348541
17.162666 262.146210
17.167999 261.839905
17.173334 261.591980
17.178667 261.497894
17.184000 261.633545
17.189333 261.849274
17.194666 261.811462
17.200001 261.399048
17.205334 261.157745
17.210667 261.326843
17.216000 261.501801
17.221333 261.475830
17.226667 130.487656
17.232000 130.467529
17.237333 130.521301
17.242666 130.606705
17.247999 130.672470
17.253334 261.305695
17.258667 261.012756
17.264000 130.420517
17.269333 130.326431
17.274666 260.544189
17.280001 260.653748
17.285334 260.696228
17.290667 260.562653
17.296000 260.273010
17.301332 259.803925
17.306667 130.294876
17.312000 130.398209
17.317333 130.519547
17.322666 130.544846
17.327999 130.518982
17.333334 130.467545
17.338667 130.436661
17.344000 130.521500
17.349333 261.161438
17.354666 261.567322
17.360001 261.819489
17.365334 130.939026
17.370667 130.851440
17.375999 130.738251
17.381332 130.746216
17.386667 130.840210
17.392000 130.860046
17.397333 130.774918
17.402666 130.664124
17.408001 130.578552
17.413334 130.588135
17.418667 130.709732
17.424000 261.404633
17.429333 190.575836
17.434668 190.368973
17.440001 260.768280
17.445333 260.687744
17.450666 261.053528
17.455999 261.649048
17.461334 130.716751
17.466667 130.615555
17.472000 130.539017
17.477333 261.263275
17.482666 261.324615
17.488001 261.270172
17.493334 260.916840
17.498667 260.420532
17.504000 260.466278
17.509333 261.200836
17.514668 261.707458
17.520000 261.639771
17.525333 261.573792
17.530666 261.809784
17.535999 262.176208
17.541334 262.059082
17.546667 261.455383
17.552000 261.204987
17.557333 261.529480
17.562666 261.855469
17.568001 261.572510
17.573334 261.229156
17.578667 130.515717
17.584000 262.172546
17.589333 262.452454
17.594667 262.558472
17.600000 131.084763
17.605333 131.036560
17.610666 130.990997
17.615999 130.963165
17.621334 130.965698
17.626667 261.889679
17.632000 262.372223
17.637333 262.565887
17.642666 262.387024
17.648001 262.136078
17.653334 262.117279
17.658667 262.410187
17.664000 262.728912
17.669333 262.802338
17.674667 262.549194
17.680000 262.277008
17.685333 262.204254
17.690666 262.139740
17.695999 261.933563
17.701334 261.577667
17.706667 261.287506
17.712000 261.433411
17.717333 261.871643
17.722666 262.001373
17.728001 261.953979
17.733334 262.046021
17.738667 262.475647
17.743999 262.997742
17.749332 262.962311
17.754667 262.449554
17.760000 262.043732
17.765333 261.914673
17.770666 261.931488
17.775999 261.912903
17.781334 261.824493
17.786667 261.809967
17.792000 261.831146
17.797333 261.758698
17.802668 261.634460
17.808001 130.918106
17.813334 130.955139
17.818666 130.996506
17.823999 130.945908
17.829334 130.795212
17.834667 130.707474
17.840000 130.753555
17.845333 261.931763
17.850666 262.157471
17.856001 262.303833
17.861334 262.155853
17.866667 261.719849
17.872000 261.326477
17.877333 261.163055
17.882668 261.207458
17.888000 261.319122
17.893333 261.297058
17.898666 261.166748
17.903999 261.080475
17.909334 261.004303
17.914667 260.668671
17.920000 259.875183
17.925333 258.583618
17.930666 256.812286
17.936001 253.845490
17.941334 251.133286
17.946667 173.459198
17.952000 543.932129
17.957333 541.165100
17.962667 241.292084
17.968000 241.040146
17.973333 241.219696
17.978666 165.162292
17.983999 330.680023
17.989334 0.000000
17.994667 0.000000
18.000000 228.942245
18.005333 229.722626
18.010666 174.736267
18.016001 176.205185
18.021334 176.526779
18.026667 527.324890
18.032000 133.210571
18.037333 133.543564
18.042667 133.888824
18.048000 178.823410
18.053333 268.961029
18.058666 269.288177
18.063999 269.556335
18.069334 270.339294
18.074667 271.532318
18.080000 272.230225
18.085333 272.311157
18.090666 272.349731
18.096001 193.220291
18.101334 192.606430
18.106667 193.565979
18.112000 194.581909
18.117332 195.375290
18.122667 196.483719
18.128000 197.658966
18.133333 198.537979
18.138666 199.349716
18.143999 200.022766
18.149334 200.436523
18.154667 200.675934
18.160000 200.696747
18.165333 199.866867
18.170666 199.227722
18.176001 200.676041
18.181334 202.706024
18.186666 203.436172
18.191999 297.986023
18.197332 298.071045
18.202667 297.770447
18.208000 115.364830
18.213333 115.183060
18.218666 115.272240
18.224001 116.190437
18.229334 116.536674
18.234667 204.319962
18.240000 204.218552
18.245333 204.112320
18.250668 204.007843
18.256001 203.940186
18.261333 292.121307
18.266666 292.160767
18.271999 292.088593
18.277334 291.729156
18.282667 291.356201
18.288000 204.773087
18.293333 204.925308
18.298666 292.233734
18.304001 292.439423
18.309334 406.001221
18.314667 407.757202
18.320000 411.145294
18.325333 298.056122
18.330667 299.754700
18.336000 300.926880
18.341333 204.984879
18.346666 101.422119
18.351999 101.700317
18.357334 101.875847
18.362667 101.914459
18.368000 203.814560
18.373333 304.212402
18.378666 304.022339
18.384001 303.755707
18.389334 203.158051
18.394667 202.595306
18.400000 301.295044
18.405333 299.226257
18.410667 296.641052
18.416000 294.976746
18.421333 294.017853
18.426666 293.150757
18.431999 292.362885
18.437334 291.880432
18.442667 291.680511
18.448000 291.514343
18.453333 291.080597
18.458666 290.444183
18.464001 289.903412
18.469334 289.731995
18.474667 289.985596
18.480000 290.483429
18.485332 291.240326
18.490667 292.184204
18.496000 293.180511
18.501333 294.139069
18.506666 294.754578
18.511999 295.219757
18.517334 295.794098
18.522667 296.448242
18.528000 296.841858
18.533333 296.899078
18.538666 296.895050
18.544001 297.100800
18.549334 297.220825
18.554667 296.867676
18.559999 296.116089
18.565332 295.185120
18.570667 294.458984
18.576000 294.107666
18.581333 293.794769
18.586666 293.202423
18.591999 292.483551
18.597334 292.081543
18.602667 292.208588
18.608000 292.803040
18.613333 293.550720
18.618668 293.929291
18.624001 293.888367
18.629333 293.591980
18.634666 293.306915
18.639999 293.310272
18.645334 293.427338
18.650667 293.608673
18.656000 293.828918
18.661333 293.794403
18.666666 293.502533
18.672001 412.254181
18.677334 293.728668
18.682667 293.661072
18.688000 208.448135
18.693333 208.379913
18.698668 293.343506
18.704000 293.489655
18.709333 293.724182
18.714666 293.960236
18.719999 293.887726
18.725334 293.216675
18.730667 291.884857
18.736000 290.388184
18.741333 289.687927
18.746666 289.702576
18.752001 289.758423
18.757334 289.438873
18.762667 201.740631
18.768000 118.118599
18.773333 118.373238
18.778667 204.217514
18.784000 204.360992
18.789333 205.768784
18.794666 99.288208
18.799999 99.751862
18.805334 100.275772
18.810667 421.027405
18.816000 207.453445
18.821333 206.566238
18.826666 205.625427
18.832001 205.073441
18.837334 154.967422
18.842667 205.698837
18.848000 205.351410
18.853333 204.827042
18.858667 204.792847
18.864000 205.261765
18.869333 205.347473
18.874666 204.688736
18.879999 203.340225
18.885334 203.106064
18.890667 202.837158
18.896000 202.467361
18.901333 202.126053
18.906666 201.681595
18.912001 201.225510
18.917334 200.967316
18.922667 200.924271
18.927999 201.035339
18.933332 201.284500
18.938667 201.947174
18.944000 203.138214
18.949333 204.193253
18.954666 202.997314
18.959999 201.310699
18.965334 200.862503
18.970667 200.450394
18.976000 199.916702
18.981333 153.912720
18.986666 154.049454
18.992001 197.861404
18.997334 197.963547
19.002666 197.793594
19.007999 153.839218
19.013334 154.036667
19.018667 197.944931
19.024000 198.384720
19.029333 153.902161
19.034666 153.541351
19.040001 153.348190
19.045334 153.253632
19.050667 153.093185
19.056000 152.718781
19.061333 152.441925
19.066668 152.234589
19.072001 151.944275
19.077333 151.601791
19.082666 151.212250
19.087999 150.848572
19.093334 150.598465
19.098667 150.182297
19.104000 148.968140
19.109333 148.178421
19.114666 147.845779
19.120001 147.540695
19.125334 146.958267
19.130667 145.834137
19.136000 144.609436
19.141333 143.852875
19.146667 143.276932
19.152000 142.829849
19.157333 142.374374
19.162666 141.632523
19.167999 140.906189
19.173334 140.309189
19.178667 114.278946
19.184000 138.776596
19.189333 138.751221
19.194666 138.751129
19.200001 138.624466
19.205334 277.838623
19.210667 277.120087
19.216000 276.378540
19.221333 275.905884
19.226667 275.494110
19.232000 274.666077
19.237333 273.337189
19.242666 272.467224
19.247999 272.141602
19.253334 272.027740
19.258667 272.110260
19.264000 272.554840
19.269333 273.002960
19.274666 272.825928
19.280001 271.834808
19.285334 270.496246
19.290667 269.328247
19.296000 268.906982
19.301332 269.750946
19.306667 271.266083
19.312000 272.495270
19.317333 273.933258
19.322666 275.724091
19.327999 275.888062
19.333334 274.277954
19.338667 271.779144
19.344000 103.988068
19.349333 104.097450
19.354666 104.130745
19.360001 104.103233
19.365334 104.108215
19.370667 104.154884
19.375999 104.151321
19.381332 104.008842
19.386667 103.852783
19.392000 103.885605
19.397333 104.014351
19.402666 104.023689
19.408001 103.976776
19.413334 103.937790
19.418667 103.997917
19.424000 157.787888
19.429333 157.790771
19.434668 103.938293
19.440001 103.873207
19.445333 103.875061
19.450666 103.943916
19.455999 104.033775
19.461334 104.075775
19.466667 104.082222
19.472000 104.027084
19.477333 103.932037
19.482666 103.940186
19.488001 104.090172
19.493334 104.306488
19.498667 104.368256
19.504000 104.191109
19.509333 103.969948
19.514668 103.919334
19.520000 104.096657
19.525333 423.397736
19.530666 426.655029
19.535999 430.351074
19.541334 114.924339
19.546667 246.892044
19.552000 247.325195
19.557333 247.542145
19.562666 216.775208
19.568001 175.872955
19.573334 104.650124
19.578667 105.290924
19.584000 106.438751
19.589333 106.929504
19.594667 107.267929
19.600000 107.416771
19.605333 107.477005
19.610666 107.444038
19.615999 160.935638
19.621334 161.046524
19.626667 160.964935
19.632000 160.774490
19.637333 160.650299
19.642666 160.801483
19.648001 161.273865
19.653334 162.062485
19.658667 324.099304
19.664000 325.281281
19.669333 327.537933
19.674667 331.197693
19.680000 334.390961
19.685333 336.541779
19.690666 208.982330
19.695999 210.443832
19.701334 211.584412
19.706667 211.908020
19.712000 212.111252
19.717333 212.400070
19.722666 212.364853
19.728001 184.887360
19.733334 185.256393
19.738667 184.876068
19.743999 184.084808
19.749332 183.586182
19.754667 183.061661
19.760000 557.458618
19.765333 554.148071
19.770666 367.975586
19.775999 366.159302
19.781334 118.726479
19.786667 118.051544
19.792000 175.894211
19.797333 175.379913
19.802668 174.907761
19.808001 206.835327
19.813334 207.430527
19.818666 207.905960
19.823999 342.541748
19.829334 342.992767
19.834667 343.314270
19.840000 343.834503
19.845333 344.548187
19.850666 345.834656
19.856001 348.273529
19.861334 351.609131
19.866667 212.881622
19.872000 212.848343
19.877333 213.258041
19.882668 184.513840
19.888000 185.134369
19.893333 185.212341
19.898666 185.092621
19.903999 184.976120
19.909334 184.729660
19.914667 123.320724
19.920000 123.036507
19.925333 122.779060
19.930666 122.249733
19.936001 1290.971924
19.941334 120.117027
19.946667 119.860519
19.952000 119.591331
19.957333 177.611099
19.962667 176.933456
19.968000 176.035324
19.973333 175.350830
19.978666 538.286377
19.983999 538.861572
19.989334 207.180710
19.994667 208.175262
20.000000 209.427612
20.005333 184.074371
20.010666 185.176025
20.016001 185.231613
20.021334 215.490479
20.026667 219.790695
20.032000 219.698334
20.037333 218.961914
20.042667 435.571594
20.048000 432.928772
20.053333 430.085785
20.058666 425.060425
20.063999 404.726166
20.069334 103.575333
20.074667 103.692764
20.080000 103.864220
20.085333 104.009758
20.090666 104.173180
20.096001 104.197319
20.101334 104.076164
20.106667 103.709503
20.112000 103.507774
20.117332 103.560448
20.122667 103.742096
20.128000 446.624451
20.133333 373.579041
20.138666 375.869965
20.143999 377.677399
20.149334 377.905670
20.154667 376.903900
20.160000 375.815247
20.165333 375.208588
20.170666 103.995972
20.176001 104.160591
20.181334 365.011383
20.186666 363.826294
20.191999 362.919098
20.197332 722.324036
20.202667 723.887756
20.208000 723.256775
20.213333 720.850220
20.218666 720.234192
20.224001 183.158600
20.229334 183.863068
20.234667 184.303009
20.240000 369.096588
20.245333 369.228088
20.250668 369.447235
20.256001 369.745178
20.261333 370.431549
20.266666 371.545044
20.271999 187.493561
20.277334 189.039902
20.282667 191.070618
20.288000 192.213470
20.293333 193.010971
20.298666 387.850586
20.304001 387.984375
20.309334 388.419586
20.314667 388.548553
20.320000 387.905182
20.325333 192.743347
20.330667 191.512726
20.336000 189.974823
20.341333 186.193008
20.346666 128.303329
20.351999 126.072174
20.357334 124.312828
20.362667 183.978439
20.368000 183.404327
20.373333 183.014954
20.378666 182.304489
20.384001 181.349884
20.389334 181.041168
20.394667 181.100372
20.400000 181.001114
20.405333 180.440384
20.410667 179.765106
20.416000 179.454300
20.421333 179.341660
20.426666 179.254532
20.431999 179.040680
20.437334 178.669922
20.442667 178.386734
20.448000 178.353897
20.453333 178.616104
20.458666 179.110336
20.464001 179.494064
20.469334 179.479019
20.474667 178.871140
20.480000 355.360138
20.485332 353.768066
20.490667 352.376221
20.496000 201.240753
20.501333 200.722717
20.506666 199.844009
20.511999 198.595291
20.517334 197.821915
20.522667 197.626099
20.528000 197.616013
20.533333 383.105652
20.538666 382.390167
20.544001 382.773956
20.549334 307.096832
20.554667 307.366425
20.559999 307.953003
20.565332 308.546448
20.570667 308.881042
20.576000 308.849945
20.581333 308.974182
20.586666 309.284637
20.591999 309.574982
20.597334 309.784424
20.602667 309.889343
20.608000 309.997375
20.613333 310.304901
20.618668 310.900726
20.624001 311.605103
20.629333 312.272522
20.634666 312.698151
20.639999 312.849060
20.645334 156.661606
20.650667 156.846100
20.656000 312.776947
20.661333 313.091980
20.666666 313.402283
20.672001 313.027130
20.677334 312.001526
20.682667 312.029633
20.688000 313.429291
20.693333 314.798401
20.698668 315.263092
20.704000 157.794418
20.709333 157.687042
20.714666 157.690201
20.719999 157.653107
20.725334 157.190918
20.730667 156.977051
20.736000 129.642197
20.741333 126.396881
20.746666 123.995750
20.752001 0.000000
20.757334 85.599800
20.762667 313.225586
20.768000 317.336731
20.773333 319.191437
20.778667 319.811371
20.784000 319.399872
20.789333 318.156677
20.794666 316.437286
20.799999 314.630432
20.805334 313.154236
20.810667 311.856812
20.816000 310.787811
20.821333 310.113403
20.826666 309.504883
20.832001 308.441528
20.837334 307.060913
20.842667 546.127625
20.848000 302.263916
20.853333 301.480194
20.858667 100.429314
20.864000 100.394669
20.869333 2405.577148
20.874666 2399.473145
20.879999 2402.094727
20.885334 2406.243408
20.890667 2422.059082
20.896000 2448.348633
20.901333 155.437988
20.906666 156.224960
20.912001 157.181046
20.917334 158.004578
20.922667 158.809311
20.927999 159.447342
20.933332 159.948380
20.938667 160.547165
20.944000 161.366913
20.949333 161.718124
20.954666 161.510773
20.959999 161.006226
20.965334 160.474106
20.970667 159.786560
20.976000 158.900284
20.981333 158.159943
20.986666 157.548019
20.992001 156.820755
20.997334 311.295807
21.002666 309.121521
21.007999 2606.603516
21.013334 152.663940
21.018667 151.905746
21.024000 151.345184
21.029333 300.935394
21.034666 299.449280
21.040001 2492.919922
21.045334 2451.242676
21.050667 2423.517334
21.056000 2419.470703
21.061333 294.762085
21.066668 293.658875
21.072001 291.339539
21.077333 288.730682
21.082666 285.236847
21.087999 282.536560
21.093334 280.576263
21.098667 278.214905
21.104000 275.821564
21.109333 272.949097
21.114666 256.356415
21.120001 100.826477
21.125334 551.231384
21.130667 550.357788
21.136000 235.569611
21.141333 233.113861
21.146667 230.840469
21.152000 228.934158
21.157333 227.610916
21.162666 227.023300
21.167999 227.152496
21.173334 228.114883
21.178667 229.555939
21.184000 230.881561
21.189333 232.569473
21.194666 234.497910
21.200001 235.869965
21.205334 236.706528
21.210667 237.683624
21.216000 239.582901
21.221333 242.514847
21.226667 246.122314
21.232000 248.728302
21.237333 250.147125
21.242666 125.366898
21.247999 251.676407
21.253334 252.503189
21.258667 253.047150
21.264000 253.579620
21.269333 253.863281
21.274666 253.438416
21.280001 252.078522
21.285334 196.084671
21.290667 196.100388
21.296000 196.610794
21.301332 197.151886
21.306667 197.110092
21.312000 237.979126
21.317333 237.332062
21.322666 236.506500
21.327999 235.639526
21.333334 234.454651
21.338667 232.910904
21.344000 231.721680
21.349333 231.271484
21.354666 231.381302
21.360001 231.930527
21.365334 232.658691
21.370667 233.144318
21.375999 233.401321
21.381332 233.982391
21.386667 234.982162
21.392000 235.740982
21.397333 236.193893
21.402666 236.673782
21.408001 237.456711
21.413334 237.872009
21.418667 237.593430
21.424000 236.790237
21.429333 235.341095
21.434668 197.375839
21.440001 196.235352
21.445333 196.325241
21.450666 197.093887
21.455999 197.484619
21.461334 197.077103
21.466667 196.486282
21.472000 196.139511
21.477333 196.004974
21.482666 196.199860
21.488001 196.395813
21.493334 195.952835
21.498667 195.320496
21.504000 195.328720
21.509333 195.655167
21.514668 78.191544
21.520000 78.181984
21.525333 196.084747
21.530666 196.319809
21.535999 235.658188
21.541334 237.476105
21.546667 246.711517
21.552000 247.688980
21.557333 248.229141
21.562666 124.006493
21.568001 123.453720
21.573334 123.073273
21.578667 121.579971
21.584000 120.951584
21.589333 119.835175
21.594667 119.445122
21.600000 236.458664
21.605333 117.364815
21.610666 117.006302
21.615999 116.680191
21.621334 232.132538
21.626667 115.313225
21.632000 115.156227
21.637333 114.945580
21.642666 229.663086
21.648001 229.871277
21.653334 230.709808
21.658667 232.031158
21.664000 233.377441
21.669333 234.885361
21.674667 236.441254
21.680000 237.542603
21.685333 238.447815
21.690666 239.444992
21.695999 240.567535
21.701334 241.488358
21.706667 242.106400
21.712000 242.591232
21.717333 121.497375
21.722666 121.474571
21.728001 121.287361
21.733334 241.585312
21.738667 240.638977
21.743999 239.576935
21.749332 238.485382
21.754667 237.296829
21.760000 235.636261
21.765333 234.209473
21.770666 233.133652
21.775999 232.045929
21.781334 231.177307
21.786667 230.324509
21.792000 229.134811
21.797333 228.200089
21.802668 227.593018
21.808001 227.299438
21.813334 227.271988
21.818666 227.454163
21.823999 227.924026
21.829334 228.801331
21.834667 229.714890
21.840000 230.443726
21.845333 231.046005
21.850666 231.618835
21.856001 232.298615
21.861334 233.221542
21.866667 234.017990
21.872000 117.921249
21.877333 118.082718
21.882668 118.351509
21.888000 118.845848
21.893333 119.148590
21.898666 238.744278
21.903999 238.459991
21.909334 237.728943
21.914667 236.736923
21.920000 235.875549
21.925333 235.313385
21.930666 234.649994
21.936001 233.878433
21.941334 115.968674
21.946667 115.728310
21.952000 115.547646
21.957333 115.395546
21.962667 115.246315
21.968000 230.039612
21.973333 229.533981
21.978666 229.231262
21.983999 229.347015
21.989334 229.860626
21.994667 230.718918
22.000000 0.000000
