0.000000 503.165558
0.005333 0.000000
0.010667 0.000000
0.016000 137.627411
0.021333 137.531128
0.026667 137.314407
0.032000 130.611420
0.037333 130.544128
0.042667 130.543045
0.048000 97.649559
0.053333 97.622940
0.058667 99.771431
0.064000 99.679413
0.069333 99.704590
0.074667 99.689102
0.080000 136.116440
0.085333 99.680443
0.090667 99.824234
0.096000 141.692032
0.101333 146.330475
0.106667 375.551788
0.112000 378.605682
0.117333 129.022751
0.122667 128.394791
0.128000 148.888062
0.133333 148.930130
0.138667 3837.093994
0.144000 102.169365
0.149333 81.105042
0.154667 133.326065
0.160000 133.526596
0.165333 124.804565
0.170667 100.723198
0.176000 100.732887
0.181333 100.696503
0.186667 200.978241
0.192000 99.872650
0.197333 99.814331
0.202667 132.446854
0.208000 132.804626
0.213333 133.136185
0.218667 0.000000
0.224000 99.761749
0.229333 99.431229
0.234667 0.000000
0.240000 0.000000
0.245333 100.024117
0.250667 99.893181
0.256000 99.720215
0.261333 99.737099
0.266667 99.936852
0.272000 100.140518
0.277333 99.921829
0.282667 99.684738
0.288000 99.040741
0.293333 98.667763
0.298667 98.365837
0.304000 98.226974
0.309333 98.154312
0.314667 99.917305
0.320000 100.083778
0.325333 100.031319
0.330667 97.788834
0.336000 97.709564
0.341333 97.623070
0.346667 97.475517
0.352000 99.406548
0.357333 97.575546
0.362667 97.881493
0.368000 98.268547
0.373333 98.451668
0.378667 98.534904
0.384000 98.645248
0.389333 99.377090
0.394667 99.326958
0.400000 310.349335
0.405333 311.101624
0.410667 0.000000
0.416000 517.291748
0.421333 249.937988
0.426667 250.996552
0.432000 226.860352
0.437333 197.267136
0.442667 95.869911
0.448000 97.970024
0.453333 97.966980
0.458667 97.900841
0.464000 99.063972
0.469333 98.794228
0.474667 98.731323
0.480000 4114.236328
0.485333 188.674438
0.490667 180.312119
0.496000 98.654564
0.501333 98.840034
0.506667 3910.739746
0.512000 3963.758057
0.517333 100.467514
0.522667 99.675644
0.528000 99.510735
0.533333 99.402809
0.538667 99.275597
0.544000 146.565628
0.549333 146.586273
0.554667 146.708282
0.560000 146.732224
0.565333 4181.176270
0.570667 4219.689941
0.576000 98.412331
0.581333 98.568825
0.586667 146.577011
0.592000 146.370346
0.597333 146.330780
0.602667 99.466766
0.608000 99.394073
0.613333 99.070099
0.618667 99.510239
0.624000 97.350281
0.629333 97.310699
0.634667 0.000000
0.640000 260.547913
0.645333 260.397675
0.650667 142.003265
0.656000 105.560715
0.661333 99.818756
0.666667 99.906815
0.672000 100.073410
0.677333 100.825897
0.682667 101.140663
0.688000 0.000000
0.693333 0.000000
0.698667 0.000000
0.704000 3842.274414
0.709333 3825.501221
0.714667 3829.545654
0.720000 3902.830811
0.725333 0.000000
0.730667 0.000000
0.736000 100.041405
0.741333 100.450928
0.746667 100.509071
0.752000 201.072906
0.757333 100.180618
0.762667 97.244789
0.768000 125.911255
0.773333 196.062912
0.778667 109.435837
0.784000 96.539894
0.789333 99.964104
0.794667 99.968391
0.800000 99.749405
0.805333 99.471947
0.810667 99.443726
0.816000 96.577629
0.821333 96.613548
0.826667 98.946007
0.832000 98.798332
0.837333 98.855499
0.842667 99.111542
0.848000 99.280746
0.853333 99.106728
0.858667 99.116806
0.864000 99.200653
0.869333 99.161194
0.874667 99.121376
0.880000 99.213387
0.885333 99.264580
0.890667 99.173218
0.896000 99.000298
0.901333 98.950714
0.906667 98.825882
0.912000 98.088211
0.917333 99.126755
0.922667 99.281792
0.928000 98.425217
0.933333 97.973892
0.938667 97.898994
0.944000 98.026955
0.949333 99.241196
0.954667 126.204353
0.960000 185.905289
0.965333 0.000000
0.970667 0.000000
0.976000 180.504272
0.981333 180.319412
0.986667 179.634247
0.992000 4027.875488
0.997333 4075.439453
1.002667 4128.798340
1.008000 78.551140
1.013333 4057.602783
1.018667 3981.485107
1.024000 3882.910400
1.029333 99.799118
1.034667 99.887230
1.040000 99.914902
1.045333 99.905823
1.050667 99.819756
1.056000 99.653259
1.061333 99.549789
1.066667 99.573204
1.072000 99.665588
1.077333 99.823692
1.082667 155.729675
1.088000 155.773483
1.093333 99.479805
1.098667 99.510757
1.104000 99.805122
1.109333 148.836731
1.114667 148.528198
1.120000 148.328400
1.125333 147.807190
1.130667 147.366562
1.136000 147.418732
1.141333 147.399216
1.146667 147.147903
1.152000 147.026001
1.157333 154.877167
1.162667 148.627563
1.168000 148.613205
1.173333 155.610214
1.178667 155.487579
1.184000 155.317520
1.189333 3909.837891
1.194667 3868.097412
1.200000 99.868370
1.205333 99.770943
1.210667 143.014023
1.216000 142.997971
1.221333 99.975983
1.226667 97.955086
1.232000 99.894867
1.237333 99.597267
1.242667 99.529785
1.248000 99.862221
1.253333 132.853455
1.258667 126.242310
1.264000 126.181450
1.269333 0.000000
1.274667 0.000000
1.280000 0.000000
1.285333 108.056229
1.290667 107.897461
1.296000 99.364922
1.301333 99.560532
1.306667 99.692314
1.312000 99.613388
1.317333 99.523483
1.322667 188.451019
1.328000 99.650803
1.333333 99.627846
1.338667 99.619438
1.344000 106.963608
1.349333 106.877029
1.354667 106.832443
1.360000 98.809769
1.365333 98.688248
1.370667 98.555038
1.376000 98.492142
1.381333 98.492729
1.386667 98.485245
1.392000 98.427872
1.397333 98.396324
1.402667 98.761673
1.408000 98.982193
1.413333 98.834328
1.418667 4055.473389
1.424000 4125.569824
1.429333 263.969910
1.434667 103.645111
1.440000 103.489845
1.445333 96.245499
1.450667 94.603073
1.456000 94.784950
1.461333 99.541351
1.466667 103.303810
1.472000 154.113708
1.477333 147.509659
1.482667 147.493423
1.488000 261.116394
1.493333 102.783615
1.498667 102.619011
1.504000 106.618744
1.509333 106.688988
1.514667 153.185547
1.520000 153.323196
1.525333 148.721558
1.530667 148.649033
1.536000 148.621933
1.541333 289.892975
1.546667 92.107414
1.552000 261.579254
1.557333 237.616348
1.562667 236.912445
1.568000 4330.430664
1.573333 4306.307617
1.578667 94.043541
1.584000 65.041206
1.589333 0.000000
1.594667 0.000000
1.600000 0.000000
1.605333 0.000000
1.610667 147.408508
1.616000 109.621437
1.621333 109.659271
1.626667 109.517952
1.632000 109.224739
1.637333 109.004837
1.642667 108.929543
1.648000 108.821075
1.653333 99.620804
1.658667 99.553719
1.664000 126.191643
1.669333 199.410660
1.674667 199.295990
1.680000 190.258987
1.685333 189.783417
1.690667 189.514084
1.696000 0.000000
1.701333 0.000000
1.706667 3679.035645
1.712000 0.000000
1.717333 99.897423
1.722667 99.836540
1.728000 197.592438
1.733333 197.450623
1.738667 196.979889
1.744000 210.128494
1.749333 210.196472
1.754667 0.000000
1.760000 126.235710
1.765333 126.346161
1.770667 139.556747
1.776000 129.839890
1.781333 100.434853
1.786667 100.299263
1.792000 99.786781
1.797333 99.792480
1.802667 99.863220
1.808000 99.853172
1.813333 99.726128
1.818667 97.377052
1.824000 0.000000
1.829333 395.967072
1.834667 395.284485
1.840000 362.861572
1.845333 0.000000
1.850667 230.353653
1.856000 230.140884
1.861333 109.152145
1.866667 0.000000
1.872000 86.411194
1.877333 96.861099
1.882667 0.000000
1.888000 0.000000
1.893333 0.000000
1.898667 113.754120
1.904000 113.695251
1.909333 113.494308
1.914667 113.463425
1.920000 107.337502
1.925333 98.379578
1.930667 98.661980
1.936000 115.565948
1.941333 115.790146
1.946667 0.000000
1.952000 0.000000
1.957333 205.722946
1.962667 206.147049
1.968000 206.735092
1.973333 199.644913
1.978667 199.518555
1.984000 0.000000
1.989333 3613.417725
1.994667 262.371429
2.000000 261.788971
2.005333 192.499146
2.010667 254.877792
2.016000 254.787064
2.021333 255.456039
2.026667 255.353577
2.032000 240.685379
2.037333 120.568993
2.042667 120.620865
2.048000 131.331451
2.053333 130.901962
2.058667 123.220558
2.064000 122.718895
2.069333 228.897507
2.074667 198.751678
2.080000 0.000000
2.085333 134.139404
2.090667 133.761520
2.096000 133.552917
2.101333 320.117218
2.106667 375.835693
2.112000 370.803436
2.117333 365.551697
2.122667 366.086334
2.128000 368.973114
2.133333 402.076447
2.138667 400.898773
2.144000 452.374939
2.149333 498.941711
2.154667 499.832001
2.160000 508.122681
2.165333 254.197815
2.170667 254.026062
2.176000 269.916290
2.181333 268.865479
2.186667 268.521271
2.192000 268.734528
2.197333 180.159683
2.202667 133.052704
2.208000 133.041046
2.213333 132.757889
2.218667 132.505005
2.224000 132.478867
2.229333 169.289444
2.234667 266.776947
2.240000 267.369324
2.245333 266.709991
2.250667 266.803467
2.256000 267.302551
2.261333 267.594513
2.266667 268.285614
2.272000 546.231689
2.277333 549.906616
2.282667 552.705261
2.288000 283.176575
2.293333 285.565704
2.298667 286.897858
2.304000 287.398529
2.309333 287.568695
2.314667 185.557098
2.320000 296.394012
2.325333 296.099121
2.330667 295.475067
2.336000 295.176361
2.341333 294.833801
2.346667 294.376068
2.352000 294.814636
2.357333 297.457123
2.362667 298.749451
2.368000 299.311310
2.373333 299.305145
2.378667 298.595398
2.384000 298.553894
2.389333 199.877731
2.394667 198.512207
2.400000 197.541153
2.405333 206.196762
2.410667 206.541016
2.416000 295.922699
2.421333 295.726318
2.426667 295.716705
2.432000 626.384033
2.437333 596.172852
2.442667 298.438354
2.448000 298.606750
2.453333 298.220551
2.458667 296.857819
2.464000 295.655304
2.469333 295.762451
2.474667 297.130402
2.480000 297.879761
2.485333 295.097168
2.490667 293.994110
2.496000 293.591949
2.501333 292.868713
2.506667 290.686646
2.512000 287.843048
2.517333 285.835266
2.522667 284.328918
2.528000 283.842773
2.533333 283.884125
2.538667 197.976639
2.544000 197.836533
2.549333 196.006317
2.554667 65.741043
2.560000 65.834221
2.565333 132.348785
2.570667 132.109787
2.576000 131.976654
2.581333 132.040344
2.586667 132.291946
2.592000 132.404312
2.597333 132.505936
2.602667 66.089394
2.608000 66.118317
2.613333 2340.817871
2.618667 2352.040527
2.624000 2366.172119
2.629333 130.839996
2.634667 130.614563
2.640000 131.040375
2.645333 131.528839
2.650667 131.915970
2.656000 133.229523
2.661333 66.417061
2.666667 208.771927
2.672000 208.949417
2.677333 224.882401
2.682667 224.592484
2.688000 224.256165
2.693333 224.461472
2.698667 243.259262
2.704000 242.442764
2.709333 241.850464
2.714667 241.803162
2.720000 243.497833
2.725333 245.055618
2.730667 168.586472
2.736000 168.647766
2.741333 253.555649
2.746667 237.701859
2.752000 239.821289
2.757333 239.956284
2.762667 221.072647
2.768000 221.119278
2.773333 219.848679
2.778667 218.832565
2.784000 198.592087
2.789333 197.582184
2.794667 207.418640
2.800000 207.358612
2.805333 199.206207
2.810667 199.154465
2.816000 198.548538
2.821333 197.562790
2.826667 196.616135
2.832000 354.255554
2.837333 537.970093
2.842667 538.042969
2.848000 177.399734
2.853333 265.985474
2.858667 265.048096
2.864000 533.631714
2.869333 533.316589
2.874667 532.732605
2.880000 532.783386
2.885333 194.542252
2.890667 195.021088
2.896000 195.693436
2.901333 196.091415
2.906667 539.977661
2.912000 197.430267
2.917333 197.503128
2.922667 197.200897
2.928000 196.913315
2.933333 196.744522
2.938667 196.705200
2.944000 196.776642
2.949333 196.897034
2.954667 197.043472
2.960000 197.056152
2.965333 196.727798
2.970667 196.114166
2.976000 195.626114
2.981333 195.414703
2.986667 195.429337
2.992000 195.518173
2.997333 195.864243
