0.000000 0.000000
0.005333 392.508667
0.010667 380.585876
0.016000 155.904877
0.021333 156.008774
0.026667 312.592773
0.032000 159.106522
0.037333 159.382080
0.042667 158.974167
0.048000 158.701385
0.053333 158.492279
0.058667 157.851715
0.064000 156.754425
0.069333 149.271103
0.074667 149.572174
0.080000 493.773346
0.085333 154.619278
0.090667 154.435883
0.096000 154.395569
0.101333 154.426163
0.106667 154.345261
0.112000 154.075012
0.117333 322.420990
0.122667 320.049500
0.128000 102.770882
0.133333 79.642830
0.138667 79.608360
0.144000 78.888000
0.149333 78.223450
0.154667 78.204018
0.160000 93.803108
0.165333 0.000000
0.170667 1207.915039
0.176000 3308.482910
0.181333 3401.717041
0.186667 168.035538
0.192000 175.661209
0.197333 175.299530
0.202667 181.980652
0.208000 181.533203
0.213333 181.942413
0.218667 182.379288
0.224000 182.450058
0.229333 182.212128
0.234667 191.494064
0.240000 191.218185
0.245333 191.028748
0.250667 190.978104
0.256000 572.027222
0.261333 573.449280
0.266667 571.650269
0.272000 181.425476
0.277333 178.297012
0.282667 176.589767
0.288000 175.455368
0.293333 169.590088
0.298667 167.287720
0.304000 153.873520
0.309333 106.254433
0.314667 106.436836
0.320000 82.779007
0.325333 84.132957
0.330667 84.649124
0.336000 82.081116
0.341333 0.000000
0.346667 77.586479
0.352000 77.643478
0.357333 78.068657
0.362667 78.025917
0.368000 77.933853
0.373333 77.497971
0.378667 104.207954
0.384000 104.346184
0.389333 0.000000
0.394667 0.000000
0.400000 0.000000
0.405333 486.225433
0.410667 491.370850
0.416000 492.381927
0.421333 489.752899
0.426667 453.863831
0.432000 377.405945
0.437333 319.298737
0.442667 289.213837
0.448000 156.952316
0.453333 576.435913
0.458667 155.962051
0.464000 155.337082
0.469333 154.756714
0.474667 154.328903
0.480000 154.473969
0.485333 155.422516
0.490667 155.347824
0.496000 154.883392
0.501333 154.419769
0.506667 154.191406
0.512000 154.166351
0.517333 154.326309
0.522667 154.600418
0.528000 154.806152
0.533333 154.856125
0.538667 154.823593
0.544000 154.751389
0.549333 154.656555
0.554667 154.609406
0.560000 154.738449
0.565333 154.983109
0.570667 155.181381
0.576000 155.408066
0.581333 155.831650
0.586667 296.802338
0.592000 296.251831
0.597333 296.235199
0.602667 125.977287
0.608000 125.923531
0.613333 78.334602
0.618667 78.455925
0.624000 78.457649
0.629333 78.193993
0.634667 78.167328
0.640000 78.218643
0.645333 78.441452
0.650667 78.482040
0.656000 78.274307
0.661333 78.199684
0.666667 78.313904
0.672000 318.006744
0.677333 317.315369
0.682667 288.080719
0.688000 269.746826
0.693333 258.083557
0.698667 544.043152
0.704000 543.429871
0.709333 549.716614
0.714667 153.475540
0.720000 152.542908
0.725333 151.903702
0.730667 151.476089
0.736000 151.120056
0.741333 150.961441
0.746667 151.490570
0.752000 152.193588
0.757333 152.064850
0.762667 151.441269
0.768000 150.734802
0.773333 317.884460
0.778667 317.263489
0.784000 316.206940
0.789333 158.003845
0.794667 158.327042
0.800000 158.452118
0.805333 158.186325
0.810667 157.440399
0.816000 156.952515
0.821333 156.556686
0.826667 156.783981
0.832000 158.540695
0.837333 2273.500000
0.842667 153.768875
0.848000 154.026962
0.853333 154.060440
0.858667 153.912048
0.864000 153.679291
0.869333 153.464096
0.874667 153.214569
0.880000 152.801559
0.885333 152.232025
0.890667 152.403549
0.896000 153.053207
0.901333 153.188843
0.906667 153.510666
0.912000 153.873001
0.917333 154.179047
0.922667 360.700195
0.928000 360.838715
0.933333 360.554504
0.938667 361.495544
0.944000 152.602066
0.949333 153.925934
0.954667 154.591660
0.960000 154.135468
0.965333 153.727951
0.970667 153.575516
0.976000 153.389862
0.981333 153.106567
0.986667 433.969269
0.992000 432.924957
0.997333 153.111938
1.002667 152.923965
1.008000 435.864227
1.013333 435.415283
1.018667 432.482758
1.024000 154.488358
1.029333 155.365540
1.034667 156.020203
1.040000 312.523254
1.045333 312.498230
1.050667 103.871994
1.056000 103.704285
1.061333 311.803101
1.066667 153.168625
1.072000 152.949158
1.077333 153.355621
1.082667 153.835449
1.088000 153.922485
1.093333 153.769958
1.098667 153.663010
1.104000 153.597015
1.109333 471.799744
1.114667 470.158844
1.120000 95.959465
1.125333 69.469032
1.130667 85.560135
1.136000 370.438660
1.141333 77.160828
1.146667 77.244598
1.152000 92.580078
1.157333 103.750099
1.162667 79.890366
1.168000 79.455338
1.173333 77.695793
1.178667 12293.161133
1.184000 12238.914062
1.189333 12157.875977
1.194667 12091.831055
1.200000 12034.887695
1.205333 11968.142578
1.210667 151.408752
1.216000 151.467545
1.221333 151.373856
1.226667 151.122955
1.232000 150.949387
1.237333 150.716537
1.242667 150.343689
1.248000 149.965088
1.253333 155.984695
1.258667 156.177658
1.264000 156.123505
1.269333 3260.756592
1.274667 3304.519531
1.280000 161.333664
1.285333 160.346542
1.290667 160.323914
1.296000 151.098297
1.301333 151.596252
1.306667 570.247131
1.312000 566.012024
1.317333 151.629700
1.322667 152.114822
1.328000 153.639481
1.333333 155.018600
1.338667 156.161346
1.344000 156.716721
1.349333 78.275238
1.354667 390.987701
1.360000 392.039551
1.365333 155.534058
1.370667 783.299438
1.376000 799.064453
1.381333 74.674332
1.386667 79.279137
1.392000 79.028275
1.397333 81.172363
1.402667 89.130753
1.408000 88.902733
1.413333 48.079548
1.418667 0.000000
1.424000 62.090443
1.429333 712.932922
1.434667 408.152344
1.440000 407.815765
1.445333 408.821625
1.450667 408.816040
1.456000 402.532776
1.461333 399.790375
1.466667 198.163559
1.472000 195.464188
1.477333 192.982742
1.482667 191.776291
1.488000 190.590714
1.493333 188.847168
1.498667 186.529556
1.504000 1075.515381
1.509333 180.723267
1.514667 179.602982
1.520000 727.044067
1.525333 754.004028
1.530667 313.370850
1.536000 174.446976
1.541333 174.619278
1.546667 174.811752
1.552000 174.396667
1.557333 77.862267
1.562667 155.245239
1.568000 155.350800
1.573333 312.304962
1.578667 314.047546
1.584000 315.731384
1.589333 315.271606
1.594667 314.557037
1.600000 314.445740
1.605333 314.659607
1.610667 316.302246
1.616000 367.811462
1.621333 370.227386
1.626667 378.467377
1.632000 78.186974
1.637333 78.217987
1.642667 156.464737
1.648000 156.360016
1.653333 156.694031
1.658667 313.083160
1.664000 342.203796
1.669333 343.121429
1.674667 392.816284
1.680000 389.099823
1.685333 185.598724
1.690667 185.456024
1.696000 1145.880005
1.701333 158.145309
1.706667 148.254852
1.712000 148.527451
1.717333 148.851257
1.722667 1127.071167
1.728000 150.646515
1.733333 151.197037
1.738667 151.794601
1.744000 152.360031
1.749333 152.742279
1.754667 152.943695
1.760000 572.963440
1.765333 574.939880
1.770667 576.192078
1.776000 488.945007
1.781333 428.535980
1.786667 427.517029
1.792000 442.824615
1.797333 146.900558
1.802667 184.409821
1.808000 89.545006
1.813333 89.510399
1.818667 89.342491
1.824000 86.460121
1.829333 86.437927
1.834667 76.833885
1.840000 76.634254
1.845333 151.696503
1.850667 4585.738770
1.856000 4557.290039
1.861333 4369.717773
1.866667 409.327209
1.872000 410.911133
1.877333 244.158676
1.882667 482.941406
1.888000 481.190582
1.893333 486.781158
1.898667 154.835617
1.904000 153.386490
1.909333 153.447433
1.914667 153.763092
1.920000 154.018661
1.925333 154.141998
1.930667 154.097427
1.936000 153.754288
1.941333 152.843536
1.946667 203.088440
1.952000 199.751724
1.957333 172.493225
1.962667 172.050842
1.968000 330.501221
1.973333 104.700378
1.978667 105.674660
1.984000 82.543442
1.989333 82.567886
1.994667 78.335968
2.000000 78.508163
2.005333 78.527435
2.010667 80.589104
2.016000 78.255173
2.021333 0.000000
2.026667 0.000000
2.032000 334.583038
2.037333 371.365936
2.042667 78.123077
2.048000 78.123199
2.053333 104.156319
2.058667 104.047150
2.064000 372.722504
2.069333 372.676575
2.074667 373.121796
2.080000 105.188805
2.085333 3447.946777
2.090667 3393.832520
2.096000 3355.268066
2.101333 3340.552246
2.106667 3340.382568
2.112000 3335.058105
2.117333 3307.649658
2.122667 3275.439209
2.128000 147.517334
2.133333 154.386429
2.138667 154.412247
2.144000 154.642181
2.149333 155.104797
2.154667 155.777512
2.160000 156.311661
2.165333 79.842453
2.170667 317.720703
2.176000 318.741699
2.181333 319.918304
2.186667 321.560120
2.192000 322.628967
2.197333 322.695557
2.202667 321.843872
2.208000 320.135315
2.213333 319.343109
2.218667 2399.166260
2.224000 2456.056152
2.229333 2477.357910
2.234667 463.334167
2.240000 463.511200
2.245333 464.354645
2.250667 466.325256
2.256000 466.882843
2.261333 462.635681
2.266667 457.285736
2.272000 453.704559
2.277333 94.128769
2.282667 155.306351
2.288000 373.073822
2.293333 313.666199
2.298667 369.961426
2.304000 363.898224
2.309333 362.033051
2.314667 362.421112
2.320000 78.378281
2.325333 351.180176
2.330667 361.229584
2.336000 366.875458
2.341333 367.837524
2.346667 367.304260
2.352000 359.334869
2.357333 154.656357
2.362667 150.229233
2.368000 151.158539
2.373333 151.468430
2.378667 151.665009
2.384000 151.834961
2.389333 3064.721924
2.394667 3023.094727
2.400000 2958.388672
2.405333 860.983704
2.410667 154.067841
2.416000 154.350922
2.421333 154.478271
2.426667 154.423019
2.432000 3111.387207
2.437333 3296.755615
2.442667 311.720856
2.448000 152.326050
2.453333 152.749069
2.458667 153.077469
2.464000 153.241943
2.469333 480.612274
2.474667 480.116089
2.480000 475.542511
2.485333 153.105453
2.490667 153.218445
2.496000 153.665604
2.501333 154.004227
2.506667 154.319397
2.512000 154.285690
2.517333 153.907410
2.522667 153.470642
2.528000 153.217407
2.533333 153.149078
2.538667 153.105896
2.544000 153.041061
2.549333 153.000214
2.554667 152.925461
2.560000 152.819031
2.565333 152.810043
2.570667 152.891922
2.576000 152.949738
2.581333 152.907913
2.586667 152.842010
2.592000 152.972015
2.597333 153.324219
2.602667 153.577225
2.608000 153.594421
2.613333 153.576385
2.618667 153.626831
2.624000 153.730820
2.629333 153.960159
2.634667 154.347809
2.640000 154.589294
2.645333 154.253098
2.650667 152.906662
2.656000 151.719482
2.661333 587.920288
2.666667 294.495880
2.672000 63.125278
2.677333 63.371536
2.682667 317.419556
2.688000 311.408630
2.693333 309.396973
2.698667 309.759766
2.704000 311.496307
2.709333 312.127838
2.714667 311.558075
2.720000 310.998688
2.725333 296.323578
2.730667 301.465027
2.736000 300.904602
2.741333 308.469238
2.746667 308.851532
2.752000 298.766571
2.757333 287.781647
2.762667 277.211823
2.768000 93.992867
2.773333 95.416954
2.778667 153.618042
2.784000 152.765259
2.789333 152.025650
2.794667 151.590591
2.800000 151.883179
2.805333 152.795364
2.810667 153.064713
2.816000 152.974030
2.821333 152.861618
2.826667 152.804825
2.832000 152.835388
2.837333 152.955368
2.842667 153.195374
2.848000 153.605240
2.853333 154.061111
2.858667 154.344666
2.864000 154.537994
2.869333 154.767944
2.874667 154.901505
2.880000 154.828247
2.885333 154.593384
2.890667 154.296692
2.896000 154.047150
2.901333 153.857910
2.906667 153.666397
2.912000 153.706894
2.917333 153.837006
2.922667 154.028732
2.928000 154.433029
2.933333 154.830276
2.938667 155.223969
2.944000 156.025864
2.949333 156.481354
2.954667 156.505997
2.960000 156.265945
2.965333 156.089798
2.970667 156.300751
2.976000 320.064453
2.981333 321.822815
2.986667 155.580582
2.992000 155.095856
2.997333 104.591766
3.002667 99.634590
3.008000 73.929840
3.013333 73.880836
3.018667 149.090759
3.024000 148.861374
3.029333 157.955154
3.034667 157.849670
3.040000 0.000000
3.045333 74.644753
3.050667 76.446648
3.056000 78.227211
3.061333 103.362000
3.066667 349.194489
3.072000 349.041962
3.077333 78.645561
3.082667 78.739540
3.088000 324.111938
3.093333 375.254639
3.098667 333.735504
3.104000 333.571381
3.109333 78.864861
3.114667 103.733078
3.120000 369.330200
3.125333 76.836143
3.130667 369.723022
3.136000 368.122681
3.141333 367.769836
3.146667 368.861237
3.152000 369.691559
3.157333 370.503632
3.162667 371.305023
3.168000 370.403687
3.173333 369.192993
3.178667 89.436493
3.184000 90.975883
3.189333 91.254692
3.194667 91.259827
3.200000 91.010002
3.205333 84.849754
3.210667 85.033714
3.216000 89.616516
3.221333 89.573425
3.226667 87.382370
3.232000 83.143303
3.237333 85.291595
3.242667 90.003075
3.248000 46.919819
3.253333 85.297287
3.258667 79.250748
3.264000 85.089752
3.269333 88.636292
3.274667 89.375946
3.280000 89.478142
3.285333 86.547722
3.290667 89.077667
3.296000 88.501457
3.301333 92.129524
3.306667 92.125977
3.312000 95.744156
3.317333 95.886551
3.322667 95.917992
3.328000 153.518311
3.333333 153.485550
3.338667 153.305237
3.344000 153.296616
3.349333 153.290359
3.354667 437.282471
3.360000 396.694977
3.365333 374.282288
3.370667 367.460175
3.376000 355.825287
3.381333 339.160217
3.386667 153.541168
3.392000 344.240387
3.397333 108.451675
3.402667 109.363899
3.408000 86.707069
3.413333 107.947044
3.418667 87.059204
3.424000 78.751984
3.429333 78.342041
3.434667 89.303116
3.440000 90.181816
3.445333 89.739174
3.450667 87.898193
3.456000 86.665894
3.461333 87.796928
3.466667 89.097351
3.472000 89.456505
3.477333 80.572662
3.482667 117.812187
3.488000 124.141808
3.493333 377.903412
3.498667 378.605621
3.504000 377.917419
3.509333 157.172134
3.514667 150.586533
3.520000 148.396149
3.525333 457.272308
3.530667 454.968170
3.536000 143.975235
3.541333 146.924622
3.546667 147.737045
3.552000 148.284515
3.557333 444.380890
3.562667 150.410004
3.568000 150.967911
3.573333 151.523605
3.578667 608.829041
3.584000 607.934021
3.589333 159.117493
3.594667 158.722473
3.600000 158.129395
3.605333 463.874329
3.610667 460.740570
3.616000 456.876495
3.621333 456.343170
3.626667 456.188965
3.632000 154.518463
3.637333 447.600952
3.642667 442.120209
3.648000 534.386780
3.653333 420.704102
3.658667 415.852142
3.664000 90.758736
3.669333 90.320358
3.674667 91.618782
3.680000 92.256599
3.685333 93.705864
3.690667 78.260368
3.696000 93.802551
3.701333 93.729988
3.706667 93.627548
3.712000 78.228035
3.717333 78.294220
3.722667 93.827629
3.728000 93.858566
3.733333 91.904976
3.738667 83.311996
3.744000 77.851784
3.749333 89.050919
3.754667 87.966820
3.760000 87.043030
3.765333 104.232773
3.770667 206.752777
3.776000 210.563614
3.781333 211.297241
3.786667 218.369873
3.792000 223.097153
3.797333 233.834854
3.802667 236.546997
3.808000 237.160614
3.813333 237.035675
3.818667 236.278656
3.824000 234.701508
3.829333 233.496246
3.834667 232.776291
3.840000 231.609955
3.845333 229.977341
3.850667 228.999893
3.856000 228.312531
3.861333 227.615143
3.866667 227.453476
3.872000 227.848389
3.877333 228.361725
3.882667 228.924850
3.888000 229.792480
3.893333 230.899170
3.898667 231.834244
3.904000 232.459396
3.909333 232.797714
3.914667 232.841843
3.920000 232.611710
3.925333 232.196960
3.930667 231.739075
3.936000 231.295288
3.941333 230.866135
3.946667 230.352356
3.952000 229.715805
3.957333 228.981033
3.962667 228.073761
3.968000 226.821442
3.973333 224.732483
3.978667 201.113876
3.984000 211.442947
3.989333 210.247498
3.994667 0.000000
4.000000 0.000000
4.005333 214.564194
4.010667 401.879303
4.016000 357.803680
4.021333 343.056549
4.026667 337.115417
4.032000 331.688324
4.037333 318.796844
4.042666 313.267670
4.048000 312.959106
4.053333 104.512947
4.058667 105.221840
4.064000 75.219528
4.069334 317.033936
4.074667 316.627228
4.080000 315.661224
4.085333 315.663300
4.090667 317.069122
4.096000 320.209503
4.101333 78.372101
4.106667 78.241249
4.112000 78.305367
4.117333 78.330284
4.122667 103.924232
4.128000 326.472900
4.133333 78.140442
4.138667 78.142380
4.144000 330.379395
4.149333 331.049225
4.154667 77.859695
4.160000 77.750847
4.165333 77.190170
4.170667 333.832306
4.176000 363.772278
4.181334 365.242859
4.186666 76.545219
4.192000 368.601746
4.197333 369.080658
4.202667 369.922546
4.208000 368.883209
4.213333 366.424896
4.218667 364.971588
4.224000 91.200027
4.229333 91.458961
4.234667 91.140617
4.240000 76.148216
4.245333 91.100815
4.250667 91.705597
4.256000 85.798531
4.261333 82.357864
4.266667 80.588272
4.272000 85.926285
4.277333 47.020279
4.282667 90.115623
4.288000 84.945946
4.293334 83.087563
4.298666 86.915947
4.304000 90.300560
4.309333 90.261810
4.314667 87.120255
4.320000 85.904419
4.325333 88.181183
4.330667 89.924583
4.336000 89.123695
4.341333 87.643478
4.346667 87.726143
4.352000 89.158279
4.357333 89.812592
4.362667 88.839256
4.368000 88.209114
4.373333 88.629929
4.378667 0.000000
4.384000 0.000000
4.389333 88.098473
4.394667 405.219574
4.400000 394.329651
4.405334 373.202271
4.410666 365.838684
4.416000 351.401276
4.421333 337.444183
4.426667 154.206924
4.432000 345.582275
4.437333 361.866180
4.442667 109.557678
4.448000 86.839859
4.453333 87.310707
4.458667 105.079704
4.464000 78.901001
4.469333 78.561867
4.474667 89.275887
4.480000 90.352684
4.485333 89.825272
4.490667 88.132706
4.496000 79.450050
4.501333 89.034889
4.506667 47.391331
4.512000 47.610069
4.517334 86.401527
4.522666 482.220337
4.528000 480.781219
4.533333 478.469025
4.538667 293.822296
4.544000 299.451904
4.549333 154.571320
4.554667 154.460876
4.560000 109.101677
4.565333 110.303619
4.570667 376.887482
4.576000 376.451080
4.581333 103.848099
4.586667 77.892921
4.592000 77.887787
4.597333 77.923454
4.602667 77.993591
4.608000 78.026672
4.613333 78.018486
4.618667 77.972710
4.624000 77.900917
4.629333 77.807404
4.634666 77.708527
4.640000 77.587402
4.645333 77.391525
4.650667 77.204414
4.656000 371.705536
4.661334 77.217224
4.666667 77.197151
4.672000 77.131302
4.677333 77.026085
4.682667 91.491920
4.688000 91.371887
4.693333 91.226234
4.698667 91.305290
4.704000 93.863274
4.709333 93.906349
4.714667 93.865593
4.720000 93.828491
4.725333 93.761116
4.730667 93.660767
4.736000 93.467812
4.741333 92.088295
4.746666 91.973480
4.752000 91.823448
4.757333 90.914658
4.762667 88.956154
4.768000 3406.743408
4.773334 3387.042236
4.778666 3374.274414
4.784000 3371.479980
4.789333 3372.645752
4.794667 183.034637
4.800000 183.893600
4.805333 185.325409
4.810667 186.669434
4.816000 187.530090
4.821333 188.013565
4.826667 188.227753
4.832000 188.268906
4.837333 188.264084
4.842667 94.194077
4.848000 94.325974
4.853333 94.455040
4.858667 94.507416
4.864000 188.618637
4.869333 188.386810
4.874667 188.262222
4.880000 188.110626
4.885334 187.834686
4.890666 187.602814
4.896000 187.605484
4.901333 187.691635
4.906667 187.559998
4.912000 187.371658
4.917333 187.401230
4.922667 187.486679
4.928000 187.292709
4.933333 187.128708
4.938667 187.283234
4.944000 187.645370
4.949333 187.928787
4.954667 188.007324
4.960000 187.964417
4.965333 187.837708
4.970667 187.564209
4.976000 187.097656
4.981333 186.588104
4.986667 186.212784
4.992000 185.847229
4.997334 185.381744
5.002666 184.935516
5.008000 184.488602
5.013333 184.069702
5.018667 352.629242
5.024000 340.857605
5.029333 334.200439
5.034667 333.705688
5.040000 169.195953
5.045333 381.503998
5.050667 381.268005
5.056000 342.852875
5.061333 343.313904
5.066667 361.159454
5.072000 174.534531
5.077333 58.597664
5.082667 163.341599
5.088000 163.341202
5.093333 158.243286
5.098667 157.942154
5.104000 154.234665
5.109334 154.370972
5.114666 154.201004
5.120000 154.279297
5.125333 154.432266
5.130667 154.385925
5.136000 154.281525
5.141333 154.278778
5.146667 154.512833
5.152000 154.968903
5.157333 155.227646
5.162667 155.111160
5.168000 155.139984
5.173333 155.339096
5.178667 155.382706
5.184000 155.574097
5.189333 155.776108
5.194667 155.395905
5.200000 154.654907
5.205333 332.767273
5.210667 337.413544
5.216000 360.429810
5.221334 367.531128
5.226666 365.220276
5.232000 365.380035
5.237333 367.434753
5.242667 184.443985
5.248000 182.309021
5.253334 334.177765
5.258667 11539.431641
5.264000 11571.387695
5.269333 11737.791016
5.274667 11967.316406
5.280000 340.606049
5.285333 339.730621
5.290667 339.509949
5.296000 256.092255
5.301333 255.721909
5.306667 255.535156
5.312000 137.862106
5.317333 259.381073
5.322667 260.244354
5.328000 259.602081
5.333333 275.703735
5.338666 142.562714
5.344000 143.248291
5.349333 145.538727
5.354667 146.360596
5.360000 147.239929
5.365334 147.977463
5.370667 148.641632
5.376000 148.972290
5.381333 314.782471
5.386667 314.255585
5.392000 314.048157
5.397333 156.481171
5.402667 156.380386
5.408000 156.302673
5.413333 156.284164
5.418667 156.265167
5.424000 149.140167
5.429333 149.421051
5.434667 102.726250
5.440000 109.363930
5.445333 109.106964
5.450667 108.079308
5.456000 151.844330
5.461333 151.824417
5.466667 151.884003
5.472000 151.996323
5.477334 152.120575
5.482666 285.114990
5.488000 284.652985
5.493333 270.160767
5.498667 248.258209
5.504000 154.090714
5.509333 154.223709
5.514667 154.517212
5.520000 154.926208
5.525333 155.270187
5.530667 155.524857
5.536000 155.817062
5.541333 156.078415
5.546667 156.159775
5.552000 155.481415
5.557333 153.598022
5.562667 153.310135
5.568000 153.245712
5.573333 162.683670
5.578667 152.998947
5.584000 152.733612
5.589334 152.593353
5.594666 152.544876
5.600000 152.519806
5.605333 152.531784
5.610667 152.657745
5.616000 152.825836
5.621333 152.825195
5.626667 152.659073
5.632000 152.620468
5.637333 152.769440
5.642667 152.897339
5.648000 152.963211
5.653333 153.086609
5.658667 153.257172
5.664000 153.439651
5.669333 153.872559
5.674667 154.500122
5.680000 154.716721
5.685333 154.621887
5.690667 154.315582
5.696000 153.919769
5.701334 153.491272
5.706666 120.120285
5.712000 376.771362
5.717333 383.844360
5.722667 387.122009
5.728000 161.960403
5.733333 469.663147
5.738667 469.893646
5.744000 468.501404
5.749333 467.100525
5.754667 466.993286
5.760000 467.612946
5.765333 467.742310
5.770667 468.043640
5.776000 468.626587
5.781333 467.949554
5.786667 251.303986
5.792000 160.409012
5.797333 164.818451
5.802667 164.301468
5.808000 164.275146
5.813334 112.451065
5.818666 112.289665
5.824000 81.332161
5.829333 81.409988
5.834667 266.478699
5.840000 270.802612
5.845333 238.816360
5.850667 238.788925
5.856000 238.762039
5.861333 238.492950
5.866667 237.719238
5.872000 236.279327
5.877333 234.953110
5.882667 234.045685
5.888000 233.286362
5.893333 232.281265
5.898667 231.039230
5.904000 230.102005
5.909333 229.476822
5.914667 229.130661
5.920000 229.153809
5.925333 229.307220
5.930666 229.262497
5.936000 229.212082
5.941333 229.593491
5.946667 230.490738
5.952000 231.296188
5.957334 231.955719
5.962667 232.429764
5.968000 232.798203
5.973333 233.320816
5.978667 233.944519
5.984000 234.313644
5.989333 234.302628
5.994667 234.021484
6.000000 233.652573
6.005333 233.309402
6.010667 233.023987
6.016000 232.779846
6.021333 232.405624
6.026667 231.522263
6.032000 229.984406
6.037333 228.471191
6.042666 227.130463
6.048000 225.157089
6.053333 524.705688
6.058667 343.180450
6.064000 344.698639
6.069334 371.142273
6.074667 105.702286
6.080000 105.915627
6.085333 431.246216
6.090667 430.033722
6.096000 430.166656
6.101333 432.240295
6.106667 212.697739
6.112000 213.158340
6.117333 213.343750
6.122667 213.221710
6.128000 213.055847
6.133333 213.203384
6.138667 213.733337
6.144000 214.473969
6.149333 215.363770
6.154667 216.435974
6.160000 217.675659
6.165333 219.036484
6.170667 220.260956
6.176000 221.288208
6.181334 222.628662
6.186666 224.498001
6.192000 226.211624
6.197333 227.374603
6.202667 228.389008
6.208000 229.673004
6.213333 231.045334
6.218667 232.208984
6.224000 233.089645
6.229333 233.649414
6.234667 233.874313
6.240000 233.742142
6.245333 233.250763
6.250667 232.464233
6.256000 231.426025
6.261333 230.469925
6.266667 229.738007
6.272000 229.043579
6.277333 228.224899
6.282667 227.354187
6.288000 226.647049
6.293334 226.042587
6.298666 224.989227
6.304000 223.174606
6.309333 222.025131
6.314667 221.346451
6.320000 220.762482
6.325333 247.736176
6.330667 248.025375
6.336000 219.132599
6.341333 140.987213
6.346667 270.357635
6.352000 273.493378
6.357333 215.628235
6.362667 215.446869
6.368000 214.914383
6.373333 214.044540
6.378667 213.504074
6.384000 213.075012
6.389333 212.770584
6.394667 212.743027
6.400000 212.895462
6.405334 213.017456
6.410666 212.814316
6.416000 212.421921
6.421333 212.351135
6.426667 212.522079
6.432000 212.794250
6.437333 213.114029
6.442667 213.368164
6.448000 213.350845
6.453333 393.439972
6.458667 105.619896
6.464000 105.488869
6.469333 105.676773
6.474667 212.669830
6.480000 318.127899
6.485333 272.561768
6.490667 374.805908
6.496000 402.848663
6.501333 212.678406
6.506667 212.517502
6.512000 83.646805
6.517334 83.658371
6.522666 260.485992
6.528000 263.180481
6.533333 263.634155
6.538667 139.192215
6.544000 236.683289
6.549333 236.974915
6.554667 211.357224
6.560000 210.665604
6.565333 464.648895
6.570667 434.605164
6.576000 430.763062
6.581333 103.117798
6.586667 105.191719
6.592000 370.871948
6.597333 372.717957
6.602667 376.033264
6.608000 370.197357
6.613333 362.425140
6.618667 361.598053
6.624000 392.942719
6.629333 389.439301
6.634666 387.375610
6.640000 386.701355
6.645333 385.997101
6.650667 185.892090
6.656000 185.468353
6.661334 185.081284
6.666667 184.602554
6.672000 184.140625
6.677333 183.929642
6.682667 183.929062
6.688000 183.938034
6.693333 183.883621
6.698667 183.753677
6.704000 183.450745
6.709333 182.695969
6.714667 416.109894
6.720000 416.437561
6.725333 416.714752
6.730667 416.836487
6.736000 416.834381
6.741333 416.830780
6.746666 416.883484
6.752000 416.963379
6.757333 417.200256
6.762667 417.739502
6.768000 418.500793
6.773334 419.298279
6.778666 419.879852
6.784000 420.113190
6.789333 420.221191
6.794667 420.373596
6.800000 420.526489
6.805333 420.822235
6.810667 421.468658
6.816000 421.730682
6.821333 212.345901
6.826667 262.326630
6.832000 262.066406
6.837333 130.233841
6.842667 198.053253
6.848000 187.936569
6.853333 186.486603
6.858667 141.968246
6.864000 271.985901
6.869333 276.721466
6.874667 181.652496
6.880000 181.283203
6.885334 181.294006
6.890666 181.719971
6.896000 182.377365
6.901333 182.889267
6.906667 183.245834
6.912000 183.586014
6.917333 183.969910
6.922667 184.410217
6.928000 184.914886
6.933333 185.537140
6.938667 186.130371
6.944000 186.546646
6.949333 186.902817
6.954667 187.136749
6.960000 187.261703
6.965333 93.477013
6.970667 186.842453
6.976000 186.322571
6.981333 185.955978
6.986667 186.079788
6.992000 186.243774
6.997334 185.813797
7.002666 185.089813
7.008000 184.557739
7.013333 184.451904
7.018667 186.023468
7.024000 186.572296
7.029333 186.117905
7.034667 185.783859
7.040000 185.982468
7.045333 158.104004
7.050667 146.959442
7.056000 147.010406
7.061333 146.343948
7.066667 145.766708
7.072000 569.091858
7.077333 563.320251
7.082667 561.577881
7.088000 552.580078
7.093333 366.826660
7.098667 104.445763
7.104000 105.150230
7.109334 104.710114
7.114666 342.748596
7.120000 345.061554
7.125333 152.815826
7.130667 499.852173
7.136000 499.865967
7.141333 499.891693
7.146667 500.615479
7.152000 499.006256
7.157333 150.090424
7.162667 149.768127
7.168000 149.873444
7.173333 179.995926
7.178667 179.553345
7.184000 153.526733
7.189333 154.101425
7.194667 154.982529
7.200000 155.589172
7.205333 155.766479
7.210667 155.894913
7.216000 156.094452
7.221334 156.343567
7.226666 156.567474
7.232000 156.518494
7.237333 156.147324
7.242667 155.832794
7.248000 155.698105
7.253334 155.605545
7.258667 155.334122
7.264000 154.678650
7.269333 154.095383
7.274667 154.070877
7.280000 181.655853
7.285333 181.921967
7.290667 181.915802
7.296000 181.267151
7.301333 180.459839
7.306667 155.953079
7.312000 155.928024
7.317333 155.873917
7.322667 155.755173
7.328000 155.523468
7.333333 155.163712
7.338666 154.957336
7.344000 154.935684
7.349333 154.760437
7.354667 154.558029
7.360000 154.547348
7.365334 154.735077
7.370667 155.025497
7.376000 155.305237
7.381333 155.364471
7.386667 155.487381
7.392000 155.995956
7.397333 156.456299
7.402667 156.688095
7.408000 156.644821
7.413333 156.514328
7.418667 156.508926
7.424000 156.563812
7.429333 156.573883
7.434667 313.713104
7.440000 313.909912
7.445333 313.902222
7.450667 313.667419
7.456000 313.629364
7.461333 314.424988
7.466667 156.272461
7.472000 195.679504
7.477334 104.307251
7.482666 104.796173
7.488000 105.043594
7.493333 105.206253
7.498667 90.140610
7.504000 90.076500
7.509333 317.067566
7.514667 316.308990
7.520000 315.649628
7.525333 314.993500
7.530667 78.106735
7.536000 78.153717
7.541333 312.188568
7.546667 311.483459
7.552000 311.347870
7.557333 312.907227
7.562667 319.721130
7.568000 319.826263
7.573333 318.112091
7.578667 317.289734
7.584000 157.050003
7.589334 407.007202
7.594666 408.855927
7.600000 407.592346
7.605333 399.359833
7.610667 343.797668
7.616000 319.370026
7.621333 319.433502
7.626667 155.823486
7.632000 319.290466
7.637333 319.725677
7.642667 320.435455
7.648000 319.453400
7.653333 310.596558
7.658667 300.775726
7.664000 296.507141
7.669333 142.542252
7.674667 141.181061
7.680000 154.807678
7.685333 154.904205
7.690667 155.103653
7.696000 152.910126
7.701334 153.146225
7.706666 153.934464
7.712000 154.327148
7.717333 154.341461
7.722667 154.177368
7.728000 154.002945
7.733333 153.798645
7.738667 153.446121
7.744000 152.938065
7.749333 152.369019
7.754667 151.767365
7.760000 151.175354
7.765333 150.609528
7.770667 150.292236
7.776000 150.325409
7.781333 150.557846
7.786667 150.895676
7.792000 151.314941
7.797333 152.046478
7.802667 156.250366
7.808000 155.945084
7.813334 156.000961
7.818666 156.238022
7.824000 156.327118
7.829333 156.131287
7.834667 155.846085
7.840000 155.615356
7.845333 155.460861
7.850667 155.315964
7.856000 155.269058
7.861333 155.350937
7.866667 155.760361
7.872000 157.141083
7.877333 159.562469
7.882667 186.304108
7.888000 186.056442
7.893333 199.125259
7.898667 3090.861084
7.904000 3196.325684
7.909333 3271.043213
7.914667 3327.038818
7.920000 3379.096191
7.925333 3421.559570
7.930666 230.694672
7.936000 232.067688
7.941333 233.079041
7.946667 233.752625
7.952000 233.998535
7.957334 233.755249
7.962667 233.201096
7.968000 232.649551
7.973333 232.293625
7.978667 232.101501
7.984000 231.931778
7.989333 231.819061
7.994667 231.807892
8.000000 231.890762
8.005333 232.166214
8.010667 302.043335
8.016000 299.975708
8.021334 233.421951
8.026667 233.524307
8.032000 233.522568
8.037333 233.549118
8.042666 233.696396
8.048000 233.854660
8.053333 297.939728
8.058666 296.863922
8.064000 295.823547
8.069333 295.772827
8.074667 322.298248
8.080000 318.609131
8.085333 320.612854
8.090667 323.310669
8.096000 339.438477
8.101334 347.025604
8.106667 348.395050
8.112000 148.955902
8.117333 147.425903
8.122666 501.613312
8.128000 439.643463
8.133333 438.053192
8.138667 437.351685
8.144000 511.640869
8.149333 213.876022
8.154667 213.187103
8.160000 213.147308
8.165334 504.234619
8.170667 502.104370
8.176000 501.597809
8.181334 714.306763
8.186666 715.285645
8.192000 209.662811
8.197333 209.036148
8.202666 208.454666
8.208000 208.041809
8.213333 207.777969
8.218667 207.527679
8.224000 207.259964
8.229333 207.116653
8.234667 207.020447
8.240000 206.978531
8.245334 207.050507
8.250667 207.145493
8.256000 207.133026
8.261333 207.012985
8.266666 206.853409
8.272000 206.662064
8.277333 206.581284
8.282666 206.612045
8.288000 206.556808
8.293333 206.317673
8.298667 205.976059
8.304000 205.764740
8.309334 205.767303
8.314667 205.876328
8.320000 206.039383
8.325334 206.194794
8.330667 206.347351
8.336000 206.632294
8.341333 207.226501
8.346666 207.904648
8.352000 207.958130
8.357333 207.417603
8.362667 206.735428
8.368000 103.393517
8.373333 103.519417
8.378667 205.718185
8.384000 206.006561
8.389334 206.694305
8.394667 207.166595
8.400000 207.262741
8.405334 207.008942
8.410666 206.726776
8.416000 206.662613
8.421333 206.736664
8.426666 206.816528
8.432000 206.907471
8.437333 207.130676
8.442667 207.391495
8.448000 207.411865
8.453333 207.211426
8.458667 206.996582
8.464000 206.856827
8.469334 206.812256
8.474667 206.942047
8.480000 207.242477
8.485333 207.502029
8.490666 495.351105
8.496000 497.609741
8.501333 155.981659
8.506667 104.938744
8.512000 104.876236
8.517333 104.644691
8.522667 104.443237
8.528000 104.394814
8.533334 78.539978
8.538667 69.749870
8.544000 69.773247
8.549334 69.800362
8.554667 69.734482
8.560000 209.026474
8.565333 209.083099
8.570666 209.233673
8.576000 209.298157
8.581333 209.030853
8.586667 208.338058
8.592000 207.276306
8.597333 206.533615
8.602667 206.298965
8.608000 206.283447
8.613334 206.355484
8.618667 206.235565
8.624000 175.273956
8.629333 103.009674
8.634666 103.060089
8.640000 103.169563
8.645333 103.207596
8.650666 206.280350
8.656000 206.078964
8.661333 206.134171
8.666667 206.411041
8.672000 206.711441
8.677333 206.937500
8.682667 207.142624
8.688000 207.426758
8.693334 207.784729
8.698667 208.173981
8.704000 208.608231
8.709333 209.026093
8.714666 209.316376
8.720000 209.426743
8.725333 209.464264
8.730667 209.441956
8.736000 209.256058
8.741333 208.914322
8.746667 208.677582
8.752000 208.738983
8.757334 208.723907
8.762667 208.570023
8.768000 208.774734
8.773334 209.004425
8.778666 208.910995
8.784000 208.681305
8.789333 208.620529
8.794666 208.953369
8.800000 209.185883
8.805333 209.226791
8.810667 209.431747
8.816000 209.781281
8.821333 209.659195
8.826667 209.227936
8.832000 209.080276
8.837334 208.990860
8.842667 208.623932
8.848000 207.663834
8.853333 205.978500
8.858666 532.122559
8.864000 531.811157
8.869333 70.169792
8.874666 70.126869
8.880000 146.007233
8.885333 147.129807
8.890667 147.212708
8.896000 209.294968
8.901334 208.310867
8.906667 207.865463
8.912000 206.717636
8.917334 205.272339
8.922667 204.492630
8.928000 203.771423
8.933333 202.660858
8.938666 201.837631
8.944000 201.333649
8.949333 310.884735
8.954667 311.791901
8.960000 313.215790
8.965333 313.942322
8.970667 314.828918
8.976000 316.759033
8.981334 317.851929
8.986667 317.340454
8.992000 155.898895
8.997334 156.163513
9.002666 156.405518
9.008000 156.514038
9.013333 313.352844
9.018666 313.169861
9.024000 312.984680
9.029333 312.959625
9.034667 313.133728
9.040000 208.961990
9.045333 209.398880
9.050667 209.960861
9.056000 104.558502
9.061334 104.589195
9.066667 157.488693
9.072000 157.286102
9.077333 157.101944
9.082666 157.391769
9.088000 157.880692
9.093333 159.319931
9.098666 159.285812
9.104000 159.255478
9.109333 6105.331055
9.114667 103.019417
9.120000 456.293457
9.125334 456.309937
9.130667 172.438004
9.136000 171.767014
9.141334 155.883850
9.146667 155.538208
9.152000 154.146637
9.157333 154.141678
9.162666 450.013458
9.168000 443.515808
9.173333 436.533325
9.178667 406.145355
9.184000 402.841583
9.189333 200.805649
9.194667 192.871750
9.200000 193.188629
9.205334 192.821609
9.210667 191.901947
9.216000 191.071686
9.221334 190.333176
9.226666 189.317551
9.232000 188.690277
9.237333 188.369400
9.242666 188.091263
9.248000 187.862030
9.253333 187.727875
9.258667 187.622070
9.264000 187.416794
9.269333 187.130569
9.274667 186.857986
9.280000 186.585846
9.285334 186.232834
9.290667 185.772385
9.296000 185.193680
9.301333 184.639252
9.306666 184.366455
9.312000 184.333206
9.317333 184.358597
9.322667 184.474625
9.328000 184.771149
9.333333 185.127823
9.338667 185.379028
9.344000 185.616089
9.349334 186.042114
9.354667 186.652786
9.360000 186.906479
9.365334 186.710480
9.370667 186.487289
9.376000 186.337189
9.381333 186.435516
9.386666 186.461105
9.392000 185.918243
9.397333 185.280640
9.402667 184.631439
9.408000 184.324112
9.413333 184.599915
9.418667 185.000488
9.424000 185.158661
9.429334 185.060944
9.434667 184.881561
9.440000 184.801208
9.445333 184.768341
9.450666 184.718628
9.456000 184.742279
9.461333 184.954544
9.466666 185.339447
9.472000 185.738663
9.477333 186.006363
9.482667 186.171356
9.488000 186.296494
9.493333 186.385498
9.498667 186.314224
9.504000 313.156769
9.509334 314.906403
9.514667 157.355850
9.520000 0.000000
9.525333 147.922760
9.530666 148.388412
9.536000 104.740326
9.541333 105.546516
9.546667 109.072197
9.552000 343.895050
9.557333 92.848259
9.562667 185.386154
9.568000 185.290146
9.573334 185.297226
9.578667 185.448853
9.584000 185.790283
9.589334 186.228378
9.594666 186.461288
9.600000 186.151062
9.605333 185.769470
9.610666 185.566345
9.616000 185.452911
9.621333 185.368179
9.626667 185.350616
9.632000 185.392853
9.637333 185.323792
9.642667 184.776443
9.648000 183.702438
9.653334 391.445526
9.658667 343.141418
9.664000 184.456665
9.669333 184.050125
9.674666 183.522980
9.680000 183.317307
9.685333 576.406555
9.690666 576.204834
9.696000 577.850159
9.701333 183.760330
9.706667 183.295029
9.712000 183.046631
9.717334 183.077972
9.722667 183.257401
9.728000 183.448425
9.733334 183.656448
9.738667 183.885605
9.744000 183.881500
9.749333 183.388672
9.754666 182.683731
9.760000 181.998581
9.765333 182.077896
9.770667 183.326996
9.776000 184.044022
9.781333 183.892700
9.786667 183.698425
9.792000 183.991684
9.797334 184.961243
9.802667 186.194824
9.808000 186.532227
9.813334 186.322083
9.818666 186.135468
9.824000 186.426895
9.829333 188.143204
9.834666 188.083557
9.840000 187.977905
9.845333 188.196869
9.850667 188.542343
9.856000 188.783676
9.861333 188.835159
9.866667 188.592651
9.872000 187.924789
9.877334 186.735855
9.882667 185.367676
9.888000 184.540939
9.893333 184.200104
9.898666 184.004776
9.904000 183.794830
9.909333 183.557632
9.914667 183.481400
9.920000 183.695328
9.925333 183.843262
9.930667 183.624146
9.936000 183.284134
9.941334 183.034149
9.946667 182.875488
9.952000 182.738846
9.957334 182.608948
9.962667 182.586502
9.968000 182.796768
9.973333 183.156403
9.978666 91.714294
9.984000 91.797615
9.989333 91.863274
9.994667 91.935638
10.000000 92.012764
10.005333 92.120308
10.010667 184.538925
10.016000 184.857834
10.021334 185.156708
10.026667 185.323746
10.032000 185.283295
10.037333 185.177979
10.042666 185.137161
10.048000 185.218628
10.053333 185.362274
10.058666 185.460922
10.064000 185.523117
10.069333 185.556793
10.074667 185.516220
10.080000 185.297974
10.085333 184.992523
10.090667 184.861160
10.096000 184.891144
10.101334 184.833282
10.106667 184.495453
10.112000 183.971115
10.117333 183.766174
10.122666 185.285553
10.128000 186.137665
10.133333 185.561371
10.138667 185.256454
10.144000 184.858398
10.149333 184.009140
10.154667 183.600281
10.160000 161.644684
10.165334 155.232330
10.170667 140.651337
10.176000 386.940643
10.181334 185.993011
10.186666 182.800461
10.192000 118.711372
10.197333 177.777359
10.202666 177.019455
10.208000 176.403198
10.213333 175.734360
10.218667 175.405075
10.224000 88.217239
10.229333 88.222054
10.234667 270.150024
10.240000 269.009308
10.245334 134.682739
10.250667 135.327881
10.256000 88.796890
10.261333 137.343811
10.266666 176.128998
10.272000 176.086166
10.277333 176.061569
10.282666 734.005676
10.288000 737.414307
10.293333 176.054413
10.298667 176.255341
10.304000 176.385834
10.309334 176.467072
10.314667 176.578537
10.320000 176.720795
10.325334 176.763474
10.330667 176.701309
10.336000 176.716721
10.341333 176.872559
10.346666 177.049652
10.352000 177.143921
10.357333 177.122528
10.362667 177.030243
10.368000 176.947937
10.373333 176.837738
10.378667 176.618317
10.384000 176.276672
10.389334 175.804108
10.394667 175.185394
10.400000 174.712601
10.405334 174.589905
10.410666 174.719543
10.416000 175.014572
10.421333 88.050179
10.426666 88.064613
10.432000 175.153534
10.437333 175.547546
10.442667 176.673447
10.448000 177.094009
10.453333 177.397156
10.458667 3261.250488
10.464000 3336.340332
10.469334 181.419739
10.474667 182.162979
10.480000 182.686356
10.485333 182.906693
10.490666 183.079437
10.496000 183.388611
10.501333 183.808884
10.506667 184.336273
10.512000 184.708862
10.517333 184.663391
10.522667 184.608826
10.528000 184.723862
10.533334 185.097031
10.538667 185.700241
10.544000 368.995148
10.549334 372.345001
10.554667 374.153992
10.560000 374.815430
10.565333 376.408844
10.570666 388.296082
10.576000 391.688232
10.581333 186.664703
10.586667 186.809143
10.592000 186.934799
10.597333 93.972122
10.602667 393.882782
10.608000 394.891998
10.613334 394.742035
10.618667 186.184952
10.624000 369.710052
10.629333 370.641510
10.634666 185.091751
10.640000 185.902679
10.645333 186.746948
10.650666 415.711700
10.656000 390.418671
10.661333 383.170563
10.666667 119.415009
10.672000 393.671478
10.677333 370.351044
10.682667 351.492676
10.688000 349.415375
10.693334 387.197693
10.698667 425.994873
10.704000 446.793884
10.709333 167.092545
10.714666 168.003922
10.720000 172.692368
10.725333 172.346817
10.730667 172.378098
10.736000 172.792694
10.741333 173.169540
10.746667 173.363922
10.752000 173.464951
10.757334 173.529663
10.762667 173.657974
10.768000 173.864822
10.773334 173.974487
10.778666 173.933884
10.784000 173.832565
10.789333 173.779785
10.794666 173.847321
10.800000 174.109177
10.805333 174.433838
10.810667 174.580460
10.816000 174.547745
10.821333 174.458313
10.826667 174.471558
10.832000 174.553375
10.837334 174.562439
10.842667 174.589645
10.848000 174.714798
10.853333 174.891174
10.858666 175.052658
10.864000 175.197189
10.869333 175.437103
10.874666 175.700241
10.880000 175.768723
10.885333 175.711868
10.890667 175.751877
10.896000 175.914261
10.901334 176.029175
10.906667 175.970566
10.912000 175.766937
10.917334 175.651016
10.922667 175.950729
10.928000 281.775299
10.933333 282.209869
10.938666 316.503418
10.944000 295.997162
10.949333 342.485168
10.954667 410.585938
10.960000 417.983490
10.965333 421.272949
10.970667 280.054626
10.976000 90.824394
10.981334 91.020164
10.986667 91.161400
10.992000 91.320747
10.997334 91.557442
11.002666 344.368591
11.008000 347.885864
11.013333 349.820892
11.018666 92.509071
11.024000 92.626907
11.029333 92.720589
11.034667 92.717308
11.040000 92.630043
11.045333 92.535370
11.050667 92.442703
11.056000 92.272614
11.061334 92.017395
11.066667 91.750725
11.072000 265.811340
11.077333 265.600983
11.082666 265.590485
11.088000 489.769836
11.093333 488.144867
11.098666 485.600800
11.104000 482.236176
11.109333 69.971519
11.114667 69.658989
11.120000 406.420837
11.125334 391.429840
11.130667 69.988770
11.136000 69.946892
11.141334 69.877151
11.146667 393.033234
11.152000 373.972595
11.157333 373.355438
11.162666 372.380035
11.168000 370.251251
11.173333 369.180847
11.178667 177.016479
11.184000 172.683670
11.189333 344.834045
11.194667 344.508331
11.200000 319.697021
11.205334 104.754517
11.210667 104.829926
11.216000 85.035957
11.221334 406.968628
11.226666 407.109772
11.232000 408.675385
11.237333 412.631622
11.242666 165.796555
11.248000 165.672714
11.253333 488.642914
11.258667 496.172394
11.264000 499.147156
11.269333 478.175354
11.274667 156.011246
11.280000 156.009766
11.285334 235.562302
11.290667 235.765015
11.296000 235.761963
11.301333 157.165680
11.306666 157.459442
11.312000 157.703217
11.317333 157.776260
11.322667 157.668594
11.328000 157.511612
11.333333 157.400848
11.338667 157.255203
11.344000 157.013718
11.349334 156.692184
11.354667 156.311157
11.360000 155.861755
11.365334 155.336700
11.370667 154.858490
11.376000 154.469391
11.381333 154.120392
11.386666 153.849762
11.392000 153.731705
11.397333 153.802414
11.402667 154.115784
11.408000 154.703537
11.413333 155.323959
11.418667 155.785400
11.424000 156.106934
11.429334 466.644623
11.434667 466.463135
11.440000 156.710785
11.445333 156.706543
11.450666 464.707367
11.456000 464.183350
11.461333 464.280334
11.466666 155.950729
11.472000 155.881378
11.477333 155.874252
11.482667 156.452179
11.488000 454.833008
11.493333 455.782410
11.498667 313.481415
11.504000 157.001175
11.509334 156.983780
11.514667 157.011490
11.520000 156.999908
11.525333 313.960144
11.530666 313.908600
11.536000 313.798187
11.541333 313.758514
11.546667 156.837646
11.552000 156.835663
11.557333 156.836456
11.562667 314.967468
11.568000 156.367554
11.573334 155.776886
11.578667 155.478363
11.584000 155.346130
11.589334 104.687416
11.594666 104.670639
11.600000 104.698845
11.605333 104.733505
11.610666 78.311127
11.616000 89.969170
11.621333 318.063934
11.626667 321.246796
11.632000 322.480560
11.637333 318.152954
11.642667 316.694885
11.648000 318.253479
11.653334 340.176636
11.658667 340.751709
11.664000 353.068329
11.669333 354.962463
11.674666 93.106682
11.680000 93.150078
11.685333 67.164917
11.690666 407.992493
11.696000 410.975922
11.701333 412.902557
11.706667 411.285858
11.712000 402.921051
11.717334 351.902863
11.722667 332.498199
11.728000 369.005890
11.733334 381.568756
11.738667 382.123199
11.744000 361.551178
11.749333 92.948227
11.754666 93.039497
11.760000 132.692719
11.765333 155.263397
11.770667 155.702606
11.776000 156.165390
11.781333 156.554672
11.786667 156.999298
11.792000 157.648468
11.797334 158.144073
11.802667 401.379395
11.808000 153.111176
11.813334 154.846497
11.818666 155.656647
11.824000 155.975739
11.829333 156.204575
11.834666 156.405701
11.840000 156.670837
11.845333 157.219223
11.850667 158.144760
11.856000 159.099976
11.861333 160.720566
11.866667 161.822510
11.872000 162.331573
11.877334 162.844315
11.882667 163.489807
11.888000 163.586487
11.893333 163.229019
11.898666 162.780151
11.904000 162.145859
11.909333 161.390533
11.914667 160.750381
11.920000 159.657501
11.925333 158.081238
11.930667 157.270081
11.936000 156.715256
11.941334 156.474304
11.946667 156.346375
11.952000 156.215652
11.957334 156.394257
11.962667 156.754028
11.968000 157.136307
11.973333 78.122650
11.978666 450.430359
11.984000 453.103210
11.989333 456.166443
11.994667 187.355133
12.000000 196.267899
12.005333 196.654739
12.010667 196.929260
12.016000 197.032242
12.021334 196.994720
12.026667 225.417618
12.032000 228.081161
12.037333 230.014145
12.042666 231.243149
12.048000 232.288116
12.053333 232.996277
12.058666 233.168533
12.064000 232.964661
12.069333 232.642471
12.074667 232.211563
12.080000 231.553665
12.085333 230.768036
12.090667 230.170731
12.096000 229.798386
12.101334 229.556274
12.106667 229.363632
12.112000 229.224869
12.117333 229.230057
12.122666 229.454056
12.128000 229.836197
12.133333 230.205292
12.138667 230.450806
12.144000 230.592331
12.149333 230.736923
12.154667 231.011505
12.160000 231.377945
12.165334 231.561783
12.170667 231.594009
12.176000 231.611557
12.181334 231.635162
12.186666 231.612045
12.192000 231.521820
12.197333 231.409866
12.202666 115.674843
12.208000 115.648811
12.213333 349.664490
12.218667 348.888184
12.224000 347.595520
12.229333 346.425781
12.234667 2995.163330
12.240000 2932.203857
12.245334 223.991745
12.250667 223.055847
12.256000 483.846771
12.261333 481.604065
12.266666 476.326843
12.272000 246.122543
12.277333 247.168472
12.282666 247.332108
12.288000 246.744843
12.293333 165.752502
12.298667 212.030487
12.304000 211.048111
12.309334 210.409714
12.314667 210.064484
12.320000 209.785904
12.325334 209.479706
12.330667 209.044296
12.336000 208.449814
12.341333 207.893829
12.346666 207.594925
12.352000 207.358704
12.357333 207.066986
12.362667 206.723831
12.368000 206.508438
12.373333 206.585739
12.378667 206.938568
12.384000 207.358017
12.389334 207.670990
12.394667 207.929871
12.400000 208.386749
12.405334 208.965515
12.410666 209.417709
12.416000 209.675079
12.421333 209.743622
12.426666 209.627960
12.432000 209.644669
12.437333 209.879303
12.442667 210.071518
12.448000 210.204269
12.453333 210.238968
12.458667 210.002533
12.464000 190.858292
12.469334 104.196663
12.474667 104.259468
12.480000 104.225685
12.485333 103.496986
12.490666 103.363708
12.496000 206.769226
12.501333 206.971588
12.506667 207.013657
12.512000 207.001129
12.517333 206.972168
12.522667 206.869522
12.528000 206.822098
12.533334 207.029297
12.538667 207.274017
12.544000 207.437408
12.549334 207.557358
12.554667 207.661438
12.560000 207.736343
12.565333 207.718048
12.570666 207.596710
12.576000 207.497147
12.581333 207.495224
12.586667 207.450943
12.592000 207.239349
12.597333 206.862717
12.602667 206.330750
12.608000 103.428719
12.613334 103.236755
12.618667 103.477707
12.624000 107.324203
12.629333 107.613098
12.634666 71.003853
12.640000 71.035828
12.645333 71.068527
12.650666 71.039185
12.656000 70.992325
12.661333 70.948311
12.666667 68.881424
12.672000 206.397919
12.677333 206.687378
12.682667 207.009537
12.688000 207.293900
12.693334 207.509628
12.698667 207.585571
12.704000 207.469223
12.709333 103.548256
12.714666 488.364960
12.720000 482.817505
12.725333 480.816345
12.730667 487.792511
12.736000 489.543518
12.741333 414.856842
12.746667 103.288910
12.752000 103.240799
12.757334 206.317352
12.762667 206.065506
12.768000 206.002609
12.773334 206.108521
12.778666 206.275909
12.784000 206.191895
12.789333 206.108368
12.794666 206.191956
12.800000 206.334625
12.805333 206.465591
12.810667 206.660934
12.816000 206.941269
12.821333 207.138809
12.826667 207.128036
12.832000 206.928772
12.837334 206.666763
12.842667 206.508362
12.848000 206.439423
12.853333 206.363068
12.858666 206.287170
12.864000 206.308533
12.869333 206.413757
12.874666 206.526810
12.880000 206.655960
12.885333 206.857986
12.890667 207.021225
12.896000 207.110031
12.901334 207.126648
12.906667 207.072647
12.912000 207.067841
12.917334 207.253845
12.922667 207.527847
12.928000 207.694931
12.933333 207.758774
12.938666 207.703110
12.944000 207.472855
12.949333 207.178040
12.954667 207.114594
12.960000 207.594009
12.965333 208.782791
12.970667 209.747742
12.976000 209.875122
12.981334 209.687210
12.986667 209.369003
12.992000 137.872528
12.997334 137.948364
13.002666 205.887863
13.008000 204.815552
13.013333 203.791306
13.018666 312.347382
13.024000 314.048462
13.029333 315.217316
13.034667 315.214966
13.040000 315.022797
13.045333 315.171692
13.050667 315.160522
13.056000 314.658264
13.061334 313.707123
13.066667 312.598480
13.072000 311.933136
13.077333 312.016541
13.082666 312.924927
13.088000 314.385712
13.093333 315.077454
13.098666 313.775177
13.104000 311.803650
13.109333 155.774521
13.114667 156.193558
13.120000 104.245422
13.125334 104.089607
13.130667 103.992210
13.136000 103.986954
13.141334 104.075706
13.146667 104.135262
13.152000 104.122879
13.157333 104.138649
13.162666 104.262497
13.168000 104.279442
13.173333 104.169228
13.178667 103.864883
13.184000 103.862442
13.189333 316.063904
13.194667 309.864838
13.200000 157.752213
13.205334 104.545250
13.210667 104.169998
13.216000 104.109398
13.221334 103.987213
13.226666 103.367569
13.232000 363.959015
13.237333 364.893921
13.242666 367.906036
13.248000 393.663116
13.253333 105.837303
13.258667 411.658020
13.264000 414.895355
13.269333 459.076630
13.274667 449.861786
13.280000 442.812805
13.285334 408.730957
13.290667 360.691711
13.296000 191.834534
13.301333 190.346771
13.306666 189.251526
13.312000 188.806335
13.317333 188.827560
13.322667 189.084381
13.328000 188.866699
13.333333 187.793655
13.338667 186.438507
13.344000 185.549942
13.349334 185.074020
13.354667 184.883408
13.360000 184.906403
13.365334 185.032043
13.370667 185.054993
13.376000 184.957306
13.381333 184.950500
13.386666 184.965317
13.392000 184.818863
13.397333 184.704529
13.402667 184.815781
13.408000 185.211716
13.413333 185.623672
13.418667 185.593048
13.424000 185.498642
13.429334 185.684082
13.434667 186.254868
13.440000 186.852966
13.445333 186.788971
13.450666 186.583923
13.456000 186.576675
13.461333 186.621658
13.466666 186.612793
13.472000 186.513382
13.477333 186.355331
13.482667 186.236969
13.488000 186.182877
13.493333 186.064178
13.498667 184.139053
13.504000 184.017670
13.509334 187.338943
13.514667 203.288788
13.520000 186.938492
13.525333 186.689606
13.530666 186.525467
13.536000 186.596817
13.541333 186.822357
13.546667 186.994690
13.552000 186.983047
13.557333 186.866150
13.562667 186.729080
13.568000 186.599457
13.573334 186.491730
13.578667 186.441315
13.584000 186.475555
13.589334 186.509308
13.594666 186.470245
13.600000 186.344254
13.605333 186.111679
13.610666 185.655045
13.616000 184.804626
13.621333 397.255829
13.626667 348.240479
13.632000 343.277954
13.637333 331.921204
13.642667 324.409393
13.648000 331.577240
13.653334 345.706635
13.658667 356.353790
13.664000 356.020294
13.669333 351.361359
13.674666 343.355530
13.680000 339.563599
13.685333 123.876587
13.690666 124.263451
13.696000 92.042053
13.701333 92.266579
13.706667 365.496857
13.712000 365.929932
13.717334 365.135437
13.722667 367.134735
13.728000 371.648621
13.733334 373.422058
13.738667 375.543030
13.744000 379.630981
13.749333 397.327820
13.754666 407.754578
13.760000 413.809448
13.765333 414.359344
13.770667 180.340042
13.776000 180.448746
13.781333 180.902374
13.786667 182.026810
13.792000 183.895508
13.797334 184.994156
13.802667 185.375107
13.808000 185.530396
13.813334 185.668289
13.818666 185.813385
13.824000 185.926331
13.829333 186.033997
13.834666 186.179169
13.840000 186.313995
13.845333 186.433395
13.850667 186.521347
13.856000 186.519684
13.861333 186.434616
13.866667 186.321228
13.872000 186.208603
13.877334 186.084198
13.882667 185.963226
13.888000 185.838760
13.893333 185.654327
13.898666 185.412598
13.904000 185.264221
13.909333 185.328552
13.914667 185.439377
13.920000 185.246994
13.925333 184.743958
13.930667 184.128525
13.936000 183.388885
13.941334 182.471420
13.946667 181.656723
13.952000 181.424118
13.957334 182.294357
13.962667 184.490646
13.968000 185.758057
13.973333 185.724762
13.978666 185.564346
13.984000 185.640106
13.989333 185.616318
13.994667 185.307098
14.000000 184.883408
14.005333 184.570587
14.010667 184.293381
14.016000 184.414917
14.021334 186.448776
14.026667 187.240875
14.032000 186.951935
14.037333 186.712555
14.042666 186.694763
14.048000 186.506256
14.053333 186.003082
14.058666 185.519547
14.064000 185.199417
14.069333 184.852661
14.074667 184.584732
14.080000 184.550385
14.085333 184.557266
14.090667 184.409546
14.096000 184.240936
14.101334 184.134354
14.106667 184.140411
14.112000 184.331009
14.117333 184.618576
14.122666 184.814545
14.128000 184.878830
14.133333 184.828339
14.138667 184.703186
14.144000 184.695770
14.149333 184.896042
14.154667 185.268356
14.160000 185.658142
14.165334 185.825562
14.170667 185.799225
14.176000 185.815430
14.181334 185.910126
14.186666 185.975235
14.192000 185.896500
14.197333 363.820160
14.202666 361.545471
14.208000 359.738586
14.213333 359.058624
14.218667 362.480499
14.224000 366.884399
14.229333 368.695801
14.234667 369.594421
14.240000 369.367462
14.245334 367.090759
14.250667 363.603790
14.256000 334.478424
14.261333 337.261932
14.266666 157.005981
14.272000 356.923889
14.277333 359.595612
14.282666 360.822540
14.288000 178.146362
14.293333 177.693420
14.298667 177.358902
14.304000 177.077179
14.309334 176.756638
14.314667 176.498215
14.320000 176.199738
14.325334 175.862885
14.330667 175.684006
14.336000 175.636398
14.341333 175.696075
14.346666 175.879318
14.352000 176.031448
14.357333 176.014557
14.362667 175.935532
14.368000 175.832275
14.373333 141.295120
14.378667 175.309647
14.384000 175.290176
14.389334 175.390427
14.394667 175.610275
14.400000 175.934906
14.405334 176.231781
14.410666 176.455917
14.416000 176.701492
14.421333 176.884155
14.426666 176.848312
14.432000 176.707703
14.437333 176.616379
14.442667 176.613663
14.448000 176.670349
14.453333 176.789200
14.458667 176.962708
14.464000 177.125366
14.469334 177.098602
14.474667 176.805405
14.480000 176.494278
14.485333 176.473541
14.490666 176.628296
14.496000 176.827423
14.501333 177.543915
14.506667 88.763161
14.512000 177.925095
14.517333 177.419617
14.522667 171.498062
14.528000 170.905090
14.533334 180.508850
14.538667 180.608734
14.544000 180.735840
14.549334 180.703583
14.554667 180.741043
14.560000 169.909500
14.565333 255.231964
14.570666 256.210205
14.576000 256.665771
14.581333 256.642334
14.586667 239.472321
14.592000 185.078705
14.597333 173.714951
14.602667 173.841309
14.608000 185.890411
14.613334 185.767578
14.618667 185.484955
14.624000 185.066910
14.629333 265.908264
14.634666 266.126007
14.640000 184.170685
14.645333 183.976471
14.650666 172.994736
14.656000 173.387039
14.661333 165.656097
14.666667 393.945679
14.672000 393.928436
14.677333 392.991089
14.682667 437.889496
14.688000 430.675262
14.693334 402.403351
14.698667 399.901337
14.704000 281.094208
14.709333 280.737030
14.714666 281.142517
14.720000 281.411346
14.725333 395.007690
14.730667 376.056488
14.736000 360.922211
14.741333 353.674408
14.746667 354.018097
14.752000 353.739594
14.757334 350.294189
14.762667 349.593231
14.768000 172.113190
14.773334 172.249222
14.778666 118.687798
14.784000 117.976349
14.789333 117.082726
14.794666 117.791916
14.800000 118.983421
14.805333 175.175629
14.810667 176.331619
14.816000 184.347687
14.821333 183.937561
14.826667 182.679749
14.832000 181.496384
14.837334 180.195847
14.842667 117.160439
14.848000 117.245239
14.853333 180.157867
14.858666 180.102676
14.864000 179.360184
14.869333 178.757278
14.874666 178.614243
14.880000 178.577545
14.885333 178.384552
14.890667 178.215897
14.896000 178.320786
14.901334 178.444733
14.906667 178.390091
14.912000 178.382721
14.917334 178.423233
14.922667 178.115952
14.928000 177.389587
14.933333 176.804596
14.938666 176.510635
14.944000 176.389725
14.949333 176.012863
14.954667 175.308640
14.960000 174.672607
14.965333 174.463547
14.970667 174.447021
14.976000 174.409088
14.981334 174.563202
14.986667 174.978867
14.992000 481.690552
14.997334 474.170929
