0.000000 0.000000
0.005333 0.000000
0.010667 311.388519
0.016000 311.478424
0.021333 155.947906
0.026667 155.885773
0.032000 155.764572
0.037333 155.670349
0.042667 155.575104
0.048000 155.428040
0.053333 77.459496
0.058667 77.820221
0.064000 311.015594
0.069333 310.145599
0.074667 77.774986
0.080000 77.771126
0.085333 77.800858
0.090667 77.928558
0.096000 321.405884
0.101333 320.079773
0.106667 320.265900
0.112000 320.752747
0.117333 321.074493
0.122667 255.118469
0.128000 260.330353
0.133333 261.817688
0.138667 262.029327
0.144000 261.309875
0.149333 259.765167
0.154667 257.859161
0.160000 256.082642
0.165333 254.717834
0.170667 478.864441
0.176000 476.838104
0.181333 479.073456
0.186667 250.308578
0.192000 249.382172
0.197333 248.198532
0.202667 247.405884
0.208000 246.417587
0.213333 244.730331
0.218667 242.578842
0.224000 240.386246
0.229333 231.485809
0.234667 231.437531
0.240000 0.000000
0.245333 0.000000
0.250667 459.124268
0.256000 122.366508
0.261333 211.513641
0.266667 211.585922
0.272000 211.694809
0.277333 212.111969
0.282667 213.055634
0.288000 96.373161
0.293333 97.707153
0.298667 98.000641
0.304000 146.663742
0.309333 146.881821
0.314667 146.796097
0.320000 146.692505
0.325333 146.679260
0.330667 98.327896
0.336000 98.506699
0.341333 146.871567
0.346667 146.659805
0.352000 146.371323
0.357333 146.636734
0.362667 147.079788
0.368000 147.396225
0.373333 147.423553
0.378667 147.315079
0.384000 147.435394
0.389333 147.566437
0.394667 147.473633
0.400000 147.262161
0.405333 147.129364
0.410667 147.071136
0.416000 146.900635
0.421333 146.630188
0.426667 146.494415
0.432000 146.487259
0.437333 146.714447
0.442667 146.910583
0.448000 146.980408
0.453333 147.284515
0.458667 231.321442
0.464000 230.548828
0.469333 229.512512
0.474667 228.627823
0.480000 227.658707
0.485333 225.947998
0.490667 222.037109
0.496000 219.529922
0.501333 217.915985
0.506667 217.011002
0.512000 217.132858
0.517333 217.881210
0.522667 218.365845
0.528000 218.506409
0.533333 218.637787
0.538667 218.865814
0.544000 219.097748
0.549333 219.213623
0.554667 219.243271
0.560000 219.252991
0.565333 219.065903
0.570667 218.372314
0.576000 217.391647
0.581333 216.554672
0.586667 212.712418
0.592000 210.824219
0.597333 210.706680
0.602667 210.731735
0.608000 210.714371
0.613333 221.809906
0.618667 222.042847
0.624000 223.108047
0.629333 111.924301
0.634667 223.646545
0.640000 223.097672
0.645333 222.113037
0.650667 220.826935
0.656000 219.614136
0.661333 218.392944
0.666667 216.790527
0.672000 215.322632
0.677333 214.305374
0.682667 213.373169
0.688000 212.577698
0.693333 211.881012
0.698667 210.869461
0.704000 208.975693
0.709333 207.100876
0.714667 205.848114
0.720000 204.680466
0.725333 203.648117
0.730667 145.883560
0.736000 146.222519
0.741333 146.931610
0.746667 147.238174
0.752000 147.387085
0.757333 147.520493
0.762667 147.608002
0.768000 147.580124
0.773333 147.508636
0.778667 147.438126
0.784000 147.311447
0.789333 147.171982
0.794667 147.090851
0.800000 147.062714
0.805333 0.000000
0.810667 0.000000
0.816000 0.000000
0.821333 97.849022
0.826667 411.838531
0.832000 210.832901
0.837333 208.865158
0.842667 207.815643
0.848000 206.986984
0.853333 206.135178
0.858667 205.415939
0.864000 204.864731
0.869333 204.125336
0.874667 202.309692
0.880000 390.886414
0.885333 392.801971
0.890667 394.003601
0.896000 68.883965
0.901333 68.646744
0.906667 68.544075
0.912000 77.535500
0.917333 412.127472
0.922667 411.157410
0.928000 398.841644
0.933333 395.076843
0.938667 388.849060
0.944000 388.016510
0.949333 388.134552
0.954667 388.611816
0.960000 66.838165
0.965333 65.028870
0.970667 65.089615
0.976000 392.307281
0.981333 391.466522
0.986667 389.222351
0.992000 65.228310
0.997333 2342.790039
1.002667 2345.575195
1.008000 2341.347412
1.013333 2121.881348
1.018667 2130.952393
1.024000 2144.472412
1.029333 2151.146973
1.034667 2152.608643
1.040000 2159.913330
1.045333 2204.833496
1.050667 228.016006
1.056000 249.552460
1.061333 248.989899
1.066667 247.691330
1.072000 123.172012
1.077333 122.810516
1.082667 122.691795
1.088000 235.589188
1.093333 235.061020
1.098667 234.844055
1.104000 233.781616
1.109333 231.399002
1.114667 230.104477
1.120000 229.285294
1.125333 228.303497
1.130667 226.688034
1.136000 131.529785
1.141333 131.568390
1.146667 217.847000
1.152000 217.963287
1.157333 217.762054
1.162667 213.615738
1.168000 131.237015
1.173333 131.173599
1.178667 131.313751
1.184000 131.445099
1.189333 95.192879
1.194667 177.151733
1.200000 188.864410
1.205333 80.178879
1.210667 80.794342
1.216000 69.754257
1.221333 69.735664
1.226667 69.689423
1.232000 67.448929
1.237333 209.038528
1.242667 208.848541
1.248000 208.522293
1.253333 208.100388
1.258667 99.648727
1.264000 67.054787
1.269333 209.783600
1.274667 209.610123
1.280000 65.543541
1.285333 65.557076
1.290667 65.513443
1.296000 65.539299
1.301333 65.819107
1.306667 65.963913
1.312000 65.769188
1.317333 65.636612
1.322667 65.587486
1.328000 65.496269
1.333333 65.353157
1.338667 65.310509
1.344000 65.468330
1.349333 65.530312
1.354667 66.997131
1.360000 67.015076
1.365333 56.314705
1.370667 233.196487
1.376000 258.351196
1.381333 260.414856
1.386667 139.417999
1.392000 0.000000
1.397333 0.000000
1.402667 2318.548096
1.408000 2263.889404
1.413333 2233.344238
1.418667 2182.665283
1.424000 2099.723633
1.429333 1997.850464
1.434667 263.186890
1.440000 263.510834
1.445333 263.444092
1.450667 262.574402
1.456000 260.405701
1.461333 258.323517
1.466667 256.123322
1.472000 253.883316
1.477333 233.317673
1.482667 231.778168
1.488000 230.542053
1.493333 228.499191
1.498667 224.511810
1.504000 222.012268
1.509333 220.157257
1.514667 218.586365
1.520000 216.960999
1.525333 215.186172
1.530667 213.213394
1.536000 211.501740
1.541333 210.050751
1.546667 208.580612
1.552000 207.147919
1.557333 205.710007
1.562667 204.913162
1.568000 205.716873
1.573333 131.243988
1.578667 131.197006
1.584000 194.382553
1.589333 194.295807
1.594667 193.977615
1.600000 193.980988
1.605333 390.914795
1.610667 389.937592
1.616000 192.609467
1.621333 191.715302
1.626667 191.955963
1.632000 192.601639
1.637333 193.229187
1.642667 193.594528
1.648000 193.547882
1.653333 193.194611
1.658667 192.748383
1.664000 192.258453
1.669333 191.646896
1.674667 190.832306
1.680000 180.398270
1.685333 180.290329
1.690667 180.423737
1.696000 63.474789
1.701333 188.686783
1.706667 188.755753
1.712000 188.470215
1.717333 187.912399
1.722667 517.676758
1.728000 65.242241
1.733333 65.243523
1.738667 393.942078
1.744000 393.039520
1.749333 392.930511
1.754667 393.464417
1.760000 391.488373
1.765333 0.000000
1.770667 189.243774
1.776000 0.000000
1.781333 0.000000
1.786667 0.000000
1.792000 1179.646606
1.797333 1174.182739
1.802667 1177.790527
1.808000 1187.738525
1.813333 253.282791
1.818667 469.658051
1.824000 467.211700
1.829333 217.878571
1.834667 209.414108
1.840000 208.929382
1.845333 207.357437
1.850667 200.799866
1.856000 195.536987
1.861333 193.842850
1.866667 193.197311
1.872000 192.794937
1.877333 192.331558
1.882667 191.548325
1.888000 190.742477
1.893333 190.006668
1.898667 189.121155
1.904000 188.360703
1.909333 187.732300
1.914667 187.070663
1.920000 186.086731
1.925333 184.871552
1.930667 184.048508
1.936000 183.285889
1.941333 182.278564
1.946667 181.142838
1.952000 180.119705
1.957333 179.554657
1.962667 179.288452
1.968000 178.978622
1.973333 178.172821
1.978667 176.537735
1.984000 711.820740
1.989333 174.970428
1.994667 174.482971
2.000000 174.192078
2.005333 174.069077
2.010667 173.917480
2.016000 173.973770
2.021333 174.180420
2.026667 344.532410
2.032000 344.808472
2.037333 345.802643
2.042667 347.642609
2.048000 175.464081
2.053333 175.308670
2.058667 175.891693
2.064000 176.917801
2.069333 177.054642
2.074667 176.296188
2.080000 175.867050
2.085333 175.929611
2.090667 176.340622
2.096000 545.472839
2.101333 554.905457
2.106667 178.789185
2.112000 179.369049
2.117333 179.470779
2.122667 179.171783
2.128000 387.570557
2.133333 393.689941
2.138667 406.522064
2.144000 410.148804
2.149333 189.280518
2.154667 189.033264
2.160000 177.464203
2.165333 2339.460693
2.170667 2322.761475
2.176000 2335.256836
2.181333 397.467682
2.186667 393.490753
2.192000 391.540985
2.197333 392.817810
2.202667 410.569489
2.208000 412.904602
2.213333 412.948914
2.218667 89.854095
2.224000 89.912109
2.229333 89.965553
2.234667 90.064804
2.240000 90.139648
2.245333 90.215729
2.250667 494.537750
2.256000 219.093414
2.261333 141.068604
2.266667 390.033173
2.272000 203.882614
2.277333 298.775696
2.282667 298.558624
2.288000 299.275879
2.293333 300.899414
2.298667 303.346100
2.304000 304.244934
2.309333 303.665436
2.314667 303.901672
2.320000 209.786835
2.325333 303.922791
2.330667 303.558472
2.336000 650.575745
2.341333 288.491028
2.346667 293.997467
2.352000 197.856812
2.357333 203.767044
2.362667 78.945869
2.368000 200.776581
2.373333 199.163940
2.378667 197.653717
2.384000 193.970352
2.389333 193.201218
2.394667 192.811813
2.400000 192.401642
2.405333 191.976349
2.410667 130.857529
2.416000 67.718781
2.421333 65.661476
2.426667 65.508560
2.432000 65.686394
2.437333 65.916641
2.442667 66.331352
2.448000 66.171860
2.453333 66.132034
2.458667 66.167679
2.464000 66.096962
2.469333 65.867828
2.474667 65.713638
2.480000 65.753799
2.485333 65.979660
2.490667 65.709946
2.496000 65.577202
2.501333 65.459618
2.506667 65.314178
2.512000 65.099442
2.517333 388.600922
2.522667 388.704346
2.528000 389.281616
2.533333 12023.449219
2.538667 12098.898438
2.544000 12172.112305
2.549333 12225.610352
2.554667 6257.116699
2.560000 96.339027
2.565333 80.818741
2.570667 3313.917725
2.576000 3243.936523
2.581333 329.201355
2.586667 329.681030
2.592000 329.702271
2.597333 328.228882
2.602667 326.109741
2.608000 324.414459
2.613333 323.141174
2.618667 358.480072
2.624000 358.570770
2.629333 182.621124
2.634667 182.291870
2.640000 686.622192
2.645333 695.717346
2.650667 695.003967
2.656000 689.616089
2.661333 358.920074
2.666667 248.431564
2.672000 246.539398
2.677333 245.539230
2.682667 93.498138
2.688000 368.425140
2.693333 371.154602
2.698667 376.763092
2.704000 378.648254
2.709333 380.616211
2.714667 382.991638
2.720000 384.734100
2.725333 386.528656
2.730667 387.660736
2.736000 388.343323
2.741333 389.192719
2.746667 392.320587
2.752000 396.712463
2.757333 265.541443
2.762667 265.312622
2.768000 131.778503
2.773333 401.070740
2.778667 401.448822
2.784000 401.752716
2.789333 400.542816
2.794667 397.251892
2.800000 393.128754
2.805333 196.257477
2.810667 195.854126
2.816000 195.361404
2.821333 391.305756
2.826667 394.343597
2.832000 395.921173
2.837333 396.279999
2.842667 192.645248
2.848000 191.527206
2.853333 191.308243
2.858667 193.067093
2.864000 193.690140
2.869333 193.891632
2.874667 193.728714
2.880000 193.321457
2.885333 371.667419
2.890667 369.778290
2.896000 411.771423
2.901333 408.070343
2.906667 405.815826
2.912000 406.678131
2.917333 203.416428
2.922667 203.583115
2.928000 0.000000
2.933333 0.000000
2.938667 87.485100
2.944000 86.813065
2.949333 515.794189
2.954667 513.764099
2.960000 518.539062
2.965333 529.234497
2.970667 536.728577
2.976000 538.011353
2.981333 535.399597
2.986667 614.938477
2.992000 615.185730
2.997333 184.304871
