0.000000 0.000000
0.005333 199.827820
0.010667 189.794891
0.016000 188.831970
0.021333 188.009735
0.026667 93.357765
0.032000 93.545082
0.037333 91.789764
0.042667 4020.957764
0.048000 3934.924316
0.053333 3883.629395
0.058667 3857.266846
0.064000 3848.568604
0.069333 3840.783203
0.074667 3832.039062
0.080000 3825.215332
0.085333 3832.144287
0.090667 3836.394287
0.096000 3801.069824
0.101333 3737.590576
0.106667 3704.056885
0.112000 3754.923340
0.117333 170.649292
0.122667 169.198120
0.128000 168.854874
0.133333 168.564804
0.138667 100.804749
0.144000 159.367859
0.149333 308.604309
0.154667 308.451752
0.160000 77.617920
0.165333 77.563904
0.170667 75.143570
0.176000 74.887825
0.181333 74.908485
0.186667 76.434204
0.192000 311.919006
0.197333 298.269928
0.202667 298.096252
0.208000 60.538700
0.213333 295.263489
0.218667 293.888641
0.224000 293.834473
0.229333 293.655823
0.234667 292.815918
0.240000 292.664856
0.245333 293.358948
0.250667 293.924591
0.256000 293.881927
0.261333 293.913086
0.266667 294.252441
0.272000 294.487610
0.277333 294.403839
0.282667 294.168762
0.288000 97.716026
0.293333 97.331322
0.298667 93.387199
0.304000 92.967422
0.309333 93.071335
0.314667 93.515968
0.320000 93.604584
0.325333 93.345245
0.330667 281.025269
0.336000 280.514252
0.341333 283.659332
0.346667 94.093445
0.352000 97.012794
0.357333 309.860504
0.362667 309.755615
0.368000 302.912598
0.373333 302.796478
0.378667 302.398071
0.384000 301.912384
0.389333 301.164093
0.394667 299.919830
0.400000 298.696320
0.405333 297.915100
0.410667 297.254333
0.416000 296.343597
0.421333 295.021454
0.426667 293.024475
0.432000 290.958344
0.437333 289.859589
0.442667 289.371002
0.448000 288.725067
0.453333 288.229218
0.458667 288.503967
0.464000 289.441772
0.469333 290.408478
0.474667 290.823151
0.480000 290.819519
0.485333 290.922791
0.490667 291.490173
0.496000 292.183380
0.501333 0.000000
0.506667 49.588184
0.512000 97.072502
0.517333 97.684113
0.522667 98.599724
0.528000 97.992249
0.533333 97.490784
0.538667 97.704834
0.544000 98.625717
0.549333 98.153336
0.554667 97.841324
0.560000 99.423698
0.565333 99.365509
0.570667 99.199745
0.576000 99.142548
0.581333 99.169777
0.586667 99.259834
0.592000 218.778824
0.597333 218.457367
0.602667 218.196442
0.608000 179.732361
0.613333 179.343002
0.618667 179.654236
0.624000 188.674026
0.629333 211.911530
0.634667 213.603073
0.640000 180.030731
0.645333 179.105011
0.650667 179.118042
0.656000 179.341614
0.661333 215.531555
0.666667 216.044266
0.672000 177.973251
0.677333 178.152252
0.682667 178.750397
0.688000 215.891983
0.693333 215.916885
0.698667 216.907303
0.704000 218.614426
0.709333 219.168686
0.714667 219.363251
0.720000 219.805893
0.725333 219.951508
0.730667 218.436920
0.736000 217.789078
0.741333 218.433640
0.746667 219.128006
0.752000 219.291870
0.757333 218.972366
0.762667 218.245453
0.768000 217.505157
0.773333 217.340378
0.778667 217.104080
0.784000 212.683243
0.789333 216.180267
0.794667 216.095947
0.800000 4297.713867
0.805333 4180.202148
0.810667 3981.308838
0.816000 3945.259766
0.821333 4059.968994
0.826667 4134.339355
0.832000 4185.814453
0.837333 4237.106445
0.842667 4261.357910
0.848000 4240.299805
0.853333 4201.944336
0.858667 4178.979004
0.864000 4165.000977
0.869333 4177.630859
0.874667 4314.783691
0.880000 4597.630371
0.885333 4525.437988
0.890667 4353.472168
0.896000 4210.553223
0.901333 4006.301270
0.906667 196.980194
0.912000 228.886139
0.917333 227.835312
0.922667 225.167114
0.928000 222.939529
0.933333 222.818726
0.938667 211.436783
0.944000 1838.949463
0.949333 1823.673096
0.954667 1845.492310
0.960000 1909.972656
0.965333 1934.159302
0.970667 1934.597412
0.976000 1941.953491
0.981333 1938.315308
0.986667 1925.262329
0.992000 1927.324463
0.997333 1854.990479
1.002667 612.754211
1.008000 603.953857
1.013333 331.712006
1.018667 332.665314
1.024000 414.235779
1.029333 210.599915
1.034667 600.122070
1.040000 854.334717
1.045333 859.642456
1.050667 136.776413
1.056000 136.696320
1.061333 1878.283325
1.066667 1863.094849
1.072000 1873.303101
1.077333 1918.590576
1.082667 1962.596191
1.088000 189.080612
1.093333 594.789490
1.098667 599.442566
1.104000 600.649841
1.109333 1773.154053
1.114667 878.924805
1.120000 874.571594
1.125333 874.362854
1.130667 882.098633
1.136000 1788.966187
1.141333 1775.594238
1.146667 1771.535156
1.152000 1777.148438
1.157333 1807.960327
1.162667 1852.441650
1.168000 1848.899658
1.173333 1802.013794
1.178667 0.000000
1.184000 0.000000
1.189333 0.000000
1.194667 0.000000
1.200000 0.000000
1.205333 0.000000
1.210667 1820.015625
1.216000 1804.983398
1.221333 1223.755127
1.226667 786.274048
1.232000 858.944519
1.237333 851.908203
1.242667 848.866150
1.248000 847.083252
1.253333 846.035583
1.258667 846.506714
1.264000 91.735222
1.269333 195.772232
1.274667 194.358765
1.280000 194.369781
1.285333 176.087372
1.290667 180.740479
1.296000 90.711197
1.301333 187.623825
1.306667 188.329041
1.312000 187.938614
1.317333 187.683105
1.322667 187.662689
1.328000 187.560547
1.333333 187.479767
1.338667 187.425552
1.344000 187.389450
1.349333 187.376541
1.354667 187.309937
1.360000 187.284729
1.365333 187.426331
1.370667 0.000000
1.376000 0.000000
1.381333 0.000000
1.386667 0.000000
1.392000 0.000000
1.397333 0.000000
1.402667 189.548172
1.408000 189.486038
1.413333 189.068741
1.418667 188.873734
1.424000 188.530624
1.429333 187.765808
1.434667 187.034119
1.440000 3340.164062
1.445333 3363.464600
1.450667 3350.075195
1.456000 3261.192871
1.461333 3106.054199
1.466667 2994.539062
1.472000 3013.926514
1.477333 3105.869141
1.482667 3174.094971
1.488000 3210.026367
1.493333 3213.429688
1.498667 307.724579
1.504000 307.663666
1.509333 307.296783
1.514667 304.123688
1.520000 301.852692
1.525333 300.073700
1.530667 298.697205
1.536000 296.578491
1.541333 294.673981
1.546667 292.677887
1.552000 290.140808
1.557333 288.649261
1.562667 285.847900
1.568000 285.029236
1.573333 284.702454
1.578667 279.813873
1.584000 279.678528
1.589333 280.123627
1.594667 281.819916
1.600000 282.643311
1.605333 283.887207
1.610667 285.907318
1.616000 287.119873
1.621333 288.007233
1.626667 291.154053
1.632000 293.162567
1.637333 296.952789
1.642667 298.432770
1.648000 299.993042
1.653333 302.859711
1.658667 303.531311
1.664000 302.214966
1.669333 300.562256
1.674667 299.752869
1.680000 298.569916
1.685333 173.633698
1.690667 164.950699
1.696000 144.697876
1.701333 95.698532
1.706667 93.997101
1.712000 93.253593
1.717333 89.557426
1.722667 92.099899
1.728000 92.063835
1.733333 93.838661
1.738667 93.675865
1.744000 94.152138
1.749333 94.304459
1.754667 94.244102
1.760000 185.230515
1.765333 188.674820
1.770667 188.856201
1.776000 189.316528
1.781333 189.621124
1.786667 93.689568
1.792000 93.755157
1.797333 93.776276
1.802667 93.737083
1.808000 93.622459
1.813333 93.518753
1.818667 188.315308
1.824000 62.764606
1.829333 65.758698
1.834667 68.262169
1.840000 62.974712
1.845333 63.085159
1.850667 63.307442
1.856000 63.308243
1.861333 63.172855
1.866667 63.199127
1.872000 63.648304
1.877333 63.573402
1.882667 63.584030
1.888000 64.130829
1.893333 64.047966
1.898667 64.059517
1.904000 63.597664
1.909333 586.550415
1.914667 0.000000
1.920000 0.000000
1.925333 187.484268
1.930667 346.474762
1.936000 347.680420
1.941333 347.506042
1.946667 348.150055
1.952000 359.043488
1.957333 186.720184
1.962667 480.404724
1.968000 198.943558
1.973333 198.566772
1.978667 122.657959
1.984000 122.920967
1.989333 122.758766
1.994667 121.844566
2.000000 121.960968
2.005333 124.236435
2.010667 124.649200
2.016000 125.092865
2.021333 124.663132
2.026667 123.889832
2.032000 123.692314
2.037333 124.055504
2.042667 251.727280
2.048000 250.839142
2.053333 249.308792
2.058667 248.756577
2.064000 249.119308
2.069333 249.028397
2.074667 248.557755
2.080000 248.237747
2.085333 248.697098
2.090667 249.569366
2.096000 249.814209
2.101333 249.490494
2.106667 249.315475
2.112000 249.204895
2.117333 248.871872
2.122667 249.047287
2.128000 249.056320
2.133333 248.705536
2.138667 244.176346
2.144000 244.212280
2.149333 250.659210
2.154667 250.497559
2.160000 250.244843
2.165333 11892.834961
2.170667 222.505035
2.176000 222.629227
2.181333 221.781754
2.186667 442.877502
2.192000 442.782928
2.197333 442.394348
2.202667 441.598602
2.208000 440.964142
2.213333 440.702301
2.218667 439.877533
2.224000 436.822906
2.229333 435.733490
2.234667 435.216187
2.240000 435.417084
2.245333 10087.970703
2.250667 10021.564453
2.256000 10011.749023
2.261333 10098.870117
2.266667 10248.272461
2.272000 10363.144531
2.277333 10479.363281
2.282667 10680.193359
2.288000 10894.352539
2.293333 10995.965820
2.298667 11075.728516
2.304000 11186.554688
2.309333 11314.957031
2.314667 11436.477539
2.320000 11506.228516
2.325333 11509.252930
2.330667 11505.475586
2.336000 11530.952148
2.341333 11533.842773
2.346667 11461.801758
2.352000 11278.716797
2.357333 10949.703125
2.362667 10526.258789
2.368000 10190.684570
2.373333 9911.733398
2.378667 216.249176
2.384000 216.292435
2.389333 216.282990
2.394667 216.319122
2.400000 178.018326
2.405333 178.043427
2.410667 177.763794
2.416000 177.290329
2.421333 176.731323
2.426667 176.451538
2.432000 176.293152
2.437333 176.239166
2.442667 176.064377
2.448000 216.718643
2.453333 216.260117
2.458667 216.130646
2.464000 216.060074
2.469333 215.994751
2.474667 216.604965
2.480000 216.894791
2.485333 217.112122
2.490667 217.499634
2.496000 218.096725
2.501333 438.193054
2.506667 437.274475
2.512000 435.114868
2.517333 433.708832
2.522667 433.177094
2.528000 433.178589
2.533333 433.732300
2.538667 434.248688
2.544000 426.191681
2.549333 12465.411133
2.554667 12491.066406
2.560000 12496.247070
2.565333 12451.258789
2.570667 12395.561523
2.576000 12398.584961
2.581333 12489.275391
2.586667 12594.209961
2.592000 389.361237
2.597333 387.906403
2.602667 386.727570
2.608000 386.281494
2.613333 387.220123
2.618667 386.314758
2.624000 384.462494
2.629333 382.357025
2.634667 380.486115
2.640000 379.095428
2.645333 377.451904
2.650667 375.458069
2.656000 374.597473
2.661333 374.323334
2.666667 373.603943
2.672000 371.919556
2.677333 366.649567
2.682667 366.171143
2.688000 367.609955
2.693333 369.507141
2.698667 370.668640
2.704000 371.251556
2.709333 371.543396
2.714667 371.680054
2.720000 371.592651
2.725333 371.357971
2.730667 371.270691
2.736000 371.300293
2.741333 370.960999
2.746667 370.093048
2.752000 368.824005
2.757333 367.657166
2.762667 367.563477
2.768000 367.396851
2.773333 367.009766
2.778667 366.565399
2.784000 364.048431
2.789333 181.019653
2.794667 608.818909
2.800000 604.511047
2.805333 598.598633
2.810667 411.642517
2.816000 412.732941
2.821333 413.013763
2.826667 413.334320
2.832000 414.786530
2.837333 417.138733
2.842667 212.146378
2.848000 448.192230
2.853333 452.218079
2.858667 450.231110
2.864000 449.229187
2.869333 448.630737
2.874667 448.573425
2.880000 449.098022
2.885333 449.174774
2.890667 448.759125
2.896000 448.286713
2.901333 447.917847
2.906667 447.732086
2.912000 447.412506
2.917333 445.922516
2.922667 443.822479
2.928000 443.250061
2.933333 445.602661
2.938667 450.154175
2.944000 454.005371
2.949333 456.575104
2.954667 458.402527
2.960000 459.873535
2.965333 462.691071
2.970667 473.531067
2.976000 475.010254
2.981333 476.119446
2.986667 495.114441
2.992000 496.102936
2.997333 495.989136
3.002667 496.102356
3.008000 496.518677
3.013333 496.056152
3.018667 494.369659
3.024000 491.043030
3.029333 247.222458
3.034667 246.905991
3.040000 246.823654
3.045333 246.941864
3.050667 246.964615
3.056000 493.167267
3.061333 492.300018
3.066667 491.961121
3.072000 491.286865
3.077333 490.531403
3.082667 489.976929
3.088000 489.574738
3.093333 489.804260
3.098667 489.819031
3.104000 489.317627
3.109333 489.050446
3.114667 489.010986
3.120000 488.711121
3.125333 487.318512
3.130667 486.722107
3.136000 486.371582
3.141333 485.945862
3.146667 485.444672
3.152000 242.819611
3.157333 242.810440
3.162667 486.726868
3.168000 486.689392
3.173333 483.255676
3.178667 461.336273
3.184000 456.886017
3.189333 452.021210
3.194667 441.634308
3.200000 438.597046
3.205333 435.773682
3.210667 432.395142
3.216000 428.936310
3.221333 425.476837
3.226667 423.022156
3.232000 421.187683
3.237333 419.078430
3.242667 417.142029
3.248000 414.302612
3.253333 424.406219
3.258667 429.723480
3.264000 430.942474
3.269333 432.185059
3.274667 433.912842
3.280000 435.613586
3.285333 436.595123
3.290667 438.847717
3.296000 441.856995
3.301333 442.642151
3.306667 442.387299
3.312000 440.111450
3.317333 436.816620
3.322667 435.915100
3.328000 435.995148
3.333333 436.320038
3.338667 436.546021
3.344000 436.047485
3.349333 435.143188
3.354667 434.393799
3.360000 433.719391
3.365333 433.078461
3.370667 433.038544
3.376000 433.835541
3.381333 435.962250
3.386667 438.472198
3.392000 437.895935
3.397333 435.578522
3.402667 432.363037
3.408000 431.475739
3.413333 432.002930
3.418667 432.345245
3.424000 432.634583
3.429333 433.692505
3.434667 435.186707
3.440000 435.147919
3.445333 434.226440
3.450667 434.727051
3.456000 435.818756
3.461333 436.492188
3.466667 437.229889
3.472000 439.624969
3.477333 442.697357
3.482667 443.181946
3.488000 433.419647
3.493333 433.605225
3.498667 437.826996
3.504000 437.096130
3.509333 436.568848
3.514667 436.453918
3.520000 436.473022
3.525333 436.451385
3.530667 436.597046
3.536000 437.072540
3.541333 437.582306
3.546667 437.331329
3.552000 436.354248
3.557333 435.694366
3.562667 435.517487
3.568000 435.686066
3.573333 436.094635
3.578667 436.535645
3.584000 437.145325
3.589333 438.225983
3.594667 877.686523
3.600000 876.156433
3.605333 873.779602
3.610667 872.151794
3.616000 871.560730
3.621333 871.187256
3.626667 436.550903
3.632000 436.566223
3.637333 436.708435
3.642667 436.777313
3.648000 436.726227
3.653333 436.929352
3.658667 436.964294
3.664000 436.464417
3.669333 436.068115
3.674667 436.173767
3.680000 436.131409
3.685333 435.335510
3.690667 218.322632
3.696000 218.732101
3.701333 146.076691
3.706667 146.199509
3.712000 146.230621
3.717333 109.667374
3.722667 431.897491
3.728000 432.171509
3.733333 433.416931
3.738667 436.172424
3.744000 437.614136
3.749333 438.458344
3.754667 439.178528
3.760000 436.307434
3.765333 434.124878
3.770667 433.519623
3.776000 218.126221
3.781333 218.887329
3.786667 218.871262
3.792000 445.538544
3.797333 443.485291
3.802667 440.916229
3.808000 439.091034
3.813333 438.545349
3.818667 125.307861
3.824000 125.257317
3.829333 125.060730
3.834667 433.750305
3.840000 435.929962
3.845333 439.777344
3.850667 441.615601
3.856000 442.873840
3.861333 433.867401
3.866667 432.750916
3.872000 431.977203
3.877333 432.214813
3.882667 433.465668
3.888000 434.580780
3.893333 434.839081
3.898667 434.765076
3.904000 434.240845
3.909333 433.706848
3.914667 433.865326
3.920000 435.582764
3.925333 436.952942
3.930667 436.463867
3.936000 435.592499
3.941333 434.693054
3.946667 433.406677
3.952000 433.246796
3.957333 433.474365
3.962667 439.332489
3.968000 425.510468
3.973333 442.005646
3.978667 144.600113
3.984000 144.861755
3.989333 441.346588
3.994667 425.252838
4.000000 426.640961
4.005333 428.706024
4.010667 430.921173
4.016000 297.636719
4.021333 108.843437
4.026667 108.845886
4.032000 432.007782
4.037333 434.299591
4.042666 217.735168
4.048000 217.652191
4.053333 217.308868
4.058667 217.167664
4.064000 217.791702
4.069334 218.724228
4.074667 219.393250
4.080000 219.992188
4.085333 220.943359
4.090667 221.807343
4.096000 124.249252
4.101333 375.242676
4.106667 375.322449
4.112000 375.528992
4.117333 375.907837
4.122667 376.249695
4.128000 124.754684
4.133333 124.795990
4.138667 124.833481
4.144000 124.882828
4.149333 124.909210
4.154667 124.812584
4.160000 124.618950
4.165333 124.377655
4.170667 375.013336
4.176000 374.452454
4.181334 374.224426
4.186666 186.757706
4.192000 187.008118
4.197333 187.190475
4.202667 187.296326
4.208000 187.217758
4.213333 186.984207
4.218667 186.810867
4.224000 186.754303
4.229333 186.716766
4.234667 186.602600
4.240000 186.504242
4.245333 186.662460
4.250667 187.126770
4.256000 187.790665
4.261333 379.779358
4.266667 386.893372
4.272000 410.255798
4.277333 417.031525
4.282667 424.997345
4.288000 432.540710
4.293334 439.158875
4.298666 444.135468
4.304000 447.478119
4.309333 449.687805
4.314667 451.070190
4.320000 451.185547
4.325333 449.894836
4.330667 447.409576
4.336000 444.537994
4.341333 442.233032
4.346667 440.400055
4.352000 438.902893
4.357333 437.896027
4.362667 436.814331
4.368000 435.043732
4.373333 433.149078
4.378667 431.736450
4.384000 430.264008
4.389333 428.375519
4.394667 426.362671
4.400000 425.222656
4.405334 424.438507
4.410666 421.523926
4.416000 385.258606
4.421333 384.814880
4.426667 384.837280
4.432000 385.053833
4.437333 385.376801
4.442667 386.053650
4.448000 377.575714
4.453333 378.476654
4.458667 380.147766
4.464000 380.512695
4.469333 379.712891
4.474667 377.741699
4.480000 375.364838
4.485333 372.827515
4.490667 370.511810
4.496000 369.024811
4.501333 368.036896
4.506667 367.208893
4.512000 366.371460
4.517334 365.537323
4.522666 365.146790
4.528000 365.589996
4.533333 366.467651
4.538667 367.158356
4.544000 367.612122
4.549333 367.815399
4.554667 367.758545
4.560000 367.497345
4.565333 367.057709
4.570667 366.525604
4.576000 366.128815
4.581333 367.206238
4.586667 182.429474
4.592000 595.086182
4.597333 333.019775
4.602667 413.778381
4.608000 414.815857
4.613333 594.052185
4.618667 185.422745
4.624000 185.450821
4.629333 185.828491
4.634666 387.524841
4.640000 382.305969
4.645333 376.107117
4.650667 369.978149
4.656000 369.631744
4.661334 370.102661
4.666667 370.941742
4.672000 371.967407
4.677333 372.340088
4.682667 371.752045
4.688000 370.342926
4.693333 369.139862
4.698667 368.870941
4.704000 369.437927
4.709333 370.308258
4.714667 371.134125
4.720000 371.525238
4.725333 371.518402
4.730667 371.418396
4.736000 371.393433
4.741333 371.368622
4.746666 371.286560
4.752000 371.399353
4.757333 144.556763
4.762667 143.724014
4.768000 219.089355
4.773334 219.021362
4.778666 219.207062
4.784000 219.610748
4.789333 219.774292
4.794667 219.824997
4.800000 145.548294
4.805333 145.858582
4.810667 146.034225
4.816000 146.207703
4.821333 6009.448242
4.826667 6081.503418
4.832000 6155.332520
4.837333 146.227661
4.842667 146.245728
4.848000 344.462341
4.853333 187.214249
4.858667 187.376358
4.864000 185.678940
4.869333 186.041122
4.874667 330.426575
4.880000 332.938873
4.885334 334.486633
4.890666 168.159073
4.896000 168.899048
4.901333 339.362549
4.906667 170.588608
4.912000 171.021805
4.917333 190.365662
4.922667 187.554550
4.928000 186.672348
4.933333 187.261124
4.938667 187.655777
4.944000 187.559906
4.949333 187.548370
4.954667 187.811600
4.960000 187.015106
4.965333 216.487366
4.970667 218.790970
4.976000 219.336914
4.981333 219.943863
4.986667 220.223038
4.992000 220.275513
4.997334 437.032104
5.002666 435.281677
5.008000 221.541504
5.013333 221.151215
5.018667 219.914978
5.024000 219.836731
5.029333 219.911682
5.034667 438.979950
5.040000 435.426361
5.045333 431.234802
5.050667 8345.769531
5.056000 8380.385742
5.061333 8348.912109
5.066667 8246.330078
5.072000 8068.405762
5.077333 324.001007
5.082667 332.758240
5.088000 333.926086
5.093333 334.443054
5.098667 334.011444
5.104000 332.434265
5.109334 329.943390
5.114666 327.524994
5.120000 325.231476
5.125333 323.487732
5.130667 322.413086
5.136000 321.748108
5.141333 321.214142
5.146667 320.765747
5.152000 320.507660
5.157333 320.581879
5.162667 321.047852
5.168000 321.814301
5.173333 322.695557
5.178667 323.745148
5.184000 325.048065
5.189333 326.787048
5.194667 328.668243
5.200000 330.301270
5.205333 331.687897
5.210667 332.965485
5.216000 333.958099
5.221334 334.624298
5.226666 334.926270
5.232000 334.793243
5.237333 334.151367
5.242667 333.062836
5.248000 331.626343
5.253334 330.150391
5.258667 328.841370
5.264000 163.929169
5.269333 163.508820
5.274667 163.106445
5.280000 162.850906
5.285333 108.577209
5.290667 326.533051
5.296000 327.976624
5.301333 165.029068
5.306667 166.655228
5.312000 168.887177
5.317333 171.304443
5.322667 175.388611
5.328000 177.106552
5.333333 361.341492
5.338666 367.983459
5.344000 372.431305
5.349333 374.766937
5.354667 376.091370
5.360000 376.871765
5.365334 376.652618
5.370667 375.034393
5.376000 372.330627
5.381333 368.870270
5.386667 171.470581
5.392000 179.545807
5.397333 178.565277
5.402667 178.585251
5.408000 179.528839
5.413333 181.786407
5.418667 184.355545
5.424000 186.165329
5.429333 187.939957
5.434667 189.443359
5.440000 190.360138
5.445333 190.759750
5.450667 381.289368
5.456000 380.362793
5.461333 377.962524
5.466667 374.246429
5.472000 370.766815
5.477334 187.294525
5.482666 189.287476
5.488000 188.382782
5.493333 186.560394
5.498667 184.244675
5.504000 179.671982
5.509333 177.615433
5.514667 167.627640
5.520000 165.924133
5.525333 110.231941
5.530667 111.323677
5.536000 111.637352
5.541333 111.488457
5.546667 111.586075
5.552000 111.672989
5.557333 111.483505
5.562667 127.110085
5.568000 126.669479
5.573333 126.530487
5.578667 126.504318
5.584000 126.558357
5.589334 126.466156
5.594666 126.438957
5.600000 128.180923
5.605333 128.579636
5.610667 128.497253
5.616000 128.096344
5.621333 127.736618
5.626667 111.050652
5.632000 110.888481
5.637333 110.806061
5.642667 110.758446
5.648000 110.482094
5.653333 110.289185
5.658667 8498.291992
5.664000 8659.047852
5.669333 8938.847656
5.674667 9183.542969
5.680000 9331.979492
5.685333 9347.450195
5.690667 9177.191406
5.696000 8916.384766
5.701334 8822.314453
5.706666 8899.345703
5.712000 8957.833984
5.717333 8805.060547
5.722667 7136.474121
5.728000 6967.346191
5.733333 6994.759277
5.738667 6996.994141
5.744000 110.484909
5.749333 110.510025
5.754667 110.731140
5.760000 124.847710
5.765333 124.453224
5.770667 123.784790
5.776000 184.900208
5.781333 184.434219
5.786667 367.864349
5.792000 366.405090
5.797333 364.780212
5.802667 363.798767
5.808000 363.434021
5.813334 363.304016
5.818666 363.321625
5.824000 363.528992
5.829333 363.957642
5.834667 364.541443
5.840000 365.091064
5.845333 365.487122
5.850667 365.780609
5.856000 365.963318
5.861333 365.950531
5.866667 365.728668
5.872000 365.319427
5.877333 364.827789
5.882667 364.431946
5.888000 364.232178
5.893333 364.276337
5.898667 364.534210
5.904000 364.986725
5.909333 365.684265
5.914667 366.645142
5.920000 367.721893
5.925333 368.702026
5.930666 369.541595
5.936000 185.336075
5.941333 4245.944824
5.946667 4217.314453
5.952000 4178.620605
5.957334 187.205673
5.962667 374.793213
5.968000 187.399063
5.973333 187.314575
5.978667 187.296860
5.984000 187.921448
5.989333 189.355865
5.994667 190.154053
6.000000 190.977814
6.005333 384.277100
6.010667 387.184967
6.016000 390.702026
6.021333 394.655029
6.026667 398.859344
6.032000 403.141418
6.037333 407.693970
6.042666 412.380280
6.048000 416.555206
6.053333 420.434357
6.058667 424.446075
6.064000 428.276581
6.069334 431.296906
6.074667 433.541504
6.080000 435.556152
6.085333 437.508972
6.090667 439.444763
6.096000 440.929535
6.101333 441.825958
6.106667 442.126648
6.112000 441.856415
6.117333 441.162506
6.122667 440.241333
6.128000 439.062286
6.133333 437.361816
6.138667 435.196838
6.144000 432.321411
6.149333 427.747498
6.154667 420.769928
6.160000 406.235168
6.165333 384.833710
6.170667 384.337006
6.176000 384.034912
6.181334 376.249329
6.186666 376.873596
6.192000 377.147339
6.197333 377.070648
6.202667 374.145020
6.208000 374.448578
6.213333 374.762238
6.218667 375.169342
6.224000 375.246185
6.229333 374.690491
6.234667 373.610016
6.240000 372.730774
6.245333 371.947052
6.250667 371.182556
6.256000 370.344971
6.261333 369.591644
6.266667 368.913330
6.272000 367.866119
6.277333 366.624054
6.282667 365.569794
6.288000 365.505463
6.293334 366.168213
6.298666 366.760773
6.304000 367.266724
6.309333 367.757263
6.314667 368.301422
6.320000 368.980743
6.325333 369.656403
6.330667 370.154755
6.336000 370.498291
6.341333 370.759613
6.346667 370.991211
6.352000 371.224335
6.357333 371.407074
6.362667 371.540039
6.368000 371.812073
6.373333 186.063583
6.378667 603.287231
6.384000 599.518860
6.389333 333.250916
6.394667 413.211578
6.400000 571.961853
6.405334 574.216064
6.410666 185.859253
6.416000 185.591629
6.421333 185.226898
6.426667 370.423431
6.432000 369.492462
6.437333 368.402008
6.442667 367.152405
6.448000 366.575836
6.453333 366.709839
6.458667 367.029297
6.464000 367.360016
6.469333 367.813934
6.474667 368.383636
6.480000 369.062866
6.485333 369.888336
6.490667 370.628418
6.496000 370.898224
6.501333 370.692047
6.506667 370.331604
6.512000 370.125458
6.517334 370.078857
6.522666 369.893219
6.528000 369.283295
6.533333 368.182495
6.538667 365.995117
6.544000 360.302338
6.549333 349.892212
6.554667 340.551819
6.560000 331.848846
6.565333 324.639954
6.570667 317.714355
6.576000 311.433197
6.581333 308.434265
6.586667 305.361023
6.592000 301.161377
6.597333 297.479828
6.602667 294.941132
6.608000 302.342865
6.613333 326.511780
6.618667 335.753479
6.624000 336.631653
6.629333 336.429199
6.634666 334.584808
6.640000 329.452179
6.645333 328.376892
6.650667 328.530701
6.656000 328.644409
6.661334 328.912109
6.666667 164.643448
6.672000 202.694397
6.677333 201.665512
6.682667 191.518600
6.688000 186.769806
6.693333 186.734222
6.698667 187.110458
6.704000 187.038620
6.709333 187.075653
6.714667 187.082306
6.720000 186.770874
6.725333 186.800980
6.730667 187.309204
6.736000 188.083145
6.741333 183.041702
6.746666 182.756561
6.752000 182.512299
6.757333 182.113037
6.762667 3762.197510
6.768000 3767.441895
6.773334 1812.720215
6.778666 1798.477539
6.784000 1776.446777
6.789333 3678.207031
6.794667 3669.342041
6.800000 3676.597900
6.805333 3680.567627
6.810667 1830.283936
6.816000 1834.705566
6.821333 1824.938721
6.826667 1791.600220
6.832000 356.430878
6.837333 359.233917
6.842667 355.729980
6.848000 351.518250
6.853333 344.980042
6.858667 335.112244
6.864000 330.216339
6.869333 326.859955
6.874667 324.451263
6.880000 323.289093
6.885334 323.157776
6.890666 323.774170
6.896000 324.934875
6.901333 326.361755
6.906667 327.485687
6.912000 328.148224
6.917333 328.403809
6.922667 328.461090
6.928000 328.444977
6.933333 328.310822
6.938667 328.034180
6.944000 327.710938
6.949333 327.399200
6.954667 326.972290
6.960000 326.304016
6.965333 325.677673
6.970667 325.505219
6.976000 325.663055
6.981333 325.985565
6.986667 326.573975
6.992000 327.424622
6.997334 328.217926
7.002666 328.694824
7.008000 328.939178
7.013333 329.048981
7.018667 329.016937
7.024000 328.875305
7.029333 328.757935
7.034667 328.730194
7.040000 328.726044
7.045333 328.644379
7.050667 328.522614
7.056000 328.489532
7.061333 328.568634
7.066667 328.636353
7.072000 328.586853
7.077333 328.437256
7.082667 328.278931
7.088000 328.271545
7.093333 164.350876
7.098667 181.103912
7.104000 182.416855
7.109334 183.276581
7.114666 183.546722
7.120000 182.852676
7.125333 183.335022
7.130667 184.601364
7.136000 187.604309
7.141333 189.248886
7.146667 179.108475
7.152000 186.639984
7.157333 187.234680
7.162667 188.148880
7.168000 188.451630
7.173333 188.091461
7.178667 187.219208
7.184000 186.196808
7.189333 185.314301
7.194667 184.615341
7.200000 184.209869
7.205333 368.390198
7.210667 368.790894
7.216000 184.633041
7.221334 184.836044
7.226666 370.295197
7.232000 370.292480
7.237333 369.847717
7.242667 369.140900
7.248000 368.336212
7.253334 367.382111
7.258667 366.397186
7.264000 366.264801
7.269333 367.054474
7.274667 0.000000
7.280000 173.483795
7.285333 171.393280
7.290667 167.423004
7.296000 101.215050
7.301333 97.693398
7.306667 81.764091
7.312000 81.526276
7.317333 81.709518
7.322667 81.764267
7.328000 81.610107
7.333333 81.511108
7.338666 81.770035
7.344000 82.631691
7.349333 82.689369
7.354667 61.653191
7.360000 61.699902
7.365334 61.760288
7.370667 124.962509
7.376000 125.635849
7.381333 82.470139
7.386667 82.973183
7.392000 124.963982
7.397333 124.365417
7.402667 123.816536
7.408000 124.107178
7.413333 0.000000
7.418667 0.000000
7.424000 97.479706
7.429333 97.732597
7.434667 97.619308
7.440000 97.574219
7.445333 123.633224
7.450667 97.802528
7.456000 123.651108
7.461333 123.602722
7.466667 123.622520
7.472000 123.647156
7.477334 123.570045
7.482666 123.522446
7.488000 123.537895
7.493333 97.787041
7.498667 97.585548
7.504000 97.878784
7.509333 103.523819
7.514667 6460.000000
7.520000 6522.670410
7.525333 6589.142090
7.530667 6668.208496
7.536000 6774.676758
7.541333 97.895515
7.546667 122.260185
7.552000 122.791641
7.557333 97.976433
7.562667 98.157196
7.568000 108.426941
7.573333 100.405434
7.578667 97.882301
7.584000 98.082710
7.589334 100.664635
7.594666 100.366425
7.600000 97.718323
7.605333 97.961555
7.610667 105.812332
7.616000 105.855110
7.621333 97.833725
7.626667 105.175514
7.632000 105.644897
7.637333 105.462296
7.642667 102.072006
7.648000 103.504555
7.653333 103.630661
7.658667 99.108772
7.664000 99.111580
7.669333 99.308060
7.674667 101.478256
7.680000 99.576065
7.685333 99.588577
7.690667 99.731766
7.696000 99.883522
7.701334 98.276009
7.706666 100.279381
7.712000 108.879387
7.717333 108.832970
7.722667 100.013206
7.728000 99.966568
7.733333 99.911362
7.738667 99.923393
7.744000 100.060898
7.749333 100.400261
7.754667 306.706177
7.760000 308.061523
7.765333 307.647583
7.770667 306.038483
7.776000 304.591980
7.781333 99.735146
7.786667 99.061363
7.792000 97.043800
7.797333 96.885109
7.802667 95.830635
7.808000 94.880981
7.813334 94.123199
7.818666 93.576790
7.824000 92.550049
7.829333 92.362259
7.834667 92.043015
7.840000 91.691315
7.845333 91.461403
7.850667 91.439423
7.856000 91.553963
7.861333 91.780411
7.866667 92.368340
7.872000 92.377571
7.877333 93.859947
7.882667 284.046082
7.888000 283.853607
7.893333 286.095520
7.898667 289.348724
7.904000 290.988434
7.909333 292.415955
7.914667 300.924591
7.920000 302.222900
7.925333 303.022766
7.930666 303.576202
7.936000 303.630493
7.941333 302.303864
7.946667 300.475891
7.952000 300.686310
7.957334 300.544342
7.962667 300.029633
7.968000 299.741791
7.973333 303.959412
7.978667 283.523315
7.984000 283.679321
7.989333 283.538147
7.994667 283.043274
8.000000 282.801117
8.005333 282.832550
8.010667 282.958710
8.016000 283.079956
8.021334 283.509094
8.026667 285.219269
8.032000 285.354004
8.037333 299.726227
8.042666 299.867615
8.048000 299.847107
8.053333 299.960693
8.058666 300.455200
8.064000 309.230469
8.069333 309.227081
8.074667 309.821503
8.080000 311.156647
8.085333 293.116394
8.090667 293.592133
8.096000 285.905334
8.101334 285.358826
8.106667 284.975983
8.112000 267.711975
8.117333 258.384369
8.122666 254.537781
8.128000 251.823715
8.133333 249.536118
8.138667 248.860138
8.144000 247.971558
8.149333 245.850906
8.154667 245.546219
8.160000 245.776123
8.165334 246.140152
8.170667 265.672455
8.176000 331.408783
8.181334 333.292236
8.186666 334.308197
8.192000 210.686340
8.197333 211.221832
8.202666 236.658035
8.208000 235.987091
8.213333 235.513046
8.218667 233.330643
8.224000 243.054031
8.229333 1936.982544
8.234667 1946.849121
8.240000 224.416199
8.245334 223.659225
8.250667 223.086700
8.256000 223.003601
8.261333 222.318329
8.266666 211.322983
8.272000 215.058868
8.277333 216.201172
8.282666 226.777298
8.288000 226.191223
8.293333 226.497742
8.298667 232.352448
8.304000 237.263412
8.309334 244.151672
8.314667 244.767975
8.320000 245.326263
8.325334 251.951035
8.330667 254.819244
8.336000 255.602570
8.341333 255.497452
8.346666 255.375076
8.352000 254.852020
8.357333 253.822601
8.362667 253.332077
8.368000 253.182236
8.373333 248.593735
8.378667 248.035767
8.384000 245.238922
8.389334 1773.706299
8.394667 1769.897217
8.400000 1769.250366
8.405334 249.665924
8.410666 244.835281
8.416000 275.754974
8.421333 296.190186
8.426666 288.589142
8.432000 287.495941
8.437333 284.337921
8.442667 281.399231
8.448000 277.267029
8.453333 91.550415
8.458667 90.574615
8.464000 91.912506
8.469334 188.925064
8.474667 10179.644531
8.480000 10311.277344
8.485333 10397.211914
8.490666 10397.289062
8.496000 10317.983398
8.501333 10218.676758
8.506667 10137.988281
8.512000 10086.041016
8.517333 10074.624023
8.522667 93.564873
8.528000 94.259735
8.533334 293.231567
8.538667 294.619385
8.544000 295.408234
8.549334 296.175873
8.554667 296.784637
8.560000 296.964050
8.565333 296.534027
8.570666 295.400574
8.576000 293.002289
8.581333 287.524414
8.586667 286.123535
8.592000 285.392303
8.597333 284.478912
8.602667 283.813171
8.608000 283.313751
8.613334 283.089142
8.618667 283.013000
8.624000 282.842560
8.629333 282.515656
8.634666 282.279327
8.640000 282.680939
8.645333 286.155609
8.650666 289.861481
8.656000 291.742065
8.661333 292.564362
8.666667 292.875000
8.672000 292.845917
8.677333 292.514557
8.682667 291.905304
8.688000 291.179810
8.693334 290.622894
8.698667 290.269073
8.704000 290.034760
8.709333 289.958557
8.714666 290.073120
8.720000 290.392822
8.725333 290.796783
8.730667 291.113892
8.736000 291.320862
8.741333 291.508942
8.746667 291.640564
8.752000 291.599640
8.757334 291.511536
8.762667 291.619019
8.768000 291.986572
8.773334 292.436096
8.778666 292.859650
8.784000 293.289551
8.789333 293.834015
8.794666 294.351196
8.800000 294.621918
8.805333 294.769043
8.810667 294.959595
8.816000 295.081116
8.821333 295.014557
8.826667 294.746490
8.832000 294.218201
8.837334 293.443726
8.842667 292.578979
8.848000 141.542160
8.853333 142.092789
8.858666 148.181671
8.864000 94.353600
8.869333 93.502220
8.874666 93.880898
8.880000 95.029602
8.885333 148.076599
8.890667 148.426682
8.896000 148.600296
8.901334 148.610703
8.906667 297.032684
8.912000 296.791718
8.917334 296.279541
8.922667 295.392700
8.928000 293.915466
8.933333 291.715607
8.938666 289.541809
8.944000 287.904724
8.949333 286.804047
8.954667 286.166138
8.960000 95.063232
8.965333 95.099869
8.970667 95.218842
8.976000 95.350616
8.981334 95.467346
8.986667 287.622162
8.992000 288.404327
8.997334 289.394318
9.002666 290.235260
9.008000 290.837799
9.013333 291.206879
9.018666 291.338989
9.024000 291.180634
9.029333 290.809631
9.034667 290.305939
9.040000 289.616913
9.045333 288.741058
9.050667 287.754272
9.056000 286.867706
9.061334 286.343964
9.066667 286.875641
9.072000 290.501556
9.077333 300.232483
9.082666 307.372406
9.088000 315.641998
9.093333 335.845642
9.098666 111.514473
9.104000 111.464661
9.109333 111.542908
9.114667 111.722549
9.120000 167.953217
9.125334 167.646820
9.130667 167.044800
9.136000 333.541046
9.141334 334.135925
9.146667 165.812622
9.152000 81.881935
9.157333 324.644928
9.162666 323.918274
9.168000 323.624268
9.173333 323.473694
9.178667 323.391113
9.184000 322.822723
9.189333 322.376007
9.194667 322.555084
9.200000 323.491089
9.205334 325.150238
9.210667 327.458496
9.216000 332.496338
9.221334 336.814636
9.226666 340.645508
9.232000 342.180054
9.237333 343.846527
9.242666 353.328735
9.248000 117.930626
9.253333 358.270386
9.258667 360.877319
9.264000 121.778557
9.269333 123.463348
9.274667 123.692215
9.280000 123.836189
9.285334 123.842209
9.290667 123.836266
9.296000 124.998161
9.301333 124.629250
9.306666 124.690094
9.312000 124.737053
9.317333 124.762398
9.322667 124.772507
9.328000 124.807281
9.333333 126.076637
9.338667 129.851501
9.344000 97.778061
9.349334 131.795456
9.354667 133.739288
9.360000 408.805054
9.365334 411.045654
9.370667 428.160492
9.376000 429.930359
9.381333 431.674530
9.386666 432.467896
9.392000 434.268494
9.397333 440.012207
9.402667 441.562805
9.408000 441.857971
9.413333 441.619263
9.418667 441.849121
9.424000 442.774628
9.429334 443.542114
9.434667 443.141724
9.440000 441.851318
9.445333 441.168091
9.450666 440.339966
9.456000 438.643402
9.461333 437.642059
9.466666 437.038208
9.472000 436.220825
9.477333 435.137848
9.482667 434.179077
9.488000 433.354034
9.493333 432.070038
9.498667 430.775787
9.504000 430.619263
9.509334 430.673340
9.514667 430.604492
9.520000 430.662476
9.525333 431.850403
9.530666 433.877319
9.536000 435.322479
9.541333 436.670898
9.546667 437.544678
9.552000 437.458588
9.557333 437.227753
9.562667 438.272186
9.568000 440.416077
9.573334 220.026657
9.578667 221.302246
9.584000 222.013840
9.589334 446.502838
9.594666 448.013672
9.600000 448.835724
9.605333 448.719910
9.610666 224.135025
9.616000 447.303162
9.621333 446.233978
9.626667 444.502747
9.632000 442.133331
9.637333 439.598236
9.642667 437.642334
9.648000 218.131393
9.653334 217.929749
9.658667 217.907669
9.664000 436.384674
9.669333 436.689240
9.674666 436.921631
9.680000 437.404510
9.685333 438.011719
9.690666 438.855316
9.696000 439.872925
9.701333 440.108826
9.706667 439.372559
9.712000 438.149841
9.717334 436.841583
9.722667 435.827362
9.728000 435.577606
9.733334 434.928345
9.738667 430.227295
9.744000 426.148407
9.749333 422.564789
9.754666 417.117340
9.760000 405.438171
9.765333 367.156464
9.770667 367.352020
9.776000 367.959351
9.781333 358.099701
9.786667 358.440063
9.792000 359.299591
9.797334 370.064606
9.802667 371.648621
9.808000 381.046295
9.813334 381.106750
9.818666 381.639893
9.824000 383.841644
9.829333 384.705109
9.834666 384.280212
9.840000 383.493500
9.845333 381.362366
9.850667 378.362854
9.856000 377.243347
9.861333 377.848145
9.866667 377.987946
9.872000 377.006927
9.877334 375.334442
9.882667 375.273010
9.888000 375.391510
9.893333 375.176788
9.898666 374.633179
9.904000 373.715881
9.909333 373.395386
9.914667 374.076904
9.920000 374.861908
9.925333 375.784790
9.930667 376.575348
9.936000 376.626709
9.941334 376.533722
9.946667 377.030243
9.952000 378.123962
9.957334 402.562134
9.962667 207.493149
9.968000 182.809341
9.973333 183.169174
9.978666 209.404160
9.984000 210.073395
9.989333 210.867874
9.994667 2193.133545
10.000000 2255.509766
10.005333 2198.977783
10.010667 2069.177734
10.016000 2005.031128
10.021334 1997.796997
10.026667 86.220169
10.032000 432.047211
10.037333 433.218842
10.042666 435.647522
10.048000 439.517609
10.053333 443.961090
10.058666 445.943115
10.064000 446.231232
10.069333 445.115723
10.074667 443.749176
10.080000 443.504669
10.085333 442.763763
10.090667 440.072632
10.096000 438.765686
10.101334 438.969940
10.106667 439.822357
10.112000 440.766663
10.117333 442.074860
10.122666 443.789276
10.128000 445.217957
10.133333 446.791656
10.138667 449.455475
10.144000 453.771851
10.149333 464.244476
10.154667 470.362579
10.160000 474.439575
10.165334 479.989624
10.170667 486.054840
10.176000 489.734222
10.181334 493.126526
10.186666 495.651337
10.192000 497.098450
10.197333 504.460571
10.202666 494.419891
10.208000 493.654541
10.213333 493.487305
10.218667 493.334290
10.224000 491.874084
10.229333 190.389862
10.234667 189.216324
10.240000 188.531006
10.245334 188.343170
10.250667 188.515503
10.256000 189.245163
10.261333 189.455109
10.266666 189.447800
10.272000 189.107742
10.277333 188.595810
10.282666 188.490509
10.288000 188.547119
10.293333 188.818069
10.298667 189.761948
10.304000 189.980545
10.309334 190.024872
10.314667 189.993393
10.320000 185.049530
10.325334 189.673538
10.330667 165.039413
10.336000 165.098495
10.341333 165.140503
10.346666 247.737778
10.352000 496.192383
10.357333 497.087158
10.362667 498.117065
10.368000 249.902802
10.373333 249.802811
10.378667 249.706512
10.384000 249.775040
10.389334 510.405396
10.394667 511.816956
10.400000 512.223083
10.405334 249.816010
10.410666 167.391663
10.416000 167.301941
10.421333 167.292175
10.426666 167.308533
10.432000 99.483826
10.437333 98.119095
10.442667 82.558739
10.448000 82.251984
10.453333 164.163818
10.458667 163.429611
10.464000 486.344971
10.469334 484.943970
10.474667 483.958893
10.480000 482.184784
10.485333 478.710358
10.490666 473.887878
10.496000 463.240295
10.501333 458.924164
10.506667 456.829132
10.512000 454.518433
10.517333 444.889313
10.522667 440.387329
10.528000 438.169586
10.533334 437.256989
10.538667 436.704803
10.544000 436.606781
10.549334 436.994751
10.554667 437.398224
10.560000 437.208221
10.565333 436.153625
10.570666 436.263763
10.576000 437.419952
10.581333 438.481232
10.586667 438.638031
10.592000 438.363342
10.597333 437.982361
10.602667 437.408844
10.608000 436.894501
10.613334 437.120026
10.618667 437.449066
10.624000 437.521454
10.629333 438.300415
10.634666 440.296967
10.640000 440.561310
10.645333 440.025238
10.650666 439.655273
10.656000 440.029358
10.661333 440.970337
10.666667 441.009308
10.672000 440.356079
10.677333 440.200104
10.682667 177.535812
10.688000 177.382187
10.693334 177.388123
10.698667 220.440659
10.704000 220.952499
10.709333 221.098465
10.714666 177.167435
10.720000 177.247299
10.725333 177.425430
10.730667 177.601929
10.736000 177.614029
10.741333 176.017776
10.746667 176.063538
10.752000 176.262756
10.757334 176.516342
10.762667 176.616013
10.768000 176.508270
10.773334 222.200638
10.778666 222.347168
10.784000 218.256714
10.789333 446.753357
10.794666 446.890320
10.800000 446.441101
10.805333 443.149994
10.810667 440.838165
10.816000 439.121124
10.821333 437.688538
10.826667 437.229126
10.832000 437.066833
10.837334 436.744415
10.842667 436.268066
10.848000 437.028259
10.853333 221.077972
10.858666 221.083496
10.864000 175.191513
10.869333 175.261444
10.874666 175.567551
10.880000 98.155479
10.885333 98.165573
10.890667 88.071808
10.896000 147.183136
10.901334 146.993591
10.906667 300.451385
10.912000 300.089752
10.917334 299.880005
10.922667 299.768433
10.928000 299.745514
10.933333 299.724213
10.938666 299.504547
10.944000 298.759552
10.949333 297.265472
10.954667 296.191498
10.960000 295.309082
10.965333 293.986633
10.970667 292.903961
10.976000 292.710114
10.981334 292.746399
10.986667 292.631439
10.992000 292.415649
10.997334 292.168732
11.002666 291.764038
11.008000 291.320892
11.013333 291.126770
11.018666 291.335358
11.024000 291.869202
11.029333 292.273132
11.034667 292.363617
11.040000 292.360443
11.045333 292.365143
11.050667 292.408539
11.056000 292.444031
11.061334 292.267090
11.066667 291.723541
11.072000 290.959473
11.077333 290.648438
11.082666 145.207336
11.088000 145.628281
11.093333 146.297791
11.098666 146.303268
11.104000 146.282837
11.109333 146.269989
11.114667 452.144714
11.120000 146.326141
11.125334 146.428589
11.130667 295.462738
11.136000 293.679657
11.141334 294.099945
11.146667 295.248169
11.152000 296.153015
11.157333 296.390289
11.162666 295.914734
11.168000 295.155334
11.173333 294.758148
11.178667 294.343140
11.184000 293.705811
11.189333 293.359344
11.194667 293.042511
11.200000 146.652740
11.205334 146.723190
11.210667 146.563904
11.216000 146.278534
11.221334 146.083115
11.226666 146.119293
11.232000 145.955658
11.237333 9305.808594
11.242666 9574.608398
11.248000 9756.650391
11.253333 9798.974609
11.258667 9645.967773
11.264000 9174.433594
11.269333 5640.706543
11.274667 5588.336914
11.280000 5323.452637
11.285334 5139.000488
11.290667 134.309662
11.296000 66.099724
11.301333 132.810074
11.306666 132.636978
11.312000 131.442795
11.317333 131.106674
11.322667 130.910446
11.328000 130.335754
11.333333 129.987198
11.338667 388.285095
11.344000 384.531128
11.349334 190.120163
11.354667 187.624710
11.360000 186.856201
11.365334 186.319702
11.370667 186.336884
11.376000 88.256889
11.381333 88.274086
11.386666 87.826370
11.392000 87.720879
11.397333 353.419983
11.402667 353.168182
11.408000 354.034912
11.413333 177.739182
11.418667 179.039978
11.424000 179.592651
11.429334 179.947891
11.434667 180.498627
11.440000 181.258484
11.445333 182.587158
11.450666 183.224976
11.456000 183.578476
11.461333 368.612274
11.466666 369.588318
11.472000 370.603180
11.477333 371.290985
11.482667 371.749847
11.488000 371.884827
11.493333 371.572449
11.498667 371.045593
11.504000 370.243500
11.509334 369.278839
11.514667 368.827423
11.520000 367.245575
11.525333 364.054810
11.530666 362.521851
11.536000 362.032227
11.541333 362.176697
11.546667 122.574890
11.552000 123.979836
11.557333 124.284950
11.562667 361.392090
11.568000 360.918579
11.573334 187.135208
11.578667 187.291046
11.584000 95.772873
11.589334 96.053909
11.594666 294.312683
11.600000 295.225159
11.605333 297.329132
11.610666 298.786774
11.616000 299.959106
11.621333 300.110168
11.626667 299.902863
11.632000 299.045898
11.637333 297.153931
11.642667 295.784668
11.648000 294.376251
11.653334 292.850403
11.658667 291.934570
11.664000 291.396240
11.669333 291.130829
11.674666 290.996826
11.680000 290.481415
11.685333 289.645660
11.690666 289.095734
11.696000 289.044891
11.701333 289.316254
11.706667 289.752716
11.712000 290.263428
11.717334 290.769867
11.722667 291.098663
11.728000 291.343811
11.733334 291.703156
11.738667 292.193573
11.744000 292.696960
11.749333 293.678802
11.754666 147.947601
11.760000 329.499969
11.765333 332.764587
11.770667 334.297913
11.776000 210.633408
11.781333 211.168930
11.786667 317.154297
11.792000 315.447662
11.797334 296.913757
11.802667 300.189209
11.808000 296.794464
11.813334 295.175110
11.818666 295.163727
11.824000 294.962311
11.829333 294.222687
11.834666 293.774628
11.840000 293.335480
11.845333 292.750854
11.850667 292.609558
11.856000 292.900635
11.861333 292.680939
11.866667 292.025665
11.872000 291.223907
11.877334 290.467804
11.882667 289.901337
11.888000 289.181519
11.893333 287.921722
11.898666 286.083527
11.904000 285.050934
11.909333 284.446655
11.914667 280.891327
11.920000 278.987640
11.925333 277.551208
11.930667 275.661530
11.936000 272.798126
11.941334 272.766724
11.946667 273.262573
11.952000 273.675842
11.957334 274.094421
11.962667 272.905304
11.968000 260.438599
11.973333 277.308624
11.978666 284.000366
11.984000 287.487762
11.989333 288.309204
11.994667 296.101013
12.000000 296.354828
12.005333 296.587311
12.010667 296.928131
12.016000 309.392700
12.021334 309.252869
12.026667 100.817932
12.032000 100.738739
12.037333 100.644852
12.042666 319.947693
12.048000 324.434998
12.053333 99.417587
12.058666 99.121529
12.064000 98.152283
12.069333 97.402008
12.074667 96.290115
12.080000 96.120010
12.085333 95.930687
12.090667 95.271988
12.096000 94.585335
12.101334 94.344193
12.106667 94.259560
12.112000 94.256554
12.117333 94.240807
12.122666 94.308868
12.128000 286.569427
12.133333 286.854187
12.138667 287.997894
12.144000 289.886505
12.149333 292.864136
12.154667 291.525452
12.160000 289.580933
12.165334 335.923889
12.170667 338.789703
12.176000 1701.577393
12.181334 155.135864
12.186666 319.449982
12.192000 319.295013
12.197333 316.207184
12.202666 313.115204
12.208000 311.358368
12.213333 298.319946
12.218667 297.401001
12.224000 296.238342
12.229333 295.614624
12.234667 301.494720
12.240000 323.930267
12.245334 315.329254
12.250667 304.680084
12.256000 301.956879
12.261333 301.448303
12.266666 302.109436
12.272000 302.337097
12.277333 301.282837
12.282666 299.661774
12.288000 298.189240
12.293333 297.224731
12.298667 296.373871
12.304000 295.414154
12.309334 294.753540
12.314667 294.315338
12.320000 293.994965
12.325334 293.892456
12.330667 294.003998
12.336000 294.177216
12.341333 294.293335
12.346666 294.328278
12.352000 294.349854
12.357333 294.391388
12.362667 294.448822
12.368000 294.497314
12.373333 294.496765
12.378667 294.424591
12.384000 294.197601
12.389334 293.895355
12.394667 293.766266
12.400000 293.881561
12.405334 293.935333
12.410666 293.581696
12.416000 292.912384
12.421333 292.442780
12.426666 292.388275
12.432000 146.404510
12.437333 176.963928
12.442667 146.060699
12.448000 96.952553
12.453333 96.831047
12.458667 290.406219
12.464000 145.179504
12.469334 145.174942
12.474667 192.481949
12.480000 191.413864
12.485333 190.948792
12.490666 190.590500
12.496000 190.125504
12.501333 189.372543
12.506667 188.675735
12.512000 188.357178
12.517333 188.247803
12.522667 187.801682
12.528000 186.816986
12.533334 91.672791
12.538667 91.512932
12.544000 185.211105
12.549334 176.970795
12.554667 177.633072
12.560000 178.711929
12.565333 178.435226
12.570666 178.478577
12.576000 0.000000
12.581333 59.988998
12.586667 60.216736
12.592000 62.794788
12.597333 72.876953
12.602667 72.944077
12.608000 72.089592
12.613334 71.523361
12.618667 70.960938
12.624000 1298.980957
12.629333 1274.208496
12.634666 448.927155
12.640000 446.163483
12.645333 445.032806
12.650666 446.193054
12.656000 779.740540
12.661333 300.589203
12.666667 131.651978
12.672000 178.178574
12.677333 131.957626
12.682667 0.000000
12.688000 106.133125
12.693334 138.717041
12.698667 138.741928
12.704000 138.560883
12.709333 105.562515
12.714666 170.602249
12.720000 171.727966
12.725333 126.637550
12.730667 88.534943
12.736000 132.424896
12.741333 133.926193
12.746667 134.734192
12.752000 135.260712
12.757334 136.018799
12.762667 139.780426
12.768000 140.699280
12.773334 284.435425
12.778666 285.387146
12.784000 285.150482
12.789333 284.495117
12.794666 283.820374
12.800000 282.236420
12.805333 280.233612
12.810667 280.012451
12.816000 280.445068
12.821333 280.019226
12.826667 279.998810
12.832000 280.758514
12.837334 280.352356
12.842667 279.465332
12.848000 279.664185
12.853333 280.656433
12.858666 280.694977
12.864000 280.353973
12.869333 282.060699
12.874666 137.676407
12.880000 134.162918
12.885333 132.480850
12.890667 132.471603
12.896000 137.019272
12.901334 276.151398
12.906667 288.708130
12.912000 302.232666
12.917334 302.678833
12.922667 302.873688
12.928000 302.416931
12.933333 301.790466
12.938666 301.200928
12.944000 300.655182
12.949333 299.968231
12.954667 298.922089
12.960000 297.688568
12.965333 296.335052
12.970667 294.970703
12.976000 293.195160
12.981334 290.831726
12.986667 288.843872
12.992000 286.812347
12.997334 285.560150
13.002666 285.280731
13.008000 285.664795
13.013333 286.648560
13.018666 288.182404
13.024000 289.828156
13.029333 291.179047
13.034667 292.496674
13.040000 293.775482
13.045333 294.908203
13.050667 296.009796
13.056000 296.676758
13.061334 296.020721
13.066667 293.907928
13.072000 291.581207
13.077333 290.334076
13.082666 289.170471
13.088000 287.586090
13.093333 286.303284
13.098666 164.815125
13.104000 164.914001
13.109333 165.966019
13.114667 167.847427
13.120000 98.655243
13.125334 89.523727
13.130667 83.956192
13.136000 81.707756
13.141334 82.272507
13.146667 187.821381
13.152000 187.951126
13.157333 188.441605
13.162666 188.395111
13.168000 62.020851
13.173333 62.507378
13.178667 201.101746
13.184000 200.815369
13.189333 192.361923
13.194667 189.823685
13.200000 61.950199
13.205334 189.296906
13.210667 189.117477
13.216000 188.477142
13.221334 187.848831
13.226666 187.687927
13.232000 187.913055
13.237333 188.142944
13.242666 188.307968
13.248000 64.068863
13.253333 65.543144
13.258667 64.805313
13.264000 65.028847
13.269333 65.092598
13.274667 64.925850
13.280000 64.887505
13.285334 65.050751
13.290667 65.499870
13.296000 1574.421143
13.301333 1564.108887
13.306666 1557.306152
13.312000 1552.951538
13.317333 510.425690
13.322667 1600.541748
13.328000 1605.596802
13.333333 1598.266479
13.338667 1586.761597
13.344000 1574.114990
13.349334 1565.588135
13.354667 1565.646606
13.360000 753.229370
13.365334 300.615631
13.370667 304.159363
13.376000 306.017639
13.381333 306.436768
13.386666 302.607727
13.392000 301.407806
13.397333 300.540527
13.402667 300.081940
13.408000 299.893250
13.413333 299.793854
13.418667 299.726898
13.424000 299.382019
13.429334 297.263428
13.434667 295.675385
13.440000 295.389099
13.445333 295.170441
13.450666 294.524902
13.456000 289.976868
13.461333 289.789886
13.466666 289.597351
13.472000 289.458923
13.477333 289.224701
13.482667 288.806854
13.488000 288.369965
13.493333 288.261139
13.498667 288.578583
13.504000 289.004669
13.509334 289.263824
13.514667 289.212036
13.520000 288.858124
13.525333 288.299561
13.530666 287.327362
13.536000 285.657043
13.541333 268.663055
13.546667 328.003662
13.552000 332.007324
13.557333 333.839874
13.562667 334.912750
13.568000 238.733673
13.573334 236.646835
13.578667 611.439270
13.584000 608.210083
13.589334 295.183411
13.594666 297.036743
13.600000 295.547180
13.605333 294.816803
13.610666 294.695099
13.616000 294.759338
13.621333 294.703308
13.626667 294.476166
13.632000 294.260498
13.637333 294.148499
13.642667 293.929718
13.648000 293.685669
13.653334 293.671021
13.658667 293.797699
13.664000 293.789734
13.669333 293.369965
13.674666 292.647278
13.680000 291.641083
13.685333 290.044861
13.690666 287.888580
13.696000 285.218567
13.701333 280.320557
13.706667 271.986694
13.712000 265.739807
13.717334 259.143646
13.722667 255.302216
13.728000 251.840576
13.733334 246.397110
13.738667 238.079590
13.744000 230.558167
13.749333 224.738998
13.754666 218.819321
13.760000 214.355698
13.765333 223.387436
13.770667 235.033844
13.776000 227.215210
13.781333 227.280899
13.786667 227.294632
13.792000 227.248138
13.797334 223.053772
13.802667 219.776505
13.808000 218.469955
13.813334 217.543640
13.818666 217.291962
13.824000 217.073853
13.829333 216.638062
13.834666 216.036377
13.840000 215.801620
13.845333 215.761551
13.850667 215.500259
13.856000 214.212173
13.861333 189.484192
13.866667 189.551193
13.872000 189.301331
13.877334 188.712784
13.882667 188.112350
13.888000 187.754898
13.893333 187.387909
13.898666 187.087463
13.904000 187.085617
13.909333 186.626755
13.914667 184.720078
13.920000 1643.881348
13.925333 1604.250000
13.930667 1572.933105
13.936000 1563.046509
13.941334 1564.961426
13.946667 1574.838379
13.952000 1580.885132
13.957334 1564.174072
13.962667 1546.174805
13.968000 1540.105713
13.973333 1497.755859
13.978666 1374.058472
13.984000 1416.111450
13.989333 1538.889648
13.994667 1118.311768
14.000000 1140.143311
14.005333 1591.962280
14.010667 1504.043579
14.016000 1445.999634
14.021334 1250.065796
14.026667 1172.968018
14.032000 669.276184
14.037333 304.805939
14.042666 302.759430
14.048000 301.962769
14.053333 300.960785
14.058666 300.177704
14.064000 299.647919
14.069333 299.106934
14.074667 298.367676
14.080000 297.766785
14.085333 297.440155
14.090667 297.101379
14.096000 296.336304
14.101334 295.225922
14.106667 294.743408
14.112000 294.671875
14.117333 294.794891
14.122666 294.840729
14.128000 294.765900
14.133333 294.730713
14.138667 294.662781
14.144000 294.457397
14.149333 294.265686
14.154667 294.156525
14.160000 293.963196
14.165334 293.634338
14.170667 293.310211
14.176000 292.984772
14.181334 292.511993
14.186666 292.194366
14.192000 292.217041
14.197333 292.145721
14.202666 291.673676
14.208000 290.894714
14.213333 290.136902
14.218667 289.689667
14.224000 289.503387
14.229333 289.288910
14.234667 289.086792
14.240000 289.112213
14.245334 289.278870
14.250667 289.518677
14.256000 289.961639
14.261333 290.569794
14.266666 291.064362
14.272000 96.930916
14.277333 291.451141
14.282666 291.822968
14.288000 292.371613
14.293333 292.113953
14.298667 291.518036
14.304000 290.882446
14.309334 289.814911
14.314667 288.489197
14.320000 95.224236
14.325334 94.940498
14.330667 94.831642
14.336000 94.838326
14.341333 189.784378
14.346666 189.313492
14.352000 187.657516
14.357333 186.485062
14.362667 275.840027
14.368000 271.471008
14.373333 267.588898
14.378667 264.179474
14.384000 260.614716
14.389334 257.617371
14.394667 256.159698
14.400000 249.120651
14.405334 241.265060
14.410666 241.136551
14.416000 242.203812
14.421333 246.379745
14.426666 246.468521
14.432000 84.191917
14.437333 0.000000
14.442667 166.330017
14.448000 167.316666
14.453333 167.773544
14.458667 168.503708
14.464000 97.888649
14.469334 92.318169
14.474667 81.808456
14.480000 81.861305
14.485333 81.831390
14.490666 81.696281
14.496000 81.454994
14.501333 81.932571
14.506667 82.384918
14.512000 82.354980
14.517333 0.000000
14.522667 61.760124
14.528000 61.848709
14.533334 122.101440
14.538667 125.865967
14.544000 82.175964
14.549334 81.693520
14.554667 125.916275
14.560000 121.031258
14.565333 120.862473
14.570666 119.704964
14.576000 97.958588
14.581333 49.329861
14.586667 83.133904
14.592000 100.433014
14.597333 105.341553
14.602667 99.789528
14.608000 98.711647
14.613334 98.812996
14.618667 98.644814
14.624000 98.514313
14.629333 98.715057
14.634666 98.819077
14.640000 98.481079
14.645333 98.499687
14.650666 98.611717
14.656000 98.565445
14.661333 98.481293
14.666667 98.570717
14.672000 99.188156
14.677333 6464.665039
14.682667 6516.241211
14.688000 6561.021973
14.693334 6572.334961
14.698667 104.187279
14.704000 104.120804
14.709333 104.113770
14.714666 90.947472
14.720000 90.907043
14.725333 669.766663
14.730667 162.522430
14.736000 161.821564
14.741333 161.222565
14.746667 160.729279
14.752000 1147.399902
14.757334 1155.684814
14.762667 1165.546631
14.768000 99.344345
14.773334 99.428810
14.778666 99.464127
14.784000 99.301910
14.789333 112.146133
14.794666 112.117157
14.800000 105.175583
14.805333 96.547424
14.810667 101.108894
14.816000 101.268356
14.821333 101.442711
14.826667 101.448898
14.832000 101.335800
14.837334 106.954308
14.842667 106.853119
14.848000 106.405273
14.853333 105.587067
14.858666 105.640190
14.864000 105.840866
14.869333 109.988228
14.874666 110.566063
14.880000 98.870438
14.885333 88.326370
14.890667 174.209030
14.896000 174.034332
14.901334 173.302948
14.906667 172.079163
14.912000 169.428635
14.917334 168.130692
14.922667 167.562653
14.928000 167.330627
14.933333 167.262436
14.938666 167.275024
14.944000 167.512436
14.949333 191.713104
14.954667 174.228714
14.960000 180.407379
14.965333 185.763580
14.970667 187.219864
14.976000 187.378647
14.981334 187.261719
14.986667 187.308121
14.992000 187.410675
14.997334 187.352432
15.002666 187.205750
15.008000 187.076294
15.013333 187.014755
15.018666 187.162781
15.024000 187.544968
15.029333 188.002121
15.034667 188.660767
15.040000 193.951324
15.045333 206.912674
15.050667 206.630981
15.056000 203.173920
15.061334 199.452271
15.066667 193.660736
15.072000 187.578125
15.077333 186.591293
15.082666 186.475372
15.088000 188.320312
15.093333 194.562561
15.098666 195.869583
15.104000 185.556442
15.109333 184.715179
15.114667 181.339752
15.120000 262.465118
15.125334 264.351898
15.130667 269.019287
15.136000 270.324860
15.141334 271.063324
15.146667 270.265930
15.152000 270.370514
15.157333 276.779663
15.162666 282.295715
15.168000 282.545288
15.173333 282.546509
15.178667 264.155853
15.184000 266.048401
15.189333 267.664978
15.194667 283.270355
15.200000 282.430786
15.205334 281.986115
15.210667 282.599152
15.216000 283.627930
15.221334 284.039551
15.226666 283.795532
15.232000 283.747559
15.237333 284.540405
15.242666 286.815552
15.248000 288.924835
15.253333 289.589935
15.258667 289.308075
15.264000 288.637299
15.269333 288.371155
15.274667 288.760132
15.280000 289.351868
15.285334 289.884277
15.290667 290.350281
15.296000 290.752319
15.301333 290.912201
15.306666 290.772980
15.312000 290.506470
15.317333 290.228668
15.322667 289.696716
15.328000 289.483643
15.333333 605.513000
15.338667 600.534180
15.344000 331.918610
15.349334 333.811035
15.354667 414.472473
15.360000 211.114120
15.365334 869.809387
15.370667 610.437683
15.376000 603.538879
15.381333 594.601257
15.386666 296.492798
15.392000 296.472992
15.397333 296.325256
15.402667 295.757874
15.408000 294.712189
15.413333 293.725006
15.418667 292.645477
15.424000 291.057556
15.429334 289.935883
15.434667 289.239105
15.440000 288.407166
15.445333 287.571289
15.450666 287.396484
15.456000 287.606537
15.461333 287.855743
15.466666 288.251221
15.472000 289.007721
15.477333 289.671448
15.482667 290.128998
15.488000 290.644623
15.493333 291.141785
15.498667 291.219421
15.504000 290.762573
15.509334 289.863678
15.514667 288.248779
15.520000 284.323334
15.525333 281.237152
15.530666 273.224640
15.536000 542.572021
15.541333 534.947388
15.546667 529.613281
15.552000 525.000244
15.557333 255.242477
15.562667 233.030746
15.568000 218.308990
15.573334 214.017242
15.578667 207.749344
15.584000 207.662369
15.589334 201.959671
15.594666 198.934265
15.600000 198.900497
15.605333 199.388046
15.610666 189.286575
15.616000 188.129242
15.621333 187.892624
15.626667 188.004211
15.632000 187.831848
15.637333 188.051453
15.642667 189.052979
15.648000 190.363449
15.653334 191.227310
15.658667 192.019745
15.664000 199.133209
15.669333 201.756027
15.674666 210.671036
15.680000 212.842850
15.685333 210.857971
15.690666 210.377075
15.696000 212.687836
15.701333 218.385818
15.706667 222.957550
15.712000 225.190384
15.717334 224.859573
15.722667 224.130722
15.728000 221.157928
15.733334 218.942459
15.738667 213.693192
15.744000 209.715118
15.749333 203.383575
15.754666 197.115692
15.760000 194.263962
15.765333 187.346619
15.770667 186.535126
15.776000 186.594040
15.781333 214.364655
15.786667 246.035614
15.792000 251.913559
15.797334 256.476746
15.802667 260.116425
15.808000 262.553345
15.813334 266.844269
15.818666 269.997528
15.824000 274.220093
15.829333 279.235626
15.834666 282.254333
15.840000 286.006927
15.845333 288.117798
15.850667 289.486969
15.856000 289.931244
15.861333 290.128418
15.866667 290.677856
15.872000 291.556732
15.877334 292.154694
15.882667 292.370148
15.888000 292.425262
15.893333 292.078918
15.898666 291.228821
15.904000 290.406586
15.909333 289.994415
15.914667 289.993408
15.920000 290.121338
15.925333 290.198425
15.930667 290.192963
15.936000 290.080841
15.941334 289.931335
15.946667 289.819153
15.952000 289.704651
15.957334 289.534088
15.962667 289.394806
15.968000 289.393127
15.973333 289.474426
15.978666 289.505432
15.984000 289.519318
15.989333 289.654449
15.994667 289.895966
16.000000 290.222992
16.005333 290.606140
16.010666 290.910248
16.016001 145.660538
16.021334 145.568665
16.026667 145.363495
16.032000 96.827705
16.037333 96.826111
16.042667 145.390732
16.048000 145.368408
16.053333 145.342270
16.058666 96.757942
16.063999 96.756256
16.069334 96.712906
16.074667 290.178467
16.080000 289.992554
16.085333 96.230164
16.090666 191.570953
16.096001 191.230209
16.101334 191.227921
16.106667 95.751320
16.112000 287.776001
16.117332 287.238678
16.122667 286.392609
16.128000 285.266022
16.133333 283.635132
16.138666 281.627167
16.143999 279.922974
16.149334 278.380463
16.154667 275.683105
16.160000 273.661224
16.165333 272.588318
16.170666 271.276154
16.176001 934.169067
16.181334 913.578674
16.186666 887.870300
16.191999 0.000000
16.197332 0.000000
16.202667 0.000000
16.208000 62.254333
16.213333 0.000000
16.218666 52.369179
16.224001 86.996902
16.229334 0.000000
16.234667 104.041740
16.240000 0.000000
16.245333 0.000000
16.250668 0.000000
16.256001 125.091362
16.261333 124.609108
16.266666 0.000000
16.271999 0.000000
16.277334 49.512787
16.282667 0.000000
16.288000 0.000000
16.293333 0.000000
16.298666 124.973831
16.304001 147.401077
16.309334 147.212494
16.314667 147.677399
16.320000 148.532959
16.325333 149.059387
16.330667 148.994965
16.336000 149.007721
16.341333 149.244125
16.346666 149.503220
16.351999 149.718323
16.357334 149.964417
16.362667 150.247177
16.368000 150.506088
16.373333 150.777725
16.378666 151.173553
16.384001 151.719086
16.389334 152.242142
16.394667 152.646988
16.400000 153.003326
16.405333 153.461060
16.410667 154.176071
16.416000 154.935440
16.421333 155.347137
16.426666 155.401016
16.431999 155.263351
16.437334 155.121307
16.442667 155.013687
16.448000 154.707550
16.453333 153.592255
16.458666 151.950760
16.464001 150.293045
16.469334 149.519424
16.474667 149.415497
16.480000 148.080551
16.485332 146.279449
16.490667 144.615204
16.496000 142.937622
16.501333 140.468964
16.506666 138.653534
16.511999 135.902512
16.517334 133.425262
16.522667 132.502472
16.528000 131.228760
16.533333 128.756638
16.538666 127.543350
16.544001 124.240540
16.549334 123.149101
16.554667 119.886345
16.559999 233.463318
16.565332 232.078171
16.570667 230.666397
16.576000 230.121719
16.581333 230.009598
16.586666 113.664566
16.591999 127.623817
16.597334 87.592468
16.602667 231.930130
16.608000 233.401535
16.613333 236.018234
16.618668 238.604462
16.624001 240.185196
16.629333 240.592789
16.634666 241.379242
16.639999 246.180832
16.645334 246.897568
16.650667 122.770462
16.656000 0.000000
16.661333 0.000000
16.666666 4863.525391
16.672001 4603.237793
16.677334 4547.298340
16.682667 501.907532
16.688000 497.223633
16.693333 202.614471
16.698668 207.665588
16.704000 238.622070
16.709333 238.427078
16.714666 251.150146
16.719999 577.503174
16.725334 301.402008
16.730667 306.712372
16.736000 325.783234
16.741333 332.659821
16.746666 340.125427
16.752001 350.159485
16.757334 367.616547
16.762667 375.181458
16.768000 189.450897
16.773333 190.314255
16.778667 190.687561
16.784000 190.802826
16.789333 190.746033
16.794666 190.622437
16.799999 190.588440
16.805334 190.742645
16.810667 190.850876
16.816000 190.506241
16.821333 189.630249
16.826666 376.707275
16.832001 373.007172
16.837334 364.963715
16.842667 343.445435
16.848000 320.577362
16.853333 305.730103
16.858667 295.401581
16.864000 288.278290
16.869333 278.813110
16.874666 262.700348
16.879999 273.060394
16.885334 271.892517
16.890667 4458.326172
16.896000 4466.963379
16.901333 4530.117676
16.906666 4668.665527
16.912001 4756.637207
16.917334 314.090942
16.922667 341.840240
16.927999 345.247894
16.933332 357.045258
16.938667 364.567963
16.944000 366.501953
16.949333 366.985229
16.954666 366.764069
16.959999 365.900818
16.965334 364.442902
16.970667 363.171539
16.976000 362.400543
16.981333 362.031525
16.986666 361.656158
16.992001 361.025146
16.997334 360.825287
17.002666 361.337463
17.007999 362.280701
17.013334 363.230133
17.018667 364.103302
17.024000 364.993164
17.029333 365.713440
17.034666 366.294128
17.040001 367.021820
17.045334 367.966003
17.050667 368.750427
17.056000 369.177032
17.061333 369.483246
17.066668 369.903168
17.072001 370.492371
17.077333 371.225220
17.082666 372.068542
17.087999 373.014954
17.093334 373.990112
17.098667 374.895111
17.104000 375.879913
17.109333 377.017975
17.114666 377.936462
17.120001 378.339233
17.125334 188.948334
17.130667 207.916595
17.136000 208.161804
17.141333 414.447601
17.146667 1933.847046
17.152000 1962.510864
17.157333 378.970398
17.162666 379.572968
17.167999 379.455688
17.173334 378.676880
17.178667 377.740723
17.184000 188.382492
17.189333 188.348572
17.194666 377.180939
17.200001 378.501221
17.205334 380.961273
17.210667 384.564240
17.216000 389.166840
17.221333 394.846436
17.226667 401.552979
17.232000 408.933044
17.237333 414.644257
17.242666 419.609222
17.247999 423.657288
17.253334 427.680725
17.258667 431.793549
17.264000 435.062714
17.269333 437.662170
17.274666 439.521790
17.280001 440.474945
17.285334 440.894073
17.290667 440.979736
17.296000 440.640381
17.301332 439.658966
17.306667 438.007874
17.312000 436.025604
17.317333 433.667419
17.322666 431.056610
17.327999 427.920746
17.333334 424.012177
17.338667 420.239166
17.344000 416.937775
17.349333 412.098846
17.354666 407.300110
17.360001 401.200684
17.365334 397.252594
17.370667 386.811890
17.375999 383.489990
17.381332 378.274780
17.386667 376.023193
17.392000 373.872192
17.397333 371.551270
17.402666 184.872833
17.408001 184.369858
17.413334 184.000336
17.418667 183.767258
17.424000 183.636337
17.429333 183.570206
17.434668 183.546280
17.440001 183.517883
17.445333 183.457870
17.450666 183.356506
17.455999 183.148041
17.461334 182.771133
17.466667 182.430038
17.472000 182.330643
17.477333 182.436554
17.482666 182.586578
17.488001 184.431503
17.493334 184.811218
17.498667 185.104431
17.504000 163.272476
17.509333 300.973969
17.514668 276.516663
17.520000 274.691833
17.525333 254.829605
17.530666 253.567673
17.535999 251.928833
17.541334 254.038300
17.546667 3155.000244
17.552000 3101.155029
17.557333 3097.913086
17.562666 3073.004639
17.568001 2986.987793
17.573334 0.000000
17.578667 172.141357
17.584000 172.108902
17.589333 172.051987
17.594667 3286.832275
17.600000 3329.003174
17.605333 3299.367432
17.610666 3174.336670
17.615999 3147.404053
17.621334 364.123474
17.626667 361.652954
17.632000 358.523529
17.637333 355.091919
17.642666 350.035065
17.648001 340.093384
17.653334 335.290680
17.658667 329.325317
17.664000 325.535797
17.669333 321.274689
17.674667 318.274628
17.680000 315.687408
17.685333 314.501617
17.690666 314.400757
17.695999 315.295929
17.701334 316.976349
17.706667 318.811890
17.712000 321.299744
17.717333 324.301239
17.722666 327.351837
17.728001 329.591034
17.733334 330.859100
17.738667 331.184631
17.743999 330.624084
17.749332 329.069427
17.754667 325.904327
17.760000 320.185333
17.765333 312.264526
17.770666 305.301971
17.775999 300.097260
17.781334 299.159241
17.786667 298.497925
17.792000 291.052216
17.797333 297.567627
17.802668 295.779419
17.808001 276.090179
17.813334 283.012939
17.818666 288.409027
17.823999 289.636902
17.829334 292.304504
17.834667 293.875275
17.840000 296.503143
17.845333 297.943512
17.850666 198.205521
17.856001 198.202530
17.861334 190.555115
17.866667 187.444489
17.872000 187.506851
17.877333 93.551483
17.882668 93.577782
17.888000 94.320580
17.893333 94.346985
17.898666 94.312508
17.903999 93.510414
17.909334 93.586845
17.914667 184.987625
17.920000 5499.961914
17.925333 5291.136719
17.930666 5046.623047
17.936001 4845.108398
17.941334 4810.912598
17.946667 3683.965576
17.952000 3377.714111
17.957333 3105.746338
17.962667 4825.814941
17.968000 4946.512207
17.973333 4933.817383
17.978666 4736.928711
17.983999 4476.478516
17.989334 4307.577637
17.994667 4230.380859
18.000000 4300.783691
18.005333 4487.811523
18.010666 4579.230469
18.016001 4447.312012
18.021334 4237.906250
18.026667 4126.792969
18.032000 4047.131104
18.037333 3923.237061
18.042667 3882.219482
18.048000 4003.474609
18.053333 4141.488281
18.058666 4106.410645
18.063999 4093.437988
18.069334 4105.514160
18.074667 4030.761230
18.080000 3884.112549
18.085333 302.038177
18.090666 301.776001
18.096001 301.721558
18.101334 302.069275
18.106667 303.371826
18.112000 3599.303955
18.117332 3537.532959
18.122667 313.281067
18.128000 316.077484
18.133333 318.888763
18.138666 321.452087
18.143999 323.930664
18.149334 325.904938
18.154667 327.587799
18.160000 329.355927
18.165333 331.077881
18.170666 332.319763
18.176001 333.162170
18.181334 333.892609
18.186666 334.650726
18.191999 335.434143
18.197332 336.233612
18.202667 336.794922
18.208000 336.835876
18.213333 336.412872
18.218666 335.608215
18.224001 334.395721
18.229334 157.461349
18.234667 156.849167
18.240000 155.590622
18.245333 154.005325
18.250668 153.305496
18.256001 309.500244
18.261333 310.003479
18.266666 325.805634
18.271999 326.562103
18.277334 333.185150
18.282667 333.981079
18.288000 334.734802
18.293333 335.131866
18.298666 335.099518
18.304001 334.982269
18.309334 335.068634
18.314667 335.136566
18.320000 334.981476
18.325333 334.807037
18.330667 334.713104
18.336000 334.558929
18.341333 333.742889
18.346666 332.666626
18.351999 332.329559
18.357334 332.063690
18.362667 331.853729
18.368000 331.701782
18.373333 331.686737
18.378666 331.740051
18.384001 331.429352
18.389334 330.315674
18.394667 329.544159
18.400000 329.768219
18.405333 330.314789
18.410667 330.595795
18.416000 330.705688
18.421333 330.583832
18.426666 330.443085
18.431999 330.597473
18.437334 330.703735
18.442667 330.380615
18.448000 330.044495
18.453333 330.581970
18.458666 330.573914
18.464001 329.172424
18.469334 328.322083
18.474667 328.317566
18.480000 329.295807
18.485332 330.780487
18.490667 331.645691
18.496000 332.184296
18.501333 331.802856
18.506666 329.909180
18.511999 328.004456
18.517334 325.530090
18.522667 318.082214
18.528000 315.316193
18.533333 308.884430
18.538666 299.144623
18.544001 295.104584
18.549334 291.039154
18.554667 288.671722
18.559999 285.781036
18.565332 283.029541
18.570667 281.900970
18.576000 281.651978
18.581333 281.808258
18.586666 282.081360
18.591999 282.253662
18.597334 282.243317
18.602667 282.261230
18.608000 282.664612
18.613333 283.649231
18.618668 284.927979
18.624001 285.784424
18.629333 286.411774
18.634666 287.072144
18.639999 287.709839
18.645334 288.278992
18.650667 288.532593
18.656000 288.553162
18.661333 288.509949
18.666666 288.633514
18.672001 289.046387
18.677334 289.522980
18.682667 290.125397
18.688000 290.961273
18.693333 291.081329
18.698668 291.059784
18.704000 291.207062
18.709333 291.344696
18.714666 291.408112
18.719999 291.511810
18.725334 291.577484
18.730667 291.493744
18.736000 291.361664
18.741333 290.906952
18.746666 289.551147
18.752001 289.608215
18.757334 290.041931
18.762667 290.084686
18.768000 289.810608
18.773333 289.915558
18.778667 290.434296
18.784000 290.777710
18.789333 290.788605
18.794666 290.498077
18.799999 289.763763
18.805334 289.005829
18.810667 288.844482
18.816000 288.893585
18.821333 288.979706
18.826666 289.466675
18.832001 290.162567
18.837334 290.375916
18.842667 290.382538
18.848000 290.498688
18.853333 290.909424
18.858667 291.330109
18.864000 291.529663
18.869333 291.549042
18.874666 291.527863
18.879999 292.075256
18.885334 292.658722
18.890667 292.933807
18.896000 293.088654
18.901333 293.530548
18.906666 297.028137
18.912001 298.430969
18.917334 323.409241
18.922667 329.795166
18.927999 332.779999
18.933332 334.240662
18.938667 334.805420
18.944000 237.829056
18.949333 320.052094
18.954666 149.083389
18.959999 148.563751
18.965334 147.240799
18.970667 146.735275
18.976000 295.523132
18.981333 288.999695
18.986666 289.595001
18.992001 291.276276
18.997334 292.150574
19.002666 292.354645
19.007999 284.025238
19.013334 291.866913
19.018667 292.019775
19.024000 291.873444
19.029333 288.823059
19.034666 288.656067
19.040001 295.512085
19.045334 295.981201
19.050667 302.100891
19.056000 301.153961
19.061333 307.651031
19.066668 307.212585
19.072001 306.107666
19.077333 299.515137
19.082666 298.778748
19.087999 297.944580
19.093334 296.594482
19.098667 295.113220
19.104000 290.559540
19.109333 290.375854
19.114666 289.650269
19.120001 288.684540
19.125334 288.600372
19.130667 288.694336
19.136000 281.613831
19.141333 281.339905
19.146667 286.603424
19.152000 287.239410
19.157333 287.804993
19.162666 295.852264
19.167999 295.697266
19.173334 295.670746
19.178667 296.062317
19.184000 97.955200
19.189333 97.926781
19.194666 97.023888
19.200001 97.048943
19.205334 96.361618
19.210667 93.572517
19.216000 178.906052
19.221333 178.681488
19.226667 177.740875
19.232000 97.112778
19.237333 96.919197
19.242666 96.655823
19.247999 95.784714
19.253334 94.298561
19.258667 185.724350
19.264000 94.077545
19.269333 289.322449
19.274666 288.922333
19.280001 288.737823
19.285334 289.365692
19.290667 290.015259
19.296000 282.220612
19.301332 274.187378
19.306667 274.277405
19.312000 281.965881
19.317333 281.550201
19.322666 282.565338
19.327999 282.919006
19.333334 290.160248
19.338667 289.812103
19.344000 289.828186
19.349333 290.401520
19.354666 298.549744
19.360001 297.627808
19.365334 296.748566
19.370667 296.501556
19.375999 296.090271
19.381332 295.603394
19.386667 295.333221
19.392000 294.776337
19.397333 287.428497
19.402666 286.294983
19.408001 285.646027
19.413334 284.494751
19.418667 283.855927
19.424000 295.023315
19.429333 294.963043
19.434668 285.958344
19.440001 287.151978
19.445333 287.632599
19.450666 271.699188
19.455999 271.638947
19.461334 270.762299
19.466667 269.250244
19.472000 229.727966
19.477333 229.735168
19.482666 145.448059
19.488001 269.687317
19.493334 281.233337
19.498667 282.104980
19.504000 303.827545
19.509333 9022.115234
19.514668 9287.400391
19.520000 9551.670898
19.525333 9860.183594
19.530666 10238.705078
19.535999 253.581558
19.541334 253.561783
19.546667 273.472809
19.552000 294.082611
19.557333 294.197693
19.562666 293.936584
19.568001 293.880402
19.573334 301.937317
19.578667 301.336426
19.584000 46.875000
19.589333 168.770615
19.594667 166.135681
19.600000 166.244766
19.605333 163.859802
19.610666 101.884651
19.615999 96.629555
19.621334 91.697708
19.626667 86.967529
19.632000 86.891937
19.637333 181.487106
19.642666 166.556046
19.648001 183.141724
19.653334 184.169647
19.658667 0.000000
19.664000 181.335480
19.669333 181.616211
19.674667 186.104492
19.680000 188.471176
19.685333 188.670090
19.690666 191.387482
19.695999 93.600731
19.701334 93.910767
19.706667 320.984406
19.712000 321.199829
19.717333 96.964920
19.722666 96.898003
19.728001 96.165375
19.733334 96.182846
19.738667 70.564964
19.743999 287.099518
19.749332 286.633606
19.754667 283.202576
19.760000 283.050049
19.765333 298.240540
19.770666 297.833008
19.775999 282.641998
19.781334 299.083832
19.786667 348.851288
19.792000 350.678223
19.797333 298.368866
19.802668 295.996185
19.808001 288.138733
19.813334 287.763489
19.818666 295.768921
19.823999 295.123779
19.829334 292.146454
19.834667 276.633942
19.840000 299.891296
19.845333 140.676300
19.850666 140.821899
19.856001 288.766968
19.861334 291.272766
19.866667 292.703217
19.872000 294.291504
19.877333 296.389954
19.882668 298.234894
19.888000 299.726715
19.893333 301.049622
19.898666 301.633118
19.903999 301.206451
19.909334 300.055481
19.914667 298.631775
19.920000 297.102112
19.925333 295.299103
19.930666 293.566101
19.936001 292.737640
19.941334 292.919373
19.946667 293.896271
19.952000 295.502441
19.957333 297.719818
19.962667 299.908600
19.968000 302.001129
19.973333 304.593506
19.978666 307.137817
19.983999 309.554779
19.989334 312.622894
19.994667 315.917175
20.000000 318.767761
20.005333 321.030212
20.010666 322.665466
20.016001 323.695343
20.021334 324.207428
20.026667 324.506256
20.032000 324.761383
20.037333 324.987030
20.042667 325.313965
20.048000 325.995422
20.053333 327.071045
20.058666 328.405914
20.063999 329.339020
20.069334 329.894043
20.074667 330.508698
20.080000 331.139893
20.085333 331.630615
20.090666 332.256958
20.096001 333.200592
20.101334 334.053711
20.106667 334.362701
20.112000 334.009827
20.117332 333.322327
20.122667 332.688934
20.128000 332.084442
20.133333 331.365784
20.138666 330.596527
20.143999 330.010559
20.149334 329.740051
20.154667 329.666931
20.160000 329.570404
20.165333 329.270813
20.170666 328.776703
20.176001 328.223999
20.181334 327.676483
20.186666 327.092712
20.191999 326.481598
20.197332 325.955109
20.202667 325.514984
20.208000 325.160004
20.213333 324.982788
20.218666 325.058258
20.224001 325.442474
20.229334 326.145996
20.234667 326.850006
20.240000 327.303436
20.245333 327.603363
20.250668 327.922424
20.256001 328.339600
20.261333 328.828247
20.266666 164.625656
20.271999 164.698593
20.277334 164.563812
20.282667 109.412827
20.288000 108.864052
20.293333 80.908646
20.298666 161.265060
20.304001 159.619019
20.309334 158.750000
20.314667 158.243668
20.320000 157.782196
20.325333 312.568359
20.330667 309.577972
20.336000 307.049133
20.341333 304.087677
20.346666 300.542572
20.351999 297.740479
20.357334 295.907166
20.362667 294.664612
20.368000 293.964752
20.373333 293.739380
20.378666 293.731720
20.384001 293.721466
20.389334 293.761444
20.394667 293.949707
20.400000 294.338074
20.405333 294.993591
20.410667 295.939301
20.416000 296.863220
20.421333 297.500763
20.426666 297.702942
20.431999 297.526947
20.437334 296.960175
20.442667 295.916321
20.448000 294.265686
20.453333 292.342865
20.458666 290.182068
20.464001 288.303040
20.469334 286.185730
20.474667 282.493317
20.480000 275.817627
20.485332 275.175140
20.490667 275.361023
20.496000 6297.601562
20.501333 6248.236816
20.506666 6117.495605
20.511999 5924.275391
20.517334 0.000000
20.522667 5354.338867
20.528000 4034.475586
20.533333 4077.802246
20.538666 4087.846924
20.544001 311.137482
20.549334 150.740204
20.554667 150.666000
20.559999 150.816650
20.565332 150.983093
20.570667 152.741867
20.576000 152.392929
20.581333 152.043747
20.586666 301.375549
20.591999 294.589172
20.597334 296.233337
20.602667 6677.604004
20.608000 6858.191895
20.613333 7697.359863
20.618668 8393.047852
20.624001 8806.058594
20.629333 9161.608398
20.634666 9340.580078
20.639999 9370.387695
20.645334 9383.336914
20.650667 9433.242188
20.656000 9466.065430
20.661333 9480.290039
20.666666 9508.403320
20.672001 9548.301758
20.677334 9590.487305
20.682667 9700.065430
20.688000 9906.790039
20.693333 10089.507812
20.698668 10503.688477
20.704000 613.381714
20.709333 606.387024
20.714666 599.139648
20.719999 332.805115
20.725334 333.608276
20.730667 210.609924
20.736000 210.316895
20.741333 607.239685
20.746666 608.074341
20.752001 601.549316
20.757334 600.037170
20.762667 1974.615601
20.768000 1958.753052
20.773333 1930.436890
20.778667 1909.042725
20.784000 1896.389404
20.789333 1897.013672
20.794666 193.523193
20.799999 206.920914
20.805334 212.513168
20.810667 213.945328
20.816000 214.429428
20.821333 215.129593
20.826666 215.597977
20.832001 215.822372
20.837334 216.122971
20.842667 216.776566
20.848000 217.447311
20.853333 217.782410
20.858667 217.832581
20.864000 217.692169
20.869333 217.493774
20.874666 217.350632
20.879999 217.271301
20.885334 217.200546
20.890667 217.082199
20.896000 216.923279
20.901333 216.772934
20.906666 216.843079
20.912001 217.404907
20.917334 218.344452
20.922667 219.344315
20.927999 220.571777
20.933332 221.819397
20.938667 222.834747
20.944000 223.618713
20.949333 226.555450
20.954666 226.977463
20.959999 227.084808
20.965334 227.192032
20.970667 227.262482
20.976000 186.986465
20.981333 187.174438
20.986666 187.492981
20.992001 196.670898
20.997334 214.498795
21.002666 213.647095
21.007999 223.278992
21.013334 210.718552
21.018667 209.221176
21.024000 208.266296
21.029333 217.790588
21.034666 215.839203
21.040001 202.671143
21.045334 201.341263
21.050667 200.325455
21.056000 200.120209
21.061333 200.418808
21.066668 192.161392
21.072001 188.073395
21.077333 190.747238
21.082666 218.370636
21.087999 221.049454
21.093334 224.584412
21.098667 226.423920
21.104000 227.572418
21.109333 228.714203
21.114666 229.409119
21.120001 229.311417
21.125334 228.618347
21.130667 227.467987
21.136000 223.739929
21.141333 220.593674
21.146667 218.070190
21.152000 215.163818
21.157333 213.895279
21.162666 213.102814
21.167999 212.665207
21.173334 212.752380
21.178667 213.346863
21.184000 214.424423
21.189333 216.336075
21.194666 218.423523
21.200001 220.288651
21.205334 221.983047
21.210667 223.338760
21.216000 224.344208
21.221333 224.759781
21.226667 224.884171
21.232000 224.851013
21.237333 224.649124
21.242666 224.177826
21.247999 223.162277
21.253334 221.779678
21.258667 220.395218
21.264000 219.533142
21.269333 219.212067
21.274666 219.115326
21.280001 219.066360
21.285334 218.981247
21.290667 218.808472
21.296000 218.621460
21.301332 218.494263
21.306667 218.423477
21.312000 218.346283
21.317333 218.193680
21.322666 217.948715
21.327999 217.798355
21.333334 218.238586
21.338667 219.752655
21.344000 221.182343
21.349333 221.757477
21.354666 221.885468
21.360001 221.845520
21.365334 221.739578
21.370667 221.664688
21.375999 221.684738
21.381332 221.615616
21.386667 221.214630
21.392000 220.508026
21.397333 219.850189
21.402666 219.405228
21.408001 219.056213
21.413334 218.563293
21.418667 210.436310
21.424000 208.899857
21.429333 200.705566
21.434668 200.456009
21.440001 191.194504
21.445333 191.309204
21.450666 192.701675
21.455999 201.380707
21.461334 201.383911
21.466667 200.908417
21.472000 210.607391
21.477333 210.001465
21.482666 209.430267
21.488001 193.307022
21.493334 192.229248
21.498667 191.207642
21.504000 190.561096
21.509333 190.090668
21.514668 189.423035
21.520000 188.459229
21.525333 188.136993
21.530666 188.380219
21.535999 330.597290
21.541334 0.000000
21.546667 0.000000
21.552000 0.000000
21.557333 222.294235
21.562666 3457.082275
21.568001 3333.215820
21.573334 3275.669189
21.578667 3252.987061
21.584000 3252.957764
21.589333 3273.927979
21.594667 3298.062256
21.600000 0.000000
21.605333 171.269638
21.610666 171.033386
21.615999 170.563599
21.621334 169.573975
21.626667 4416.557617
21.632000 93.063278
21.637333 84.820389
21.642666 82.090981
21.648001 82.041885
21.653334 79.417923
21.658667 79.322189
21.664000 80.947975
21.669333 78.838264
21.674667 78.732178
21.680000 155.621948
21.685333 155.239777
21.690666 60.613651
21.695999 304.354034
21.701334 302.852234
21.706667 336.704620
21.712000 339.732727
21.717333 341.322479
21.722666 308.201843
21.728001 159.119064
21.733334 157.843842
21.738667 156.852402
21.743999 304.840210
21.749332 304.690796
21.754667 152.418396
21.760000 305.806549
21.765333 306.703064
21.770666 308.439758
21.775999 312.222504
21.781334 315.474731
21.786667 317.689941
21.792000 165.044342
21.797333 165.522339
21.802668 166.119125
21.808001 165.434158
21.813334 163.308945
21.818666 162.324951
21.823999 161.444962
21.829334 97.961189
21.834667 97.112068
21.840000 94.237839
21.845333 95.598404
21.850666 95.616646
21.856001 95.622238
21.861334 95.618050
21.866667 97.054619
21.872000 98.967888
21.877333 109.617455
21.882668 111.159737
21.888000 336.102661
21.893333 336.464966
21.898666 336.198639
21.903999 335.278503
21.909334 333.688538
21.914667 331.744141
21.920000 329.644257
21.925333 327.604340
21.930666 326.138580
21.936001 325.750275
21.941334 326.518005
21.946667 327.888794
21.952000 329.181671
21.957333 330.430145
21.962667 331.601593
21.968000 332.074280
21.973333 331.603943
21.978666 330.848877
21.983999 330.192169
21.989334 329.338898
21.994667 328.016785
22.000000 0.000000
