0.000000 0.000000
0.005333 0.000000
0.010667 304.908722
0.016000 302.417419
0.021333 302.244781
0.026667 302.458832
0.032000 302.993866
0.037333 303.979309
0.042667 305.242920
0.048000 306.242798
0.053333 306.536682
0.058667 306.130493
0.064000 305.080658
0.069333 303.262115
0.074667 150.350571
0.080000 149.304352
0.085333 148.779572
0.090667 296.361237
0.096000 295.017548
0.101333 294.001648
0.106667 293.413940
0.112000 293.341095
0.117333 147.152237
0.122667 147.104965
0.128000 295.021912
0.133333 294.476807
0.138667 870.636536
0.144000 870.527527
0.149333 874.761841
0.154667 878.545471
0.160000 879.629944
0.165333 146.353394
0.170667 146.434967
0.176000 146.384384
0.181333 293.284790
0.186667 293.248871
0.192000 293.072144
0.197333 292.952240
0.202667 293.090332
0.208000 146.616364
0.213333 146.895615
0.218667 146.882889
0.224000 146.712067
0.229333 146.668106
0.234667 146.731018
0.240000 146.756027
0.245333 146.724319
0.250667 146.703094
0.256000 146.762054
0.261333 147.006180
0.266667 147.565826
0.272000 147.793213
0.277333 222.210770
0.282667 98.591454
0.288000 98.415688
0.293333 295.459229
0.298667 295.788513
0.304000 295.588776
0.309333 295.230133
0.314667 295.708649
0.320000 296.598053
0.325333 296.984314
0.330667 148.155838
0.336000 148.249496
0.341333 98.452019
0.346667 98.437256
0.352000 98.462502
0.357333 98.470284
0.362667 296.324402
0.368000 295.684326
0.373333 294.769989
0.378667 293.861755
0.384000 292.422424
0.389333 279.806915
0.394667 290.508728
0.400000 291.554871
0.405333 291.910980
0.410667 141.686234
0.416000 164.399368
0.421333 98.675949
0.426667 98.398682
0.432000 113.078651
0.437333 107.392105
0.442667 147.947083
0.448000 98.606056
0.453333 98.632156
0.458667 98.612320
0.464000 108.223610
0.469333 111.495026
0.474667 98.519424
0.480000 98.425774
0.485333 98.524414
0.490667 147.737564
0.496000 147.816940
0.501333 147.753967
0.506667 98.394310
0.512000 98.391350
0.517333 98.397491
0.522667 98.492851
0.528000 98.654884
0.533333 98.745689
0.538667 98.683357
0.544000 98.550453
0.549333 235.360703
0.554667 479.486542
0.560000 509.116608
0.565333 175.229462
0.570667 74.374878
0.576000 74.222923
0.581333 73.654434
0.586667 821.295105
0.592000 820.018921
0.597333 814.882507
0.602667 800.002747
0.608000 782.041199
0.613333 772.416321
0.618667 248.437775
0.624000 247.633057
0.629333 246.893616
0.634667 852.657959
0.640000 863.871582
0.645333 233.672592
0.650667 229.909897
0.656000 223.630325
0.661333 219.656860
0.666667 217.737473
0.672000 217.102493
0.677333 216.668930
0.682667 216.133881
0.688000 215.676086
0.693333 215.801743
0.698667 216.783386
0.704000 217.821304
0.709333 218.830185
0.714667 220.330566
0.720000 222.510880
0.725333 223.796036
0.730667 223.335159
0.736000 221.796738
0.741333 220.498840
0.746667 219.389984
0.752000 218.007889
0.757333 216.005447
0.762667 852.199463
0.768000 845.114258
0.773333 417.765808
0.778667 413.359955
0.784000 825.675171
0.789333 201.368835
0.794667 199.524338
0.800000 198.018021
0.805333 196.986511
0.810667 196.634323
0.816000 196.448196
0.821333 196.052292
0.826667 195.702957
0.832000 195.715469
0.837333 195.876465
0.842667 196.033615
0.848000 855.131714
0.853333 855.769897
0.858667 98.140587
0.864000 801.680420
0.869333 196.279800
0.874667 195.829910
0.880000 195.867325
0.885333 196.249390
0.890667 196.538269
0.896000 196.572083
0.901333 196.174088
0.906667 195.747757
0.912000 195.699631
0.917333 195.941010
0.922667 196.305817
0.928000 196.608704
0.933333 196.621719
0.938667 196.291702
0.944000 195.777359
0.949333 195.332550
0.954667 195.031433
0.960000 194.789536
0.965333 194.532211
0.970667 194.144363
0.976000 193.723969
0.981333 193.371674
0.986667 193.013397
0.992000 192.712357
0.997333 192.618500
1.002667 192.619141
1.008000 192.414337
1.013333 191.973419
1.018667 191.756760
1.024000 192.063324
1.029333 192.645782
1.034667 193.274002
1.040000 194.045227
1.045333 194.776123
1.050667 195.402069
1.056000 196.211243
1.061333 197.433395
1.066667 198.679840
1.072000 199.884308
1.077333 201.238037
1.082667 201.729019
1.088000 201.263000
1.093333 200.430389
1.098667 199.672729
1.104000 199.140564
1.109333 198.970917
1.114667 199.604645
1.120000 0.000000
1.125333 0.000000
1.130667 223.207321
1.136000 223.254166
1.141333 223.109161
1.146667 222.783432
1.152000 147.863083
1.157333 148.928101
1.162667 272.988495
1.168000 272.667877
1.173333 272.519653
1.178667 243.386398
1.184000 243.898712
1.189333 255.507736
1.194667 197.311768
1.200000 160.388260
1.205333 155.678009
1.210667 155.856003
1.216000 155.958115
1.221333 155.827271
1.226667 147.852432
1.232000 145.055206
1.237333 144.980576
1.242667 147.750549
1.248000 147.738770
1.253333 98.844246
1.258667 98.962044
1.264000 98.826172
1.269333 147.019363
1.274667 147.455322
1.280000 147.800354
1.285333 147.785065
1.290667 147.895813
1.296000 148.615234
1.301333 148.483490
1.306667 148.168915
1.312000 147.436279
1.317333 146.786682
1.322667 98.451530
1.328000 147.677658
1.333333 147.493088
1.338667 98.512245
1.344000 98.385994
1.349333 98.205002
1.354667 98.115662
1.360000 98.096703
1.365333 98.084389
1.370667 98.171608
1.376000 147.681778
1.381333 147.738312
1.386667 148.004074
1.392000 148.111404
1.397333 148.017075
1.402667 98.719482
1.408000 98.548897
1.413333 98.451027
1.418667 146.107208
1.424000 145.747482
1.429333 292.803650
1.434667 293.082703
1.440000 147.193680
1.445333 147.186981
1.450667 146.975418
1.456000 5030.975098
1.461333 4948.923340
1.466667 290.903778
1.472000 254.840088
1.477333 202.139755
1.482667 202.264526
1.488000 4790.939453
1.493333 4750.463867
1.498667 4689.757324
1.504000 595.130920
1.509333 146.833603
1.514667 128.722473
1.520000 128.761414
1.525333 692.962524
1.530667 693.771057
1.536000 98.334602
1.541333 98.211334
1.546667 98.293968
1.552000 98.477234
1.557333 98.535011
1.562667 375.557953
1.568000 98.858383
1.573333 98.922058
1.578667 98.902740
1.584000 98.889839
1.589333 98.796799
1.594667 98.795609
1.600000 98.839516
1.605333 98.876678
1.610667 98.876633
1.616000 98.900864
1.621333 98.944534
1.626667 98.949554
1.632000 98.912003
1.637333 98.823853
1.642667 291.870758
1.648000 108.325493
1.653333 146.984406
1.658667 292.771759
1.664000 292.953400
1.669333 98.650688
1.674667 148.470535
1.680000 287.946655
1.685333 287.630249
1.690667 98.792366
1.696000 98.778793
1.701333 98.809059
1.706667 98.881577
1.712000 98.987732
1.717333 98.995056
1.722667 98.868759
1.728000 98.657555
1.733333 98.856514
1.738667 98.998871
1.744000 98.962639
1.749333 98.826485
1.754667 98.808098
1.760000 98.846001
1.765333 98.830147
1.770667 98.754646
1.776000 98.759026
1.781333 98.786545
1.786667 301.045563
1.792000 299.625244
1.797333 98.723671
1.802667 148.649246
1.808000 294.942596
1.813333 98.876610
1.818667 98.811218
1.824000 290.815674
1.829333 98.736732
1.834667 98.770515
1.840000 98.813751
1.845333 98.818092
1.850667 98.798103
1.856000 285.761536
1.861333 201.006851
1.866667 98.499222
1.872000 98.266251
1.877333 98.327965
1.882667 98.568192
1.888000 98.753822
1.893333 98.836578
1.898667 304.081268
1.904000 302.629883
1.909333 306.341095
1.914667 308.651764
1.920000 373.126221
1.925333 374.282013
1.930667 375.021912
1.936000 377.497894
1.941333 384.170563
1.946667 409.688232
1.952000 430.274017
1.957333 438.652161
1.962667 448.301788
1.968000 486.388000
1.973333 494.567963
1.978667 516.529602
1.984000 528.910828
1.989333 543.838074
1.994667 549.685669
2.000000 609.322021
2.005333 595.588196
2.010667 585.863098
2.016000 583.637878
2.021333 277.804230
2.026667 277.072662
2.032000 276.822174
2.037333 276.120605
2.042667 274.449219
2.048000 271.877380
2.053333 269.679291
2.058667 268.349579
2.064000 267.547455
2.069333 266.841919
2.074667 268.264526
2.080000 270.510773
2.085333 272.906982
2.090667 274.976990
2.096000 276.313965
2.101333 276.899231
2.106667 277.633698
2.112000 293.700409
2.117333 293.189697
2.122667 292.966614
2.128000 293.054077
2.133333 293.218872
2.138667 293.723572
2.144000 295.177582
2.149333 296.421448
2.154667 296.437531
2.160000 295.306458
2.165333 294.080078
2.170667 294.292572
2.176000 294.929749
2.181333 294.928772
2.186667 294.304993
2.192000 146.190567
2.197333 146.231705
2.202667 65.947472
2.208000 295.317474
2.213333 296.110382
2.218667 296.426208
2.224000 296.209106
2.229333 146.441055
2.234667 146.345917
2.240000 146.350723
2.245333 149.287796
2.250667 296.703400
2.256000 661.266235
2.261333 662.773132
2.266667 99.091003
2.272000 553.536926
2.277333 551.102173
2.282667 633.784912
2.288000 85.408188
2.293333 85.397949
2.298667 526.820007
2.304000 527.392029
2.309333 530.660706
2.314667 531.854431
2.320000 534.139099
2.325333 291.800323
2.330667 290.197479
2.336000 288.427032
2.341333 288.504395
2.346667 288.192444
2.352000 285.123505
2.357333 541.741272
2.362667 539.299194
2.368000 537.682556
2.373333 133.471954
2.378667 133.434280
2.384000 133.100830
2.389333 170.088043
2.394667 65.871048
2.400000 65.987022
2.405333 66.049850
2.410667 2900.111816
2.416000 2923.375732
2.421333 2962.309570
2.426667 168.393021
2.432000 528.115295
2.437333 108.859421
2.442667 172.582855
2.448000 172.598526
2.453333 172.919464
2.458667 105.705116
2.464000 105.570999
2.469333 105.560303
2.474667 65.951950
2.480000 65.980927
2.485333 201.789093
2.490667 200.363602
2.496000 199.739990
2.501333 199.673660
2.506667 218.851013
2.512000 237.034714
2.517333 237.238358
2.522667 237.676132
2.528000 237.755676
2.533333 237.691360
2.538667 245.823471
2.544000 260.426758
2.549333 251.122086
2.554667 251.730209
2.560000 251.806702
2.565333 251.879593
2.570667 252.929794
2.576000 235.355774
2.581333 235.644363
2.586667 250.432861
2.592000 248.595581
2.597333 246.497696
2.602667 239.612427
2.608000 435.447754
2.613333 231.798538
2.618667 132.866180
2.624000 278.671021
2.629333 200.163330
2.634667 198.660019
2.640000 197.091995
2.645333 196.122101
2.650667 195.389465
2.656000 194.683395
2.661333 194.610962
2.666667 194.915649
2.672000 134.027237
2.677333 2228.940430
2.682667 2216.333008
2.688000 2178.931885
2.693333 534.256714
2.698667 534.561584
2.704000 534.179871
2.709333 195.991943
2.714667 196.120255
2.720000 134.712601
2.725333 134.626205
2.730667 133.720245
2.736000 133.506424
2.741333 133.597046
2.746667 194.526428
2.752000 194.783020
2.757333 194.975693
2.762667 195.204330
2.768000 195.592331
2.773333 65.403061
2.778667 65.477646
2.784000 197.181854
2.789333 196.967941
2.794667 197.182495
2.800000 197.529648
2.805333 197.429886
2.810667 196.814743
2.816000 195.378403
2.821333 195.072006
2.826667 195.134384
2.832000 195.593140
2.837333 197.223816
2.842667 197.344589
2.848000 196.706421
2.853333 196.236938
2.858667 196.154800
2.864000 196.578964
2.869333 198.014267
2.874667 198.130539
2.880000 197.491745
2.885333 197.177078
2.890667 197.161072
2.896000 197.063141
2.901333 196.487915
2.906667 195.203995
2.912000 194.815628
2.917333 194.813431
2.922667 194.850006
2.928000 194.903793
2.933333 194.902924
2.938667 194.859024
2.944000 194.968964
2.949333 195.262054
2.954667 195.473953
2.960000 195.508286
2.965333 195.341003
2.970667 195.451508
2.976000 195.897980
2.981333 196.477325
2.986667 197.251144
2.992000 198.218719
2.997333 198.839874
