0.000000 504.099030
0.005333 506.869141
0.010667 507.653046
0.016000 507.176880
0.021333 505.308563
0.026667 503.399353
0.032000 504.093719
0.037333 83.627380
0.042667 83.641411
0.048000 83.644356
0.053333 464.684814
0.058667 82.370003
0.064000 249.698044
0.069333 233.811768
0.074667 3272.101807
0.080000 3197.549805
0.085333 3179.676758
0.090667 3203.730225
0.096000 3324.847412
0.101333 109.638481
0.106667 82.916939
0.112000 83.067436
0.117333 81.845894
0.122667 253.970123
0.128000 85.110466
0.133333 255.977829
0.138667 257.729218
0.144000 258.197632
0.149333 258.086487
0.154667 257.487762
0.160000 255.940369
0.165333 253.076050
0.170667 251.011856
0.176000 250.084015
0.181333 249.631943
0.186667 249.495026
0.192000 249.576645
0.197333 249.779663
0.202667 250.007904
0.208000 250.315186
0.213333 250.880234
0.218667 251.637421
0.224000 252.259811
0.229333 252.598999
0.234667 252.769348
0.240000 252.806778
0.245333 252.489868
0.250667 689.692505
0.256000 84.156433
0.261333 84.096062
0.266667 207.846161
0.272000 667.762268
0.277333 668.970703
0.282667 670.577576
0.288000 209.233276
0.293333 444.753448
0.298667 444.034332
0.304000 442.849304
0.309333 442.168671
0.314667 211.951859
0.320000 212.067230
0.325333 110.008514
0.330667 110.138962
0.336000 110.558670
0.341333 108.686005
0.346667 108.545563
0.352000 0.000000
0.357333 0.000000
0.362667 125.560883
0.368000 125.381584
0.373333 97.830238
0.378667 217.415649
0.384000 217.496170
0.389333 217.429855
0.394667 109.189766
0.400000 217.409958
0.405333 217.645065
0.410667 217.367111
0.416000 216.610519
0.421333 216.263290
0.426667 216.648941
0.432000 218.523773
0.437333 454.185577
0.442667 219.866486
0.448000 219.806229
0.453333 219.746521
0.458667 219.422333
0.464000 219.270294
0.469333 219.443344
0.474667 219.762207
0.480000 219.998199
0.485333 220.202469
0.490667 220.425369
0.496000 220.587631
0.501333 220.759552
0.506667 220.867462
0.512000 220.882614
0.517333 220.865021
0.522667 220.885529
0.528000 220.968460
0.533333 221.051315
0.538667 110.529457
0.544000 110.349770
0.549333 220.395020
0.554667 220.258026
0.560000 219.911789
0.565333 109.824600
0.570667 109.775299
0.576000 219.324707
0.581333 109.969124
0.586667 110.075584
0.592000 110.362831
0.597333 110.862450
0.602667 222.293732
0.608000 111.440247
0.613333 111.499207
0.618667 111.616318
0.624000 222.864868
0.629333 223.453354
0.634667 112.870842
0.640000 111.857964
0.645333 111.765816
0.650667 223.649124
0.656000 111.817200
0.661333 111.770332
0.666667 111.717102
0.672000 169.117706
0.677333 168.491089
0.682667 157.732758
0.688000 112.154968
0.693333 111.959984
0.698667 111.750847
0.704000 90.901428
0.709333 90.789871
0.714667 90.755806
0.720000 222.374634
0.725333 110.982651
0.730667 110.882698
0.736000 110.830734
0.741333 110.787239
0.746667 221.354965
0.752000 220.930969
0.757333 220.642242
0.762667 220.597092
0.768000 220.489578
0.773333 220.182709
0.778667 220.060989
0.784000 220.080673
0.789333 220.007278
0.794667 219.833908
0.800000 109.992569
0.805333 110.063385
0.810667 110.183952
0.816000 220.124405
0.821333 220.050369
0.826667 220.155563
0.832000 220.452835
0.837333 220.686371
0.842667 220.657089
0.848000 220.416412
0.853333 220.137436
0.858667 219.908447
0.864000 219.721344
0.869333 219.562454
0.874667 219.622696
0.880000 219.784409
0.885333 219.770493
0.890667 219.441437
0.896000 219.082123
0.901333 218.951324
0.906667 218.952072
0.912000 218.874191
0.917333 218.770462
0.922667 219.025604
0.928000 219.613403
0.933333 220.074600
0.938667 220.160934
0.944000 219.738434
0.949333 218.980148
0.954667 218.533783
0.960000 218.328140
0.965333 218.485687
0.970667 222.352249
0.976000 222.317154
0.981333 221.953522
0.986667 221.478699
0.992000 221.050293
0.997333 220.791016
1.002667 221.019302
1.008000 221.518967
1.013333 221.353577
1.018667 220.675781
1.024000 220.219620
1.029333 220.083069
1.034667 220.188187
1.040000 220.557434
1.045333 221.024826
1.050667 221.347076
1.056000 221.681305
1.061333 221.947586
1.066667 221.633621
1.072000 221.015366
1.077333 220.706284
1.082667 220.589478
1.088000 220.215073
1.093333 219.701233
1.098667 219.284378
1.104000 218.992249
1.109333 218.925552
1.114667 219.192154
1.120000 219.377823
1.125333 219.263245
1.130667 219.090942
1.136000 218.927521
1.141333 218.780884
1.146667 218.921494
1.152000 219.347076
1.157333 219.654984
1.162667 219.840759
1.168000 220.085251
1.173333 220.654419
1.178667 222.136780
1.184000 223.524750
1.189333 224.326950
1.194667 224.711777
1.200000 224.725464
1.205333 224.729904
1.210667 225.568680
1.216000 227.629593
1.221333 229.319092
1.226667 230.875748
1.232000 233.618515
1.237333 238.600235
1.242667 125.838974
1.248000 124.363434
1.253333 163.177505
1.258667 163.174515
1.264000 124.153984
1.269333 124.410049
1.274667 100.454689
1.280000 83.446907
1.285333 251.290344
1.290667 250.918427
1.296000 250.192932
1.301333 249.350250
1.306667 124.053673
1.312000 124.098549
1.317333 248.454300
1.322667 248.623154
1.328000 248.669556
1.333333 248.373642
1.338667 248.132538
1.344000 248.019165
1.349333 247.771667
1.354667 123.326004
1.360000 246.622391
1.365333 246.205048
1.370667 246.021988
1.376000 122.905067
1.381333 122.905640
1.386667 246.005310
1.392000 245.879578
1.397333 245.718964
1.402667 245.436630
1.408000 245.039444
1.413333 244.624878
1.418667 244.284363
1.424000 244.024231
1.429333 243.620514
1.434667 243.061447
1.440000 242.628647
1.445333 120.838165
1.450667 120.726479
1.456000 120.678200
1.461333 120.727066
1.466667 120.928673
1.472000 121.266266
1.477333 243.731079
1.482667 244.476807
1.488000 245.263870
1.493333 245.940964
1.498667 246.433182
1.504000 246.858612
1.509333 247.356705
1.514667 248.393570
1.520000 250.595886
1.525333 237.946121
1.530667 235.731613
1.536000 235.136185
1.541333 123.487572
1.546667 663.275574
1.552000 665.249023
1.557333 326.416321
1.562667 325.708466
1.568000 697.718201
1.573333 209.274796
1.578667 444.612244
1.584000 441.276672
1.589333 437.294250
1.594667 306.675323
1.600000 3363.065674
1.605333 3313.027100
1.610667 3310.097412
1.616000 749.644409
1.621333 567.805176
1.626667 563.807922
1.632000 128.024811
1.637333 128.019974
1.642667 3046.669189
1.648000 3078.317139
1.653333 3190.723633
1.658667 164.398575
1.664000 985.671997
1.669333 3083.534912
1.674667 3074.428223
1.680000 3056.634277
1.685333 3041.545166
1.690667 3051.352051
1.696000 3090.056396
1.701333 3148.712891
1.706667 3194.586670
1.712000 3208.000977
1.717333 3200.589600
1.722667 3184.292725
1.728000 3163.741455
1.733333 3153.352051
1.738667 3152.032471
1.744000 3143.812744
1.749333 3116.416504
1.754667 3075.001221
1.760000 3041.798096
1.765333 3032.720215
1.770667 3047.858643
1.776000 3067.387695
1.781333 3075.213867
1.786667 3055.229980
1.792000 250.916824
1.797333 251.737228
1.802667 252.078751
1.808000 251.929230
1.813333 251.489166
1.818667 250.803238
1.824000 249.785416
1.829333 248.821777
1.834667 248.060379
1.840000 247.131989
1.845333 245.871857
1.850667 244.891769
1.856000 244.485138
1.861333 244.418472
1.866667 244.432770
1.872000 244.402115
1.877333 244.414856
1.882667 244.585556
1.888000 244.850647
1.893333 245.104553
1.898667 245.339203
1.904000 245.599197
1.909333 245.900162
1.914667 246.241135
1.920000 246.580017
1.925333 246.829041
1.930667 246.950150
1.936000 247.026947
1.941333 247.097733
1.946667 247.088608
1.952000 247.016830
1.957333 247.052643
1.962667 247.278671
1.968000 247.558258
1.973333 247.799850
1.978667 248.130722
1.984000 248.556519
1.989333 248.920120
1.994667 249.239120
2.000000 249.564255
2.005333 249.673752
2.010667 249.438965
2.016000 249.195450
2.021333 249.308578
2.026667 249.842880
2.032000 250.851196
2.037333 252.276352
2.042667 253.603378
2.048000 254.661392
2.053333 255.667389
2.058667 257.098785
2.064000 259.057190
2.069333 263.250977
2.074667 267.441040
2.080000 137.337479
2.085333 146.559265
2.090667 146.694199
2.096000 151.726715
2.101333 150.597870
2.106667 148.616699
2.112000 148.332184
2.117333 139.078659
2.122667 187.233765
2.128000 173.663910
2.133333 173.615173
2.138667 0.000000
2.144000 92.810043
2.149333 82.160828
2.154667 150.167175
2.160000 150.267502
2.165333 150.280685
2.170667 164.322632
2.176000 73.420143
2.181333 138.298080
2.186667 138.082367
2.192000 0.000000
2.197333 173.968231
2.202667 735.258484
2.208000 730.540039
2.213333 721.982849
2.218667 714.650635
2.224000 92.347755
2.229333 92.495972
2.234667 92.363701
2.240000 92.271317
2.245333 92.198242
2.250667 92.171936
2.256000 138.297745
2.261333 138.382645
2.266667 138.460022
2.272000 91.744423
2.277333 91.703331
2.282667 138.019592
2.288000 137.942200
2.293333 137.911209
2.298667 110.753433
2.304000 110.723038
2.309333 138.096512
2.314667 137.886383
2.320000 137.802444
2.325333 137.724380
2.330667 91.685562
2.336000 91.822815
2.341333 138.183212
2.346667 138.089798
2.352000 137.726196
2.357333 137.602203
2.362667 90.936821
2.368000 81.372192
2.373333 93.762299
2.378667 92.324036
2.384000 92.375275
2.389333 92.392570
2.394667 92.346420
2.400000 92.241066
2.405333 137.906357
2.410667 276.850555
2.416000 277.264923
2.421333 276.943512
2.426667 276.293365
2.432000 276.121338
2.437333 276.221161
2.442667 276.104065
2.448000 275.874847
2.453333 275.745667
2.458667 275.757446
2.464000 275.988220
2.469333 276.552582
2.474667 276.954529
2.480000 276.902435
2.485333 276.481689
2.490667 276.026184
2.496000 276.224976
2.501333 142.852539
2.506667 142.416321
2.512000 260.573364
2.517333 260.739288
2.522667 662.981995
2.528000 663.105042
2.533333 662.366333
2.538667 329.445862
2.544000 327.928375
2.549333 326.694611
2.554667 92.066978
2.560000 109.721436
2.565333 109.840065
2.570667 137.695602
2.576000 138.046219
2.581333 138.221664
2.586667 278.451263
2.592000 92.556419
2.597333 92.498383
2.602667 274.812775
2.608000 275.200897
2.613333 275.331207
2.618667 275.142792
2.624000 275.144379
2.629333 275.103973
2.634667 274.295715
2.640000 91.895142
2.645333 138.163101
2.650667 138.085358
2.656000 138.080826
2.661333 276.080414
2.666667 275.957123
2.672000 275.651123
2.677333 91.930946
2.682667 92.095573
2.688000 138.020706
2.693333 137.939972
2.698667 137.791534
2.704000 137.607559
2.709333 137.499741
2.714667 137.469208
2.720000 137.478912
2.725333 137.475082
2.730667 137.469528
2.736000 276.106323
2.741333 276.381439
2.746667 276.449219
2.752000 138.001190
2.757333 138.109283
2.762667 138.272324
2.768000 138.372955
2.773333 138.456055
2.778667 276.973053
2.784000 277.051605
2.789333 138.629349
2.794667 138.712036
2.800000 277.707214
2.805333 277.749481
2.810667 277.307190
2.816000 138.346542
2.821333 138.307404
2.826667 138.115173
2.832000 276.007721
2.837333 276.121796
2.842667 275.883179
2.848000 275.399292
2.853333 275.349579
2.858667 275.682953
2.864000 137.865479
2.869333 275.575378
2.874667 275.322357
2.880000 275.437439
2.885333 275.829071
2.890667 276.170227
2.896000 276.534149
2.901333 277.031372
2.906667 277.496094
2.912000 277.687134
2.917333 138.579590
2.922667 138.630325
2.928000 138.692429
2.933333 172.078430
2.938667 171.466309
2.944000 138.449112
2.949333 138.444611
2.954667 92.619644
2.960000 92.716751
2.965333 92.789268
2.970667 193.216812
2.976000 106.832664
2.981333 106.933998
2.986667 93.003136
2.992000 92.989334
2.997333 139.519226
3.002667 139.284317
3.008000 139.088562
3.013333 138.868439
3.018667 277.578918
3.024000 277.543274
3.029333 138.644653
3.034667 138.662689
3.040000 138.639175
3.045333 138.634872
3.050667 138.643723
3.056000 138.579605
3.061333 138.423279
3.066667 92.580063
3.072000 92.692291
3.077333 138.694107
3.082667 138.493896
3.088000 138.306244
3.093333 138.492203
3.098667 138.808121
3.104000 277.150299
3.109333 139.063919
3.114667 139.093872
3.120000 138.946793
3.125333 138.620422
3.130667 276.902008
3.136000 277.180542
3.141333 138.705978
3.146667 277.567444
3.152000 278.097290
3.157333 278.437012
3.162667 278.137177
3.168000 138.389221
3.173333 138.262955
3.178667 276.520355
3.184000 276.422180
3.189333 276.363464
3.194667 276.518951
3.200000 277.081390
3.205333 278.439270
3.210667 279.663757
3.216000 280.310028
3.221333 280.657959
3.226667 138.750763
3.232000 275.728577
3.237333 275.565948
3.242667 275.847748
3.248000 275.875458
3.253333 275.949066
3.258667 276.194977
3.264000 276.510620
3.269333 277.112061
3.274667 277.926056
3.280000 278.313141
3.285333 277.898071
3.290667 277.164337
3.296000 276.690857
3.301333 276.645233
3.306667 277.026398
3.312000 277.491638
3.317333 277.722443
3.322667 278.196869
3.328000 279.094116
3.333333 279.372620
3.338667 278.659332
3.344000 277.759460
3.349333 277.555725
3.354667 277.847687
3.360000 278.162598
3.365333 278.166931
3.370667 277.804199
3.376000 277.238831
3.381333 276.763458
3.386667 276.548096
3.392000 276.487885
3.397333 276.470337
3.402667 276.502747
3.408000 276.692596
3.413333 276.934692
3.418667 277.070587
3.424000 277.099487
3.429333 277.175934
3.434667 277.336426
3.440000 277.424744
3.445333 277.473938
3.450667 277.634094
3.456000 278.002136
3.461333 278.400635
3.466667 278.620178
3.472000 278.770660
3.477333 278.997650
3.482667 139.850204
3.488000 140.033295
3.493333 140.106827
3.498667 139.931641
3.504000 139.253769
3.509333 110.793091
3.514667 92.509552
3.520000 92.590172
3.525333 92.746643
3.530667 92.612053
3.536000 190.525330
3.541333 92.193962
3.546667 92.264992
3.552000 92.322029
3.557333 92.524773
3.562667 137.321289
3.568000 183.594482
3.573333 91.644600
3.578667 91.681107
3.584000 274.638733
3.589333 274.700287
3.594667 274.680573
3.600000 274.576447
3.605333 91.560852
3.610667 91.708206
3.616000 138.923386
3.621333 277.641571
3.626667 277.938843
3.632000 278.174042
3.637333 278.572266
3.642667 279.174988
3.648000 279.732635
3.653333 280.129364
3.658667 280.431915
3.664000 140.701813
3.669333 140.562561
3.674667 185.493835
3.680000 184.964340
3.685333 92.382683
3.690667 277.605194
3.696000 278.239471
3.701333 278.045135
3.706667 277.475220
3.712000 277.473846
3.717333 276.664276
3.722667 273.696777
3.728000 271.899445
3.733333 271.872589
3.738667 272.377747
3.744000 272.906342
3.749333 273.200531
3.754667 272.534546
3.760000 270.977936
3.765333 90.982437
3.770667 0.000000
3.776000 0.000000
3.781333 92.970985
3.786667 0.000000
3.792000 109.749420
3.797333 326.961090
3.802667 326.359650
3.808000 326.503937
3.813333 198.345276
3.818667 284.047729
3.824000 284.712433
3.829333 1362.414551
3.834667 183.401367
3.840000 365.558258
3.845333 227.981979
3.850667 273.339172
3.856000 273.604919
3.861333 272.828339
3.866667 272.501526
3.872000 91.102493
3.877333 90.916733
3.882667 90.863861
3.888000 272.851654
3.893333 273.369080
3.898667 272.517059
3.904000 271.747772
3.909333 272.030731
3.914667 272.969788
3.920000 274.452881
3.925333 275.928864
3.930667 275.572052
3.936000 138.413300
3.941333 139.101105
3.946667 139.905029
3.952000 140.190552
3.957333 140.224243
3.962667 281.291779
3.968000 140.511398
3.973333 140.802170
3.978667 140.700714
3.984000 140.420334
3.989333 140.112640
3.994667 139.960251
4.000000 276.765808
4.005333 276.054321
4.010667 275.323334
4.016000 274.389221
4.021333 274.937592
4.026667 276.669159
4.032000 278.421570
4.037333 3273.025391
4.042666 3231.947998
4.048000 3214.406494
4.053333 3217.900391
4.058667 524.105225
4.064000 140.047043
4.069334 264.512756
4.074667 264.747772
4.080000 264.585449
4.085333 137.545547
4.090667 137.483902
4.096000 138.053802
4.101333 138.584824
4.106667 277.488342
4.112000 278.018463
4.117333 278.399811
4.122667 279.242004
4.128000 280.940125
4.133333 282.402405
4.138667 283.965179
4.144000 286.657196
4.149333 287.176422
4.154667 286.199768
4.160000 279.694336
4.165333 279.580811
4.170667 4220.729004
4.176000 4238.474121
4.181334 4250.119629
4.186666 4283.921387
4.192000 275.225616
4.197333 4378.798828
4.202667 4363.166504
4.208000 4374.087891
4.213333 277.372955
4.218667 4487.637695
4.224000 4512.816406
4.229333 268.352020
4.234667 275.146637
4.240000 276.091095
4.245333 276.269318
4.250667 276.447998
4.256000 276.600830
4.261333 276.186157
4.266667 275.804779
4.272000 276.318268
4.277333 277.436890
4.282667 278.359497
4.288000 278.793213
4.293334 279.150848
4.298666 278.965576
4.304000 277.393738
4.309333 276.070557
4.314667 275.632568
4.320000 138.922958
4.325333 138.893463
4.330667 139.238403
4.336000 140.537994
4.341333 140.904419
4.346667 141.028809
4.352000 0.000000
4.357333 86.543213
4.362667 91.753632
4.368000 91.820442
4.373333 104.231552
4.378667 104.390892
4.384000 136.631668
4.389333 136.644104
4.394667 137.271027
4.400000 137.981644
4.405334 137.807983
4.410666 137.729965
4.416000 138.136078
4.421333 138.280014
4.426667 138.204681
4.432000 138.289688
4.437333 138.714249
4.442667 139.088867
4.448000 138.751205
4.453333 138.546280
4.458667 139.031357
4.464000 139.313995
4.469333 82.894066
4.474667 83.007530
4.480000 83.054192
4.485333 140.114563
4.490667 139.907150
4.496000 139.593552
4.501333 139.194092
4.506667 139.156281
4.512000 139.388840
4.517334 139.471542
4.522666 69.348953
4.528000 69.224220
4.533333 567.824036
4.538667 69.122475
4.544000 274.789673
4.549333 274.292877
4.554667 274.138977
4.560000 274.475342
4.565333 274.707001
4.570667 274.631042
4.576000 274.938995
4.581333 275.371857
4.586667 275.259094
4.592000 275.028931
4.597333 275.349426
4.602667 564.252014
4.608000 557.854614
4.613333 279.036774
4.618667 277.983765
4.624000 276.415070
4.629333 269.277740
4.634666 275.626617
4.640000 276.484528
4.645333 275.953979
4.650667 275.525116
4.656000 276.182068
4.661334 277.359100
4.666667 278.194733
4.672000 278.767883
4.677333 278.411926
4.682667 276.132019
4.688000 274.580444
4.693333 274.828491
4.698667 274.808228
4.704000 274.182678
4.709333 273.979553
4.714667 274.118744
4.720000 273.994110
4.725333 136.943420
4.730667 273.614105
4.736000 273.667633
4.741333 137.374451
4.746666 137.616135
4.752000 141.159348
4.757333 141.213272
4.762667 0.000000
4.768000 559.006897
4.773334 327.508575
4.778666 327.800568
4.784000 327.448486
4.789333 326.738922
4.794667 198.517517
4.800000 198.269730
4.805333 275.199890
4.810667 274.099792
4.816000 135.964401
4.821333 136.221252
4.826667 91.898415
4.832000 137.535339
4.837333 138.049057
4.842667 271.542389
4.848000 271.268158
4.853333 273.693878
4.858667 252.409607
4.864000 0.000000
4.869333 82.728767
4.874667 244.072861
4.880000 124.226311
4.885334 124.179520
4.890666 123.935341
4.896000 243.998093
4.901333 243.694046
4.906667 243.008194
4.912000 240.423721
4.917333 126.392273
4.922667 126.524490
4.928000 251.842407
4.933333 83.439133
4.938667 83.498718
4.944000 208.512558
4.949333 208.634140
4.954667 208.588791
4.960000 182.677353
4.965333 150.350082
4.970667 122.890144
4.976000 268.163849
4.981333 698.261963
4.986667 700.275391
4.992000 703.036194
4.997334 0.000000
5.002666 122.831963
5.008000 122.840797
5.013333 116.998375
5.018667 138.284286
5.024000 138.480026
5.029333 1499.726440
5.034667 1494.138184
5.040000 184.521500
5.045333 184.734665
5.050667 184.775467
5.056000 181.132904
5.061333 82.618195
5.066667 119.650703
5.072000 124.250816
5.077333 242.720062
5.082667 246.992493
5.088000 123.701950
5.093333 116.112885
5.098667 123.709190
5.104000 123.136978
5.109334 122.117371
5.114666 121.835823
5.120000 249.620377
5.125333 250.199310
5.130667 249.903259
5.136000 249.729630
5.141333 250.117432
5.146667 249.797058
5.152000 124.203949
5.157333 124.545967
5.162667 124.471909
5.168000 453.520569
5.173333 493.910522
5.178667 164.459320
5.184000 123.830421
5.189333 122.962250
5.194667 123.009880
5.200000 92.058167
5.205333 92.296860
5.210667 93.066750
5.216000 104.575722
5.221334 104.562965
5.226666 104.718086
5.232000 93.427704
5.237333 109.670174
5.242667 109.734505
5.248000 109.661453
5.253334 233.987305
5.258667 234.862564
5.264000 236.586670
5.269333 238.303009
5.274667 239.180603
5.280000 0.000000
5.285333 253.066544
5.290667 254.001663
5.296000 126.558510
5.301333 126.642883
5.306667 126.777473
5.312000 126.855194
5.317333 126.939667
5.322667 3955.008301
5.328000 3938.655029
5.333333 0.000000
5.338666 0.000000
5.344000 0.000000
5.349333 103.722893
5.354667 129.274780
5.360000 128.212921
5.365334 127.455399
5.370667 133.643188
5.376000 133.900177
5.381333 133.899506
5.386667 133.538971
5.392000 132.617462
5.397333 130.120758
5.402667 130.102905
5.408000 129.825577
5.413333 221.338547
5.418667 167.005585
5.424000 167.033829
5.429333 599.432983
5.434667 601.988892
5.440000 605.591187
5.445333 120.939987
5.450667 120.481651
5.456000 120.312157
5.461333 670.513123
5.466667 669.143494
5.472000 120.120255
5.477334 1166.092163
5.482666 584.753723
5.488000 583.678406
5.493333 582.959473
5.498667 583.859314
5.504000 585.045776
5.509333 235.311890
5.514667 234.951080
5.520000 118.265549
5.525333 116.469704
5.530667 612.565002
5.536000 610.434265
5.541333 608.056519
5.546667 604.752991
5.552000 602.866699
5.557333 274.464661
5.562667 273.585754
5.568000 601.429016
5.573333 598.303711
5.578667 596.082397
5.584000 594.547913
5.589334 594.948486
5.594666 261.628693
5.600000 258.691254
5.605333 253.512268
5.610667 248.765076
5.616000 247.764740
5.621333 246.032059
5.626667 245.492569
5.632000 493.638123
5.637333 493.374695
5.642667 490.340271
5.648000 241.953354
5.653333 241.306503
5.658667 240.949539
5.664000 240.885696
5.669333 242.431244
5.674667 245.676132
5.680000 249.185074
5.685333 506.645721
5.690667 504.734589
5.696000 246.309464
5.701334 248.772827
5.706666 253.524033
5.712000 254.260010
5.717333 450.149414
5.722667 445.480438
5.728000 444.399811
5.733333 194.880981
5.738667 156.017700
5.744000 125.944145
5.749333 125.302032
5.754667 108.063431
5.760000 93.357712
5.765333 82.483162
5.770667 93.333237
5.776000 105.100967
5.781333 105.469513
5.786667 105.666260
5.792000 105.619034
5.797333 94.684578
5.802667 94.441200
5.808000 109.756638
5.813334 105.665192
5.818666 105.529968
5.824000 236.535614
5.829333 73.914879
5.834667 0.000000
5.840000 123.788353
5.845333 110.900604
5.850667 124.377960
5.856000 124.525238
5.861333 124.686104
5.866667 105.364891
5.872000 105.108353
5.877333 123.368599
5.882667 247.268204
5.888000 247.214172
5.893333 83.063843
5.898667 125.947701
5.904000 125.713211
5.909333 104.892899
5.914667 104.877335
5.920000 82.356117
5.925333 82.195747
5.930666 82.017677
5.936000 105.874771
5.941333 106.193008
5.946667 110.162888
5.952000 110.487152
5.957334 110.370155
5.962667 110.277748
5.968000 110.290939
5.973333 110.336411
5.978667 110.251167
5.984000 110.187263
5.989333 110.158775
5.994667 110.058449
6.000000 223.442825
6.005333 111.732437
6.010667 2260.551025
6.016000 2264.430664
6.021333 140.471344
6.026667 140.328659
6.032000 168.248734
6.037333 327.822327
6.042666 327.572296
6.048000 327.517578
6.053333 210.055466
6.058667 210.720367
6.064000 211.751389
6.069334 109.875389
6.074667 170.825180
6.080000 367.731934
6.085333 368.311462
6.090667 837.709412
6.096000 275.697083
6.101333 277.896545
6.106667 279.179718
6.112000 280.115784
6.117333 280.675232
6.122667 280.795502
6.128000 280.681152
6.133333 280.510162
6.138667 280.204376
6.144000 279.557709
6.149333 278.588684
6.154667 167.857513
6.160000 168.270386
6.165333 168.986877
6.170667 140.007370
6.176000 139.982101
6.181334 140.063065
6.186666 140.347198
6.192000 140.798431
6.197333 141.339783
6.202667 188.825867
6.208000 142.586121
6.213333 142.746872
6.218667 142.662399
6.224000 181.680054
6.229333 180.105408
6.234667 82.146782
6.240000 83.976074
6.245333 126.272064
6.250667 160.179153
6.256000 218.090225
6.261333 217.415115
6.266667 82.249352
6.272000 82.289276
6.277333 131.983948
6.282667 131.967743
6.288000 82.088890
6.293334 82.349556
6.298666 82.440605
6.304000 252.554810
6.309333 252.520279
6.314667 274.355865
6.320000 281.278687
6.325333 285.108734
6.330667 287.842072
6.336000 289.732391
6.341333 290.485443
6.346667 289.876770
6.352000 287.990845
6.357333 285.846161
6.362667 284.442780
6.368000 283.372162
6.373333 282.144318
6.378667 280.777649
6.384000 279.605988
6.389333 278.629608
6.394667 277.437103
6.400000 275.931274
6.405334 274.341125
6.410666 272.599487
6.416000 269.956177
6.421333 266.349396
6.426667 264.741394
6.432000 253.381912
6.437333 6147.847656
6.442667 6254.766113
6.448000 6402.828125
6.453333 6543.314453
6.458667 6718.837891
6.464000 6910.780273
6.469333 6856.007324
6.474667 6535.483398
6.480000 6279.671875
6.485333 6195.097168
6.490667 6179.185059
6.496000 6215.172363
6.501333 6256.782227
6.506667 6253.290527
6.512000 6214.494629
6.517334 6149.587402
6.522666 6061.871094
6.528000 5955.248535
6.533333 5805.539551
6.538667 5633.447266
6.544000 5577.877441
6.549333 5525.444336
6.554667 5372.397949
6.560000 0.000000
6.565333 149.593643
6.570667 149.536514
6.576000 149.658524
6.581333 150.135269
6.586667 150.827942
6.592000 149.308670
6.597333 143.644516
6.602667 122.875092
6.608000 183.487625
6.613333 183.800507
6.618667 141.660477
6.624000 101.965294
6.629333 908.274902
6.634666 902.081421
6.640000 181.983383
6.645333 174.628662
6.650667 78.199661
6.656000 84.920197
6.661334 113.000954
6.666667 113.281120
6.672000 146.374268
6.677333 341.106201
6.682667 342.032654
6.688000 343.721619
6.693333 347.295044
6.698667 117.034317
6.704000 117.262688
6.709333 117.539864
6.714667 89.536179
6.720000 89.553474
6.725333 836.408081
6.730667 832.250854
6.736000 119.530960
6.741333 119.716599
6.746666 91.440849
6.752000 91.891479
6.757333 385.113159
6.762667 764.493347
6.768000 758.031616
6.773334 750.339172
6.778666 224.465118
6.784000 222.947601
6.789333 222.660507
6.794667 110.744980
6.800000 110.605843
6.805333 452.020813
6.810667 111.079781
6.816000 111.349686
6.821333 111.342903
6.826667 111.287758
6.832000 111.231491
6.837333 111.109085
6.842667 111.037498
6.848000 111.115547
6.853333 111.553421
6.858667 111.795822
6.864000 111.825706
6.869333 92.822044
6.874667 92.835960
6.880000 93.921074
6.885334 372.970612
6.890666 381.444702
6.896000 383.184723
6.901333 383.164642
6.906667 382.059296
6.912000 380.199554
6.917333 377.890503
6.922667 375.899994
6.928000 374.590881
6.933333 373.730560
6.938667 373.529205
6.944000 374.326416
6.949333 375.490356
6.954667 376.065765
6.960000 375.439331
6.965333 373.731903
6.970667 371.687042
6.976000 370.057617
6.981333 369.067139
6.986667 367.621429
6.992000 365.833496
6.997334 912.526672
7.002666 909.134949
7.008000 365.403961
7.013333 363.030640
7.018667 361.402740
7.024000 360.343445
7.029333 359.505280
7.034667 359.362610
7.040000 360.742584
7.045333 183.077347
7.050667 183.133148
7.056000 183.151733
7.061333 183.190811
7.066667 183.263931
7.072000 183.218948
7.077333 364.410034
7.082667 363.134735
7.088000 361.567291
7.093333 359.457123
7.098667 356.674438
7.104000 353.654877
7.109334 219.983322
7.114666 219.725220
7.120000 220.226379
7.125333 93.961037
7.130667 93.897575
7.136000 338.319305
7.141333 340.224365
7.146667 341.277679
7.152000 341.483978
7.157333 340.745758
7.162667 339.398071
7.168000 338.839935
7.173333 338.644073
7.178667 336.840912
7.184000 334.011505
7.189333 331.926117
7.194667 330.507141
7.200000 329.197815
7.205333 328.023529
7.210667 327.229340
7.216000 326.956970
7.221334 326.850128
7.226666 326.688812
7.232000 326.687866
7.237333 327.155914
7.242667 327.958069
7.248000 328.674957
7.253334 329.213165
7.258667 329.680328
7.264000 330.049347
7.269333 330.289612
7.274667 330.510925
7.280000 330.858612
7.285333 331.247009
7.290667 331.499725
7.296000 331.641113
7.301333 331.956757
7.306667 332.555145
7.312000 332.928314
7.317333 332.638062
7.322667 331.399384
7.328000 329.444794
7.333333 699.750427
7.338666 148.291183
7.344000 92.328194
7.349333 92.362396
7.354667 92.373199
7.360000 92.398460
7.365334 92.396744
7.370667 92.308731
7.376000 92.309860
7.381333 92.477600
7.386667 92.685410
7.392000 92.847122
7.397333 92.996429
7.402667 93.351372
7.408000 83.235756
7.413333 478.962799
7.418667 0.000000
7.424000 126.865356
7.429333 127.047035
7.434667 120.578735
7.440000 93.295212
7.445333 93.181137
7.450667 90.610176
7.456000 93.063202
7.461333 101.870598
7.466667 101.582275
7.472000 151.153107
7.477334 150.143875
7.482666 148.354065
7.488000 116.067352
7.493333 115.946510
7.498667 116.757477
7.504000 284.540039
7.509333 283.564880
7.514667 281.788269
7.520000 279.133820
7.525333 276.597809
7.530667 274.804932
7.536000 274.067261
7.541333 136.716263
7.546667 136.951904
7.552000 137.414352
7.557333 276.060425
7.562667 276.974609
7.568000 277.597717
7.573333 277.868744
7.578667 278.066895
7.584000 278.763153
7.589334 279.995148
7.594666 281.070129
7.600000 281.600861
7.605333 281.651611
7.610667 281.273315
7.616000 280.646851
7.621333 280.026642
7.626667 279.401428
7.632000 278.632019
7.637333 277.888367
7.642667 277.414612
7.648000 276.881073
7.653333 275.888733
7.658667 274.410889
7.664000 273.059174
7.669333 272.214996
7.674667 271.831207
7.680000 271.786804
7.685333 271.701721
7.690667 271.325317
7.696000 136.679428
7.701334 137.004654
7.706666 2282.749512
7.712000 276.298370
7.717333 277.941162
7.722667 279.083557
7.728000 280.087524
7.733333 280.767914
7.738667 281.162262
7.744000 281.550049
7.749333 281.984131
7.754667 282.051239
7.760000 281.696106
7.765333 281.284729
7.770667 280.868408
7.776000 280.208466
7.781333 279.172119
7.786667 278.063232
7.792000 277.315918
7.797333 276.841675
7.802667 276.323700
7.808000 275.707306
7.813334 275.110352
7.818666 274.630493
7.824000 274.274628
7.829333 273.918121
7.834667 273.516815
7.840000 273.301941
7.845333 273.373322
7.850667 273.561798
7.856000 273.835876
7.861333 274.401520
7.866667 275.202148
7.872000 276.099121
7.877333 277.340454
7.882667 278.963470
7.888000 280.480988
7.893333 281.571564
7.898667 282.281525
7.904000 282.611938
7.909333 2339.289795
7.914667 2366.701172
7.920000 2394.074219
7.925333 2427.217529
7.930666 2497.519043
7.936000 93.090744
7.941333 93.340820
7.946667 281.980408
7.952000 281.403717
7.957334 277.682434
7.962667 92.780113
7.968000 486.994629
7.973333 487.990204
7.978667 173.574570
7.984000 173.546219
7.989333 180.434357
7.994667 93.811455
8.000000 93.685379
8.005333 93.570862
8.010667 93.560028
8.016000 93.456619
8.021334 93.351883
8.026667 93.348213
8.032000 93.307648
8.037333 291.729492
8.042666 290.173248
8.048000 288.340820
8.053333 2034.937622
8.058666 2037.914062
8.064000 94.391602
8.069333 282.420563
8.074667 281.392334
8.080000 139.886993
8.085333 278.378967
8.090667 277.620880
8.096000 277.711121
8.101334 278.123291
8.106667 278.509338
8.112000 92.656754
8.117333 138.801437
8.122666 138.679672
8.128000 138.679611
8.133333 278.028534
8.138667 277.842651
8.144000 277.585571
8.149333 277.514526
8.154667 277.694366
8.160000 278.015472
8.165334 278.352844
8.170667 278.646576
8.176000 278.983826
8.181334 279.317810
8.186666 279.449432
8.192000 279.339447
8.197333 279.113281
8.202666 278.890137
8.208000 278.647034
8.213333 147.239670
8.218667 91.669128
8.224000 92.532158
8.229333 92.684883
8.234667 92.780403
8.240000 92.648087
8.245334 0.000000
8.250667 2264.168701
8.256000 2291.237305
8.261333 2321.058350
8.266666 541.932922
8.272000 0.000000
8.277333 0.000000
8.282666 790.807617
8.288000 789.513977
8.293333 787.335327
8.298667 778.730774
8.304000 136.387604
8.309334 136.010376
8.314667 141.793137
8.320000 141.269135
8.325334 140.317917
8.330667 140.248337
8.336000 281.472046
8.341333 281.849976
8.346666 280.689819
8.352000 355.068573
8.357333 279.019257
8.362667 281.688324
8.368000 281.807556
8.373333 141.194534
8.378667 281.547363
8.384000 281.473877
8.389334 281.268219
8.394667 281.077209
8.400000 281.125183
8.405334 281.329407
8.410666 281.435883
8.416000 281.522980
8.421333 281.866516
8.426666 282.265198
8.432000 282.474884
8.437333 282.728882
8.442667 283.407806
8.448000 284.142517
8.453333 284.725830
8.458667 285.209015
8.464000 285.516846
8.469334 285.510590
8.474667 143.170822
8.480000 281.773346
8.485333 279.450958
8.490666 278.748749
8.496000 278.594788
8.501333 278.457550
8.506667 277.364166
8.512000 275.353241
8.517333 273.639648
8.522667 272.896545
8.528000 273.359680
8.533334 274.489014
8.538667 276.243530
8.544000 278.932098
8.549334 283.865692
8.554667 287.882904
8.560000 323.110138
8.565333 339.978882
8.570666 340.994263
8.576000 341.821960
8.581333 342.577972
8.586667 343.173859
8.592000 343.492767
8.597333 343.422974
8.602667 342.991272
8.608000 342.353851
8.613334 341.554962
8.618667 340.656433
8.624000 339.739014
8.629333 338.802032
8.634666 337.943665
8.640000 337.220917
8.645333 336.657562
8.650666 336.309814
8.656000 336.205536
8.661333 336.283813
8.666667 336.459778
8.672000 336.661530
8.677333 336.908600
8.682667 337.278748
8.688000 337.740051
8.693334 338.146881
8.698667 338.356201
8.704000 338.463379
8.709333 338.712433
8.714666 339.173157
8.720000 339.617554
8.725333 339.740540
8.730667 339.623108
8.736000 339.496613
8.741333 339.401520
8.746667 339.386108
8.752000 339.519775
8.757334 339.708282
8.762667 339.794281
8.768000 339.708374
8.773334 339.531036
8.778666 339.376556
8.784000 339.415619
8.789333 339.794342
8.794666 340.395538
8.800000 341.071899
8.805333 341.912872
8.810667 343.041687
8.816000 172.621124
8.821333 174.185455
8.826667 177.192490
8.832000 178.515747
8.837334 179.567612
8.842667 180.354141
8.848000 181.473892
8.853333 183.215973
8.858666 184.161316
8.864000 184.663239
8.869333 185.119980
8.874666 185.779907
8.880000 186.323364
8.885333 186.570679
8.890667 186.831589
8.896000 187.173187
8.901334 187.274963
8.906667 187.082733
8.912000 186.913055
8.917334 186.883499
8.922667 186.846283
8.928000 186.760269
8.933333 186.603546
8.938666 186.364471
8.944000 186.134903
8.949333 186.001389
8.954667 185.987091
8.960000 186.004395
8.965333 185.925552
8.970667 185.717102
8.976000 185.607788
8.981334 185.716187
8.986667 186.036743
8.992000 186.609634
8.997334 187.231384
9.002666 187.634094
9.008000 187.829758
9.013333 187.801819
9.018666 187.437500
9.024000 186.904770
9.029333 186.541656
9.034667 186.430176
9.040000 139.205307
9.045333 139.180832
9.050667 139.105392
9.056000 110.981796
9.061334 138.746887
9.066667 278.047272
9.072000 278.392334
9.077333 138.854599
9.082666 185.240829
9.088000 185.917862
9.093333 186.268448
9.098666 186.415482
9.104000 180.842575
9.109333 181.554581
9.114667 182.881912
9.120000 183.922287
9.125334 184.450241
9.130667 185.629898
9.136000 187.369919
9.141334 188.228485
9.146667 188.659683
9.152000 188.914444
9.157333 188.960693
9.162666 188.706772
9.168000 188.259003
9.173333 187.777725
9.178667 187.335007
9.184000 186.928558
9.189333 186.575912
9.194667 186.239548
9.200000 185.764328
9.205334 184.950256
9.210667 184.101562
9.216000 183.767563
9.221334 183.792755
9.226666 183.815582
9.232000 366.817780
9.237333 184.547195
9.242666 185.140991
9.248000 185.216125
9.253333 681.934875
9.258667 669.585388
9.264000 361.722076
9.269333 361.494690
9.274667 719.828186
9.280000 727.423096
9.285334 186.722565
9.290667 183.945236
9.296000 183.626678
9.301333 364.567169
9.306666 363.677887
9.312000 283.318573
9.317333 282.624084
9.322667 285.005493
9.328000 361.237549
9.333333 311.151917
9.338667 311.324860
9.344000 312.023346
9.349334 314.165741
9.354667 316.726105
9.360000 317.564911
9.365334 111.012314
9.370667 111.149628
9.376000 282.394257
9.381333 283.271606
9.386666 283.987183
9.392000 283.707611
9.397333 263.938629
9.402667 138.308151
9.408000 553.456299
9.413333 556.358093
9.418667 558.148193
9.424000 558.286011
9.429334 110.133751
9.434667 555.889771
9.440000 554.827332
9.445333 553.946411
9.450666 553.708984
9.456000 327.505707
9.461333 109.140259
9.466666 555.559692
9.472000 553.843079
9.477333 553.349426
9.482667 554.532837
9.488000 163.778839
9.493333 109.545166
9.498667 109.662567
9.504000 109.766342
9.509334 0.000000
9.514667 5836.676270
9.520000 5710.213379
9.525333 5610.009766
9.530666 184.476913
9.536000 184.455063
9.541333 185.462448
9.546667 185.959717
9.552000 185.757309
9.557333 185.657257
9.562667 186.595276
9.568000 187.443848
9.573334 182.679092
9.578667 188.622833
9.584000 5773.090820
9.589334 5623.391602
9.594666 5546.817871
9.600000 184.317200
9.605333 184.454391
9.610666 184.589691
9.616000 184.904556
9.621333 185.041107
9.626667 184.747559
9.632000 184.626755
9.637333 184.601318
9.642667 184.720322
9.648000 183.408096
9.653334 181.718018
9.658667 177.583725
9.664000 177.316910
9.669333 111.371902
9.674666 110.836525
9.680000 110.616875
9.685333 104.547295
9.690666 619.948547
9.696000 96.997719
9.701333 278.084930
9.706667 277.202148
9.712000 276.862854
9.717334 277.053741
9.722667 277.225006
9.728000 277.185089
9.733334 277.084259
9.738667 276.940063
9.744000 276.548889
9.749333 276.057922
9.754666 276.188873
9.760000 276.982178
9.765333 277.826996
9.770667 278.620270
9.776000 279.365356
9.781333 279.940918
9.786667 280.451416
9.792000 281.088501
9.797334 281.555206
9.802667 281.695923
9.808000 281.936432
9.813334 282.360657
9.818666 282.698578
9.824000 282.620667
9.829333 282.135986
9.834666 281.639343
9.840000 281.157135
9.845333 280.428589
9.850667 279.381012
9.856000 278.215149
9.861333 277.124451
9.866667 276.046844
9.872000 274.979553
9.877334 274.204681
9.882667 273.657318
9.888000 273.015045
9.893333 272.298706
9.898666 271.992615
9.904000 272.439880
9.909333 273.215179
9.914667 273.914307
9.920000 274.437714
9.925333 274.979675
9.930667 275.900909
9.936000 277.113647
9.941334 278.083038
9.946667 278.745331
9.952000 279.245300
9.957334 279.436981
9.962667 279.300598
9.968000 279.111328
9.973333 279.018616
9.978666 278.857941
9.984000 278.422668
9.989333 277.865723
9.994667 277.420807
10.000000 0.000000
