0.000000 0.000000
0.005333 0.000000
0.010667 0.000000
0.016000 94.470085
0.021333 77.081902
0.026667 77.002449
0.032000 75.829163
0.037333 76.959267
0.042667 77.315163
0.048000 71.711029
0.053333 388.559082
0.058667 387.242004
0.064000 386.614655
0.069333 386.227631
0.074667 385.774139
0.080000 385.330505
0.085333 385.081635
0.090667 385.026703
0.096000 384.982727
0.101333 384.845245
0.106667 384.789642
0.112000 384.976593
0.117333 385.310760
0.122667 385.708344
0.128000 386.017273
0.133333 386.095825
0.138667 386.117188
0.144000 386.287628
0.149333 386.490967
0.154667 386.612518
0.160000 386.795868
0.165333 387.098663
0.170667 387.391510
0.176000 387.600891
0.181333 387.775696
0.186667 387.861206
0.192000 387.623322
0.197333 387.178253
0.202667 387.248901
0.208000 388.111877
0.213333 388.693329
0.218667 128.944977
0.224000 128.771133
0.229333 128.584198
0.234667 192.672852
0.240000 192.332642
0.245333 192.332870
0.250667 385.087311
0.256000 384.540283
0.261333 128.731689
0.266667 128.819763
0.272000 129.027298
0.277333 385.308197
0.282667 384.203796
0.288000 380.705109
0.293333 377.790680
0.298667 379.648254
0.304000 384.818359
0.309333 388.580444
0.314667 389.083313
0.320000 387.916138
0.325333 386.814240
0.330667 386.044373
0.336000 386.206390
0.341333 76.869522
0.346667 104.408730
0.352000 104.549904
0.357333 104.662239
0.362667 104.868233
0.368000 105.020462
0.373333 105.019119
0.378667 104.966286
0.384000 104.929718
0.389333 104.852776
0.394667 104.677162
0.400000 290.170288
0.405333 290.104187
0.410667 378.524902
0.416000 376.776398
0.421333 374.807556
0.426667 372.868561
0.432000 157.073318
0.437333 157.032669
0.442667 369.179291
0.448000 367.853027
0.453333 362.913025
0.458667 312.089020
0.464000 311.771667
0.469333 311.858307
0.474667 311.915222
0.480000 340.657623
0.485333 340.149445
0.490667 313.112335
0.496000 314.809479
0.501333 193.200943
0.506667 103.805862
0.512000 102.872681
0.517333 102.220345
0.522667 101.937119
0.528000 375.304932
0.533333 375.010040
0.538667 378.936035
0.544000 389.789612
0.549333 204.774521
0.554667 405.353119
0.560000 405.614685
0.565333 398.890503
0.570667 78.205170
0.576000 196.957138
0.581333 193.025482
0.586667 181.365158
0.592000 178.426773
0.597333 73.143044
0.602667 73.043411
0.608000 78.100403
0.613333 75.115982
0.618667 73.163986
0.624000 71.817345
0.629333 73.481583
0.634667 65.503960
0.640000 199.430115
0.645333 205.625717
0.650667 210.801636
0.656000 222.158630
0.661333 222.838593
0.666667 233.530792
0.672000 233.875595
0.677333 234.939865
0.682667 237.824417
0.688000 240.363815
0.693333 260.313049
0.698667 255.549210
0.704000 256.841034
0.709333 259.545013
0.714667 261.668671
0.720000 263.524750
0.725333 265.422668
0.730667 266.918121
0.736000 267.287994
0.741333 266.107910
0.746667 261.319885
0.752000 249.114914
0.757333 247.870697
0.762667 254.183380
0.768000 262.578796
0.773333 265.565948
0.778667 267.269226
0.784000 269.344543
0.789333 270.872528
0.794667 271.314697
0.800000 270.559174
0.805333 269.000610
0.810667 266.707764
0.816000 264.387329
0.821333 263.258728
0.826667 263.157562
0.832000 263.367859
0.837333 263.676025
0.842667 264.245331
0.848000 264.930847
0.853333 265.352783
0.858667 265.421204
0.864000 265.109772
0.869333 264.332031
0.874667 262.458038
0.880000 260.155853
0.885333 255.553802
0.890667 74.773682
0.896000 4084.372803
0.901333 4004.867676
0.906667 3986.795898
0.912000 3990.666260
0.917333 65.419273
0.922667 3804.328857
0.928000 3801.355713
0.933333 64.959259
0.938667 65.211433
0.944000 65.500076
0.949333 9946.510742
0.954667 0.000000
0.960000 305.229279
0.965333 304.138336
0.970667 329.989471
0.976000 330.186066
0.981333 330.490021
0.986667 4100.910156
0.992000 0.000000
0.997333 0.000000
1.002667 709.596069
1.008000 710.966309
1.013333 260.848999
1.018667 260.561066
1.024000 126.197746
1.029333 247.830490
1.034667 247.844589
1.040000 248.532333
1.045333 250.155121
1.050667 250.924911
1.056000 251.664261
1.061333 252.750793
1.066667 253.672867
1.072000 254.073029
1.077333 254.338074
1.082667 255.138763
1.088000 256.066467
1.093333 256.309662
1.098667 256.223755
1.104000 256.241638
1.109333 256.505524
1.114667 256.806396
1.120000 256.984009
1.125333 257.193634
1.130667 257.918121
1.136000 260.347717
1.141333 263.614960
1.146667 264.874207
1.152000 263.998566
1.157333 262.148682
1.162667 260.259125
1.168000 258.332001
1.173333 252.425980
1.178667 0.000000
1.184000 626.259949
1.189333 624.102600
1.194667 311.358734
1.200000 622.736145
1.205333 622.748291
1.210667 622.625122
1.216000 622.547119
1.221333 622.926819
1.226667 130.910370
1.232000 130.938568
1.237333 282.808441
1.242667 171.193207
1.248000 172.059830
1.253333 172.133347
1.258667 252.474655
1.264000 252.541855
1.269333 252.708420
1.274667 252.849457
1.280000 251.803009
1.285333 479.986816
1.290667 480.655304
1.296000 483.338379
1.301333 988.088684
1.306667 1000.851135
1.312000 256.125122
1.317333 254.681641
1.322667 254.197281
1.328000 253.707260
1.333333 127.004677
1.338667 256.489258
1.344000 258.737946
1.349333 278.757843
1.354667 614.753967
1.360000 222.463852
1.365333 226.324509
1.370667 235.616470
1.376000 236.978683
1.381333 238.592941
1.386667 240.591873
1.392000 242.307404
1.397333 243.992203
1.402667 245.752029
1.408000 247.057999
1.413333 248.165787
1.418667 249.192017
1.424000 250.212891
1.429333 251.448364
1.434667 252.837372
1.440000 254.190338
1.445333 255.489456
1.450667 256.591553
1.456000 257.128693
1.461333 257.040710
1.466667 773.409973
1.472000 771.247314
1.477333 254.684113
1.482667 251.332977
1.488000 249.400955
1.493333 251.363739
1.498667 254.311569
1.504000 258.100311
1.509333 260.991638
1.514667 262.663666
1.520000 263.733521
1.525333 264.498322
1.530667 264.977570
1.536000 265.503540
1.541333 262.719635
1.546667 146.705002
1.552000 146.971329
1.557333 146.652512
1.562667 77.036751
1.568000 77.895958
1.573333 84.798172
1.578667 84.604004
1.584000 84.513321
1.589333 84.597244
1.594667 84.767647
1.600000 255.810043
1.605333 256.475647
1.610667 256.978638
1.616000 256.924103
1.621333 255.871841
1.626667 254.025146
1.632000 252.211929
1.637333 250.550964
1.642667 248.929932
1.648000 247.758484
1.653333 69.451279
1.658667 68.526161
1.664000 67.576607
1.669333 66.948761
1.674667 66.560905
1.680000 66.383057
1.685333 5309.860352
1.690667 5225.278809
1.696000 5171.471191
1.701333 5086.393555
1.706667 4987.740723
1.712000 4927.698730
1.717333 4922.905762
1.722667 4970.813965
1.728000 5027.515625
1.733333 5059.506348
1.738667 5077.604004
1.744000 5090.746582
1.749333 5121.524902
1.754667 5135.147461
1.760000 5039.910645
1.765333 290.623840
1.770667 308.974182
1.776000 304.991760
1.781333 303.795990
1.786667 304.624451
1.792000 311.420197
1.797333 340.779358
1.802667 340.753235
1.808000 342.765839
1.813333 344.394897
1.818667 345.191772
1.824000 345.693451
1.829333 346.049927
1.834667 346.345184
1.840000 346.647461
1.845333 347.007904
1.850667 347.508514
1.856000 348.236786
1.861333 349.267059
1.866667 350.849548
1.872000 353.569733
1.877333 357.676208
1.882667 361.915131
1.888000 366.326904
1.893333 371.671722
1.898667 376.788818
1.904000 381.409546
1.909333 385.979797
1.914667 389.701965
1.920000 392.224152
1.925333 393.923920
1.930667 395.045471
1.936000 395.368500
1.941333 394.787048
1.946667 393.425903
1.952000 391.836090
1.957333 390.358490
1.962667 389.003418
1.968000 387.859222
1.973333 387.208252
1.978667 387.229919
1.984000 387.827057
1.989333 388.966522
1.994667 390.320435
2.000000 391.016663
2.005333 390.348175
2.010667 388.375854
2.016000 385.093384
2.021333 377.320465
2.026667 372.010986
2.032000 338.433624
2.037333 5772.690430
2.042667 5674.953613
2.048000 5626.027832
2.053333 5564.624023
2.058667 5391.761719
2.064000 4955.919922
2.069333 4454.612305
2.074667 360.188934
2.080000 357.483459
2.085333 349.366943
2.090667 349.856934
2.096000 356.194305
2.101333 363.075928
2.106667 369.994843
2.112000 376.185577
2.117333 378.521057
2.122667 188.367447
2.128000 186.129028
2.133333 185.794922
2.138667 185.978012
2.144000 75.960617
2.149333 75.985168
2.154667 399.637634
2.160000 397.431519
2.165333 395.465332
2.170667 393.690582
2.176000 392.303223
2.181333 391.315918
2.186667 390.662445
2.192000 390.270782
2.197333 389.981964
2.202667 389.680725
2.208000 389.558990
2.213333 389.565979
2.218667 389.329193
2.224000 388.750031
2.229333 388.186523
2.234667 387.788666
2.240000 387.407043
2.245333 387.008331
2.250667 386.837494
2.256000 387.161407
2.261333 387.821381
2.266667 388.533844
2.272000 389.180359
2.277333 389.609741
2.282667 389.630341
2.288000 389.237518
2.293333 388.847565
2.298667 388.715515
2.304000 388.683167
2.309333 388.512329
2.314667 388.414215
2.320000 389.043549
2.325333 390.392822
2.330667 390.967773
2.336000 390.621429
2.341333 390.087738
2.346667 389.802124
2.352000 389.490112
2.357333 388.664581
2.362667 387.711792
2.368000 386.937408
2.373333 386.389038
2.378667 385.981110
2.384000 385.509888
2.389333 384.895538
2.394667 384.380066
2.400000 384.174988
2.405333 384.067993
2.410667 383.824554
2.416000 383.689819
2.421333 383.994537
2.426667 384.630890
2.432000 385.209808
2.437333 385.457092
2.442667 385.493286
2.448000 385.700684
2.453333 386.334778
2.458667 387.321960
2.464000 388.232880
2.469333 388.550873
2.474667 388.214142
2.480000 387.662415
2.485333 387.208160
2.490667 386.792358
2.496000 193.054092
2.501333 192.626862
2.506667 382.888824
2.512000 380.104065
2.517333 378.182617
2.522667 376.776154
2.528000 375.775787
2.533333 375.643494
2.538667 192.106567
2.544000 1810.383179
2.549333 503.812378
2.554667 503.485962
2.560000 722.622864
2.565333 192.501892
2.570667 192.649139
2.576000 192.695847
2.581333 191.067001
2.586667 190.389297
2.592000 189.673004
2.597333 373.402374
2.602667 371.907410
2.608000 370.883881
2.613333 369.239960
2.618667 364.847137
2.624000 359.667999
2.629333 356.405212
2.634667 355.572784
2.640000 357.029266
2.645333 358.920074
2.650667 361.117035
2.656000 363.706329
2.661333 367.731506
2.666667 373.518372
2.672000 377.765839
2.677333 380.771576
2.682667 383.989105
2.688000 387.270325
2.693333 389.948334
2.698667 391.925293
2.704000 393.478607
2.709333 394.803680
2.714667 395.425385
2.720000 395.444946
2.725333 395.045135
2.730667 394.373077
2.736000 393.468079
2.741333 392.489075
2.746667 391.781464
2.752000 391.399017
2.757333 391.170441
2.762667 390.907135
2.768000 390.649170
2.773333 390.493713
2.778667 390.372681
2.784000 390.432739
2.789333 390.911804
2.794667 391.934143
2.800000 393.097015
2.805333 393.933807
2.810667 394.571655
2.816000 395.193909
2.821333 394.810120
2.826667 391.874939
2.832000 389.099091
2.837333 388.264282
2.842667 388.737366
2.848000 389.427704
2.853333 346.072144
2.858667 346.286530
2.864000 347.431793
2.869333 348.737762
2.874667 362.069977
2.880000 360.579865
2.885333 360.623077
2.890667 361.491119
2.896000 385.225281
2.901333 385.340149
2.906667 525.663574
2.912000 524.431458
2.917333 523.358582
2.922667 130.787445
2.928000 403.636810
2.933333 402.484161
2.938667 397.731659
2.944000 394.948334
2.949333 388.265503
2.954667 392.258728
2.960000 394.307312
2.965333 393.734772
2.970667 392.456848
2.976000 391.327576
2.981333 390.757965
2.986667 390.702271
2.992000 390.851471
2.997333 391.004608
3.002667 391.113220
3.008000 391.044067
3.013333 390.612030
3.018667 389.793091
3.024000 388.776825
3.029333 387.712494
3.034667 386.372223
3.040000 384.703583
3.045333 383.396637
3.050667 382.701355
3.056000 382.475708
3.061333 382.654175
3.066667 383.221313
3.072000 384.077850
3.077333 384.942291
3.082667 385.741089
3.088000 193.680969
3.093333 214.332047
3.098667 162.724396
3.104000 163.285004
3.109333 72.156113
3.114667 74.505806
3.120000 77.414536
3.125333 77.476471
3.130667 77.343086
3.136000 73.987381
3.141333 74.083931
3.146667 387.218353
3.152000 386.006287
3.157333 385.134064
3.162667 384.464508
3.168000 384.027863
3.173333 383.812439
3.178667 383.686096
3.184000 383.751434
3.189333 384.257690
3.194667 385.152588
3.200000 386.053619
3.205333 386.527527
3.210667 386.502289
3.216000 386.116425
3.221333 385.425293
3.226667 384.442474
3.232000 383.466888
3.237333 382.998474
3.242667 382.832001
3.248000 382.651642
3.253333 382.386444
3.258667 382.115143
3.264000 382.001251
3.269333 382.134583
3.274667 382.289917
3.280000 382.299500
3.285333 382.465363
3.290667 382.898956
3.296000 383.407562
3.301333 384.144653
3.306667 385.085327
3.312000 385.393188
3.317333 128.322006
3.322667 128.479172
3.328000 193.375000
3.333333 238.027542
3.338667 239.610107
3.344000 198.388687
3.349333 199.209564
3.354667 204.500992
3.360000 206.645508
3.365333 211.172653
3.370667 213.450287
3.376000 127.977531
3.381333 128.372314
3.386667 129.357040
3.392000 130.781570
3.397333 131.537781
3.402667 132.112045
3.408000 132.167099
3.413333 78.015900
3.418667 77.812515
3.424000 238.606064
3.429333 242.381226
3.434667 125.943840
3.440000 124.680008
3.445333 124.505104
3.450667 120.823097
3.456000 78.098221
3.461333 271.054688
3.466667 156.667725
3.472000 156.318283
3.477333 263.764404
3.482667 263.427734
3.488000 261.521637
3.493333 259.061371
3.498667 261.113983
3.504000 262.100525
3.509333 263.082031
3.514667 263.811676
3.520000 264.128479
3.525333 263.465271
3.530667 261.741089
3.536000 260.259186
3.541333 259.236206
3.546667 258.499725
3.552000 258.049561
3.557333 257.696808
3.562667 257.357147
3.568000 257.356598
3.573333 257.881012
3.578667 258.439514
3.584000 129.430374
3.589333 129.580368
3.594667 130.162766
3.600000 130.610153
3.605333 130.734940
3.610667 99.053627
3.616000 204.617889
3.621333 129.085846
3.626667 130.060684
3.632000 199.673050
3.637333 200.095734
3.642667 199.399414
3.648000 197.571686
3.653333 196.872925
3.658667 197.363403
3.664000 197.606003
3.669333 203.509308
3.674667 199.079926
3.680000 199.573944
3.685333 196.259125
3.690667 77.933846
3.696000 77.810135
3.701333 77.797058
3.706667 75.447777
3.712000 76.556381
3.717333 76.337936
3.722667 85.412666
3.728000 261.955536
3.733333 260.984253
3.738667 260.117462
3.744000 259.608826
3.749333 260.357910
3.754667 261.220184
3.760000 261.607971
3.765333 261.704071
3.770667 261.186066
3.776000 259.575775
3.781333 258.911041
3.786667 259.238464
3.792000 259.962555
3.797333 261.126312
3.802667 262.416199
3.808000 263.365997
3.813333 263.895386
3.818667 264.060608
3.824000 263.864380
3.829333 263.244965
3.834667 262.126923
3.840000 261.477234
3.845333 261.896698
3.850667 261.322815
3.856000 260.734375
3.861333 260.293060
3.866667 260.686768
3.872000 261.234955
3.877333 261.493896
3.882667 261.470917
3.888000 260.913239
3.893333 259.747131
3.898667 259.347626
3.904000 258.556641
3.909333 257.913544
3.914667 257.521362
3.920000 257.097778
3.925333 256.684479
3.930667 256.371277
3.936000 256.261475
3.941333 256.292114
3.946667 256.341064
3.952000 256.397705
3.957333 256.524231
3.962667 256.751312
3.968000 257.163208
3.973333 257.836029
3.978667 258.268494
3.984000 258.634705
3.989333 259.400635
3.994667 260.418823
4.000000 261.508240
4.005333 262.708649
4.010667 263.293793
4.016000 263.334778
4.021333 263.274841
4.026667 263.120911
4.032000 262.528931
4.037333 261.302551
4.042666 260.132996
4.048000 259.615936
4.053333 259.861328
4.058667 260.632568
4.064000 260.444794
4.069334 278.553314
4.074667 4003.444824
4.080000 4014.040039
4.085333 3918.136475
4.090667 527.269592
4.096000 0.000000
4.101333 251.003799
4.106667 0.000000
4.112000 260.367126
4.117333 260.878448
4.122667 261.816254
4.128000 262.366943
4.133333 261.781982
4.138667 261.307098
4.144000 260.958649
4.149333 260.125305
4.154667 259.454010
4.160000 259.688660
4.165333 261.138672
4.170667 262.350769
4.176000 231.233765
4.181334 228.430130
4.186666 1238.449829
4.192000 1242.029053
4.197333 1226.681274
4.202667 323.448822
4.208000 1085.003296
4.213333 272.709625
4.218667 271.878082
4.224000 1265.029907
4.229333 1236.409302
4.234667 0.000000
4.240000 273.789032
4.245333 548.291687
4.250667 2733.693115
4.256000 2730.223877
4.261333 2715.811035
4.266667 361.717957
4.272000 313.229187
4.277333 311.444977
4.282667 269.439789
4.288000 268.807526
4.293334 267.913483
4.298666 264.849060
4.304000 262.040039
4.309333 259.650543
4.314667 258.136353
4.320000 257.342010
4.325333 256.642578
4.330667 255.875992
4.336000 255.322876
4.341333 255.008667
4.346667 254.709122
4.352000 254.205643
4.357333 253.458359
4.362667 252.437134
4.368000 251.077911
4.373333 251.294327
4.378667 252.705048
4.384000 252.495117
4.389333 252.148087
4.394667 251.814468
4.400000 251.458420
4.405334 251.144012
4.410666 250.904800
4.416000 250.589584
4.421333 250.170944
4.426667 249.840546
4.432000 249.812271
4.437333 250.252045
4.442667 251.866486
4.448000 251.898590
4.453333 251.593094
4.458667 251.409470
4.464000 251.407150
4.469333 251.598099
4.474667 252.192017
4.480000 252.981094
4.485333 253.302277
4.490667 253.722000
4.496000 254.387878
4.501333 255.060669
4.506667 255.462280
4.512000 255.708954
4.517334 256.044037
4.522666 256.578217
4.528000 257.151154
4.533333 257.608704
4.538667 257.910187
4.544000 257.951843
4.549333 257.409668
4.554667 257.160187
4.560000 258.319946
4.565333 258.423950
4.570667 257.798218
4.576000 257.180786
4.581333 256.686310
4.586667 256.182159
4.592000 255.710022
4.597333 255.390701
4.602667 255.334946
4.608000 255.508423
4.613333 255.835953
4.618667 256.257843
4.624000 256.581451
4.629333 257.099731
4.634666 256.884491
4.640000 252.347107
4.645333 202.919174
4.650667 165.341431
4.656000 165.142136
4.661334 127.975517
4.666667 127.424683
4.672000 84.485344
4.677333 84.155975
4.682667 84.009636
4.688000 84.027000
4.693333 252.849823
4.698667 253.527710
4.704000 254.276764
4.709333 255.366119
4.714667 256.944611
4.720000 258.253540
4.725333 259.026550
4.730667 259.498047
4.736000 259.905701
4.741333 260.323090
4.746666 260.715790
4.752000 260.854279
4.757333 260.278839
4.762667 61.264606
4.768000 59.772587
4.773334 59.416412
4.778666 59.436443
4.784000 63.959297
4.789333 64.307457
4.794667 64.939499
4.800000 65.075859
4.805333 64.522980
4.810667 64.148430
4.816000 63.896069
4.821333 64.110031
4.826667 64.326782
4.832000 2817.903076
4.837333 2849.668457
4.842667 2864.278564
4.848000 2875.143311
4.853333 428.946747
4.858667 433.860443
4.864000 385.667816
4.869333 382.352020
4.874667 184.069565
4.880000 372.864838
4.885334 372.287445
4.890666 372.069885
4.896000 371.479431
4.901333 370.474854
4.906667 369.242218
4.912000 367.846924
4.917333 366.403168
4.922667 364.883453
4.928000 363.603821
4.933333 363.084595
4.938667 363.625427
4.944000 365.282257
4.949333 367.881226
4.954667 370.871552
4.960000 373.788391
4.965333 376.474243
4.970667 379.001160
4.976000 381.431122
4.981333 383.657990
4.986667 385.572449
4.992000 387.269470
4.997334 388.807465
5.002666 390.111938
5.008000 391.037689
5.013333 391.595459
5.018667 391.813019
5.024000 391.746399
5.029333 391.552307
5.034667 391.366425
5.040000 391.125549
5.045333 390.980652
5.050667 391.137909
5.056000 391.585205
5.061333 392.290283
5.066667 393.192566
5.072000 394.131714
5.077333 394.791595
5.082667 394.995483
5.088000 394.771301
5.093333 394.288696
5.098667 393.620819
5.104000 392.567810
5.109334 390.771576
5.114666 388.522888
5.120000 386.898438
5.125333 387.179474
5.130667 390.088379
5.136000 393.817139
5.141333 394.108734
5.146667 388.046875
5.152000 383.606323
5.157333 361.244476
5.162667 348.293121
5.168000 347.743530
5.173333 348.079956
5.178667 369.876038
5.184000 369.369629
5.189333 360.980988
5.194667 356.674957
5.200000 360.691986
5.205333 364.969879
5.210667 311.475250
5.216000 207.576904
5.221334 207.832397
5.226666 168.241455
5.232000 168.024887
5.237333 163.951675
5.242667 73.624229
5.248000 76.984299
5.253334 77.833672
5.258667 78.000923
5.264000 66.522583
5.269333 400.800385
5.274667 399.529053
5.280000 398.278473
5.285333 396.968506
5.290667 395.680908
5.296000 394.701324
5.301333 394.104523
5.306667 393.587830
5.312000 392.964264
5.317333 392.083984
5.322667 390.903625
5.328000 389.710663
5.333333 388.727356
5.338666 388.155548
5.344000 388.175201
5.349333 388.627167
5.354667 388.913055
5.360000 388.722260
5.365334 388.273895
5.370667 387.931641
5.376000 387.945648
5.381333 388.242798
5.386667 388.575409
5.392000 388.797760
5.397333 389.042633
5.402667 389.487762
5.408000 390.075317
5.413333 390.660889
5.418667 391.081390
5.424000 391.377899
5.429333 391.590424
5.434667 391.758331
5.440000 392.307678
5.445333 393.415955
5.450667 393.315552
5.456000 391.014862
5.461333 387.720856
5.466667 385.127319
5.472000 383.841309
5.477334 383.390015
5.482666 383.335693
5.488000 383.424194
5.493333 383.582184
5.498667 383.879395
5.504000 384.291534
5.509333 384.667297
5.514667 384.877960
5.520000 384.840820
5.525333 384.600220
5.530667 384.445709
5.536000 384.578613
5.541333 384.818726
5.546667 384.915039
5.552000 384.878204
5.557333 384.785065
5.562667 384.710327
5.568000 384.778381
5.573333 384.980011
5.578667 385.181885
5.584000 385.334595
5.589334 385.473602
5.594666 385.606812
5.600000 385.711273
5.605333 385.202118
5.610667 383.806335
5.616000 382.405060
5.621333 381.207733
5.626667 380.564240
5.632000 191.644043
5.637333 397.711060
5.642667 1136.183350
5.648000 1135.873169
5.653333 1141.272217
5.658667 191.884811
5.664000 381.784241
5.669333 382.877228
5.674667 384.712280
5.680000 385.450470
5.685333 385.264679
5.690667 384.983734
5.696000 385.144653
5.701334 385.461700
5.706666 385.724243
5.712000 385.677795
5.717333 385.437592
5.722667 385.169159
5.728000 384.860474
5.733333 384.324829
5.738667 383.816650
5.744000 383.568542
5.749333 383.169525
5.754667 382.850281
5.760000 383.025665
5.765333 383.550415
5.770667 384.124939
5.776000 384.979065
5.781333 386.280640
5.786667 387.560883
5.792000 388.478729
5.797333 389.064850
5.802667 389.444824
5.808000 389.720306
5.813334 389.803528
5.818666 389.479370
5.824000 388.955200
5.829333 388.640015
5.834667 388.437012
5.840000 388.123505
5.845333 387.700623
5.850667 387.225494
5.856000 386.691742
5.861333 386.199921
5.866667 385.846863
5.872000 385.486694
5.877333 385.055481
5.882667 384.561432
5.888000 384.109283
5.893333 383.802460
5.898667 383.574341
5.904000 383.260498
5.909333 382.961884
5.914667 382.770996
5.920000 382.536377
5.925333 382.216431
5.930666 381.690460
5.936000 380.781464
5.941333 379.773773
5.946667 379.216339
5.952000 379.273651
5.957334 380.169800
5.962667 189.485611
5.968000 190.098053
5.973333 190.608963
5.978667 617.375305
5.984000 606.344177
5.989333 590.526428
5.994667 584.080078
6.000000 583.086670
6.005333 582.187683
6.010667 581.508545
6.016000 581.710510
6.021333 583.547180
6.026667 585.060181
6.032000 585.455872
6.037333 584.961548
6.042666 261.689392
6.048000 473.202148
6.053333 394.683594
6.058667 396.888245
6.064000 399.955139
6.069334 400.981384
6.074667 399.549133
6.080000 397.965912
6.085333 397.364624
6.090667 397.224335
6.096000 396.846436
6.101333 396.036896
6.106667 394.983734
6.112000 394.228210
6.117333 394.159882
6.122667 394.551788
6.128000 394.826721
6.133333 394.660706
6.138667 394.216858
6.144000 393.711273
6.149333 393.209961
6.154667 392.873779
6.160000 392.665253
6.165333 392.355835
6.170667 392.042358
6.176000 392.061615
6.181334 392.302307
6.186666 196.261276
6.192000 196.126419
6.197333 165.894058
6.202667 173.578125
6.208000 72.486946
6.213333 72.511627
6.218667 79.062805
6.224000 79.123947
6.229333 71.715553
6.234667 72.005974
6.240000 66.495338
6.245333 870.667725
6.250667 399.494110
6.256000 398.771973
6.261333 397.493805
6.266667 396.430878
6.272000 395.620178
6.277333 394.917572
6.282667 394.383972
6.288000 394.109619
6.293334 393.779663
6.298666 393.161163
6.304000 392.237183
6.309333 391.129852
6.314667 390.101471
6.320000 389.342743
6.325333 388.757416
6.330667 388.112488
6.336000 387.379669
6.341333 386.875610
6.346667 386.786957
6.352000 387.005249
6.357333 387.328094
6.362667 387.513214
6.368000 387.546936
6.373333 387.621246
6.378667 387.776886
6.384000 387.941772
6.389333 388.128876
6.394667 388.514038
6.400000 389.346680
6.405334 389.961151
6.410666 390.617096
6.416000 233.882812
6.421333 233.798492
6.426667 196.130035
6.432000 195.361115
6.437333 194.927704
6.442667 195.021820
6.448000 385.403076
6.453333 129.920914
6.458667 130.007568
6.464000 129.971878
6.469333 129.890884
6.474667 129.852905
6.480000 386.797699
6.485333 388.015106
6.490667 130.459152
6.496000 390.215393
6.501333 193.686081
6.506667 129.823120
6.512000 129.349716
6.517334 128.878189
6.522666 192.795349
6.528000 192.586761
6.533333 192.435547
6.538667 385.392456
6.544000 384.264709
6.549333 383.529388
6.554667 288.469849
6.560000 287.644867
6.565333 287.477844
6.570667 287.487732
6.576000 287.378845
6.581333 383.656769
6.586667 229.356735
6.592000 229.289963
6.597333 287.942383
6.602667 287.029266
6.608000 285.896667
6.613333 380.342865
6.618667 379.768829
6.624000 380.240601
6.629333 191.945908
6.634666 192.459244
6.640000 127.970505
6.645333 128.596848
6.650667 128.892517
6.656000 129.130081
6.661334 129.302231
6.666667 129.443069
6.672000 193.772430
6.677333 193.831146
6.682667 130.114090
6.688000 132.139633
6.693333 132.422363
6.698667 65.692513
6.704000 65.657326
6.709333 103.920959
6.714667 103.979736
6.720000 364.983276
6.725333 402.121368
6.730667 195.971649
6.736000 196.195648
6.741333 197.167847
6.746666 205.024841
6.752000 205.785828
6.757333 131.447464
6.762667 130.493668
6.768000 207.827713
6.773334 207.930542
6.778666 180.365524
6.784000 173.181793
6.789333 74.712669
6.794667 76.051933
6.800000 77.527397
6.805333 77.549599
6.810667 75.349022
6.816000 761.274658
6.821333 264.858337
6.826667 270.369080
6.832000 276.592163
6.837333 283.577942
6.842667 287.547150
6.848000 291.100067
6.853333 294.590515
6.858667 297.567322
6.864000 300.024719
6.869333 301.430359
6.874667 301.856415
6.880000 301.938721
6.885334 302.032043
6.890666 302.192657
6.896000 302.254761
6.901333 302.214539
6.906667 302.289062
6.912000 302.690735
6.917333 303.609833
6.922667 304.965698
6.928000 306.326050
6.933333 307.586334
6.938667 308.850800
6.944000 310.122192
6.949333 311.376190
6.954667 312.814911
6.960000 314.836182
6.965333 317.612091
6.970667 320.102692
6.976000 320.117493
6.981333 317.828705
6.986667 313.793365
6.992000 311.745819
6.997334 311.257385
7.002666 864.336060
7.008000 873.033875
7.013333 61.333122
7.018667 71.966637
7.024000 71.938652
7.029333 73.132797
7.034667 311.325104
7.040000 292.291595
7.045333 291.640839
7.050667 285.639984
7.056000 278.493896
7.061333 253.196640
7.066667 238.390076
7.072000 226.694870
7.077333 215.575546
7.082667 208.239517
7.088000 204.385803
7.093333 201.538223
7.098667 199.294662
7.104000 197.749863
7.109334 197.725418
7.114666 200.603485
7.120000 204.376587
7.125333 208.798981
7.130667 212.545746
7.136000 216.493942
7.141333 221.339966
7.146667 225.785995
7.152000 231.574249
7.157333 218.555099
7.162667 329.396362
7.168000 329.606232
7.173333 330.827057
7.178667 4026.532227
7.184000 0.000000
7.189333 0.000000
7.194667 1112.197754
7.200000 0.000000
7.205333 191.765625
7.210667 261.737457
7.216000 262.318817
7.221334 262.870880
7.226666 245.571716
7.232000 245.640381
7.237333 252.724823
7.242667 253.165115
7.248000 253.128738
7.253334 252.574463
7.258667 251.602722
7.264000 250.584717
7.269333 249.677979
7.274667 249.223007
7.280000 249.165787
7.285333 249.112167
7.290667 249.145294
7.296000 250.771149
7.301333 252.215057
7.306667 251.889450
7.312000 251.285019
7.317333 252.194168
7.322667 252.596848
7.328000 251.145233
7.333333 250.931305
7.338666 252.342850
7.344000 252.287689
7.349333 252.219696
7.354667 252.572235
7.360000 252.432892
7.365334 252.776199
7.370667 260.477631
7.376000 259.491791
7.381333 258.438721
7.386667 258.366882
7.392000 258.717285
7.397333 259.136261
7.402667 259.486053
7.408000 259.684601
7.413333 259.700592
7.418667 259.481018
7.424000 259.115051
7.429333 258.789276
7.434667 258.533447
7.440000 258.234802
7.445333 257.966614
7.450667 257.802246
7.456000 257.756714
7.461333 257.714142
7.466667 257.594910
7.472000 257.450012
7.477334 257.216431
7.482666 256.854492
7.488000 256.452271
7.493333 256.109497
7.498667 255.600296
7.504000 254.621201
7.509333 252.418762
7.514667 244.694412
7.520000 240.030991
7.525333 239.590805
7.530667 239.787567
7.536000 235.784851
7.541333 226.531754
7.546667 226.400238
7.552000 230.720215
7.557333 246.606476
7.562667 252.108276
7.568000 257.378906
7.573333 259.051880
7.578667 259.343292
7.584000 259.349152
7.589334 259.286987
7.594666 259.176849
7.600000 258.784668
7.605333 257.990295
7.610667 257.107178
7.616000 256.534851
7.621333 256.328888
7.626667 256.395691
7.632000 256.496368
7.637333 256.650177
7.642667 256.929413
7.648000 257.239258
7.653333 257.454071
7.658667 257.555084
7.664000 257.468445
7.669333 257.378693
7.674667 257.544861
7.680000 257.833679
7.685333 258.031433
7.690667 258.216217
7.696000 258.483978
7.701334 258.588226
7.706666 258.177521
7.712000 256.722290
7.717333 253.081512
7.722667 244.323669
7.728000 244.941376
7.733333 246.383453
7.738667 248.359116
7.744000 261.723358
7.749333 261.821075
7.754667 262.074432
7.760000 262.365662
7.765333 262.346832
7.770667 261.933655
7.776000 261.239807
7.781333 260.487091
7.786667 259.880157
7.792000 259.677277
7.797333 259.824921
7.802667 260.151489
7.808000 260.762360
7.813334 261.672455
7.818666 262.262726
7.824000 262.158447
7.829333 261.918518
7.834667 262.058319
7.840000 262.638580
7.845333 263.172028
7.850667 263.032959
7.856000 262.497284
7.861333 262.175293
7.866667 262.444397
7.872000 263.061493
7.877333 262.293091
7.882667 259.407227
7.888000 256.109222
7.893333 252.677567
7.898667 248.713181
7.904000 244.804581
7.909333 242.251251
7.914667 240.317596
7.920000 238.098206
7.925333 237.156845
7.930666 238.981216
7.936000 242.700638
7.941333 246.881744
7.946667 252.861389
7.952000 257.125244
7.957334 263.415436
7.962667 269.587891
7.968000 274.938934
7.973333 282.496918
7.978667 289.705933
7.984000 297.430817
7.989333 305.194305
7.994667 312.907837
8.000000 320.882538
8.005333 328.274323
8.010667 335.279938
8.016000 342.036133
8.021334 348.161926
8.026667 352.294525
8.032000 355.448090
8.037333 358.141571
8.042666 360.124939
8.048000 361.164581
8.053333 361.461548
8.058666 361.845062
8.064000 362.839264
8.069333 364.330170
8.074667 366.326691
8.080000 368.761993
8.085333 371.759216
8.090667 375.105225
8.096000 378.055939
8.101334 380.680420
8.106667 383.475891
8.112000 386.323730
8.117333 388.470612
8.122666 389.807037
8.128000 390.575775
8.133333 390.928223
8.138667 391.043427
8.144000 391.647003
8.149333 392.479462
8.154667 392.852417
8.160000 392.433380
8.165334 391.702515
8.170667 391.107483
8.176000 390.243866
8.181334 388.770142
8.186666 386.716217
8.192000 384.322693
8.197333 381.981598
8.202666 380.272552
8.208000 379.295441
8.213333 378.895172
8.218667 379.040161
8.224000 379.685852
8.229333 380.534668
8.234667 381.484222
8.240000 382.754395
8.245334 383.977020
8.250667 384.589264
8.256000 384.652802
8.261333 384.475037
8.266666 383.808319
8.272000 381.892548
8.277333 377.932098
8.282666 372.697235
8.288000 367.619995
8.293333 368.436279
8.298667 376.695282
8.304000 372.435760
8.309334 370.159668
8.314667 370.363251
8.320000 11398.670898
8.325334 11543.884766
8.330667 11573.984375
8.336000 11519.581055
8.341333 378.368164
8.346666 392.465302
8.352000 393.001282
8.357333 394.066162
8.362667 395.591949
8.368000 397.597260
8.373333 398.348877
8.378667 398.324524
8.384000 398.018555
8.389334 397.304779
8.394667 396.295776
8.400000 395.171051
8.405334 394.084351
8.410666 393.035339
8.416000 392.170654
8.421333 391.609009
8.426666 391.109680
8.432000 390.409729
8.437333 389.338348
8.442667 387.861298
8.448000 387.072510
8.453333 387.497955
8.458667 387.956726
8.464000 388.104095
8.469334 388.130371
8.474667 388.132111
8.480000 388.144562
8.485333 388.308136
8.490666 388.839935
8.496000 389.574341
8.501333 390.174896
8.506667 390.606842
8.512000 391.268646
8.517333 391.741669
8.522667 391.592651
8.528000 391.323364
8.533334 391.620728
8.538667 393.345428
8.544000 394.239136
8.549334 393.668884
8.554667 392.851868
8.560000 392.049805
8.565333 391.257812
8.570666 390.410309
8.576000 389.561737
8.581333 388.980560
8.586667 388.786041
8.592000 388.928131
8.597333 389.295868
8.602667 389.738983
8.608000 390.002441
8.613334 389.877991
8.618667 389.493378
8.624000 389.109863
8.629333 194.474564
8.634666 194.319534
8.640000 194.125549
8.645333 387.932373
8.650666 387.740662
8.656000 387.842194
8.661333 388.054596
8.666667 388.032990
8.672000 387.548828
8.677333 386.696014
8.682667 385.842621
8.688000 385.349915
8.693334 385.151947
8.698667 384.807983
8.704000 383.743561
8.709333 382.157349
8.714666 380.417694
8.720000 378.900360
8.725333 378.705139
8.730667 191.863159
8.736000 192.244751
8.741333 192.656097
8.746667 192.520447
8.752000 192.292084
8.757334 382.631531
8.762667 383.235382
8.768000 384.304230
8.773334 385.525879
8.778666 387.080688
8.784000 388.610107
8.789333 388.988434
8.794666 388.122955
8.800000 386.884583
8.805333 386.114075
8.810667 385.841522
8.816000 386.064880
8.821333 386.895111
8.826667 388.234222
8.832000 388.934570
8.837334 388.122559
8.842667 387.036133
8.848000 386.565857
8.853333 386.720337
8.858666 387.141785
8.864000 387.649628
8.869333 388.153137
8.874666 388.205566
8.880000 387.641052
8.885333 387.023987
8.890667 386.785492
8.896000 386.798492
8.901334 386.549194
8.906667 386.061493
8.912000 385.812775
8.917334 386.069336
8.922667 386.475006
8.928000 385.977783
8.933333 384.887177
8.938666 383.791016
8.944000 382.360046
8.949333 378.698334
8.954667 373.151581
8.960000 371.077393
8.965333 370.419952
8.970667 370.806763
8.976000 371.084778
8.981334 368.873688
8.986667 365.207367
8.992000 362.681366
8.997334 360.566925
9.002666 359.282928
9.008000 144.306534
9.013333 140.725998
9.018666 140.684067
9.024000 146.935349
9.029333 274.801544
9.034667 273.639252
9.040000 253.710541
9.045333 129.975449
9.050667 129.733154
9.056000 284.722687
9.061334 229.911011
9.066667 228.605255
9.072000 228.718842
9.077333 230.353622
9.082666 234.445221
9.088000 235.491364
9.093333 525.689697
9.098666 524.997620
9.104000 524.362610
9.109333 523.963196
9.114667 261.482330
9.120000 261.404907
9.125334 261.401611
9.130667 262.048859
9.136000 264.145477
9.141334 265.372803
9.146667 249.965118
9.152000 250.812180
9.157333 252.614441
9.162666 254.016876
9.168000 254.808884
9.173333 253.880463
9.178667 252.690262
9.184000 251.827911
9.189333 251.176651
9.194667 266.730438
9.200000 266.002716
9.205334 264.446991
9.210667 252.326218
9.216000 251.755096
9.221334 4085.918945
9.226666 4088.681152
9.232000 4136.139648
9.237333 4257.476074
9.242666 4367.128906
9.248000 4388.913086
9.253333 4343.197266
9.258667 4236.199219
9.264000 4107.585449
9.269333 4047.688965
9.274667 4030.328369
9.280000 225.619370
9.285334 215.242706
9.290667 212.715546
9.296000 164.008514
9.301333 163.758392
9.306666 73.776207
9.312000 73.845207
9.317333 75.113968
9.322667 72.490273
9.328000 72.568924
9.333333 66.061295
9.338667 66.071869
9.344000 66.012718
9.349334 4147.721191
9.354667 4129.407715
9.360000 65.185188
9.365334 65.178032
9.370667 65.317261
9.376000 7373.214844
9.381333 7550.759277
9.386666 7715.908691
9.392000 7882.202637
9.397333 8097.939941
9.402667 8434.124023
9.408000 8821.122070
9.413333 8935.426758
9.418667 8985.367188
9.424000 9085.306641
9.429334 9226.180664
9.434667 9412.784180
9.440000 9733.331055
9.445333 10253.640625
9.450666 10691.221680
9.456000 10783.479492
9.461333 10861.704102
9.466666 11044.600586
9.472000 11272.204102
9.477333 65.606682
9.482667 5978.808594
9.488000 5864.661133
9.493333 5697.188477
9.498667 438.340759
9.504000 438.494385
9.509334 440.279327
9.514667 226.056122
9.520000 225.232727
9.525333 155.590302
9.530666 186.308365
9.536000 185.909439
9.541333 187.120789
9.546667 471.455902
9.552000 469.978546
9.557333 468.957916
9.562667 469.940002
9.568000 473.587646
9.573334 477.640564
9.578667 475.688232
9.584000 471.426727
9.589334 469.534393
9.594666 470.221954
9.600000 473.809631
9.605333 478.966644
9.610666 484.268463
9.616000 489.676300
9.621333 494.082825
9.626667 497.409332
9.632000 501.152313
9.637333 506.284027
9.642667 511.658234
9.648000 515.838379
9.653334 519.580750
9.658667 262.038300
9.664000 263.957245
9.669333 264.958282
9.674666 265.473389
9.680000 265.651123
9.685333 132.582947
9.690666 396.543396
9.696000 395.959198
9.701333 393.966766
9.706667 514.376160
9.712000 255.960815
9.717334 256.114746
9.722667 256.543976
9.728000 257.181732
9.733334 257.973206
9.738667 516.778015
9.744000 518.337463
9.749333 131.610062
9.754666 132.105942
9.760000 132.440125
9.765333 132.622559
9.770667 132.458939
9.776000 272.769165
9.781333 273.170715
9.786667 273.570587
9.792000 273.620300
9.797334 132.707886
9.802667 131.890198
9.808000 131.598221
9.813334 129.552719
9.818666 9374.119141
9.824000 9464.689453
9.829333 9603.883789
9.834666 9739.546875
9.840000 9783.609375
9.845333 131.466095
9.850667 195.099594
9.856000 194.946671
9.861333 194.844589
9.866667 198.542984
9.872000 191.711258
9.877334 171.860626
9.882667 168.895416
9.888000 72.418694
9.893333 74.867653
9.898666 77.701279
9.904000 73.878029
9.909333 71.596573
9.914667 69.043472
9.920000 68.658249
9.925333 69.402779
9.930667 887.187012
9.936000 896.364014
9.941334 898.122986
9.946667 242.225067
9.952000 241.385635
9.957334 239.885620
9.962667 239.760284
9.968000 476.953583
9.973333 474.430389
9.978666 471.704895
9.984000 470.153015
9.989333 470.119751
9.994667 471.875397
10.000000 473.832153
10.005333 475.713684
10.010667 478.358887
10.016000 481.040344
10.021334 483.711884
10.026667 489.554871
10.032000 500.633118
10.037333 505.170105
10.042666 509.623993
10.048000 517.952393
10.053333 523.659119
10.058666 526.648682
10.064000 529.384277
10.069333 532.011108
10.074667 533.414490
10.080000 533.694519
10.085333 533.032837
10.090667 530.744751
10.096000 524.664246
10.101334 3960.245361
10.106667 3929.096191
10.112000 3966.567871
10.117333 4035.541992
10.122666 4057.139893
10.128000 4039.393555
10.133333 4059.264404
10.138667 4108.044434
10.144000 391.148254
10.149333 389.857025
10.154667 261.851807
10.160000 261.852936
10.165334 261.822144
10.170667 348.813690
10.176000 348.877808
10.181334 261.850037
10.186666 261.811584
10.192000 198.749771
10.197333 198.624817
10.202666 517.726929
10.208000 515.620728
10.213333 346.371613
10.218667 389.545654
10.224000 388.066437
10.229333 3984.142090
10.234667 4097.222656
10.240000 4136.774902
10.245334 4091.948975
10.250667 4022.775635
10.256000 4008.002686
10.261333 4002.906250
10.266666 4006.123047
10.272000 4003.776367
10.277333 3957.907471
10.282666 3771.496826
10.288000 1778.134399
10.293333 697.772644
10.298667 703.669922
10.304000 299.295135
10.309334 211.527496
10.314667 382.134796
10.320000 421.587372
10.325334 307.354980
10.330667 307.277496
10.336000 240.285172
10.341333 239.918350
10.346666 240.057510
10.352000 185.125061
10.357333 185.122192
10.362667 185.443680
10.368000 186.420319
10.373333 477.062714
10.378667 477.198395
10.384000 476.193512
10.389334 119.727097
10.394667 326.634521
10.400000 183.446991
10.405334 183.441528
10.410666 327.648743
10.416000 236.986374
10.421333 238.129929
10.426666 121.175606
10.432000 121.441582
10.437333 491.685760
10.442667 495.579498
10.448000 498.843811
10.453333 502.816284
10.458667 507.851868
10.464000 512.175293
10.469334 515.391968
10.474667 518.427368
10.480000 521.337036
10.485333 523.379578
10.490666 524.423889
10.496000 524.454407
10.501333 524.036804
10.506667 523.734070
10.512000 523.129944
10.517333 522.295532
10.522667 522.065857
10.528000 522.207520
10.533334 522.262634
10.538667 522.580383
10.544000 523.378723
10.549334 524.156860
10.554667 524.513062
10.560000 524.227600
10.565333 523.484375
10.570666 523.053955
10.576000 523.368347
10.581333 524.232544
10.586667 524.508911
10.592000 524.171875
10.597333 523.858582
10.602667 523.424500
10.608000 522.490417
10.613334 521.704224
10.618667 521.611389
10.624000 521.514099
10.629333 260.849548
10.634666 260.903778
10.640000 260.692322
10.645333 260.331970
10.650666 260.234650
10.656000 260.366821
10.661333 260.241455
10.666667 197.474106
10.672000 197.272827
10.677333 196.665955
10.682667 260.535736
10.688000 260.395691
10.693334 260.359680
10.698667 260.158875
10.704000 259.857330
10.709333 259.771393
10.714666 259.872589
10.720000 259.974945
10.725333 260.110870
10.730667 260.400238
10.736000 260.691132
10.741333 260.690552
10.746667 260.500244
10.752000 260.325836
10.757334 260.189850
10.762667 260.022186
10.768000 519.274902
10.773334 518.454712
10.778666 517.931274
10.784000 517.811707
10.789333 258.561554
10.794666 258.038177
10.800000 257.536072
10.805333 257.445099
10.810667 257.494629
10.816000 256.907074
10.821333 255.684204
10.826667 131.284149
10.832000 254.773239
10.837334 169.640839
10.842667 163.337616
10.848000 157.965576
10.853333 71.540871
10.858666 71.499931
10.864000 77.814217
10.869333 70.830490
10.874666 70.891930
10.880000 70.913116
10.885333 68.506310
10.890667 69.324036
10.896000 69.279259
10.901334 60.374405
10.906667 68.639648
10.912000 68.394127
10.917334 278.795593
10.922667 280.149048
10.928000 281.360992
10.933333 683.951660
10.938666 68.489456
10.944000 67.783569
10.949333 260.634308
10.954667 260.321472
10.960000 259.961700
10.965333 252.699661
10.970667 251.538635
10.976000 251.370605
10.981334 83.607559
10.986667 62.823784
10.992000 662.864746
10.997334 257.263000
