0.000000 1109.020142
0.005333 1083.456055
0.010667 1075.265625
0.016000 1073.522217
0.021333 1075.864990
0.026667 1081.533569
0.032000 1087.173340
0.037333 1088.721924
0.042667 1090.534058
0.048000 1089.571533
0.053333 1078.251953
0.058667 0.000000
0.064000 1408.330933
0.069333 188.866623
0.074667 189.166718
0.080000 189.824646
0.085333 1088.200073
0.090667 1085.270752
0.096000 1375.621948
0.101333 1391.610962
0.106667 1396.924072
0.112000 1397.821777
0.117333 112.290192
0.122667 239.338760
0.128000 239.934738
0.133333 242.186356
0.138667 245.366852
0.144000 247.765076
0.149333 249.126770
0.154667 249.460144
0.160000 248.767700
0.165333 247.192307
0.170667 245.096405
0.176000 242.490250
0.181333 240.118851
0.186667 237.834595
0.192000 221.598907
0.197333 229.793198
0.202667 228.987000
0.208000 219.388687
0.213333 218.718231
0.218667 433.198059
0.224000 430.949402
0.229333 428.842133
0.234667 211.239929
0.240000 107.708664
0.245333 112.677742
0.250667 112.846786
0.256000 237.539780
0.261333 238.387543
0.266667 238.859589
0.272000 238.992813
0.277333 238.916122
0.282667 238.847397
0.288000 238.850800
0.293333 238.922897
0.298667 239.167191
0.304000 239.566727
0.309333 239.819336
0.314667 119.848679
0.320000 239.412125
0.325333 238.785812
0.330667 237.815567
0.336000 236.303635
0.341333 251.339508
0.346667 248.540726
0.352000 245.984772
0.357333 201.888214
0.362667 0.000000
0.368000 0.000000
0.373333 73.460052
0.378667 73.457314
0.384000 73.446617
0.389333 73.431252
0.394667 73.427597
0.400000 73.434258
0.405333 73.465309
0.410667 73.486351
0.416000 73.466484
0.421333 73.407967
0.426667 73.353264
0.432000 73.330666
0.437333 73.338173
0.442667 73.347343
0.448000 73.331039
0.453333 73.337097
0.458667 73.433380
0.464000 79.710289
0.469333 13403.125000
0.474667 13184.804688
0.480000 13079.559570
0.485333 150.833694
0.490667 149.112198
0.496000 143.811981
0.501333 92.450424
0.506667 88.936172
0.512000 73.825150
0.517333 74.153610
0.522667 515.516907
0.528000 131.266281
0.533333 130.977219
0.538667 73.412773
0.544000 72.876495
0.549333 67.576332
0.554667 67.665695
0.560000 72.126259
0.565333 72.293358
0.570667 72.247505
0.576000 66.347359
0.581333 46.875000
0.586667 46.875000
0.592000 65.485527
0.597333 65.480164
0.602667 65.480972
0.608000 65.478523
0.613333 65.471375
0.618667 72.284111
0.624000 72.150299
0.629333 71.868004
0.634667 81.402168
0.640000 477.792450
0.645333 236.889023
0.650667 236.506790
0.656000 236.047440
0.661333 235.643875
0.666667 78.410194
0.672000 78.245796
0.677333 77.462334
0.682667 77.011803
0.688000 77.356850
0.693333 246.540756
0.698667 247.840775
0.704000 79.394463
0.709333 79.314011
0.714667 79.214027
0.720000 70.920723
0.725333 79.110474
0.730667 79.092010
0.736000 79.215988
0.741333 251.613495
0.746667 254.542282
0.752000 256.186371
0.757333 239.797073
0.762667 239.658463
0.768000 239.281204
0.773333 238.683929
0.778667 238.102631
0.784000 237.691650
0.789333 237.285461
0.794667 236.952194
0.800000 237.231720
0.805333 238.549484
0.810667 240.298584
0.816000 241.836807
0.821333 242.606064
0.826667 242.630035
0.832000 242.254654
0.837333 241.655884
0.842667 240.889206
0.848000 239.649918
0.853333 237.973511
0.858667 240.208237
0.864000 70.939354
0.869333 71.496071
0.874667 77.680122
0.880000 78.170975
0.885333 78.260628
0.890667 78.491005
0.896000 78.601028
0.901333 78.627007
0.906667 245.747864
0.912000 245.179092
0.917333 244.606323
0.922667 243.841873
0.928000 242.925903
0.933333 242.159470
0.938667 241.054932
0.944000 238.631805
0.949333 236.906479
0.954667 235.430130
0.960000 233.305145
0.965333 231.284073
0.970667 228.814270
0.976000 226.969193
0.981333 225.514008
0.986667 224.557327
0.992000 224.186325
0.997333 224.540146
1.002667 225.093826
1.008000 224.981400
1.013333 75.024315
1.018667 74.977936
1.024000 1106.633545
1.029333 1108.469360
1.034667 100.365463
1.040000 0.000000
1.045333 293.272797
1.050667 294.398224
1.056000 294.861755
1.061333 294.907440
1.066667 294.723206
1.072000 230.511429
1.077333 231.098068
1.082667 1114.362305
1.088000 132.352493
1.093333 1092.957153
1.098667 225.498657
1.104000 226.220535
1.109333 227.680939
1.114667 234.871719
1.120000 236.315323
1.125333 236.017517
1.130667 230.254745
1.136000 237.348358
1.141333 237.450302
1.146667 237.264465
1.152000 237.328247
1.157333 237.500702
1.162667 237.616623
1.168000 237.209793
1.173333 230.983383
1.178667 230.639008
1.184000 231.024582
1.189333 231.791428
1.194667 232.290741
1.200000 232.228485
1.205333 231.878555
1.210667 231.632629
1.216000 231.544754
1.221333 231.524124
1.226667 231.495529
1.232000 231.382645
1.237333 231.196640
1.242667 231.210709
1.248000 233.074051
1.253333 237.905609
1.258667 238.224030
1.264000 238.001663
1.269333 237.638306
1.274667 237.307861
1.280000 195.602097
1.285333 166.804886
1.290667 158.739304
1.296000 149.497055
1.301333 69.208672
1.306667 69.107216
1.312000 65.326553
1.317333 65.324738
1.322667 69.521645
1.328000 69.675491
1.333333 69.678627
1.338667 69.554451
1.344000 66.356941
1.349333 68.778923
1.354667 68.652740
1.360000 68.588348
1.365333 68.462555
1.370667 68.356590
1.376000 65.373451
1.381333 65.331902
1.386667 65.293991
1.392000 72.742546
1.397333 1288.234741
1.402667 1289.922363
1.408000 246.529709
1.413333 246.529526
1.418667 246.685226
1.424000 246.682190
1.429333 245.917389
1.434667 245.486069
1.440000 245.975174
1.445333 246.587906
1.450667 247.147858
1.456000 247.663422
1.461333 248.272308
1.466667 248.875824
1.472000 249.352768
1.477333 237.039383
1.482667 237.274094
1.488000 250.000870
1.493333 250.156189
1.498667 250.247803
1.504000 250.350433
1.509333 238.910294
1.514667 250.887177
1.520000 250.978928
1.525333 250.798096
1.530667 250.608231
1.536000 250.514175
1.541333 250.359634
1.546667 250.075241
1.552000 238.931381
1.557333 239.419632
1.562667 239.198181
1.568000 229.735062
1.573333 229.929504
1.578667 229.363617
1.584000 228.419342
1.589333 227.554062
1.594667 226.842651
1.600000 226.219543
1.605333 225.524750
1.610667 224.651001
1.616000 223.841232
1.621333 223.745407
1.626667 224.357300
1.632000 236.304428
1.637333 237.615158
1.642667 237.399796
1.648000 235.709412
1.653333 235.302032
1.658667 235.955490
1.664000 236.564972
1.669333 236.688858
1.674667 236.179459
1.680000 235.755035
1.685333 236.087067
1.690667 1170.538696
1.696000 1168.369507
1.701333 1164.275146
1.706667 1157.640869
1.712000 1150.901733
1.717333 1148.521729
1.722667 9876.817383
1.728000 9793.927734
1.733333 9737.124023
1.738667 9731.767578
1.744000 9776.891602
1.749333 9823.310547
1.754667 9795.459961
1.760000 9716.968750
1.765333 9665.721680
1.770667 9655.854492
1.776000 9601.325195
1.781333 9453.536133
1.786667 9335.398438
1.792000 9357.122070
1.797333 9445.166992
1.802667 296.205719
1.808000 295.297363
1.813333 235.904007
1.818667 255.610718
1.824000 256.705170
1.829333 128.360046
1.834667 128.223312
1.840000 124.232788
1.845333 124.312233
1.850667 124.169815
1.856000 130.846771
1.861333 130.812073
1.866667 130.812897
1.872000 130.818924
1.877333 130.815994
1.882667 130.826706
1.888000 130.856262
1.893333 130.882690
1.898667 130.902298
1.904000 130.906021
1.909333 130.890610
1.914667 130.863846
1.920000 130.857101
1.925333 130.880234
1.930667 130.921677
1.936000 131.006424
1.941333 117.264183
1.946667 266.260223
1.952000 266.903900
1.957333 250.562500
1.962667 233.766098
1.968000 234.142563
1.973333 234.328247
1.978667 234.629074
1.984000 234.984390
1.989333 234.800735
1.994667 234.080215
2.000000 233.182419
2.005333 232.043839
2.010667 230.438766
2.016000 228.725418
2.021333 227.398453
2.026667 226.396210
2.032000 225.446243
2.037333 224.533417
2.042667 223.792969
2.048000 223.026703
2.053333 222.249619
2.058667 221.431030
2.064000 220.465408
2.069333 219.889877
2.074667 219.732285
2.080000 1110.295410
2.085333 1107.808350
2.090667 1108.451782
2.096000 1113.917358
2.101333 0.000000
2.106667 506.740540
2.112000 504.188599
2.117333 197.663940
2.122667 197.474762
2.128000 294.175293
2.133333 293.988800
2.138667 1134.945801
2.144000 120.037537
2.149333 0.000000
2.154667 1089.985107
2.160000 224.419754
2.165333 1088.182739
2.170667 224.319138
2.176000 224.004791
2.181333 115.359383
2.186667 115.803749
2.192000 116.092117
2.197333 215.251083
2.202667 116.083870
2.208000 116.034439
2.213333 248.494232
2.218667 233.839645
2.224000 229.600357
2.229333 228.416580
2.234667 116.045433
2.240000 116.076553
2.245333 116.136101
2.250667 116.246956
2.256000 249.680496
2.261333 249.504959
2.266667 249.585251
2.272000 250.300644
2.277333 251.395340
2.282667 251.700348
2.288000 251.277557
2.293333 250.689163
2.298667 216.535522
2.304000 213.921951
2.309333 211.807617
2.314667 210.674500
2.320000 210.349518
2.325333 210.172440
2.330667 210.003723
2.336000 210.081696
2.341333 210.460815
2.346667 268.665466
2.352000 240.204575
2.357333 240.157669
2.362667 239.956863
2.368000 119.740456
2.373333 119.627869
2.378667 119.573608
2.384000 119.696060
2.389333 119.891251
2.394667 118.907280
2.400000 118.583542
2.405333 130.817062
2.410667 130.907257
2.416000 136.559082
2.421333 136.576065
2.426667 130.704712
2.432000 130.432648
2.437333 130.125931
2.442667 129.819839
2.448000 5452.532715
2.453333 5377.945801
2.458667 145.454239
2.464000 144.979965
2.469333 1147.549805
2.474667 1161.049194
2.480000 1165.452148
2.485333 1175.486572
2.490667 1200.587891
2.496000 97.705284
2.501333 97.822021
2.506667 97.834084
2.512000 97.805870
2.517333 97.753014
2.522667 245.621170
2.528000 247.608826
2.533333 248.088715
2.538667 247.713806
2.544000 246.956848
2.549333 246.018845
2.554667 233.571869
2.560000 233.923752
2.565333 234.305573
2.570667 234.301849
2.576000 238.532455
2.581333 237.706192
2.586667 237.083267
2.592000 236.424606
2.597333 229.956711
2.602667 225.109818
2.608000 222.573715
2.613333 218.235046
2.618667 217.129578
2.624000 216.325256
2.629333 215.446899
2.634667 213.619904
2.640000 211.156891
2.645333 217.680847
2.650667 228.424988
2.656000 228.034836
2.661333 227.874985
2.666667 228.063721
2.672000 228.592087
2.677333 229.351105
2.682667 230.373795
2.688000 231.242538
2.693333 231.633163
2.698667 231.795105
2.704000 231.944870
2.709333 232.021255
2.714667 231.878052
2.720000 231.469009
2.725333 230.869568
2.730667 230.062180
2.736000 228.746368
2.741333 226.413376
2.746667 223.311798
2.752000 222.181198
2.757333 221.972977
2.762667 222.324066
2.768000 223.576584
2.773333 2810.661133
2.778667 228.399200
2.784000 229.604248
2.789333 230.754654
2.794667 231.341156
2.800000 231.314041
2.805333 230.700302
2.810667 212.573227
2.816000 209.327621
2.821333 201.837341
2.826667 201.240646
2.832000 200.671432
2.837333 198.230698
2.842667 195.902145
2.848000 189.403595
2.853333 189.371078
2.858667 189.258087
2.864000 189.303680
2.869333 197.616119
2.874667 6770.015137
2.880000 13853.796875
2.885333 229.556107
2.890667 229.399841
2.896000 235.374191
2.901333 234.551270
2.906667 234.344788
2.912000 234.064789
2.917333 233.537125
2.922667 232.584641
2.928000 231.311188
2.933333 230.434341
2.938667 230.070541
2.944000 229.832809
2.949333 229.639542
2.954667 229.528412
2.960000 229.318192
2.965333 228.914993
2.970667 231.116684
2.976000 241.395981
2.981333 243.607788
2.986667 245.151260
2.992000 247.807037
2.997333 250.819199
3.002667 252.969330
3.008000 255.156708
3.013333 258.195190
3.018667 261.119812
3.024000 262.439514
3.029333 263.049591
3.034667 263.469513
3.040000 264.005127
3.045333 264.457062
3.050667 264.014709
3.056000 262.761444
3.061333 263.218506
3.066667 272.523438
3.072000 129.212509
3.077333 129.013931
3.082667 92.547470
3.088000 93.306656
3.093333 93.957123
3.098667 91.836182
3.104000 90.041420
3.109333 88.987114
3.114667 286.988892
3.120000 95.531929
3.125333 97.252045
3.130667 97.054054
3.136000 95.793541
3.141333 95.983612
3.146667 201.424942
3.152000 202.142426
3.157333 202.313904
3.162667 202.005112
3.168000 193.492889
3.173333 188.503983
3.178667 179.856689
3.184000 178.647095
3.189333 173.269501
3.194667 172.810883
3.200000 172.186249
3.205333 169.459641
3.210667 169.079849
3.216000 168.962936
3.221333 624.488464
3.226667 622.815369
3.232000 163.025482
3.237333 162.919678
3.242667 162.717728
3.248000 162.477707
3.253333 162.331665
3.258667 162.298401
3.264000 166.306976
3.269333 173.886734
3.274667 173.948761
3.280000 181.975937
3.285333 201.183838
3.290667 209.472977
3.296000 209.867676
3.301333 209.971848
3.306667 209.921631
3.312000 210.435867
3.317333 225.336182
3.322667 224.741196
3.328000 223.928970
3.333333 222.971466
3.338667 222.009949
3.344000 220.025040
3.349333 216.424088
3.354667 212.454147
3.360000 209.128769
3.365333 206.061249
3.370667 203.182510
3.376000 200.492340
3.381333 198.478317
3.386667 197.259171
3.392000 199.477325
3.397333 226.490845
3.402667 231.417160
3.408000 233.866898
3.413333 236.288528
3.418667 239.213287
3.424000 241.208954
3.429333 240.315704
3.434667 239.549515
3.440000 241.760651
3.445333 243.094894
3.450667 243.681015
3.456000 243.981094
3.461333 244.180389
3.466667 244.176437
3.472000 243.483673
3.477333 241.121826
3.482667 238.860519
3.488000 238.323486
3.493333 238.026337
3.498667 236.723007
3.504000 234.504715
3.509333 232.959000
3.514667 231.925583
3.520000 230.578751
3.525333 228.594727
3.530667 226.591095
3.536000 225.113800
3.541333 225.634460
3.546667 228.677246
3.552000 236.686386
3.557333 242.432983
3.562667 247.160416
3.568000 252.165741
3.573333 253.829742
3.578667 246.180283
3.584000 247.047607
3.589333 247.990524
3.594667 248.820923
3.600000 248.542740
3.605333 246.787460
3.610667 245.512833
3.616000 246.080353
3.621333 246.070938
3.626667 244.767746
3.632000 243.542175
3.637333 244.114578
3.642667 247.464874
3.648000 252.662933
3.653333 256.228851
3.658667 258.934692
3.664000 262.060760
3.669333 265.124298
3.674667 268.493988
3.680000 276.529175
3.685333 282.064850
3.690667 283.528137
3.696000 292.276825
3.701333 293.898682
3.706667 293.100494
3.712000 292.924316
3.717333 145.033386
3.722667 231.145035
3.728000 168.037888
3.733333 170.515320
3.738667 169.754105
3.744000 169.407852
3.749333 169.289871
3.754667 171.512268
3.760000 171.751831
3.765333 168.005814
3.770667 168.335449
3.776000 163.739594
3.781333 314.612701
3.786667 314.715912
3.792000 314.408752
3.797333 313.539307
3.802667 293.357941
3.808000 274.202881
3.813333 272.622009
3.818667 264.157837
3.824000 257.169159
3.829333 235.528549
3.834667 236.008621
3.840000 236.287918
3.845333 209.326920
3.850667 209.123657
3.856000 198.878433
3.861333 198.767838
3.866667 198.606445
3.872000 247.293350
3.877333 247.825256
3.882667 248.839066
3.888000 253.052521
3.893333 170.892990
3.898667 169.776611
3.904000 135.375748
3.909333 92.408241
3.914667 92.422508
3.920000 91.180870
3.925333 175.017044
3.930667 392.378448
3.936000 387.718353
3.941333 200.896942
3.946667 201.942413
3.952000 203.569656
3.957333 217.785233
3.962667 232.430298
3.968000 190.423248
3.973333 190.849838
3.978667 191.719406
3.984000 203.845093
3.989333 180.104141
3.994667 179.368530
4.000000 180.148575
4.005333 182.234085
4.010667 187.663986
4.016000 191.333694
4.021333 194.312698
4.026667 194.725830
4.032000 194.394150
4.037333 194.342987
4.042666 194.886703
4.048000 195.597900
4.053333 196.238174
4.058667 197.594070
4.064000 199.537979
4.069334 201.453751
4.074667 202.375519
4.080000 202.901489
4.085333 203.468079
4.090667 613.238525
4.096000 615.487244
4.101333 617.807251
4.106667 620.032410
4.112000 622.126038
4.117333 624.259277
4.122667 625.973206
4.128000 627.055420
4.133333 628.417786
4.138667 630.662598
4.144000 632.741577
4.149333 633.591187
4.154667 316.577881
4.160000 317.076660
4.165333 317.718201
4.170667 318.420685
4.176000 319.126160
4.181334 319.820374
4.186666 320.438568
4.192000 321.024841
4.197333 213.001678
4.202667 213.580170
4.208000 214.161789
4.213333 214.739868
4.218667 215.316315
4.224000 215.846191
4.229333 161.516251
4.234667 161.791611
4.240000 640.737305
4.245333 640.660156
4.250667 640.464844
4.256000 641.123718
4.261333 643.013794
4.266667 645.432556
4.272000 647.620789
4.277333 649.419373
4.282667 650.961487
4.288000 652.318726
4.293334 653.371826
4.298666 654.209229
4.304000 655.365417
4.309333 656.936829
4.314667 658.453247
4.320000 659.715698
4.325333 660.836914
4.330667 661.842651
4.336000 662.504089
4.341333 330.733032
4.346667 331.341278
4.352000 665.521667
4.357333 666.925293
4.362667 668.205566
4.368000 669.379028
4.373333 670.374451
4.378667 671.619995
4.384000 673.780396
4.389333 677.171692
4.394667 681.320740
4.400000 685.517456
4.405334 689.304993
4.410666 692.527527
4.416000 694.097046
4.421333 349.329620
4.426667 353.460297
4.432000 356.415771
4.437333 355.355438
4.442667 347.723328
4.448000 341.386444
4.453333 339.632996
4.458667 1009.197021
4.464000 997.493774
4.469333 243.715775
4.474667 233.128189
4.480000 195.018021
4.485333 193.705063
4.490667 193.338974
4.496000 194.818893
4.501333 197.410797
4.506667 94.518517
4.512000 94.848503
4.517334 96.108414
4.522666 97.917473
4.528000 98.785683
4.533333 135.224838
4.538667 133.734985
4.544000 132.723953
4.549333 131.110001
4.554667 96.325111
4.560000 119.291351
4.565333 119.265083
4.570667 95.420029
4.576000 94.015747
4.581333 93.840065
4.586667 93.597382
4.592000 777.396790
4.597333 95.721428
4.602667 95.747276
4.608000 117.834015
4.613333 117.333961
4.618667 145.332169
4.624000 145.689133
4.629333 146.391998
4.634666 148.788208
4.640000 309.233948
4.645333 172.335236
4.650667 172.816864
4.656000 85.821190
4.661334 345.975861
4.666667 388.023956
4.672000 87.566696
4.677333 87.830574
4.682667 88.084274
4.688000 89.358421
4.693333 123.239288
4.698667 123.446129
4.704000 123.815964
4.709333 123.873230
4.714667 122.915916
4.720000 121.520378
4.725333 106.877945
4.730667 0.000000
4.736000 0.000000
4.741333 0.000000
4.746666 0.000000
4.752000 77.518051
4.757333 77.567162
4.762667 77.574806
4.768000 66.614113
4.773334 60.273460
4.778666 64.065079
4.784000 64.990807
4.789333 63.878044
4.794667 63.828850
4.800000 68.253181
4.805333 68.318924
4.810667 59.549717
4.816000 68.935234
4.821333 69.024750
4.826667 69.088799
4.832000 65.038475
4.837333 65.145866
4.842667 65.189667
4.848000 90.900688
4.853333 90.819672
4.858667 90.707939
4.864000 90.621704
4.869333 90.599945
4.874667 135.969177
4.880000 0.000000
4.885334 98.295593
4.890666 57.202312
4.896000 804.834106
4.901333 806.612488
4.906667 281.562836
4.912000 285.986664
4.917333 288.846985
4.922667 289.590271
4.928000 289.425507
4.933333 98.233643
4.938667 98.322746
4.944000 98.201439
4.949333 832.065735
4.954667 842.452026
4.960000 849.598389
4.965333 290.053223
4.970667 56.981846
4.976000 289.789734
4.981333 288.126526
4.986667 286.436737
4.992000 285.540131
4.997334 285.865204
5.002666 288.305450
5.008000 290.110657
5.013333 290.168121
5.018667 288.739075
5.024000 287.734100
5.029333 288.809082
5.034667 289.581757
5.040000 290.020599
5.045333 291.674316
5.050667 296.819427
5.056000 299.467072
5.061333 301.714478
5.066667 852.833313
5.072000 845.961426
5.077333 840.033020
5.082667 835.396790
5.088000 832.946045
5.093333 305.804626
5.098667 305.529999
5.104000 304.164124
5.109334 302.523438
5.114666 301.676514
5.120000 301.459595
5.125333 315.622101
5.130667 315.157928
5.136000 292.440887
5.141333 292.418488
5.146667 292.585327
5.152000 292.843689
5.157333 291.700378
5.162667 290.701752
5.168000 290.383759
5.173333 289.957611
5.178667 288.935181
5.184000 286.625122
5.189333 284.574432
5.194667 283.495270
5.200000 282.495941
5.205333 774.184753
5.210667 774.558228
5.216000 775.678711
5.221334 777.504517
5.226666 780.033569
5.232000 784.620972
5.237333 788.502441
5.242667 791.100403
5.248000 392.380035
5.253334 3601.297852
5.258667 880.155396
5.264000 0.000000
5.269333 0.000000
5.274667 0.000000
5.280000 0.000000
5.285333 0.000000
5.290667 329.599670
5.296000 294.626190
5.301333 197.758926
5.306667 197.661026
5.312000 294.279175
5.317333 293.789398
5.322667 293.036835
5.328000 120.163734
5.333333 0.000000
5.338666 132.377121
5.344000 1096.324951
5.349333 157.281967
5.354667 157.241821
5.360000 393.841827
5.365334 0.000000
5.370667 0.000000
5.376000 255.583267
5.381333 256.852020
5.386667 257.665527
5.392000 268.139587
5.397333 266.800629
5.402667 825.782776
5.408000 812.958069
5.413333 800.768982
5.418667 798.829102
5.424000 801.821350
5.429333 800.952881
5.434667 797.369690
5.440000 794.149475
5.445333 793.723450
5.450667 794.305725
5.456000 794.269836
5.461333 794.517090
5.466667 795.364441
5.472000 795.945679
5.477334 796.514038
5.482666 797.281860
5.488000 797.423157
5.493333 796.610962
5.498667 795.640503
5.504000 794.189514
5.509333 793.253113
5.514667 793.645508
5.520000 793.687134
5.525333 0.000000
5.530667 0.000000
5.536000 0.000000
5.541333 0.000000
5.546667 0.000000
5.552000 78.453186
5.557333 73.737831
5.562667 64.624580
5.568000 64.594193
5.573333 66.073517
5.578667 67.156288
5.584000 67.085846
5.589334 66.128006
5.594666 66.184845
5.600000 66.232224
5.605333 66.235847
5.610667 62.337631
5.616000 66.431168
5.621333 66.890686
5.626667 62.772358
5.632000 66.204506
5.637333 66.864685
5.642667 72.718430
5.648000 5257.983398
5.653333 5303.000488
5.658667 5173.820312
5.664000 0.000000
5.669333 0.000000
5.674667 0.000000
5.680000 0.000000
5.685333 0.000000
5.690667 299.140564
5.696000 292.096924
5.701334 5424.314941
5.706666 5542.241699
5.712000 5693.128906
5.717333 5786.035156
5.722667 5820.180176
5.728000 5860.710449
5.733333 5922.340820
5.738667 5953.094238
5.744000 5920.840332
5.749333 5865.492676
5.754667 5842.830566
5.760000 5857.910645
5.765333 437.192871
5.770667 867.335999
5.776000 863.709045
5.781333 857.328430
5.786667 855.349976
5.792000 4035.943359
5.797333 0.000000
5.802667 0.000000
5.808000 0.000000
5.813334 0.000000
5.818666 251.056671
5.824000 253.246506
5.829333 254.730469
5.834667 255.687134
5.840000 256.294128
5.845333 256.985474
5.850667 259.948761
5.856000 262.136047
5.861333 263.024933
5.866667 263.951416
5.872000 265.088837
5.877333 133.064285
5.882667 133.218430
5.888000 133.265793
5.893333 133.160141
5.898667 265.700500
5.904000 265.067444
5.909333 264.539215
5.914667 264.077728
5.920000 263.781036
5.925333 263.794098
5.930666 264.067291
5.936000 264.322754
5.941333 264.470581
5.946667 266.448761
5.952000 270.438660
5.957334 271.307068
5.962667 272.133392
5.968000 273.811584
5.973333 276.095734
5.978667 279.496979
5.984000 282.166229
5.989333 284.730377
5.994667 288.352264
6.000000 291.145538
6.005333 293.144501
6.010667 294.853424
6.016000 296.126404
6.021333 297.142426
6.026667 297.841095
6.032000 298.120361
6.037333 298.321228
6.042666 298.473999
6.048000 298.001892
6.053333 296.449982
6.058667 295.034973
6.064000 294.351959
6.069334 294.047119
6.074667 293.718231
6.080000 293.180481
6.085333 292.778748
6.090667 292.694916
6.096000 292.769562
6.101333 293.172791
6.106667 295.750122
6.112000 298.304413
6.117333 299.586395
6.122667 300.631470
6.128000 301.414185
6.133333 301.909424
6.138667 302.326202
6.144000 302.650757
6.149333 302.668427
6.154667 302.332275
6.160000 301.666168
6.165333 294.128876
6.170667 293.009216
6.176000 292.226410
6.181334 291.482239
6.186666 291.051727
6.192000 291.252136
6.197333 292.088867
6.202667 292.875488
6.208000 292.703339
6.213333 292.071533
6.218667 291.821777
6.224000 292.079071
6.229333 292.322418
6.234667 301.203003
6.240000 297.779083
6.245333 295.779510
6.250667 294.153900
6.256000 293.529816
6.261333 294.006073
6.266667 294.232758
6.272000 293.902527
6.277333 293.655853
6.282667 882.170654
6.288000 882.159668
6.293334 881.210083
6.298666 881.056946
6.304000 882.187439
6.309333 882.772644
6.314667 882.715149
6.320000 440.829285
6.325333 0.000000
6.330667 0.000000
6.336000 0.000000
6.341333 0.000000
6.346667 0.000000
6.352000 0.000000
6.357333 0.000000
6.362667 197.993576
6.368000 197.951630
6.373333 180.833984
6.378667 294.144958
6.384000 293.442352
6.389333 1115.492188
6.394667 0.000000
6.400000 1285.881226
6.405334 225.154541
6.410666 1096.386841
6.416000 1092.011108
6.421333 195.232315
6.426667 195.454849
6.432000 261.833893
6.437333 261.049255
6.442667 260.437500
6.448000 270.948090
6.453333 270.753632
6.458667 269.896545
6.464000 266.999329
6.469333 263.888336
6.474667 262.816162
6.480000 262.616547
6.485333 395.857025
6.490667 395.712341
6.496000 808.415466
6.501333 801.539673
6.506667 797.515320
6.512000 796.877319
6.517334 796.841248
6.522666 795.848877
6.528000 794.203186
6.533333 793.516174
6.538667 793.585449
6.544000 792.706482
6.549333 790.290771
6.554667 788.243652
6.560000 788.403320
6.565333 789.749023
6.570667 788.804932
6.576000 785.133606
6.581333 782.446777
6.586667 782.316406
6.592000 786.006653
6.597333 799.980469
6.602667 825.697754
6.608000 839.107361
6.613333 103.526276
6.618667 104.221313
6.624000 105.443558
6.629333 95.201263
6.634666 95.588669
6.640000 95.794212
6.645333 880.333313
6.650667 884.249023
6.656000 890.205261
6.661334 97.766945
6.666667 97.795479
6.672000 97.823853
6.677333 97.857376
6.682667 97.878159
6.688000 97.893120
6.693333 97.911705
6.698667 97.930794
6.704000 97.943710
6.709333 97.950027
6.714667 97.954559
6.720000 0.000000
6.725333 0.000000
6.730667 0.000000
6.736000 0.000000
6.741333 0.000000
6.746666 73.410233
6.752000 73.425072
6.757333 73.421288
6.762667 73.423615
6.768000 73.421928
6.773334 73.419037
6.778666 73.418663
6.784000 73.418587
6.789333 73.419525
6.794667 73.413239
6.800000 73.396225
6.805333 73.391022
6.810667 73.393738
6.816000 73.396240
6.821333 73.403358
6.826667 88.137138
6.832000 88.197067
6.837333 893.791443
6.842667 884.638306
6.848000 882.561462
6.853333 218.496002
6.858667 0.000000
6.864000 0.000000
6.869333 0.000000
6.874667 0.000000
6.880000 74.812775
6.885334 69.119598
6.890666 67.936333
6.896000 62.284042
6.901333 66.426918
6.906667 65.452049
6.912000 64.404961
6.917333 777.654297
6.922667 65.558655
6.928000 63.097897
6.933333 69.778107
6.938667 69.736641
6.944000 67.161407
6.949333 67.135208
6.954667 67.103271
6.960000 66.081657
6.965333 65.780525
6.970667 65.573242
6.976000 65.160912
6.981333 261.632324
6.986667 262.301208
6.992000 264.950592
6.997334 267.044128
7.002666 267.205078
7.008000 266.989563
7.013333 279.688293
7.018667 280.533112
7.024000 295.016937
7.029333 297.227722
7.034667 299.082550
7.040000 300.702545
7.045333 301.404999
7.050667 301.462585
7.056000 301.356171
7.061333 301.176239
7.066667 300.727875
7.072000 300.094788
7.077333 299.394867
7.082667 298.479736
7.088000 297.345978
7.093333 296.359955
7.098667 295.489258
7.104000 294.211792
7.109334 292.923431
7.114666 291.812561
7.120000 290.409332
7.125333 194.542236
7.130667 194.649704
7.136000 264.919922
7.141333 263.953064
7.146667 790.929077
7.152000 263.217224
7.157333 265.071533
7.162667 268.695801
7.168000 273.009277
7.173333 276.191437
7.178667 281.801758
7.184000 293.398376
7.189333 296.849182
7.194667 298.119965
7.200000 298.243591
7.205333 297.414246
7.210667 293.908325
7.216000 292.973877
7.221334 299.531372
7.226666 299.241119
7.232000 298.488861
7.237333 293.977234
7.242667 290.539978
7.248000 290.777405
7.253334 290.603088
7.258667 0.000000
7.264000 0.000000
7.269333 0.000000
7.274667 0.000000
7.280000 175.114029
7.285333 885.699463
7.290667 876.879883
7.296000 876.514038
7.301333 876.646118
7.306667 876.958984
7.312000 877.240479
7.317333 877.395691
7.322667 877.583008
7.328000 877.783752
7.333333 878.035400
7.338666 878.396545
7.344000 878.857300
7.349333 879.089722
7.354667 879.102295
7.360000 879.220459
7.365334 879.638611
7.370667 880.152283
7.376000 880.371887
7.381333 441.378265
7.386667 476.447968
7.392000 1419.363892
7.397333 1419.388062
7.402667 0.000000
7.408000 0.000000
7.413333 328.563721
7.418667 328.435425
7.424000 197.722244
7.429333 197.652435
7.434667 294.590210
7.440000 293.349762
7.445333 292.449097
7.450667 133.954926
7.456000 133.761032
7.461333 132.487411
7.466667 841.427185
7.472000 841.290039
7.477334 840.295776
7.482666 264.959686
7.488000 263.999420
7.493333 277.090790
7.498667 276.412201
7.504000 275.335205
7.509333 274.335693
7.514667 273.427155
7.520000 272.725433
7.525333 271.066132
7.530667 270.089691
7.536000 270.971863
7.541333 285.950348
7.546667 289.542419
7.552000 290.497314
7.557333 291.465149
7.562667 293.836853
7.568000 295.559784
7.573333 294.868500
7.578667 293.923645
7.584000 294.160828
7.589334 295.239532
7.594666 295.621246
7.600000 294.820984
7.605333 293.187805
7.610667 292.157349
7.616000 291.407471
7.621333 290.599274
7.626667 289.803162
7.632000 289.505676
7.637333 290.298126
7.642667 291.014099
7.648000 291.345917
7.653333 145.837173
7.658667 146.322220
7.664000 144.594376
7.669333 0.000000
7.674667 77.695671
7.680000 69.730309
7.685333 67.573219
7.690667 63.482967
7.696000 64.764610
7.701334 65.066887
7.706666 61.522392
7.712000 61.548843
7.717333 61.634209
7.722667 61.787846
7.728000 61.785931
7.733333 61.738865
7.738667 62.519283
7.744000 62.605949
7.749333 62.581726
7.754667 62.572952
7.760000 66.616600
7.765333 66.703308
7.770667 97.902626
7.776000 97.942017
7.781333 97.960045
7.786667 97.991562
7.792000 0.000000
7.797333 0.000000
7.802667 0.000000
7.808000 292.206909
7.813334 292.656860
7.818666 293.060699
7.824000 292.961761
7.829333 292.721069
7.834667 293.116364
7.840000 292.804810
7.845333 291.775146
7.850667 291.651611
7.856000 877.979126
7.861333 878.139099
7.866667 878.117188
7.872000 877.983948
7.877333 877.986328
7.882667 877.924683
7.888000 878.043884
7.893333 878.780518
7.898667 879.475098
7.904000 867.738464
7.909333 299.584167
7.914667 3710.173828
7.920000 3768.628662
7.925333 0.000000
7.930666 0.000000
7.936000 0.000000
7.941333 0.000000
7.946667 126.200256
7.952000 126.503288
7.957334 259.507568
7.962667 261.038849
7.968000 286.052887
7.973333 266.872559
7.978667 268.049866
7.984000 267.757568
7.989333 266.782410
7.994667 266.153503
8.000000 290.581177
8.005333 289.299164
8.010667 287.272339
8.016000 285.915161
8.021334 286.281433
8.026667 1025.248413
8.032000 1019.162292
8.037333 1008.687378
8.042666 999.114136
8.048000 996.737061
8.053333 999.738098
8.058666 996.421936
8.064000 307.744507
8.069333 307.792419
8.074667 305.490021
8.080000 302.913940
8.085333 302.601868
8.090667 301.697876
8.096000 300.421539
8.101334 299.769684
8.106667 299.690155
8.112000 299.601166
8.117333 299.016083
8.122666 298.059357
8.128000 297.260803
8.133333 296.800018
8.138667 296.479309
8.144000 296.148773
8.149333 295.808380
8.154667 295.409973
8.160000 294.897156
8.165334 294.854248
8.170667 295.536804
8.176000 296.785553
8.181334 189.763077
8.186666 154.163986
8.192000 0.000000
8.197333 0.000000
8.202666 84.350487
8.208000 76.153389
8.213333 69.389381
8.218667 64.670906
8.224000 63.472057
8.229333 67.290131
8.234667 67.354866
8.240000 63.960072
8.245334 63.936413
8.250667 68.570206
8.256000 64.147598
8.261333 64.225021
8.266666 63.586040
8.272000 67.233917
8.277333 63.617153
8.282666 66.022102
8.288000 66.326439
8.293333 66.358383
8.298667 838.527954
8.304000 835.181335
8.309334 263.974518
8.314667 262.842194
8.320000 261.729736
8.325334 0.000000
8.330667 0.000000
8.336000 0.000000
8.341333 290.868835
8.346666 273.132446
8.352000 271.162933
8.357333 269.586731
8.362667 270.112854
8.368000 270.541748
8.373333 270.551453
8.378667 270.639130
8.384000 270.505676
8.389334 269.835083
8.394667 269.332214
8.400000 269.288208
8.405334 269.517761
8.410666 270.078735
8.416000 270.615875
8.421333 270.439331
8.426666 270.042450
8.432000 270.419220
8.437333 271.511078
8.442667 272.469696
8.448000 287.624451
8.453333 284.238647
8.458667 1109.206055
8.464000 1106.618286
8.469334 1107.488403
8.474667 0.000000
8.480000 328.885803
8.485333 271.736023
8.490666 197.834412
8.496000 294.740814
8.501333 294.344757
8.506667 293.897522
8.512000 1137.838623
8.517333 1125.232544
8.522667 1115.980713
8.528000 1102.720093
8.533334 1091.810791
8.538667 844.700012
8.544000 0.000000
8.549334 0.000000
8.554667 261.791077
8.560000 389.540985
8.565333 159.111923
8.570666 159.011871
8.576000 199.627762
8.581333 195.089951
8.586667 0.000000
8.592000 0.000000
8.597333 0.000000
8.602667 72.439537
8.608000 71.401115
8.613334 65.936325
8.618667 65.872421
8.624000 65.839111
8.629333 65.848000
8.634666 65.845963
8.640000 65.591652
8.645333 65.577141
8.650666 65.579811
8.656000 65.609932
8.661333 65.335625
8.666667 65.322273
8.672000 66.252892
8.677333 66.605934
8.682667 66.551620
8.688000 66.504204
8.693334 66.410530
8.698667 11621.351562
8.704000 11503.721680
8.709333 1561.907959
8.714666 0.000000
8.720000 0.000000
8.725333 0.000000
8.730667 0.000000
8.736000 97.795731
8.741333 97.738480
8.746667 97.804062
8.752000 97.891869
8.757334 97.963684
8.762667 158.549744
8.768000 158.560074
8.773334 158.651123
8.778666 159.570496
8.784000 211.730713
8.789333 212.126526
8.794666 212.523254
8.800000 212.454132
8.805333 211.674637
8.810667 160.636902
8.816000 160.097656
8.821333 159.474747
8.826667 158.939758
8.832000 158.220444
8.837334 157.107742
8.842667 156.416702
8.848000 315.271179
8.853333 314.673157
8.858666 313.868835
8.864000 312.798462
8.869333 77.396378
8.874666 77.481697
8.880000 77.561813
8.885333 77.609795
8.890667 77.570824
8.896000 154.285492
8.901334 154.306229
8.906667 154.239029
8.912000 77.139534
8.917334 78.590561
8.922667 826.494812
8.928000 821.506287
8.933333 78.720367
8.938666 77.356659
8.944000 77.440857
8.949333 77.876236
8.954667 78.019356
8.960000 127.585846
8.965333 127.666611
8.970667 127.731369
8.976000 66.800659
8.981334 3896.751221
8.986667 3821.461914
8.992000 0.000000
8.997334 0.000000
9.002666 87.446228
9.008000 74.490791
9.013333 73.661171
9.018666 0.000000
9.024000 47.243797
9.029333 46.875000
9.034667 66.520714
9.040000 66.549965
9.045333 66.576653
9.050667 66.654518
9.056000 72.385292
9.061334 72.205688
9.066667 72.002953
9.072000 65.455788
9.077333 46.936974
9.082666 46.959229
9.088000 66.562592
9.093333 66.518295
9.098666 71.943146
9.104000 65.460915
9.109333 65.439568
9.114667 71.730362
9.120000 72.246193
9.125334 72.315575
9.130667 79.813553
9.136000 86.911613
9.141334 78.226120
9.146667 78.391129
9.152000 78.542847
9.157333 78.556053
9.162666 71.775490
9.168000 71.760323
9.173333 71.739861
9.178667 71.754639
9.184000 77.444275
9.189333 77.430367
9.194667 86.805756
9.200000 86.807083
9.205334 86.861687
9.210667 86.871429
9.216000 86.819649
9.221334 86.762024
9.226666 86.714767
9.232000 86.688377
9.237333 86.767815
9.242666 86.774300
9.248000 86.749123
9.253333 86.785858
9.258667 86.873756
9.264000 86.917030
9.269333 86.854065
9.274667 86.821930
9.280000 86.826912
9.285334 86.747643
9.290667 541.815674
9.296000 539.313904
9.301333 527.133789
9.306666 526.689392
9.312000 526.458252
9.317333 525.638367
9.322667 524.395996
9.328000 1042.160400
9.333333 1038.913330
9.338667 519.695435
9.344000 517.952087
9.349334 516.643066
9.354667 516.269043
9.360000 520.085327
9.365334 501.940155
9.370667 500.454651
9.376000 516.931580
9.381333 518.006287
9.386666 518.482605
9.392000 0.000000
9.397333 74.441612
9.402667 515.522034
9.408000 516.048889
9.413333 518.054871
9.418667 521.035217
9.424000 523.200623
9.429334 524.974426
9.434667 526.661072
9.440000 528.614807
9.445333 530.243164
9.450666 527.805176
9.456000 524.377075
9.461333 524.726318
9.466666 526.677429
9.472000 528.471924
9.477333 528.732910
9.482667 527.316711
9.488000 524.530762
9.493333 522.460144
9.498667 521.074463
9.504000 519.693909
9.509334 86.825066
9.514667 0.000000
9.520000 0.000000
9.525333 0.000000
9.530666 0.000000
9.536000 329.010468
9.541333 164.307281
9.546667 0.000000
9.552000 0.000000
9.557333 295.148956
9.562667 294.772552
9.568000 294.194580
9.573334 120.249130
9.578667 0.000000
9.584000 0.000000
9.589334 1087.977051
9.594666 0.000000
9.600000 0.000000
9.605333 349.431488
9.610666 287.653748
9.616000 289.235809
9.621333 309.608673
9.626667 309.453278
9.632000 288.953430
9.637333 290.353241
9.642667 291.174011
9.648000 291.721710
9.653334 293.400665
9.658667 293.877686
9.664000 293.281189
9.669333 292.601654
9.674666 291.935760
9.680000 291.294373
9.685333 1186.487549
9.690666 1175.572998
9.696000 1173.458252
9.701333 1173.772461
9.706667 1173.507324
9.712000 1172.492065
9.717334 1172.459595
9.722667 1174.553467
9.728000 1177.049805
9.733334 1177.709961
9.738667 1176.999878
9.744000 1176.549561
9.749333 1176.913574
9.754666 1177.252686
9.760000 1176.964844
9.765333 1176.471191
9.770667 1198.695923
9.776000 194.523972
9.781333 166.022507
9.786667 148.499878
9.792000 0.000000
9.797334 68.184250
9.802667 68.273338
9.808000 68.650108
9.813334 65.457977
9.818666 65.413712
9.824000 65.463120
9.829333 65.468109
9.834666 65.448708
9.840000 65.419609
9.845333 65.391182
9.850667 65.387474
9.856000 65.403191
9.861333 65.399734
9.866667 65.394203
9.872000 65.384933
9.877334 65.368477
9.882667 65.370354
9.888000 68.773582
9.893333 1282.845337
9.898666 1257.003174
9.904000 1231.139771
9.909333 625.877563
9.914667 0.000000
9.920000 0.000000
9.925333 0.000000
9.930667 614.011047
9.936000 610.722595
9.941334 609.928223
9.946667 611.249573
9.952000 614.022339
9.957334 613.664001
9.962667 615.348511
9.968000 310.750092
9.973333 310.769745
9.978666 1245.736450
9.984000 1243.173584
9.989333 1243.516724
9.994667 1244.458008
10.000000 1245.350220
10.005333 1245.941406
10.010667 1245.990601
10.016000 1245.704712
10.021334 1245.168457
10.026667 1244.883301
10.032000 1245.864136
10.037333 621.888794
10.042666 0.000000
10.048000 0.000000
10.053333 0.000000
10.058666 0.000000
10.064000 303.337372
10.069333 299.830811
10.074667 298.208008
10.080000 296.317169
10.085333 296.810089
10.090667 298.312439
10.096000 300.049805
10.101334 302.527283
10.106667 304.073975
10.112000 305.012634
10.117333 306.778046
10.122666 308.306915
10.128000 309.120758
10.133333 309.282654
10.138667 309.203766
10.144000 309.367340
10.149333 309.475128
10.154667 309.208740
10.160000 308.764740
10.165334 308.659821
10.170667 308.817596
10.176000 308.876404
10.181334 308.916870
10.186666 309.207520
10.192000 309.312836
10.197333 611.922241
10.202666 306.024811
10.208000 304.097382
10.213333 303.741211
10.218667 303.909241
10.224000 305.004974
10.229333 306.299133
10.234667 307.321320
10.240000 307.952545
10.245334 308.183136
10.250667 308.424164
10.256000 309.078156
10.261333 309.459686
10.266666 309.382996
10.272000 309.569275
10.277333 310.385254
10.282666 311.256805
10.288000 311.616394
10.293333 311.233521
10.298667 310.572510
10.304000 310.361084
10.309334 310.405365
10.314667 309.867737
10.320000 308.747925
10.325334 154.054733
10.330667 123.599831
10.336000 123.464340
10.341333 130.809799
10.346666 130.808899
10.352000 130.819550
10.357333 130.853531
10.362667 150.701263
10.368000 150.588501
10.373333 150.383072
10.378667 150.269196
10.384000 156.616989
10.389334 156.751480
10.394667 156.777283
10.400000 156.795853
10.405334 148.985229
10.410666 149.142639
10.416000 149.543671
10.421333 149.668839
10.426666 155.447525
10.432000 155.495819
10.437333 155.416641
10.442667 4003.084229
10.448000 0.000000
10.453333 0.000000
10.458667 0.000000
10.464000 340.490387
10.469334 309.959076
10.474667 341.075592
10.480000 340.911621
10.485333 341.681732
10.490666 343.374878
10.496000 343.617889
10.501333 342.452484
10.506667 341.477295
10.512000 341.295410
10.517333 340.788544
10.522667 340.056580
10.528000 340.098480
10.533334 340.892395
10.538667 341.460602
10.544000 341.082458
10.549334 340.813507
10.554667 341.198547
10.560000 343.177277
10.565333 345.153229
10.570666 343.223328
10.576000 0.000000
10.581333 0.000000
10.586667 0.000000
10.592000 0.000000
10.597333 0.000000
10.602667 0.000000
10.608000 294.929810
10.613334 197.751541
10.618667 294.858795
10.624000 295.025238
10.629333 294.945831
10.634666 1168.142578
10.640000 120.020874
10.645333 1296.598267
10.650666 1313.385864
10.656000 1076.952026
10.661333 157.359879
10.666667 157.092331
10.672000 312.766449
10.677333 311.941864
10.682667 311.037994
10.688000 350.269836
10.693334 349.991516
10.698667 323.197754
10.704000 324.465851
10.709333 323.941711
10.714666 323.500427
10.720000 150.707703
10.725333 150.317551
10.730667 150.010315
10.736000 350.635254
10.741333 350.755188
10.746667 1057.392944
10.752000 1058.007202
10.757334 1058.924805
10.762667 1056.044067
10.768000 1051.169434
10.773334 1049.099121
10.778666 1049.570801
10.784000 1050.001587
10.789333 1049.601685
10.794666 1048.207153
10.800000 348.904205
10.805333 348.955139
10.810667 348.866272
10.816000 348.792419
10.821333 524.059204
10.826667 524.255127
10.832000 523.952209
10.837334 523.400818
10.842667 130.804382
10.848000 130.984283
10.853333 130.978989
10.858666 130.926285
10.864000 130.871567
10.869333 130.836349
10.874666 130.824158
10.880000 130.824829
10.885333 130.840240
10.890667 130.850388
10.896000 130.858871
10.901334 130.889191
10.906667 137.455490
10.912000 138.185242
10.917334 139.274780
10.922667 141.196228
10.928000 142.636490
10.933333 143.821793
10.938666 144.945221
10.944000 145.437317
10.949333 145.820511
10.954667 164.344482
10.960000 164.703705
10.965333 165.110947
10.970667 165.417603
10.976000 165.566559
10.981334 0.000000
10.986667 0.000000
10.992000 167.005768
10.997334 167.755112
