0.000000 0.000000
0.005333 303.362823
0.010667 303.493652
0.016000 605.992126
0.021333 605.811096
0.026667 603.759155
0.032000 600.125671
0.037333 297.812408
0.042667 297.004974
0.048000 592.016907
0.053333 591.637939
0.058667 592.088135
0.064000 593.977173
0.069333 599.361328
0.074667 608.336487
0.080000 616.548096
0.085333 624.942566
0.090667 633.541931
0.096000 641.343445
0.101333 650.097107
0.106667 658.345093
0.112000 331.323730
0.117333 333.369568
0.122667 335.361633
0.128000 336.474213
0.133333 337.026886
0.138667 337.085144
0.144000 336.498322
0.149333 335.471893
0.154667 334.230438
0.160000 332.988342
0.165333 331.598816
0.170667 329.800964
0.176000 328.045166
0.181333 326.923584
0.186667 326.167358
0.192000 325.129456
0.197333 323.919983
0.202667 323.121033
0.208000 323.128204
0.213333 323.720520
0.218667 324.964996
0.224000 327.018890
0.229333 329.031769
0.234667 330.686981
0.240000 331.684509
0.245333 332.202545
0.250667 332.507355
0.256000 332.672028
0.261333 332.602631
0.266667 332.437500
0.272000 164.963013
0.277333 164.933670
0.282667 164.883286
0.288000 164.807114
0.293333 164.777786
0.298667 165.085571
0.304000 165.686401
0.309333 165.354889
0.314667 165.113617
0.320000 165.076263
0.325333 164.893997
0.330667 164.787781
0.336000 164.851791
0.341333 164.984146
0.346667 165.216568
0.352000 165.565445
0.357333 165.595184
0.362667 164.965073
0.368000 164.580933
0.373333 164.523941
0.378667 165.932587
0.384000 166.049728
0.389333 163.980072
0.394667 330.237091
0.400000 164.487671
0.405333 328.572540
0.410667 328.452332
0.416000 3119.232178
0.421333 3129.077881
0.426667 329.165039
0.432000 330.728729
0.437333 332.380707
0.442667 334.370178
0.448000 383.633148
0.453333 353.340973
0.458667 352.525513
0.464000 350.777771
0.469333 336.421783
0.474667 334.641876
0.480000 333.147827
0.485333 331.113251
0.490667 328.943176
0.496000 326.773621
0.501333 325.156769
0.506667 324.238586
0.512000 323.170868
0.517333 322.431000
0.522667 646.024353
0.528000 648.039124
0.533333 649.784119
0.538667 325.717316
0.544000 326.501282
0.549333 327.549438
0.554667 329.313324
0.560000 331.085999
0.565333 332.623993
0.570667 333.954773
0.576000 335.258911
0.581333 335.816650
0.586667 335.761475
0.592000 334.902435
0.597333 333.423859
0.602667 332.248627
0.608000 330.606903
0.613333 164.830383
0.618667 164.610992
0.624000 387.393036
0.629333 388.771484
0.634667 325.310760
0.640000 336.504944
0.645333 336.202484
0.650667 166.885101
0.656000 164.184204
0.661333 163.800903
0.666667 163.543915
0.672000 328.101562
0.677333 328.338776
0.682667 330.588226
0.688000 331.215027
0.693333 331.257690
0.698667 163.950638
0.704000 163.386963
0.709333 163.284348
0.714667 164.788956
0.720000 164.752197
0.725333 164.756958
0.730667 164.764740
0.736000 327.195038
0.741333 309.223145
0.746667 312.291565
0.752000 315.458130
0.757333 318.289673
0.762667 322.677002
0.768000 327.023285
0.773333 328.684784
0.778667 328.247833
0.784000 327.600769
0.789333 327.475067
0.794667 327.642273
0.800000 162.749741
0.805333 169.159866
0.810667 306.844574
0.816000 307.988525
0.821333 309.347626
0.826667 310.125763
0.832000 1670.652832
0.837333 1689.105591
0.842667 1686.410278
0.848000 1665.290527
0.853333 313.544037
0.858667 313.458374
0.864000 626.432495
0.869333 626.022339
0.874667 625.231812
0.880000 620.458191
0.885333 453.992737
0.890667 308.389893
0.896000 307.636688
0.901333 306.675812
0.906667 303.381073
0.912000 300.878723
0.917333 299.673584
0.922667 298.790649
0.928000 298.001038
0.933333 297.255493
0.938667 296.791473
0.944000 296.643951
0.949333 296.846436
0.954667 297.688843
0.960000 299.305786
0.965333 301.098663
0.970667 303.295898
0.976000 306.378387
0.981333 309.772400
0.986667 313.218109
0.992000 316.261200
0.997333 318.962952
1.002667 321.211456
1.008000 323.342468
1.013333 325.362885
1.018667 327.040558
1.024000 328.932465
1.029333 330.926147
1.034667 332.259888
1.040000 333.147400
1.045333 333.264862
1.050667 332.182556
1.056000 331.266266
1.061333 330.457214
1.066667 329.358917
1.072000 328.005798
1.077333 327.024719
1.082667 326.954071
1.088000 327.512512
1.093333 328.589722
1.098667 330.316620
1.104000 267.742096
1.109333 269.288025
1.114667 270.126373
1.120000 270.685120
1.125333 270.961945
1.130667 271.054382
1.136000 271.369141
1.141333 279.552155
1.146667 297.933167
1.152000 298.890167
1.157333 299.474762
1.162667 309.383606
1.168000 318.150574
1.173333 314.751038
1.178667 292.091980
1.184000 292.457092
1.189333 292.883057
1.194667 302.342529
1.200000 301.901489
1.205333 300.318665
1.210667 300.397003
1.216000 300.625549
1.221333 301.417511
1.226667 303.206116
1.232000 304.011292
1.237333 304.575226
1.242667 305.621063
1.248000 306.632782
1.253333 297.434967
1.258667 296.558868
1.264000 295.780151
1.269333 1678.683960
1.274667 1685.394897
1.280000 331.397339
1.285333 168.034851
1.290667 506.453400
1.296000 507.210968
1.301333 508.520477
1.306667 510.382843
1.312000 512.933960
1.317333 515.207886
1.322667 516.590515
1.328000 258.804688
1.333333 258.874786
1.338667 258.523712
1.344000 515.139160
1.349333 512.468567
1.354667 509.602173
1.360000 253.446808
1.365333 251.741058
1.370667 250.066589
1.376000 248.758820
1.381333 247.361877
1.386667 245.340576
1.392000 243.998672
1.397333 243.528778
1.402667 243.499695
1.408000 243.805786
1.413333 244.656235
1.418667 245.962067
1.424000 247.396820
1.429333 249.035263
1.434667 251.415131
1.440000 253.489838
1.445333 255.805328
1.450667 257.330292
1.456000 259.372681
1.461333 262.938629
1.466667 264.877502
1.472000 266.461578
1.477333 267.355774
1.482667 267.628326
1.488000 267.399414
1.493333 266.606537
1.498667 264.697906
1.504000 260.784088
1.509333 257.873077
1.514667 253.239594
1.520000 252.237473
1.525333 251.758041
1.530667 251.654297
1.536000 251.888290
1.541333 252.123718
1.546667 252.259583
1.552000 505.020691
1.557333 504.266571
1.562667 504.249908
1.568000 506.189362
1.573333 257.028503
1.578667 258.091766
1.584000 259.266327
1.589333 260.366974
1.594667 261.058167
1.600000 261.547821
1.605333 262.294556
1.610667 262.802094
1.616000 262.836792
1.621333 262.579651
1.626667 262.616760
1.632000 262.812836
1.637333 262.843658
1.642667 262.560669
1.648000 262.105286
1.653333 261.596863
1.658667 261.091705
1.664000 260.346497
1.669333 259.450867
1.674667 258.707764
1.680000 257.932892
1.685333 512.182678
1.690667 100.061157
1.696000 98.400375
1.701333 98.546066
1.706667 98.606720
1.712000 497.363953
1.717333 517.475769
1.722667 524.589478
1.728000 544.188477
1.733333 561.942383
1.738667 568.284180
1.744000 573.159424
1.749333 578.114014
1.754667 582.936096
1.760000 293.155701
1.765333 294.766296
1.770667 295.855377
1.776000 296.153290
1.781333 296.140442
1.786667 296.166351
1.792000 296.246307
1.797333 296.403320
1.802667 296.806061
1.808000 297.781830
1.813333 299.564056
1.818667 301.614288
1.824000 304.904999
1.829333 308.798126
1.834667 311.699127
1.840000 315.741974
1.845333 319.365234
1.850667 322.556122
1.856000 324.881012
1.861333 326.606995
1.866667 327.958344
1.872000 328.898285
1.877333 329.463715
1.882667 329.657867
1.888000 329.447113
1.893333 328.794250
1.898667 327.828644
1.904000 163.397278
1.909333 163.208481
1.914667 93.143402
1.920000 93.154388
1.925333 653.899963
1.930667 653.483887
1.936000 653.709717
1.941333 654.787598
1.946667 656.738586
1.952000 328.705811
1.957333 329.412964
1.962667 330.224274
1.968000 330.880096
1.973333 331.548615
1.978667 332.171875
1.984000 331.700836
1.989333 72.877594
1.994667 76.971710
2.000000 77.016937
2.005333 73.730194
2.010667 73.721420
2.016000 73.740120
2.021333 76.799522
2.026667 76.882683
2.032000 74.192787
2.037333 73.501122
2.042667 73.486877
2.048000 11161.798828
2.053333 11453.162109
2.058667 11555.665039
2.064000 11611.600586
2.069333 11662.260742
2.074667 11588.254883
2.080000 11387.799805
2.085333 11219.412109
2.090667 11260.089844
2.096000 11373.595703
2.101333 11413.860352
2.106667 11401.536133
2.112000 150.481415
2.117333 159.595840
2.122667 159.996063
2.128000 92.255585
2.133333 92.211578
2.138667 649.471863
2.144000 651.798340
2.149333 654.768921
2.154667 655.249695
2.160000 629.643311
2.165333 624.460205
2.170667 619.398315
2.176000 614.676575
2.181333 295.831879
2.186667 294.968201
2.192000 293.676788
2.197333 577.140747
2.202667 572.188354
2.208000 565.792236
2.213333 561.584229
2.218667 560.534180
2.224000 560.898621
2.229333 562.037476
2.234667 563.671997
2.240000 566.457886
2.245333 571.540161
2.250667 577.342041
2.256000 581.927490
2.261333 585.276794
2.266667 293.586792
2.272000 585.707153
2.277333 580.368591
2.282667 572.488220
2.288000 560.052307
2.293333 545.764771
2.298667 536.424683
2.304000 523.491394
2.309333 517.477478
2.314667 514.118042
2.320000 512.289734
2.325333 511.965454
2.330667 512.777039
2.336000 514.430481
2.341333 516.111633
2.346667 259.225861
2.352000 259.415771
2.357333 259.348389
2.362667 518.286255
2.368000 259.219879
2.373333 259.378754
2.378667 259.820435
2.384000 130.223114
2.389333 97.754227
2.394667 97.838791
2.400000 295.859314
2.405333 98.287537
2.410667 98.290840
2.416000 98.259811
2.421333 97.954170
2.426667 97.855568
2.432000 97.944427
2.437333 294.476624
2.442667 294.716064
2.448000 294.967987
2.453333 295.152710
2.458667 295.035156
2.464000 98.342651
2.469333 98.305397
2.474667 97.984215
2.480000 293.915558
2.485333 294.814117
2.490667 294.764282
2.496000 294.589447
2.501333 295.234314
2.506667 295.821045
2.512000 295.624664
2.517333 295.110352
2.522667 294.851227
2.528000 294.563690
2.533333 98.316597
2.538667 0.000000
2.544000 1934.662720
2.549333 1892.130615
2.554667 1872.060425
2.560000 1859.146362
2.565333 878.848755
2.570667 0.000000
2.576000 0.000000
2.581333 169.815247
2.586667 169.934631
2.592000 585.583252
2.597333 583.557983
2.602667 257.071625
2.608000 257.366028
2.613333 257.457031
2.618667 513.999023
2.624000 513.230591
2.629333 511.748260
2.634667 508.931213
2.640000 505.828094
2.645333 504.328278
2.650667 500.744812
2.656000 496.688263
2.661333 495.185577
2.666667 494.554718
2.672000 494.822083
2.677333 495.918518
2.682667 497.677094
2.688000 500.144012
2.693333 503.542603
2.698667 507.516449
2.704000 512.100830
2.709333 517.156494
2.714667 521.984985
2.720000 526.127563
2.725333 529.331055
2.730667 532.115906
2.736000 534.507263
2.741333 536.538391
2.746667 537.445312
2.752000 536.892334
2.757333 535.377319
2.762667 533.526123
2.768000 531.149414
2.773333 526.831299
2.778667 520.656677
2.784000 512.329773
2.789333 509.340210
2.794667 507.284058
2.800000 505.874176
2.805333 505.202820
2.810667 505.569702
2.816000 506.928802
2.821333 509.105347
2.826667 511.161346
2.832000 513.514221
2.837333 516.260620
2.842667 518.224060
2.848000 519.503845
2.853333 520.350586
2.858667 520.996704
2.864000 521.417908
2.869333 521.533936
2.874667 521.289612
2.880000 520.873474
2.885333 173.357941
2.890667 521.473450
2.896000 523.012329
2.901333 174.522156
2.906667 175.034897
2.912000 528.528687
2.917333 72.598610
2.922667 72.667831
2.928000 77.527748
2.933333 77.542908
2.938667 837.553894
2.944000 842.978333
2.949333 847.931396
2.954667 852.877441
2.960000 858.845642
2.965333 886.269165
2.970667 908.748413
2.976000 302.814606
2.981333 303.416473
2.986667 303.634674
2.992000 303.604767
2.997333 303.158386
