0.000000 0.000000
0.005333 410.022949
0.010667 412.080383
0.016000 415.207764
0.021333 420.325623
0.026667 156.811249
0.032000 157.033859
0.037333 425.605438
0.042667 416.595032
0.048000 285.917603
0.053333 612.291748
0.058667 607.015747
0.064000 102.977974
0.069333 103.312904
0.074667 356.174652
0.080000 103.484352
0.085333 207.890594
0.090667 208.661148
0.096000 209.289352
0.101333 209.427765
0.106667 209.162094
0.112000 208.737106
0.117333 208.398285
0.122667 208.161407
0.128000 207.994812
0.133333 208.028305
0.138667 208.224625
0.144000 208.208221
0.149333 208.040558
0.154667 207.998917
0.160000 208.059204
0.165333 208.126633
0.170667 208.205200
0.176000 208.333405
0.181333 208.482864
0.186667 208.584595
0.192000 208.635345
0.197333 208.751526
0.202667 208.988480
0.208000 209.221725
0.213333 209.322800
0.218667 209.307068
0.224000 209.249786
0.229333 209.303925
0.234667 209.501068
0.240000 209.576675
0.245333 209.319565
0.250667 208.754364
0.256000 207.992874
0.261333 207.116257
0.266667 206.367188
0.272000 206.288345
0.277333 208.317200
0.282667 209.894196
0.288000 209.585083
0.293333 208.919388
0.298667 208.215073
0.304000 207.509186
0.309333 206.848251
0.314667 206.326035
0.320000 206.214355
0.325333 206.510193
0.330667 206.454147
0.336000 205.808762
0.341333 205.492676
0.346667 205.486176
0.352000 205.530502
0.357333 205.497635
0.362667 315.804077
0.368000 315.635956
0.373333 206.908875
0.378667 104.057182
0.384000 258.298218
0.389333 259.550446
0.394667 259.860077
0.400000 156.995148
0.405333 157.443695
0.410667 157.920654
0.416000 158.159927
0.421333 158.036316
0.426667 157.569519
0.432000 157.286774
0.437333 104.153030
0.442667 104.244698
0.448000 311.460266
0.453333 311.938446
0.458667 311.863037
0.464000 313.188507
0.469333 104.385773
0.474667 104.597115
0.480000 287.632965
0.485333 287.232819
0.490667 159.403687
0.496000 159.821732
0.501333 160.017944
0.506667 159.925110
0.512000 159.327011
0.517333 158.965225
0.522667 159.053711
0.528000 159.462311
0.533333 160.323608
0.538667 160.212082
0.544000 159.760193
0.549333 159.759048
0.554667 160.069000
0.560000 158.813583
0.565333 156.052811
0.570667 155.086792
0.576000 103.986458
0.581333 524.556152
0.586667 522.396423
0.592000 105.470581
0.597333 105.657959
0.602667 186.694855
0.608000 185.219482
0.613333 793.040649
0.618667 181.546646
0.624000 180.479080
0.629333 180.268982
0.634667 180.559113
0.640000 181.052673
0.645333 181.397964
0.650667 181.633820
0.656000 181.858673
0.661333 182.242828
0.666667 182.861374
0.672000 183.388214
0.677333 183.699905
0.682667 183.963516
0.688000 184.552536
0.693333 185.016556
0.698667 185.205826
0.704000 185.238632
0.709333 185.174820
0.714667 185.041718
0.720000 184.872543
0.725333 184.762482
0.730667 184.769623
0.736000 184.897980
0.741333 185.095062
0.746667 185.203171
0.752000 185.089386
0.757333 184.815536
0.762667 184.479248
0.768000 184.165848
0.773333 184.204773
0.778667 184.775314
0.784000 185.101822
0.789333 185.015289
0.794667 184.874695
0.800000 184.821167
0.805333 184.804947
0.810667 184.714615
0.816000 184.521774
0.821333 184.302856
0.826667 184.210190
0.832000 184.320801
0.837333 184.182114
0.842667 183.919662
0.848000 183.928131
0.853333 184.103104
0.858667 184.267670
0.864000 184.392197
0.869333 184.580399
0.874667 184.885193
0.880000 185.129166
0.885333 185.078003
0.890667 184.964752
0.896000 184.879105
0.901333 184.837921
0.906667 184.873611
0.912000 184.978241
0.917333 185.078598
0.922667 185.122528
0.928000 185.220306
0.933333 185.372833
0.938667 185.337860
0.944000 314.553986
0.949333 319.941223
0.954667 326.307098
0.960000 155.482224
0.965333 155.487839
0.970667 104.808617
0.976000 105.146523
0.981333 105.151566
0.986667 105.056656
0.992000 89.566109
0.997333 89.461067
1.002667 69.580688
1.008000 78.631966
1.013333 78.405060
1.018667 78.547623
1.024000 70.213303
1.029333 78.104233
1.034667 78.179878
1.040000 78.305382
1.045333 330.327240
1.050667 62.717731
1.056000 189.704163
1.061333 188.819778
1.066667 379.293488
1.072000 379.334381
1.077333 377.746094
1.082667 405.895172
1.088000 408.451202
1.093333 407.656921
1.098667 367.567291
1.104000 398.502289
1.109333 186.837036
1.114667 185.413101
1.120000 184.791809
1.125333 184.392929
1.130667 183.985580
1.136000 183.676575
1.141333 183.720474
1.146667 184.030334
1.152000 184.314178
1.157333 184.442978
1.162667 184.460449
1.168000 184.446625
1.173333 184.378265
1.178667 184.251587
1.184000 184.144028
1.189333 184.052734
1.194667 183.945709
1.200000 183.840546
1.205333 183.792130
1.210667 183.856476
1.216000 183.962387
1.221333 184.004471
1.226667 184.129837
1.232000 185.722672
1.237333 186.788635
1.242667 186.891525
1.248000 187.791351
1.253333 188.927002
1.258667 188.450500
1.264000 188.024170
1.269333 187.708847
1.274667 187.397736
1.280000 187.335968
1.285333 187.570435
1.290667 187.461563
1.296000 185.100677
1.301333 185.409241
1.306667 189.799103
1.312000 190.187210
1.317333 189.867935
1.322667 186.941895
1.328000 186.945648
1.333333 360.944214
1.338667 371.435150
1.344000 361.615753
1.349333 360.646973
1.354667 169.693848
1.360000 170.711304
1.365333 171.810638
1.370667 174.118240
1.376000 176.233795
1.381333 177.365128
1.386667 178.229675
1.392000 178.829178
1.397333 179.601196
1.402667 180.509430
1.408000 181.212204
1.413333 181.860626
1.418667 91.404472
1.424000 91.637260
1.429333 91.851212
1.434667 183.742340
1.440000 183.240234
1.445333 182.488312
1.450667 182.137543
1.456000 182.108337
1.461333 182.100449
1.466667 182.076263
1.472000 182.299088
1.477333 182.628159
1.482667 182.860886
1.488000 183.078857
1.493333 183.400925
1.498667 157.002090
1.504000 326.868073
1.509333 325.052246
1.514667 182.999771
1.520000 325.320740
1.525333 330.756195
1.530667 181.755356
1.536000 182.400879
1.541333 182.468414
1.546667 182.310837
1.552000 182.385529
1.557333 182.512146
1.562667 182.530411
1.568000 182.649857
1.573333 183.381287
1.578667 183.271988
1.584000 182.489960
1.589333 340.487885
1.594667 340.085754
1.600000 341.672455
1.605333 344.514282
1.610667 348.892242
1.616000 355.969086
1.621333 179.643036
1.626667 179.128525
1.632000 178.631958
1.637333 3282.285400
1.642667 3198.373779
1.648000 177.394257
1.653333 177.347366
1.658667 177.256210
1.664000 177.108475
1.669333 176.988632
1.674667 176.836426
1.680000 176.596466
1.685333 176.393326
1.690667 176.327972
1.696000 176.326736
1.701333 176.354553
1.706667 176.461166
1.712000 176.674454
1.717333 176.902222
1.722667 177.029068
1.728000 177.106400
1.733333 177.286514
1.738667 177.543869
1.744000 177.639435
1.749333 177.426224
1.754667 177.016953
1.760000 176.600204
1.765333 175.861038
1.770667 174.139328
1.776000 182.685974
1.781333 86.869293
1.786667 86.787315
1.792000 86.753540
1.797333 86.728783
1.802667 87.251213
1.808000 87.747131
1.813333 88.161491
1.818667 177.831039
1.824000 177.358963
1.829333 178.031281
1.834667 178.921585
1.840000 178.861023
1.845333 87.876938
1.850667 196.039871
1.856000 433.623322
1.861333 501.169189
1.866667 182.461197
1.872000 182.857330
1.877333 182.926468
1.882667 182.590073
1.888000 182.523270
1.893333 182.969910
1.898667 183.701828
1.904000 184.523987
1.909333 185.105713
1.914667 185.232956
1.920000 185.073502
1.925333 184.849686
1.930667 184.544464
1.936000 184.283539
1.941333 184.210739
1.946667 184.141251
1.952000 183.914307
1.957333 91.396278
1.962667 606.035461
1.968000 91.082764
1.973333 286.866455
1.978667 286.963409
1.984000 342.330688
1.989333 343.610626
1.994667 344.326172
2.000000 343.258453
2.005333 311.165009
2.010667 311.889313
2.016000 312.467072
2.021333 246.961960
2.026667 246.858597
2.032000 246.889984
2.037333 246.783768
2.042667 275.295837
2.048000 275.194763
2.053333 275.031769
2.058667 70.425957
2.064000 182.147171
2.069333 314.002747
2.074667 314.553528
2.080000 314.382935
2.085333 352.788116
2.090667 352.792175
2.096000 352.327484
2.101333 174.703476
2.106667 173.983612
2.112000 182.066910
2.117333 180.193497
2.122667 178.510071
2.128000 177.396973
2.133333 176.361191
2.138667 175.384888
2.144000 174.630905
2.149333 174.096527
2.154667 173.790543
2.160000 173.703690
2.165333 173.849411
2.170667 174.252701
2.176000 174.690872
2.181333 174.915497
2.186667 174.892334
2.192000 174.678009
2.197333 174.444229
2.202667 174.359619
2.208000 174.439621
2.213333 174.605423
2.218667 174.751404
2.224000 174.775421
2.229333 174.616959
2.234667 174.426086
2.240000 174.298294
2.245333 174.181519
2.250667 174.095108
2.256000 174.139999
2.261333 174.217987
2.266667 174.142319
2.272000 174.212357
2.277333 174.919312
2.282667 454.308167
2.288000 458.524536
2.293333 462.591034
2.298667 464.108368
2.304000 464.887390
2.309333 465.318909
2.314667 88.930656
2.320000 176.293732
2.325333 174.868637
2.330667 174.272415
2.336000 174.427414
2.341333 174.908188
2.346667 175.172516
2.352000 177.192642
2.357333 180.838684
2.362667 201.007660
2.368000 134.007797
2.373333 268.751770
2.378667 269.239990
2.384000 308.661652
2.389333 180.748688
2.394667 181.287231
2.400000 181.563812
2.405333 181.540817
2.410667 181.342102
2.416000 181.251404
2.421333 181.395950
2.426667 181.683243
2.432000 182.024643
2.437333 182.400238
2.442667 182.781052
2.448000 183.161194
2.453333 183.524200
2.458667 183.855270
2.464000 184.135010
2.469333 184.303253
2.474667 184.316879
2.480000 184.266754
2.485333 184.240082
2.490667 184.016373
2.496000 151.670593
2.501333 151.261734
2.506667 165.098145
2.512000 165.075241
2.517333 164.860596
2.522667 122.467430
2.528000 122.768654
2.533333 122.959808
2.538667 246.142639
2.544000 246.152664
2.549333 140.744659
2.554667 140.559235
2.560000 139.132965
2.565333 139.783707
2.570667 139.939178
2.576000 139.702240
2.581333 139.672775
2.586667 140.043793
2.592000 140.254501
2.597333 140.080261
2.602667 139.789078
2.608000 139.463501
2.613333 141.425186
2.618667 153.614182
2.624000 154.187241
2.629333 161.112122
2.634667 160.967712
2.640000 160.024780
2.645333 152.592361
2.650667 152.336945
2.656000 152.495819
2.661333 236.591339
2.666667 236.904343
2.672000 480.842041
2.677333 478.853424
2.682667 154.335236
2.688000 154.651627
2.693333 155.313263
2.698667 156.441635
2.704000 156.509689
2.709333 156.342819
2.714667 156.371231
2.720000 156.516006
2.725333 156.514694
2.730667 472.107025
2.736000 471.767700
2.741333 470.669342
2.746667 235.343353
2.752000 155.195038
2.757333 155.100067
2.762667 155.273605
2.768000 155.445282
2.773333 155.473251
2.778667 155.622543
2.784000 156.098785
2.789333 156.446198
2.794667 156.412262
2.800000 156.320404
2.805333 156.338638
2.810667 156.399033
2.816000 156.429733
2.821333 156.443283
2.826667 156.461014
2.832000 156.457718
2.837333 156.389465
2.842667 156.234482
2.848000 155.980957
2.853333 155.563080
2.858667 154.995468
2.864000 154.588547
2.869333 154.570770
2.874667 155.049118
2.880000 155.295624
2.885333 155.539810
2.890667 155.889145
2.896000 155.902542
2.901333 156.104630
2.906667 156.519852
2.912000 156.800400
2.917333 156.779129
2.922667 156.584717
2.928000 312.517487
2.933333 312.809418
2.938667 313.249359
2.944000 313.765778
2.949333 314.084900
2.954667 314.087158
2.960000 313.888153
2.965333 313.638855
2.970667 313.464081
2.976000 313.358459
2.981333 313.309753
2.986667 313.358734
2.992000 156.462860
2.997333 156.503357
3.002667 315.111938
3.008000 317.309814
3.013333 433.938599
3.018667 154.871964
3.024000 154.786224
3.029333 155.476990
3.034667 156.283432
3.040000 317.986115
3.045333 317.927917
3.050667 156.153244
3.056000 156.067245
3.061333 156.148621
3.066667 323.240204
3.072000 105.093147
3.077333 154.580170
3.082667 153.760361
3.088000 152.994385
3.093333 152.464157
3.098667 359.640961
3.104000 153.330124
3.109333 154.136581
3.114667 154.657028
3.120000 154.877838
3.125333 316.290253
3.130667 323.080933
3.136000 347.700531
3.141333 355.660645
3.146667 350.141663
3.152000 318.585327
3.157333 313.114075
3.162667 150.724655
3.168000 450.357697
3.173333 448.026733
3.178667 149.531281
3.184000 155.468506
3.189333 155.729889
3.194667 155.431107
3.200000 155.204224
3.205333 155.509796
3.210667 156.692703
3.216000 157.688797
3.221333 158.048340
3.226667 157.944138
3.232000 157.344864
3.237333 155.856415
3.242667 154.936264
3.248000 308.452484
3.253333 308.101715
3.258667 153.939270
3.264000 153.879990
3.269333 153.662842
3.274667 153.087784
3.280000 152.636139
3.285333 152.520096
3.290667 152.951172
3.296000 156.786758
3.301333 156.511978
3.306667 155.770279
3.312000 155.843445
3.317333 156.015244
3.322667 155.910614
3.328000 155.879089
3.333333 156.138855
3.338667 156.435974
3.344000 156.145386
3.349333 155.470871
3.354667 155.349304
3.360000 155.798203
3.365333 156.292160
3.370667 156.514175
3.376000 156.462845
3.381333 156.296799
3.386667 156.834717
3.392000 92.823074
3.397333 2291.830811
3.402667 2304.091064
3.408000 2302.295898
3.413333 247.093384
3.418667 250.685440
3.424000 252.501663
3.429333 228.347244
3.434667 230.923080
3.440000 232.422195
3.445333 232.499100
3.450667 231.855530
3.456000 231.091736
3.461333 230.660370
3.466667 750.424194
3.472000 752.974854
3.477333 756.653809
3.482667 228.570694
3.488000 228.034042
3.493333 228.321671
3.498667 229.192932
3.504000 229.721100
3.509333 152.421463
3.514667 152.614792
3.520000 157.266800
3.525333 155.796082
3.530667 155.167709
3.536000 155.144394
3.541333 155.590805
3.546667 156.035950
3.552000 156.138275
3.557333 156.081848
3.562667 156.099747
3.568000 156.098572
3.573333 315.132294
3.578667 315.352783
3.584000 315.353027
3.589333 315.596191
3.594667 316.987793
3.600000 318.513428
3.605333 319.274567
3.610667 231.515472
3.616000 230.733429
3.621333 229.820602
3.626667 228.747223
3.632000 227.179581
3.637333 224.812958
3.642667 352.249146
3.648000 346.085907
3.653333 335.673615
3.658667 329.082916
3.664000 325.934143
3.669333 212.399139
3.674667 211.044815
3.680000 209.689255
3.685333 208.456329
3.690667 207.392258
3.696000 206.651321
3.701333 206.226685
3.706667 205.963013
3.712000 205.779968
3.717333 205.758499
3.722667 206.046722
3.728000 206.829010
3.733333 207.716476
3.738667 208.518173
3.744000 209.641068
3.749333 211.488770
3.754667 213.497269
3.760000 215.121170
3.765333 216.704391
3.770667 218.213867
3.776000 219.605988
3.781333 221.762238
3.786667 223.994476
3.792000 225.306229
3.797333 226.454681
3.802667 227.791153
3.808000 228.858765
3.813333 229.455582
3.818667 229.823166
3.824000 230.094788
3.829333 230.221924
3.834667 230.218658
3.840000 230.048264
3.845333 229.572540
3.850667 228.870514
3.856000 228.041733
3.861333 227.119888
3.866667 226.298447
3.872000 225.519913
3.877333 224.621338
3.882667 223.544037
3.888000 222.324387
3.893333 221.005386
3.898667 219.603058
3.904000 218.131332
3.909333 216.585663
3.914667 215.201294
3.920000 214.174698
3.925333 213.333649
3.930667 212.345459
3.936000 211.312210
3.941333 210.695419
3.946667 210.259262
3.952000 209.737183
3.957333 209.391571
3.962667 209.383942
3.968000 209.520035
3.973333 209.684448
3.978667 209.821487
3.984000 209.830811
3.989333 209.743301
3.994667 209.695084
4.000000 209.613678
4.005333 209.401581
4.010667 209.016052
4.016000 208.359985
4.021333 207.619690
4.026667 207.089478
4.032000 320.815033
4.037333 319.998108
4.042666 318.827545
4.048000 318.062134
4.053333 317.613159
4.058667 316.253540
4.064000 313.728973
4.069334 312.883575
4.074667 206.671921
4.080000 206.138550
4.085333 205.432129
4.090667 204.983322
4.096000 210.674927
4.101333 210.300980
4.106667 209.947647
4.112000 104.475121
4.117333 104.341026
4.122667 104.124321
4.128000 103.955444
4.133333 161.814072
4.138667 163.841064
4.144000 164.330490
4.149333 435.487640
4.154667 446.459808
4.160000 447.878387
4.165333 292.654663
4.170667 295.157074
4.176000 104.691154
4.181334 104.511719
4.186666 103.895256
4.192000 411.477661
4.197333 414.776947
4.202667 415.692627
4.208000 371.625793
4.213333 372.705872
4.218667 374.218689
4.224000 188.655441
4.229333 186.631180
4.234667 185.656830
4.240000 185.368774
4.245333 185.241135
4.250667 185.110397
4.256000 184.825668
4.261333 184.337936
4.266667 183.986389
4.272000 183.919342
4.277333 183.944351
4.282667 183.952545
4.288000 183.941513
4.293334 183.953705
4.298666 184.014511
4.304000 184.153168
4.309333 184.409103
4.314667 184.759125
4.320000 185.059937
4.325333 185.207260
4.330667 185.294189
4.336000 185.334869
4.341333 185.269379
4.346667 185.294403
4.352000 185.543274
4.357333 185.850220
4.362667 186.066711
4.368000 186.306015
4.373333 186.631546
4.378667 208.800049
4.384000 209.466095
4.389333 209.859665
4.394667 209.779984
4.400000 209.249878
4.405334 208.512436
4.410666 208.264130
4.416000 103.803734
4.421333 309.813843
4.426667 310.001282
4.432000 310.388123
4.437333 311.111908
4.442667 311.909973
4.448000 312.541107
4.453333 313.001617
4.458667 313.217072
4.464000 313.166626
4.469333 312.912384
4.474667 312.570435
4.480000 312.484650
4.485333 312.662109
4.490667 312.732941
4.496000 312.561005
4.501333 312.361694
4.506667 312.344879
4.512000 312.376770
4.517334 312.233887
4.522666 311.915710
4.528000 311.686768
4.533333 311.664185
4.538667 311.620056
4.544000 311.513428
4.549333 311.320648
4.554667 209.211166
4.560000 209.258942
4.565333 209.413712
4.570667 104.048805
4.576000 104.026833
4.581333 104.113182
4.586667 209.650589
4.592000 159.784256
4.597333 159.845062
4.602667 160.219147
4.608000 160.544601
4.613333 160.720520
4.618667 160.841995
4.624000 161.061813
4.629333 161.526337
4.634666 162.200302
4.640000 162.750961
4.645333 163.372299
4.650667 164.061523
4.656000 164.433746
4.661334 163.713867
4.666667 163.472397
4.672000 163.261810
4.677333 155.576324
4.682667 157.164017
4.688000 160.460922
4.693333 82.127045
4.698667 82.140991
4.704000 153.652130
4.709333 153.266190
4.714667 153.398651
4.720000 155.265213
4.725333 156.617310
4.730667 157.082764
4.736000 471.187714
4.741333 472.727661
4.746666 158.108154
4.752000 157.722519
4.757333 157.427185
4.762667 157.181015
4.768000 156.827774
4.773334 156.298492
4.778666 155.648468
4.784000 155.115860
4.789333 154.805664
4.794667 154.743210
4.800000 155.043976
4.805333 155.788544
4.810667 156.670624
4.816000 157.042847
4.821333 157.195267
4.826667 157.290726
4.832000 157.091400
4.837333 156.790848
4.842667 156.870880
4.848000 157.028854
4.853333 156.861664
4.858667 156.644012
4.864000 156.680588
4.869333 156.970428
4.874667 157.219315
4.880000 157.173264
4.885334 156.769806
4.890666 156.536896
4.896000 156.902771
4.901333 157.425003
4.906667 157.578094
4.912000 158.213089
4.917333 162.708984
4.922667 253.871979
4.928000 260.778046
4.933333 261.926361
4.938667 254.982544
4.944000 254.001801
4.949333 253.537216
4.954667 141.743866
4.960000 141.844147
4.965333 142.179794
4.970667 263.914795
4.976000 158.247162
4.981333 157.704239
4.986667 157.458740
4.992000 157.617416
4.997334 157.978256
5.002666 158.364227
5.008000 158.811172
5.013333 159.156967
5.018667 159.205658
5.024000 159.270782
5.029333 159.495529
5.034667 159.653671
5.040000 159.554916
5.045333 159.250443
5.050667 158.943192
5.056000 158.690353
5.061333 157.999863
5.066667 156.997406
5.072000 156.856796
5.077333 156.873596
5.082667 156.487473
5.088000 155.811584
5.093333 155.473312
5.098667 155.323151
5.104000 81.777695
5.109334 310.988770
5.114666 157.719452
5.120000 158.269028
5.125333 308.103821
5.130667 278.605682
5.136000 275.402924
5.141333 268.127411
5.146667 153.064362
5.152000 154.182983
5.157333 294.002686
5.162667 295.828644
5.168000 158.940536
5.173333 158.807144
5.178667 158.084961
5.184000 157.100723
5.189333 156.718155
5.194667 156.850388
5.200000 156.968109
5.205333 156.935120
5.210667 156.871155
5.216000 156.816360
5.221334 156.705597
5.226666 156.575424
5.232000 156.507950
5.237333 156.570572
5.242667 156.741714
5.248000 156.871094
5.253334 156.863358
5.258667 78.164291
5.264000 78.183998
5.269333 156.299164
5.274667 156.261475
5.280000 156.158844
5.285333 156.223816
5.290667 156.333496
5.296000 156.188354
5.301333 155.773590
5.306667 155.168869
5.312000 154.130234
5.317333 153.748520
5.322667 153.863953
5.328000 154.474289
5.333333 155.426926
5.338666 155.257629
5.344000 153.906250
5.349333 153.186325
5.354667 152.863937
5.360000 152.903259
5.365334 153.355194
5.370667 154.956131
5.376000 155.227692
5.381333 155.346771
5.386667 154.892822
5.392000 154.695648
5.397333 154.962906
5.402667 155.231552
5.408000 155.359680
5.413333 155.368149
5.418667 385.644531
5.424000 384.788940
5.429333 156.754257
5.434667 156.983551
5.440000 157.120834
5.445333 157.342773
5.450667 0.000000
5.456000 111.304367
5.461333 77.775398
5.466667 111.203186
5.472000 455.144196
5.477334 232.121140
5.482666 234.347687
5.488000 235.300064
5.493333 235.559555
5.498667 234.738037
5.504000 232.469803
5.509333 231.075226
5.514667 230.542191
5.520000 230.196854
5.525333 229.896393
5.530667 229.648026
5.536000 229.507553
5.541333 229.552200
5.546667 229.806305
5.552000 230.240341
5.557333 230.722504
5.562667 231.116547
5.568000 252.894897
5.573333 253.596268
5.578667 232.932068
5.584000 233.259705
5.589334 233.447632
5.594666 233.675156
5.600000 234.086349
5.605333 234.627396
5.610667 235.032974
5.616000 156.128189
5.621333 156.193573
5.626667 263.642426
5.632000 264.408875
5.637333 265.283203
5.642667 306.167328
5.648000 306.273254
5.653333 152.268295
5.658667 152.247635
5.664000 153.676773
5.669333 154.977509
5.674667 319.138580
5.680000 322.315613
5.685333 151.263626
5.690667 150.299438
5.696000 76.061142
5.701334 156.139542
5.706666 157.220169
5.712000 157.147476
5.717333 156.102921
5.722667 154.348526
5.728000 215.236038
5.733333 213.702301
5.738667 211.472382
5.744000 209.948547
5.749333 208.749130
5.754667 208.208801
5.760000 208.276154
5.765333 208.552811
5.770667 208.888321
5.776000 209.463837
5.781333 210.356873
5.786667 211.244934
5.792000 211.978577
5.797333 213.178665
5.802667 216.384659
5.808000 219.275772
5.813334 221.424103
5.818666 222.874054
5.824000 223.264282
5.829333 222.918655
5.834667 222.792023
5.840000 223.306885
5.845333 224.160538
5.850667 224.868408
5.856000 225.539429
5.861333 226.272858
5.866667 226.809616
5.872000 227.151337
5.877333 227.315247
5.882667 227.293152
5.888000 227.221344
5.893333 227.078354
5.898667 226.752823
5.904000 226.246399
5.909333 225.748932
5.914667 225.322968
5.920000 224.814117
5.925333 223.976303
5.930666 222.945465
5.936000 222.110123
5.941333 221.200226
5.946667 220.147903
5.952000 219.482315
5.957334 270.024017
5.962667 266.043182
5.968000 264.078827
5.973333 214.524582
5.978667 214.184830
5.984000 213.907059
5.989333 213.446594
5.994667 212.960175
6.000000 212.743942
6.005333 212.739838
6.010667 212.702759
6.016000 212.524780
6.021333 212.093353
6.026667 211.429382
6.032000 210.732834
6.037333 210.129990
6.042666 209.748291
6.048000 209.590073
6.053333 209.538818
6.058667 209.452484
6.064000 209.269547
6.069334 209.157120
6.074667 208.997543
6.080000 208.479065
6.085333 207.987122
6.090667 103.994072
6.096000 103.957726
6.101333 103.849159
6.106667 103.752754
6.112000 103.709915
6.117333 207.011795
6.122667 206.767059
6.128000 205.963715
6.133333 205.489594
6.138667 287.451538
6.144000 286.126434
6.149333 282.579529
6.154667 281.026062
6.160000 279.631989
6.165333 86.871078
6.170667 87.081886
6.176000 414.873596
6.181334 415.553192
6.186666 83.389755
6.192000 347.853088
6.197333 348.929016
6.202667 69.762428
6.208000 443.936432
6.213333 439.838806
6.218667 432.211548
6.224000 103.127869
6.229333 103.027176
6.234667 102.585266
6.240000 196.707550
6.245333 196.939743
6.250667 196.486526
6.256000 184.853073
6.261333 184.943848
6.266667 185.002777
6.272000 184.968430
6.277333 184.836746
6.282667 184.777634
6.288000 184.784210
6.293334 184.857361
6.298666 185.075989
6.304000 185.421219
6.309333 185.818939
6.314667 186.172379
6.320000 186.446045
6.325333 186.599518
6.330667 186.509003
6.336000 186.188873
6.341333 185.922287
6.346667 185.716934
6.352000 185.429321
6.357333 185.022537
6.362667 184.594482
6.368000 184.222702
6.373333 184.036530
6.378667 184.064102
6.384000 184.293381
6.389333 184.568115
6.394667 184.502472
6.400000 184.237961
6.405334 183.975204
6.410666 183.597977
6.416000 182.957596
6.421333 170.413757
6.426667 169.657471
6.432000 169.242722
6.437333 169.709946
6.442667 170.995819
6.448000 171.164078
6.453333 171.061203
6.458667 171.224686
6.464000 171.101791
6.469333 170.197357
6.474667 92.171204
6.480000 92.265434
6.485333 92.235474
6.490667 183.719803
6.496000 183.730347
6.501333 183.801208
6.506667 183.930710
6.512000 184.009293
6.517334 183.998230
6.522666 183.995438
6.528000 184.092407
6.533333 184.238464
6.538667 184.416870
6.544000 184.611328
6.549333 184.785187
6.554667 184.947800
6.560000 185.115540
6.565333 185.299759
6.570667 185.574570
6.576000 185.979355
6.581333 186.251755
6.586667 186.205444
6.592000 185.880814
6.597333 185.324326
6.602667 139.156219
6.608000 171.458420
6.613333 138.130402
6.618667 172.683838
6.624000 189.091171
6.629333 172.536240
6.634666 184.973450
6.640000 182.287720
6.645333 174.217789
6.650667 174.416122
6.656000 174.538208
6.661334 174.862900
6.666667 175.390411
6.672000 175.390335
6.677333 174.660721
6.682667 173.859039
6.688000 173.612885
6.693333 173.765625
6.698667 173.798599
6.704000 173.061752
6.709333 171.775635
6.714667 170.844818
6.720000 562.631531
6.725333 562.800903
6.730667 358.445862
6.736000 348.227997
6.741333 104.373070
6.746666 334.540527
6.752000 331.985535
6.757333 331.803894
6.762667 151.816269
6.768000 149.978821
6.773334 487.362030
6.778666 489.473877
6.784000 487.831757
6.789333 484.170044
6.794667 481.960480
6.800000 480.657776
6.805333 154.839157
6.810667 156.087662
6.816000 156.777145
6.821333 157.266556
6.826667 157.602875
6.832000 157.863739
6.837333 158.186523
6.842667 158.586685
6.848000 158.934708
6.853333 159.342087
6.858667 159.747925
6.864000 159.897797
6.869333 159.825485
6.874667 159.593399
6.880000 159.216705
6.885334 158.806137
6.890666 158.482147
6.896000 158.279266
6.901333 158.168488
6.906667 158.107986
6.912000 393.913635
6.917333 394.077240
6.922667 184.392181
6.928000 184.665848
6.933333 184.575409
6.938667 184.273132
6.944000 183.554199
6.949333 182.627899
6.954667 157.066833
6.960000 156.393005
6.965333 155.964737
6.970667 155.672501
6.976000 155.528992
6.981333 155.583984
6.986667 155.739304
6.992000 155.869293
6.997334 155.949844
7.002666 155.971771
7.008000 156.060669
7.013333 156.281357
7.018667 156.510834
7.024000 156.610092
7.029333 156.535736
7.034667 156.538254
7.040000 156.802078
7.045333 314.410553
7.050667 314.362488
7.056000 156.930206
7.061333 156.859375
7.066667 156.841248
7.072000 156.766357
7.077333 156.699158
7.082667 156.639252
7.088000 313.398682
7.093333 313.109131
7.098667 313.062927
7.104000 313.704956
7.109334 315.792450
7.114666 434.859589
7.120000 432.858185
7.125333 431.346313
7.130667 156.033279
7.136000 318.574951
7.141333 318.279694
7.146667 316.894012
7.152000 316.164734
7.157333 316.447937
7.162667 317.621979
7.168000 318.410950
7.173333 156.536697
7.178667 156.478104
7.184000 156.368301
7.189333 316.375519
7.194667 317.301025
7.200000 319.731354
7.205333 322.435547
7.210667 321.475525
7.216000 319.807434
7.221334 320.111786
7.226666 397.555695
7.232000 407.859467
7.237333 408.523499
7.242667 404.935425
7.248000 389.178406
7.253334 341.787201
7.258667 332.852081
7.264000 154.669708
7.269333 154.457291
7.274667 155.284103
7.280000 315.674377
7.285333 308.932556
7.290667 131.892883
7.296000 134.030807
7.301333 153.850632
7.306667 155.141861
7.312000 156.286240
7.317333 156.999283
7.322667 157.413635
7.328000 149.419800
7.333333 149.656174
7.338666 149.634293
7.344000 149.888702
7.349333 151.132843
7.354667 152.421432
7.360000 153.071091
7.365334 153.590607
7.370667 153.872208
7.376000 153.954453
7.381333 153.965179
7.386667 154.037231
7.392000 154.136154
7.397333 154.165604
7.402667 154.171265
7.408000 154.189407
7.413333 154.170746
7.418667 154.054993
7.424000 153.898163
7.429333 153.928253
7.434667 154.478256
7.440000 155.516098
7.445333 156.175598
7.450667 156.369568
7.456000 156.406952
7.461333 156.427933
7.466667 156.250656
7.472000 155.925995
7.477334 155.696426
7.482666 155.626282
7.488000 155.552673
7.493333 155.422577
7.498667 155.422226
7.504000 155.611053
7.509333 155.125458
7.514667 162.443573
7.520000 3087.715820
7.525333 3150.059326
7.530667 3176.726074
7.536000 3197.907959
7.541333 3233.220215
7.546667 3266.902832
7.552000 3272.133545
7.557333 3239.827881
7.562667 3194.637939
7.568000 3172.174805
7.573333 235.065826
7.578667 235.175873
7.584000 235.062119
7.589334 234.838074
7.594666 234.551895
7.600000 234.255386
7.605333 234.087540
7.610667 234.199615
7.616000 78.356468
7.621333 78.460892
7.626667 78.575691
7.632000 78.690498
7.637333 78.833122
7.642667 157.894135
7.648000 158.083847
7.653333 158.141388
7.658667 79.267120
7.664000 79.312454
7.669333 317.847382
7.674667 319.816254
7.680000 320.799072
7.685333 320.524048
7.690667 319.457336
7.696000 317.517700
7.701334 315.735443
7.706666 317.776917
7.712000 323.447052
7.717333 327.104492
7.722667 327.751617
7.728000 155.959656
7.733333 325.478577
7.738667 337.722198
7.744000 344.207733
7.749333 347.489319
7.754667 350.288300
7.760000 352.506561
7.765333 355.486053
7.770667 421.849976
7.776000 427.754333
7.781333 213.654175
7.786667 213.888092
7.792000 213.718994
7.797333 213.149857
7.802667 212.248291
7.808000 105.289848
7.813334 104.983917
7.818666 104.738297
7.824000 104.567978
7.829333 209.494247
7.834667 209.413361
7.840000 209.699417
7.845333 210.367035
7.850667 211.139557
7.856000 211.743271
7.861333 212.340973
7.866667 212.872650
7.872000 213.089783
7.877333 213.137589
7.882667 213.184723
7.888000 212.969147
7.893333 212.431564
7.898667 211.909729
7.904000 211.469345
7.909333 211.176773
7.914667 211.103790
7.920000 211.286957
7.925333 211.501022
7.930666 211.565430
7.936000 211.678192
7.941333 211.902878
7.946667 212.107941
7.952000 212.281876
7.957334 212.290283
7.962667 211.910355
7.968000 211.242264
7.973333 210.504105
7.978667 209.916550
7.984000 209.535278
7.989333 209.222809
7.994667 208.833054
8.000000 208.348862
8.005333 208.151291
8.010667 104.447006
8.016000 104.801964
8.021334 105.384682
8.026667 211.913300
8.032000 212.399139
8.037333 212.657928
8.042666 212.817413
8.048000 212.830643
8.053333 212.564804
8.058666 212.069870
8.064000 211.639877
8.069333 211.384155
8.074667 211.194489
8.080000 211.047089
8.085333 210.942413
8.090667 210.782181
8.096000 210.479767
8.101334 210.129379
8.106667 104.927231
8.112000 104.910500
8.117333 104.898453
8.122666 104.868027
8.128000 104.847832
8.133333 104.794044
8.138667 104.687843
8.144000 104.611046
8.149333 104.619911
8.154667 104.734398
8.160000 104.874397
8.165334 156.755112
8.170667 104.727364
8.176000 104.768219
8.181334 209.822678
8.186666 209.875931
8.192000 210.009949
8.197333 210.323227
8.202666 210.802673
8.208000 211.335556
8.213333 211.850403
8.218667 212.389984
8.224000 212.888214
8.229333 213.149704
8.234667 213.265274
8.240000 213.388443
8.245334 213.506653
8.250667 213.467941
8.256000 213.280350
8.261333 444.079285
8.266666 106.804665
8.272000 106.452484
8.277333 106.049744
8.282666 105.783409
8.288000 210.538986
8.293333 210.251099
8.298667 210.192001
8.304000 210.303802
8.309334 210.445221
8.314667 210.559952
8.320000 210.521164
8.325334 210.444763
8.330667 210.709564
8.336000 211.442261
8.341333 212.344452
8.346666 212.924042
8.352000 213.383240
8.357333 213.946259
8.362667 214.255493
8.368000 214.097733
8.373333 213.696548
8.378667 213.138885
8.384000 212.411255
8.389334 211.797470
8.394667 210.844757
8.400000 208.655411
8.405334 208.285507
8.410666 208.699051
8.416000 209.161072
8.421333 209.279007
8.426666 209.113144
8.432000 209.283600
8.437333 209.561417
8.442667 209.590149
8.448000 209.657013
8.453333 209.983917
8.458667 210.171082
8.464000 209.841553
8.469334 209.439957
8.474667 209.308868
8.480000 209.130661
8.485333 208.623703
8.490666 208.034744
8.496000 207.891953
8.501333 209.166138
8.506667 210.971146
8.512000 202.856720
8.517333 126.088730
8.522667 315.671417
8.528000 366.947845
8.533334 447.583618
8.538667 460.188995
8.544000 471.444214
8.549334 209.072311
8.554667 207.441330
8.560000 206.527344
8.565333 205.647675
8.570666 204.400467
8.576000 203.921310
8.581333 204.033020
8.586667 203.962433
8.592000 203.581299
8.597333 313.641846
8.602667 314.128387
8.608000 316.147308
8.613334 253.556915
8.618667 255.650055
8.624000 312.553955
8.629333 312.004303
8.634666 312.025360
8.640000 312.346161
8.645333 313.330139
8.650666 314.532898
8.656000 315.187073
8.661333 314.996185
8.666667 314.892548
8.672000 315.535767
8.677333 212.087296
8.682667 211.567627
8.688000 211.404892
8.693334 210.910263
8.698667 210.031693
8.704000 209.756668
8.709333 209.882889
8.714666 210.032089
8.720000 210.062500
8.725333 209.979507
8.730667 209.898849
8.736000 212.311630
8.741333 212.431793
8.746667 212.444489
8.752000 102.579727
8.757334 452.814667
8.762667 452.077118
8.768000 376.466644
8.773334 353.853821
8.778666 350.027924
8.784000 334.066772
8.789333 327.597961
8.794666 323.540833
8.800000 106.754395
8.805333 401.712097
8.810667 204.557007
8.816000 205.020599
8.821333 206.027359
8.826667 206.290970
8.832000 496.316895
8.837334 496.025604
8.842667 186.316620
8.848000 187.691315
8.853333 189.940903
8.858666 189.092377
8.864000 188.377075
8.869333 187.768127
8.874666 187.212112
8.880000 186.758499
8.885333 186.585663
8.890667 186.651123
8.896000 186.799240
8.901334 186.963669
8.906667 187.170883
8.912000 187.422943
8.917334 187.661545
8.922667 187.776108
8.928000 187.566895
8.933333 186.992203
8.938666 186.322510
8.944000 185.699280
8.949333 185.217087
8.954667 185.008194
8.960000 184.960617
8.965333 184.936386
8.970667 184.927261
8.976000 185.033249
8.981334 185.301682
8.986667 185.623062
8.992000 185.847076
8.997334 186.032959
9.002666 186.376846
9.008000 186.882874
9.013333 187.184143
9.018666 187.172989
9.024000 187.068161
9.029333 187.058456
9.034667 187.169510
9.040000 187.409409
9.045333 187.217407
9.050667 186.500992
9.056000 186.647949
9.061334 186.964752
9.066667 187.268097
9.072000 187.330368
9.077333 187.106918
9.082666 186.936951
9.088000 187.019379
9.093333 187.184998
9.098666 187.231934
9.104000 187.031570
9.109333 186.644012
9.114667 186.333435
9.120000 186.120331
9.125334 185.862076
9.130667 185.605423
9.136000 185.564209
9.141334 185.809799
9.146667 186.220917
9.152000 316.097687
9.157333 320.204193
9.162666 388.972198
9.168000 358.333618
9.173333 359.227905
9.178667 323.094208
9.184000 359.125671
9.189333 390.405396
9.194667 401.104523
9.200000 201.909363
9.205334 202.063599
9.210667 220.657227
9.216000 158.508423
9.221334 185.661621
9.226666 185.686874
9.232000 185.817337
9.237333 186.181946
9.242666 186.456512
9.248000 186.391754
9.253333 186.345490
9.258667 186.438873
9.264000 186.643127
9.269333 186.848907
9.274667 187.017914
9.280000 187.215363
9.285334 187.220123
9.290667 373.492340
9.296000 162.097641
9.301333 161.638504
9.306666 152.943359
9.312000 361.561890
9.317333 186.652588
9.322667 186.877472
9.328000 187.391586
9.333333 187.592834
9.338667 186.773804
9.344000 185.424988
9.349334 184.906708
9.354667 184.978271
9.360000 185.221832
9.365334 185.419876
9.370667 185.517975
9.376000 185.598785
9.381333 185.680847
9.386666 185.654587
9.392000 185.846619
9.397333 186.647293
9.402667 187.613388
9.408000 187.962799
9.413333 187.940079
9.418667 187.773071
9.424000 187.663422
9.429334 187.853531
9.434667 188.451340
9.440000 188.864365
9.445333 188.544067
9.450666 187.934174
9.456000 187.168304
9.461333 186.540085
9.466666 186.521301
9.472000 186.495697
9.477333 186.622269
9.482667 187.081238
9.488000 187.346161
9.493333 186.943451
9.498667 186.214645
9.504000 185.258377
9.509334 183.260071
9.514667 194.134201
9.520000 192.726334
9.525333 190.432541
9.530666 189.302689
9.536000 188.915054
9.541333 188.349884
9.546667 187.566284
9.552000 187.028046
9.557333 186.503387
9.562667 186.169220
9.568000 186.430527
9.573334 187.162109
9.578667 187.408112
9.584000 186.930466
9.589334 186.387863
9.594666 186.251007
9.600000 186.658768
9.605333 186.967667
9.610666 186.958710
9.616000 186.795853
9.621333 186.618317
9.626667 186.282196
9.632000 185.816086
9.637333 185.642929
9.642667 185.926804
9.648000 186.367416
9.653334 186.446243
9.658667 186.361435
9.664000 313.653381
9.669333 314.612579
9.674666 186.210953
9.680000 185.851624
9.685333 185.403748
9.690666 184.965378
9.696000 184.669113
9.701333 184.582886
9.706667 184.741364
9.712000 185.150711
9.717334 185.742050
9.722667 186.329468
9.728000 186.760864
9.733334 187.103378
9.738667 187.439072
9.744000 187.764847
9.749333 188.021408
9.754666 188.340805
9.760000 188.755630
9.765333 188.886414
9.770667 188.412766
9.776000 187.759064
9.781333 187.298843
9.786667 186.649857
9.792000 185.914322
9.797334 348.173737
9.802667 347.499695
9.808000 348.847137
9.813334 352.338593
9.818666 359.324890
9.824000 379.759888
9.829333 383.086060
9.834666 181.957321
9.840000 181.226089
9.845333 180.596893
9.850667 179.891495
9.856000 179.164337
9.861333 178.559845
9.866667 178.078079
9.872000 177.546631
9.877334 177.048935
9.882667 176.817657
9.888000 176.759796
9.893333 176.809845
9.898666 176.926422
9.904000 177.070465
9.909333 177.251556
9.914667 177.356064
9.920000 137.043182
9.925333 176.796997
9.930667 176.582962
9.936000 176.551285
9.941334 176.524841
9.946667 176.487900
9.952000 176.471573
9.957334 176.374283
9.962667 176.210037
9.968000 176.231400
9.973333 176.577774
9.978666 177.038132
9.984000 177.417038
9.989333 177.745728
9.994667 177.994339
10.000000 178.049820
10.005333 177.960693
10.010667 177.890106
10.016000 177.820465
10.021334 177.589722
10.026667 177.275482
10.032000 177.061096
10.037333 177.105438
10.042666 177.625534
10.048000 178.891724
10.053333 179.850067
10.058666 87.853302
10.064000 90.264107
10.069333 88.592941
10.074667 185.010071
10.080000 185.876190
10.085333 177.089645
10.090667 354.717804
10.096000 356.474640
10.101334 181.535919
10.106667 182.063248
10.112000 182.523956
10.117333 182.970795
10.122666 183.458969
10.128000 184.040146
10.133333 184.809891
10.138667 93.231651
10.144000 93.363419
10.149333 93.569290
10.154667 93.777580
10.160000 93.902679
10.165334 93.940300
10.170667 187.598862
10.176000 187.623108
10.181334 187.729279
10.186666 379.936707
10.192000 106.001129
10.197333 389.026886
10.202666 358.191284
10.208000 355.692932
10.213333 390.428131
10.218667 386.200165
10.224000 187.434799
10.229333 383.027222
10.234667 384.635742
10.240000 382.582581
10.245334 379.496521
10.250667 379.586212
10.256000 188.882736
10.261333 205.252136
10.266666 423.498718
10.272000 419.896027
10.277333 406.753540
10.282666 387.047852
10.288000 379.098206
10.293333 376.179382
10.298667 379.087921
10.304000 400.785797
10.309334 433.790405
10.314667 442.620728
10.320000 426.881104
10.325334 343.430786
10.330667 355.340485
10.336000 384.878723
10.341333 173.893890
10.346666 173.691879
10.352000 273.242462
10.357333 266.722260
10.362667 173.801865
10.368000 173.892548
10.373333 173.986633
10.378667 174.205078
10.384000 174.467880
10.389334 174.616699
10.394667 174.625031
10.400000 174.538132
10.405334 174.571198
10.410666 174.897644
10.416000 175.189728
10.421333 175.297516
10.426666 175.402313
10.432000 175.550674
10.437333 175.719177
10.442667 175.872894
10.448000 175.872192
10.453333 175.686615
10.458667 175.507202
10.464000 175.366058
10.469334 175.220612
10.474667 175.134476
10.480000 175.251129
10.485333 175.537170
10.490666 175.759216
10.496000 175.843246
10.501333 175.869766
10.506667 176.033249
10.512000 176.367142
10.517333 176.645233
10.522667 176.765396
10.528000 176.849991
10.533334 177.053818
10.538667 177.380981
10.544000 177.664780
10.549334 177.885025
10.554667 178.292603
10.560000 178.969559
10.565333 367.457886
10.570666 366.560883
10.576000 317.460388
10.581333 288.457916
10.586667 269.981750
10.592000 271.934631
10.597333 94.514580
10.602667 269.068329
10.608000 267.373627
10.613334 267.540283
10.618667 269.222137
10.624000 91.619339
10.629333 91.736763
10.634666 91.866028
10.640000 137.577042
10.645333 92.394333
10.650666 69.991165
10.656000 70.024803
10.661333 299.833801
10.666667 300.874786
10.672000 247.765533
10.677333 94.000977
10.682667 94.040321
10.688000 93.904091
10.693334 93.775848
10.698667 93.698105
10.704000 93.655991
10.709333 93.639534
10.714666 304.922729
10.720000 302.472870
10.725333 69.263557
10.730667 69.436401
10.736000 400.862762
10.741333 390.775665
10.746667 354.285919
10.752000 372.472656
10.757334 376.338257
10.762667 69.954208
10.768000 69.985680
10.773334 70.019585
10.778666 70.050354
10.784000 70.040421
10.789333 404.805176
10.794666 387.510895
10.800000 395.228088
10.805333 368.694916
10.810667 361.368500
10.816000 176.417984
10.821333 176.472107
10.826667 347.212433
10.832000 345.455719
10.837334 332.213470
10.842667 104.637917
10.848000 104.764549
10.853333 74.395996
10.858666 400.515350
10.864000 402.355835
10.869333 408.759766
10.874666 166.104935
10.880000 165.081711
10.885333 164.808563
10.890667 246.150589
10.896000 482.341309
10.901334 484.154938
10.906667 485.057709
10.912000 482.055634
10.917334 472.799408
10.922667 466.901093
10.928000 464.386169
10.933333 463.485657
10.938666 464.757141
10.944000 153.310303
10.949333 153.327011
10.954667 153.580002
10.960000 154.044495
10.965333 154.273392
10.970667 154.325394
10.976000 154.373001
10.981334 154.558853
10.986667 154.869629
10.992000 462.268066
10.997334 461.900269
11.002666 463.396362
11.008000 154.689987
11.013333 154.856567
11.018666 155.141907
11.024000 155.712524
11.029333 156.522293
11.034667 157.142288
11.040000 157.519592
11.045333 157.664810
11.050667 157.714417
11.056000 157.871399
11.061334 469.031128
11.066667 469.517456
11.072000 469.151337
11.077333 468.429047
11.082666 468.486420
11.088000 471.274780
11.093333 477.633179
11.098666 156.183609
11.104000 480.008545
11.109333 472.954315
11.114667 456.556793
11.120000 454.957001
11.125334 453.828247
11.130667 453.706879
11.136000 455.567505
11.141334 156.747391
11.146667 156.791840
11.152000 156.947968
11.157333 157.081345
11.162666 157.112930
11.168000 157.066818
11.173333 314.145203
11.178667 314.080109
11.184000 314.104828
11.189333 314.097778
11.194667 314.075897
11.200000 314.142822
11.205334 314.599365
11.210667 315.526245
11.216000 316.209167
11.221334 315.950623
11.226666 156.220184
11.232000 156.222015
11.237333 156.576782
11.242666 316.438904
11.248000 316.954224
11.253333 317.722717
11.258667 318.656677
11.264000 319.167297
11.269333 319.358093
11.274667 319.593536
11.280000 319.317535
11.285334 319.668884
11.290667 321.730499
11.296000 326.887299
11.301333 340.528015
11.306666 345.396088
11.312000 343.809570
11.317333 93.063217
11.322667 104.379669
11.328000 410.646545
11.333333 407.864807
11.338667 410.253784
11.344000 410.212524
11.349334 406.565063
11.354667 391.809387
11.360000 343.914459
11.365334 357.670807
11.370667 371.923615
11.376000 378.785706
11.381333 155.116211
11.386666 318.061646
11.392000 306.238129
11.397333 306.313293
11.402667 155.690582
11.408000 156.619156
11.413333 157.209000
11.418667 294.409302
11.424000 291.822784
11.429334 265.500854
11.434667 264.243225
11.440000 159.976273
11.445333 160.573425
11.450666 161.249908
11.456000 161.565399
11.461333 161.259171
11.466666 160.410690
11.472000 159.717133
11.477333 159.150955
11.482667 158.609085
11.488000 157.909531
11.493333 157.039124
11.498667 156.608627
11.504000 156.455994
11.509334 156.600052
11.514667 157.278564
11.520000 158.034485
11.525333 158.427536
11.530666 158.428223
11.536000 157.994186
11.541333 157.377029
11.546667 156.832764
11.552000 156.327515
11.557333 155.921616
11.562667 155.856964
11.568000 156.065872
11.573334 156.111176
11.578667 156.330002
11.584000 156.522415
11.589334 156.339005
11.594666 156.182693
11.600000 156.445587
11.605333 156.717865
11.610666 156.864944
11.616000 157.714493
11.621333 191.136703
11.626667 190.636108
11.632000 190.475647
11.637333 402.347626
11.642667 404.158813
11.648000 658.222473
11.653334 670.718140
11.658667 230.043243
11.664000 231.979202
11.669333 233.352066
11.674666 234.471893
11.680000 235.510269
11.685333 236.090149
11.690666 236.089981
11.696000 235.752029
11.701333 235.275742
11.706667 235.023285
11.712000 235.155045
11.717334 118.264503
11.722667 118.225227
11.728000 118.128334
11.733334 118.012146
11.738667 117.927711
11.744000 117.918343
11.749333 235.168243
11.754666 235.225082
11.760000 235.306320
11.765333 235.191818
11.770667 234.928543
11.776000 234.788345
11.781333 234.786469
11.786667 234.712067
11.792000 234.499649
11.797334 234.192688
11.802667 233.871826
11.808000 233.716904
11.813334 233.778351
11.818666 233.961121
11.824000 234.023331
11.829333 233.865402
11.834666 233.683578
11.840000 233.479645
11.845333 350.406921
11.850667 348.773682
11.856000 348.077301
11.861333 347.214935
11.866667 344.998413
11.872000 154.678116
11.877334 113.447105
11.882667 225.783051
11.888000 224.653809
11.893333 223.880905
11.898666 224.186615
11.904000 224.646271
11.909333 490.200470
11.914667 494.310120
11.920000 497.860138
11.925333 247.956299
11.930667 498.070496
11.936000 498.251251
11.941334 212.216278
11.946667 211.274979
11.952000 211.044922
11.957334 210.883789
11.962667 210.631561
11.968000 210.485184
11.973333 210.524017
11.978666 210.519089
11.984000 210.348602
11.989333 210.037292
11.994667 209.587616
12.000000 208.995346
12.005333 208.492996
12.010667 208.209183
12.016000 207.981262
12.021334 207.712769
12.026667 207.586945
12.032000 207.711533
12.037333 208.038864
12.042666 208.476425
12.048000 208.905762
12.053333 209.310760
12.058666 209.575668
12.064000 209.533112
12.069333 209.412231
12.074667 209.400146
12.080000 209.448013
12.085333 209.404572
12.090667 209.092041
12.096000 416.829163
12.101334 413.749847
12.106667 104.257866
12.112000 104.391930
12.117333 104.261169
12.122666 208.619461
12.128000 208.852997
12.133333 209.041183
12.138667 209.258850
12.144000 104.808624
12.149333 104.756081
12.154667 104.471970
12.160000 104.190483
12.165334 207.923935
12.170667 207.789566
12.176000 207.809555
12.181334 207.821075
12.186666 207.703613
12.192000 207.540680
12.197333 207.440292
12.202666 207.344940
12.208000 207.315887
12.213333 207.448013
12.218667 207.682404
12.224000 207.844482
12.229333 207.823227
12.234667 207.585632
12.240000 207.112228
12.245334 317.401764
12.250667 317.788361
12.256000 317.623535
12.261333 318.219849
12.266666 319.920715
12.272000 104.713539
12.277333 104.934387
12.282666 210.143356
12.288000 210.095627
12.293333 210.078949
12.298667 210.107971
12.304000 209.974136
12.309334 209.614380
12.314667 209.309952
12.320000 209.302277
12.325334 209.489166
12.330667 209.650635
12.336000 209.659103
12.341333 209.511337
12.346666 209.288605
12.352000 104.498825
12.357333 104.039055
12.362667 475.256866
12.368000 475.436615
12.373333 483.920776
12.378667 100.899582
12.384000 208.379242
12.389334 207.887787
12.394667 207.311768
12.400000 206.790222
12.405334 206.512711
12.410666 206.549133
12.416000 206.833115
12.421333 207.124161
12.426666 207.107056
12.432000 206.921860
12.437333 206.930740
12.442667 207.307404
12.448000 207.815598
12.453333 208.053436
12.458667 208.096970
12.464000 208.128662
12.469334 208.253632
12.474667 208.398651
12.480000 208.342621
12.485333 208.180496
12.490666 208.152847
12.496000 208.307861
12.501333 208.467056
12.506667 208.452499
12.512000 208.426208
12.517333 208.552292
12.522667 208.855896
12.528000 209.164917
12.533334 209.295609
12.538667 209.493835
12.544000 209.939270
12.549334 210.411728
12.554667 210.722488
12.560000 210.883514
12.565333 210.817932
12.570666 210.485886
12.576000 210.022247
12.581333 209.608994
12.586667 209.466736
12.592000 495.543671
12.597333 212.747253
12.602667 212.414307
12.608000 211.765839
12.613334 210.994446
12.618667 209.833450
12.624000 208.748657
12.629333 208.098923
12.634666 138.141693
12.640000 205.907455
12.645333 204.228516
12.650666 203.017975
12.656000 313.605286
12.661333 314.450226
12.666667 314.909760
12.672000 314.706421
12.677333 311.718292
12.682667 308.382690
12.688000 308.533020
12.693334 308.455292
12.698667 307.833435
12.704000 307.977051
12.709333 310.009369
12.714666 311.817871
12.720000 312.706726
12.725333 313.335297
12.730667 314.425537
12.736000 104.488777
12.741333 220.812805
12.746667 221.594818
12.752000 104.848198
12.757334 312.179016
12.762667 312.365295
12.768000 313.381226
12.773334 315.251770
12.778666 104.115005
12.784000 104.162941
12.789333 104.159302
12.794666 104.110451
12.800000 104.284447
12.805333 104.269760
12.810667 104.149628
12.816000 104.141647
12.821333 104.781372
12.826667 104.490417
12.832000 309.637177
12.837334 157.491867
12.842667 156.697159
12.848000 104.463341
12.853333 104.403152
12.858666 104.069740
12.864000 103.583328
12.869333 363.600983
12.874666 362.937531
12.880000 364.897461
12.885333 367.447723
12.890667 105.711487
12.896000 393.825684
12.901334 396.849030
12.906667 403.471558
12.912000 409.930817
12.917334 411.244141
12.922667 410.798096
12.928000 410.788086
12.933333 411.275452
12.938666 411.721985
12.944000 195.201172
12.949333 193.836807
12.954667 187.484848
12.960000 187.738846
12.965333 187.540482
12.970667 187.293655
12.976000 186.832260
12.981334 185.987854
12.986667 185.289566
12.992000 185.029068
12.997334 184.909256
13.002666 184.818283
13.008000 184.749329
13.013333 184.724518
13.018666 184.735901
13.024000 184.733780
13.029333 184.700089
13.034667 184.515259
13.040000 184.057053
13.045333 183.581085
13.050667 183.409760
13.056000 183.399796
13.061334 183.346100
13.066667 183.285843
13.072000 183.402939
13.077333 183.663925
13.082666 183.909683
13.088000 184.020340
13.093333 184.032059
13.098666 184.123672
13.104000 184.380508
13.109333 184.676559
13.114667 184.974442
13.120000 185.428421
13.125334 186.013611
13.130667 186.399002
13.136000 186.523560
13.141334 186.712112
13.146667 187.943405
13.152000 188.219711
13.157333 184.924606
13.162666 184.842056
13.168000 184.815979
13.173333 184.853882
13.178667 184.922531
13.184000 184.922775
13.189333 184.928650
13.194667 184.963028
13.200000 184.951111
13.205334 184.807144
13.210667 184.632355
13.216000 184.650467
13.221334 184.890793
13.226666 185.174316
13.232000 185.336700
13.237333 185.411209
13.242666 185.475937
13.248000 185.464874
13.253333 185.256302
13.258667 184.962891
13.264000 184.644897
13.269333 349.017090
13.274667 318.700989
13.280000 318.565948
13.285334 318.422150
13.290667 157.991623
13.296000 337.567963
13.301333 336.664703
13.306666 312.514252
13.312000 317.518494
13.317333 123.801659
13.322667 123.584198
13.328000 123.444214
13.333333 123.468582
13.338667 185.958908
13.344000 185.311813
13.349334 184.795441
13.354667 363.546356
13.360000 360.916046
13.365334 361.356628
13.370667 361.161591
13.376000 363.127747
13.381333 374.262360
13.386666 377.238770
13.392000 245.200409
13.397333 153.924728
13.402667 154.133438
13.408000 356.122833
13.413333 356.189728
13.418667 389.090942
13.424000 185.976334
13.429334 185.310135
13.434667 185.695023
13.440000 187.344742
13.445333 187.336639
13.450666 183.144196
13.456000 180.963623
13.461333 180.995743
13.466666 181.359055
13.472000 181.715210
13.477333 182.152679
13.482667 182.622086
13.488000 182.877106
13.493333 182.919022
13.498667 182.841904
13.504000 182.702774
13.509334 182.487381
13.514667 182.196594
13.520000 182.007874
13.525333 182.111191
13.530666 182.437408
13.536000 182.784241
13.541333 183.041199
13.546667 183.251144
13.552000 183.457794
13.557333 183.539139
13.562667 183.442581
13.568000 183.318573
13.573334 183.304840
13.578667 183.434219
13.584000 183.595932
13.589334 183.563217
13.594666 183.305069
13.600000 182.942764
13.605333 182.658768
13.610666 182.604141
13.616000 182.726517
13.621333 182.752136
13.626667 182.476990
13.632000 182.212296
13.637333 547.015198
13.642667 183.315598
13.648000 184.414581
13.653334 184.630768
13.658667 184.533554
13.664000 184.856400
13.669333 156.920578
13.674666 157.194687
13.680000 367.240479
13.685333 316.079285
13.690666 316.543640
13.696000 316.535645
13.701333 316.227448
13.706667 316.024231
13.712000 316.013855
13.717334 184.756363
13.722667 184.650864
13.728000 184.348053
13.733334 184.070526
13.738667 183.914886
13.744000 183.744354
13.749333 183.528793
13.754666 183.412872
13.760000 183.489853
13.765333 183.731689
13.770667 184.017700
13.776000 184.290665
13.781333 184.504440
13.786667 184.653839
13.792000 184.760010
13.797334 184.874985
13.802667 185.075073
13.808000 185.297882
13.813334 185.306244
13.818666 185.094131
13.824000 184.869766
13.829333 184.666046
13.834666 365.331451
13.840000 363.876831
13.845333 360.522888
13.850667 360.596619
13.856000 367.194061
13.861333 369.549805
13.866667 370.355621
13.872000 370.760834
13.877334 370.580078
13.882667 321.911133
13.888000 320.075897
13.893333 185.510223
13.898666 185.728165
13.904000 357.740906
13.909333 359.685028
13.914667 356.582825
13.920000 106.522217
13.925333 153.579987
13.930667 270.639587
13.936000 181.341843
13.941334 181.325150
13.946667 180.522415
13.952000 179.965042
13.957334 179.652618
13.962667 179.052124
13.968000 143.910309
13.973333 289.103363
13.978666 289.409149
13.984000 177.409393
13.989333 177.743820
13.994667 140.946609
14.000000 141.850327
14.005333 177.854675
14.010667 177.813766
14.016000 177.813095
14.021334 178.075531
14.026667 178.665802
14.032000 178.949890
14.037333 212.618073
14.042666 179.041946
14.048000 179.303879
14.053333 179.426331
14.058666 179.235321
14.064000 178.775864
14.069333 178.390854
14.074667 178.272614
14.080000 178.310867
14.085333 178.103394
14.090667 177.377731
14.096000 176.728653
14.101334 176.404953
14.106667 176.382004
14.112000 176.660675
14.117333 177.113510
14.122666 177.437134
14.128000 177.354446
14.133333 177.090668
14.138667 177.689468
14.144000 178.326462
14.149333 89.229927
14.154667 178.750977
14.160000 178.623291
14.165334 169.088852
14.170667 171.445572
14.176000 171.234848
14.181334 492.228851
14.186666 491.360718
14.192000 490.774048
14.197333 490.936890
14.202666 165.866531
14.208000 123.047791
14.213333 260.377716
14.218667 261.374878
14.224000 263.236572
14.229333 265.656311
14.234667 267.742493
14.240000 268.978546
14.245334 269.165192
14.250667 268.257782
14.256000 266.856140
14.261333 186.991226
14.266666 186.719742
14.272000 277.835297
14.277333 276.949982
14.282666 278.818298
14.288000 282.121155
14.293333 283.027557
14.298667 104.129868
14.304000 158.507996
14.309334 159.002167
14.314667 166.453140
14.320000 403.108978
14.325334 431.024567
14.330667 399.003296
14.336000 398.586365
14.341333 399.152405
14.346666 398.915894
14.352000 281.875580
14.357333 282.395782
14.362667 397.085938
14.368000 383.974304
14.373333 367.280670
14.378667 356.660767
14.384000 353.208862
14.389334 353.464050
14.394667 351.392761
14.400000 347.850128
14.405334 336.714325
14.410666 366.463745
14.416000 366.922119
14.421333 189.739380
14.426666 187.355011
14.432000 59.283680
14.437333 485.739502
14.442667 169.821075
14.448000 174.994110
14.453333 175.691513
14.458667 175.438690
14.464000 175.351105
14.469334 175.385925
14.474667 175.431320
14.480000 175.428574
14.485333 175.339111
14.490666 175.237640
14.496000 175.226608
14.501333 175.229752
14.506667 175.172363
14.512000 175.065048
14.517333 174.872299
14.522667 174.649643
14.528000 174.590591
14.533334 174.767700
14.538667 174.928833
14.544000 174.949707
14.549334 175.014099
14.554667 175.141983
14.560000 175.179031
14.565333 175.109268
14.570666 175.105316
14.576000 175.115387
14.581333 174.706726
14.586667 389.459137
14.592000 390.123016
14.597333 234.466125
14.602667 234.090775
14.608000 175.509323
14.613334 175.548935
14.618667 175.274582
14.624000 174.911957
14.629333 507.646393
14.634666 483.667664
14.640000 466.713928
14.645333 461.910156
14.650666 176.754929
14.656000 177.572235
14.661333 178.157410
14.666667 178.677185
14.672000 178.991318
14.677333 129.653152
14.682667 131.811630
14.688000 0.000000
14.693334 92.609543
14.698667 92.767380
14.704000 275.832397
14.709333 275.712616
14.714666 116.080299
14.720000 121.171654
14.725333 365.480286
14.730667 364.856384
14.736000 313.512451
14.741333 314.242249
14.746667 315.213257
14.752000 316.165466
14.757334 130.563263
14.762667 130.119644
14.768000 186.108124
14.773334 185.869202
14.778666 185.729126
14.784000 185.719742
14.789333 92.902588
14.794666 92.814247
14.800000 92.782524
14.805333 398.065765
14.810667 397.894531
14.816000 397.322388
14.821333 396.601379
14.826667 185.310669
14.832000 185.223969
14.837334 341.641235
14.842667 339.362335
14.848000 339.388977
14.853333 341.657867
14.858666 134.071381
14.864000 211.747223
14.869333 83.384140
14.874666 83.325531
14.880000 137.311691
14.885333 137.546158
14.890667 137.944550
14.896000 138.023483
14.901334 138.031723
14.906667 137.882278
14.912000 212.154022
14.917334 210.862000
14.922667 217.744141
14.928000 135.365646
14.933333 135.366867
14.938666 104.903069
14.944000 104.898521
14.949333 145.730209
14.954667 154.866211
14.960000 155.721298
14.965333 155.746292
14.970667 155.456131
14.976000 155.174744
14.981334 155.128250
14.986667 155.005936
14.992000 154.836212
14.997334 154.813217
