0.000000 1090.868286
0.005333 1050.454956
0.010667 310.328949
0.016000 197.547913
0.021333 198.730774
0.026667 199.000061
0.032000 198.756622
0.037333 197.688828
0.042667 195.466583
0.048000 194.157806
0.053333 193.564362
0.058667 193.525925
0.064000 193.929230
0.069333 194.541458
0.074667 195.055740
0.080000 195.349716
0.085333 195.565720
0.090667 195.678833
0.096000 195.645676
0.101333 195.570587
0.106667 131.313293
0.112000 131.388596
0.117333 131.580505
0.122667 157.338303
0.128000 157.932037
0.133333 400.312286
0.138667 396.595642
0.144000 394.585205
0.149333 393.559296
0.154667 392.256531
0.160000 390.033447
0.165333 387.106995
0.170667 383.610138
0.176000 384.328278
0.181333 66.385376
0.186667 0.000000
0.192000 0.000000
0.197333 12226.933594
0.202667 12248.868164
0.208000 12306.764648
0.213333 428.464691
0.218667 0.000000
0.224000 0.000000
0.229333 0.000000
0.234667 3263.381348
0.240000 3239.576416
0.245333 3236.350098
0.250667 3255.981934
0.256000 82.166290
0.261333 81.860794
0.266667 158.679260
0.272000 123.134918
0.277333 58.515816
0.282667 90.954178
0.288000 91.011772
0.293333 210.487259
0.298667 531.781128
0.304000 349.812988
0.309333 350.009857
0.314667 350.416840
0.320000 350.661194
0.325333 350.800598
0.330667 174.017319
0.336000 350.601318
0.341333 350.272461
0.346667 349.812378
0.352000 349.156555
0.357333 348.767487
0.362667 209.217667
0.368000 209.144455
0.373333 209.415375
0.378667 209.666199
0.384000 209.713989
0.389333 209.606461
0.394667 209.392792
0.400000 209.139847
0.405333 208.976761
0.410667 208.935959
0.416000 208.971161
0.421333 209.045883
0.426667 209.176010
0.432000 209.412766
0.437333 209.817657
0.442667 174.391739
0.448000 354.087311
0.453333 354.908112
0.458667 355.579865
0.464000 355.550171
0.469333 355.123352
0.474667 354.937164
0.480000 176.793274
0.485333 176.253036
0.490667 169.662643
0.496000 169.204620
0.501333 164.147446
0.506667 164.433990
0.512000 159.686600
0.517333 159.827164
0.522667 152.381378
0.528000 151.878876
0.533333 147.739502
0.538667 147.797470
0.544000 68.966331
0.549333 68.981277
0.554667 1009.941528
0.560000 1025.866821
0.565333 61.669071
0.570667 349.994202
0.576000 348.273315
0.581333 479.795197
0.586667 487.763458
0.592000 501.178253
0.597333 253.279922
0.602667 254.873810
0.608000 255.953293
0.613333 256.879211
0.618667 540.032104
0.624000 538.088318
0.629333 538.194458
0.634667 176.287735
0.640000 176.056961
0.645333 175.138550
0.650667 174.336960
0.656000 173.895111
0.661333 204.870926
0.666667 206.071777
0.672000 207.108185
0.677333 173.040009
0.682667 173.227005
0.688000 173.212708
0.693333 173.135117
0.698667 173.167526
0.704000 172.934479
0.709333 171.478119
0.714667 85.881096
0.720000 85.638603
0.725333 170.771271
0.730667 169.706009
0.736000 634.908203
0.741333 618.175354
0.746667 105.535637
0.752000 545.163452
0.757333 529.082397
0.762667 520.498352
0.768000 70.114861
0.773333 70.129951
0.778667 350.629883
0.784000 350.565887
0.789333 350.651794
0.794667 350.720642
0.800000 350.807953
0.805333 350.791138
0.810667 350.538666
0.816000 350.293182
0.821333 350.037170
0.826667 349.529144
0.832000 348.968719
0.837333 160.350082
0.842667 159.715881
0.848000 160.201538
0.853333 161.098846
0.858667 167.462585
0.864000 174.670853
0.869333 175.128983
0.874667 175.154739
0.880000 174.910843
0.885333 174.607376
0.890667 174.480255
0.896000 174.487396
0.901333 174.518921
0.906667 174.533447
0.912000 174.507156
0.917333 174.399857
0.922667 174.296921
0.928000 174.320526
0.933333 174.505264
0.938667 174.728821
0.944000 174.916031
0.949333 175.037033
0.954667 175.096298
0.960000 175.125641
0.965333 175.077576
0.970667 174.935989
0.976000 174.762894
0.981333 174.628616
0.986667 174.519119
0.992000 174.409042
0.997333 174.319550
1.002667 174.335648
1.008000 174.506653
1.013333 174.692719
1.018667 174.746826
1.024000 174.741730
1.029333 174.897247
1.034667 175.118454
1.040000 175.271667
1.045333 175.496902
1.050667 175.803284
1.056000 176.019775
1.061333 176.041214
1.066667 175.804718
1.072000 175.067596
1.077333 173.940720
1.082667 172.742126
1.088000 338.560791
1.093333 336.336212
1.098667 335.316650
1.104000 334.529053
1.109333 332.957001
1.114667 328.986969
1.120000 322.336212
1.125333 204.110092
1.130667 203.662796
1.136000 202.209747
1.141333 200.359818
1.146667 199.752930
1.152000 200.133560
1.157333 0.000000
1.162667 160.706924
1.168000 137.275284
1.173333 87.536606
1.178667 1290.713501
1.184000 104.878258
1.189333 105.692795
1.194667 105.936134
1.200000 161.702881
1.205333 163.394592
1.210667 165.039093
1.216000 165.943909
1.221333 481.394348
1.226667 344.384430
1.232000 350.048645
1.237333 351.871216
1.242667 353.104004
1.248000 354.686096
1.253333 358.089844
1.258667 550.520020
1.264000 365.311340
1.269333 368.430573
1.274667 370.734467
1.280000 372.508270
1.285333 374.744598
1.290667 376.430542
1.296000 577.501953
1.301333 127.278946
1.306667 127.571640
1.312000 128.078033
1.317333 1082.320068
1.322667 1072.032715
1.328000 1075.244629
1.333333 1095.694214
1.338667 387.720459
1.344000 390.326202
1.349333 391.808533
1.354667 393.749847
1.360000 396.184723
1.365333 199.835815
1.370667 200.427155
1.376000 201.144257
1.381333 203.564941
1.386667 205.145981
1.392000 205.301712
1.397333 205.452118
1.402667 205.786179
1.408000 206.197342
1.413333 206.559387
1.418667 206.744583
1.424000 103.921562
1.429333 176.181595
1.434667 176.110809
1.440000 176.176147
1.445333 176.380432
1.450667 411.055664
1.456000 411.339417
1.461333 311.464386
1.466667 311.447266
1.472000 207.285400
1.477333 207.305832
1.482667 207.398224
1.488000 207.533478
1.493333 207.656769
1.498667 207.846008
1.504000 208.032608
1.509333 208.068665
1.514667 207.956711
1.520000 207.862701
1.525333 207.808929
1.530667 207.626419
1.536000 207.263031
1.541333 207.121094
1.546667 207.433243
1.552000 207.762115
1.557333 207.934921
1.562667 207.954727
1.568000 207.824265
1.573333 207.713867
1.578667 207.751938
1.584000 207.829056
1.589333 207.754745
1.594667 207.666779
1.600000 207.655579
1.605333 207.560165
1.610667 207.189270
1.616000 206.617615
1.621333 138.408707
1.626667 1297.354004
1.632000 1263.339966
1.637333 1244.501831
1.642667 206.542007
1.648000 206.416183
1.653333 206.266830
1.658667 206.269791
1.664000 206.441086
1.669333 206.456482
1.674667 413.542236
1.680000 413.808563
1.685333 413.219666
1.690667 411.461823
1.696000 409.745392
1.701333 408.709137
1.706667 407.648071
1.712000 406.202637
1.717333 203.367706
1.722667 404.104706
1.728000 403.115265
1.733333 401.930603
1.738667 400.594818
1.744000 399.466949
1.749333 398.862732
1.754667 398.161987
1.760000 396.828888
1.765333 394.780762
1.770667 393.530396
1.776000 392.993561
1.781333 392.778381
1.786667 392.767426
1.792000 567.449768
1.797333 563.428772
1.802667 561.396118
1.808000 560.176025
1.813333 560.204285
1.818667 561.664917
1.824000 561.268677
1.829333 558.100525
1.834667 553.709106
1.840000 550.908142
1.845333 553.679565
1.850667 559.362366
1.856000 561.867554
1.861333 559.773071
1.866667 546.536804
1.872000 487.568665
1.877333 486.997742
1.882667 487.847260
1.888000 149.811630
1.893333 490.724823
1.898667 490.212219
1.904000 490.360504
1.909333 490.550446
1.914667 490.292023
1.920000 489.917480
1.925333 490.602051
1.930667 152.760406
1.936000 4291.498535
1.941333 4378.601562
1.946667 4479.226562
1.952000 157.994125
1.957333 4307.096191
1.962667 4249.745117
1.968000 4270.475098
1.973333 4274.984863
1.978667 4259.617188
1.984000 263.827820
1.989333 263.636322
1.994667 263.784576
2.000000 264.026672
2.005333 264.265503
2.010667 263.818817
2.016000 275.041077
2.021333 260.011078
2.026667 389.816071
2.032000 269.507172
2.037333 279.848694
2.042667 280.501678
2.048000 281.242157
2.053333 281.748962
2.058667 141.292862
2.064000 140.774414
2.069333 144.927658
2.074667 3494.571533
2.080000 3482.479248
2.085333 150.975647
2.090667 85.593933
2.096000 77.763596
2.101333 136.726395
2.106667 140.500519
2.112000 326.503784
2.117333 353.125671
2.122667 352.208221
2.128000 351.614166
2.133333 355.580841
2.138667 359.097229
2.144000 358.600891
2.149333 357.457031
2.154667 355.110352
2.160000 353.479065
2.165333 352.706909
2.170667 351.990631
2.176000 351.709686
2.181333 352.316742
2.186667 353.668762
2.192000 354.899658
2.197333 355.778687
2.202667 356.600739
2.208000 357.050476
2.213333 356.627991
2.218667 355.481415
2.224000 355.299316
2.229333 356.009583
2.234667 356.150757
2.240000 355.715607
2.245333 355.194824
2.250667 354.971130
2.256000 354.615112
2.261333 354.508728
2.266667 354.997314
2.272000 355.480347
2.277333 355.448608
2.282667 355.180847
2.288000 354.999786
2.293333 354.635437
2.298667 354.081604
2.304000 4099.365234
2.309333 4101.586426
2.314667 4072.352051
2.320000 4051.750488
2.325333 299.765411
2.330667 299.148682
2.336000 299.768402
2.341333 300.668701
2.346667 302.161530
2.352000 304.828705
2.357333 305.600830
2.362667 305.110657
2.368000 304.652649
2.373333 304.590240
2.378667 304.664429
2.384000 304.605316
2.389333 304.529663
2.394667 304.731262
2.400000 305.747284
2.405333 307.078278
2.410667 307.847961
2.416000 308.362183
2.421333 308.746490
2.426667 309.096832
2.432000 309.210083
2.437333 308.562439
2.442667 308.375977
2.448000 308.357025
2.453333 307.861145
2.458667 307.365936
2.464000 307.603943
2.469333 308.198639
2.474667 307.840546
2.480000 306.060150
2.485333 323.699799
2.490667 4171.881348
2.496000 4171.585449
2.501333 4116.701660
2.506667 4057.994629
2.512000 4058.112793
2.517333 4074.785156
2.522667 4065.005371
2.528000 4017.579102
2.533333 3956.122559
2.538667 3912.734131
2.544000 3902.126709
2.549333 3857.457031
2.554667 784.905823
2.560000 155.109909
2.565333 789.976318
2.570667 362.100311
2.576000 362.418549
2.581333 357.571045
2.586667 353.937134
2.592000 352.797180
2.597333 352.532501
2.602667 352.760773
2.608000 353.110382
2.613333 353.245239
2.618667 353.157410
2.624000 352.643433
2.629333 351.459076
2.634667 349.020325
2.640000 342.957031
2.645333 344.741608
2.650667 347.690155
2.656000 349.402344
2.661333 350.296997
2.666667 350.688568
2.672000 350.434479
2.677333 350.303040
2.682667 350.944580
2.688000 351.474243
2.693333 351.572723
2.698667 351.330536
2.704000 351.296936
2.709333 4143.105469
2.714667 4107.699707
2.720000 4089.370850
2.725333 4086.666992
2.730667 4086.963867
2.736000 4085.904053
2.741333 4091.121094
2.746667 4122.705078
2.752000 4184.882324
2.757333 4223.112793
2.762667 4207.033691
2.768000 4158.179688
2.773333 4163.601074
2.778667 4215.501953
2.784000 4259.946289
2.789333 4273.532715
2.794667 4309.164551
2.800000 296.499817
2.805333 297.435699
2.810667 299.634399
2.816000 304.035431
2.821333 305.735748
2.826667 306.283569
2.832000 306.568481
2.837333 306.795715
2.842667 307.055420
2.848000 307.501648
2.853333 308.447723
2.858667 309.580078
2.864000 310.357880
2.869333 310.139496
2.874667 309.446594
2.880000 309.606354
2.885333 310.376221
2.890667 311.251831
2.896000 311.570618
2.901333 310.881866
2.906667 309.390717
2.912000 307.824158
2.917333 305.580231
2.922667 300.334961
2.928000 316.583557
2.933333 677.251282
2.938667 4228.659180
2.944000 4191.645508
2.949333 4213.474609
2.954667 3656.596924
2.960000 11491.462891
2.965333 11187.329102
2.970667 10983.169922
2.976000 10810.489258
2.981333 10590.498047
2.986667 10343.765625
2.992000 10120.785156
2.997333 9884.046875
