0.000000 1428.479370
0.005805 647.137085
0.011610 650.001038
0.017415 653.863647
0.023220 132.497620
0.029025 883.550293
0.034830 881.332947
0.040635 632.102539
0.046440 628.485962
0.052245 626.323914
0.058050 625.245178
0.063855 313.804382
0.069660 314.616974
0.075465 315.730713
0.081270 316.925720
0.087075 317.215820
0.092880 316.713409
0.098685 316.521912
0.104490 316.608826
0.110295 316.612671
0.116100 316.478546
0.121905 316.354065
0.127710 316.199493
0.133515 316.023956
0.139320 315.880615
0.145125 315.693207
0.150930 315.236053
0.156735 314.668640
0.162540 2629.606201
0.168345 651.029907
0.174150 657.805054
0.179955 665.143860
0.185760 672.713867
0.191565 678.539490
0.197370 528.308044
0.203175 525.117004
0.208980 336.638794
0.214785 1582.891846
0.220590 1573.250488
0.226395 275.866241
0.232200 275.429718
0.238005 943.541199
0.243810 941.789551
0.249615 939.937012
0.255419 260.511627
0.261224 259.852112
0.267029 259.285248
0.272834 586.090454
0.278639 588.254761
0.284444 313.785431
0.290249 314.784698
0.296054 316.861786
0.301859 329.631775
0.307664 332.491516
0.313469 334.066803
0.319274 335.187469
0.325079 336.416870
0.330884 337.553009
0.336689 338.230652
0.342494 338.127594
0.348299 336.786224
0.354104 334.133636
0.359909 331.709778
0.365714 330.389191
0.371519 328.885529
0.377324 324.224365
0.383129 105.449646
0.388934 212.094315
0.394739 212.160614
0.400544 212.054108
0.406349 105.794022
0.412154 105.774429
0.417959 105.695305
0.423764 281.649323
0.429569 282.554779
0.435374 283.317596
0.441179 284.128418
0.446984 284.861023
0.452789 228.675186
0.458594 159.955673
0.464399 317.624512
0.470204 315.766724
0.476009 313.262665
0.481814 312.590485
0.487619 313.213806
0.493424 313.517395
0.499229 312.672974
0.505034 310.525421
0.510839 306.314728
0.516644 302.406311
0.522449 300.136719
0.528254 296.785706
0.534059 290.725433
0.539864 288.150848
0.545669 274.814392
0.551474 272.960327
0.557279 271.670471
0.563084 268.999908
0.568889 261.967560
0.574694 248.251694
0.580499 246.168320
0.586304 246.945786
0.592109 247.593323
0.597914 208.224915
0.603719 211.150314
0.609524 204.445480
0.615329 196.736115
0.621134 640.355286
0.626939 645.717346
0.632744 650.163330
0.638549 652.070312
0.644354 651.763855
0.650159 639.169189
0.655964 628.075623
0.661769 624.929199
0.667574 623.704651
0.673379 622.643982
0.679184 314.339142
0.684989 314.626740
0.690794 315.466339
0.696599 316.663483
0.702404 317.499390
0.708209 317.033783
0.714014 315.997467
0.719819 315.827209
0.725624 316.514862
0.731429 316.978638
0.737234 316.828369
0.743039 316.512604
0.748844 316.549286
0.754649 317.155853
0.760454 318.061981
0.766258 660.000061
0.772063 661.776245
0.777869 655.674683
0.783673 649.844238
0.789478 646.623474
0.795283 643.874817
0.801088 640.615112
0.806893 636.598755
0.812698 634.166870
0.818503 644.740540
0.824308 659.113586
0.830113 661.826233
0.835918 660.798950
0.841723 655.985840
0.847528 272.130737
0.853333 271.391357
0.859138 270.653687
0.864943 269.356873
0.870748 648.517578
0.876553 649.217590
0.882358 644.871582
0.888163 634.673340
0.893968 310.766876
0.899773 310.794098
0.905578 312.305267
0.911383 643.011963
0.917188 648.936035
0.922993 325.787292
0.928798 656.656189
0.934603 660.345825
0.940408 663.903748
0.946213 664.111389
0.952018 334.777039
0.957823 615.983704
0.963628 608.062256
0.969433 603.069214
0.975238 331.343018
0.981043 331.600800
0.986848 332.050262
0.992653 332.921997
0.998458 333.878632
1.004263 334.482788
1.010068 214.156479
1.015873 214.249680
1.021678 214.309189
1.027483 333.152130
1.033288 331.108032
1.039093 331.522766
1.044898 333.567780
1.050703 334.582611
1.056508 333.854797
1.062313 332.404633
1.068118 330.860107
1.073923 329.111816
1.079728 328.284760
1.085533 107.251968
1.091338 331.490387
1.097143 332.904938
1.102948 112.660423
1.108753 112.477844
1.114558 112.269722
1.120363 328.870819
1.126168 331.250153
1.131973 332.438751
1.137778 332.767609
1.143583 333.510010
1.149388 333.640808
1.155193 332.069427
1.160998 330.421448
1.166803 329.122894
1.172608 327.829071
1.178413 326.568848
1.184218 325.725708
1.190023 546.795410
1.195828 548.655334
1.201633 306.549164
1.207438 305.395233
1.213243 727.008667
1.219048 733.477417
1.224853 733.429443
1.230658 727.815369
1.236463 316.840302
1.242268 316.726990
1.248073 316.217346
1.253878 316.679779
1.259683 317.203857
1.265488 316.949921
1.271293 316.320099
1.277097 315.992920
1.282902 316.130798
1.288707 316.379456
1.294513 316.416748
1.300317 316.606201
1.306122 317.349030
1.311927 317.806000
1.317732 2232.383301
1.323537 316.511566
1.329342 316.300415
1.335147 316.554718
1.340952 316.879242
1.346757 316.894257
1.352562 316.401855
1.358367 315.333160
1.364172 315.983002
1.369977 320.092010
1.375782 320.320374
1.381587 320.105713
1.387392 624.250916
1.393197 212.544083
1.399002 212.571686
1.404807 211.887573
1.410612 211.104019
1.416417 210.882309
1.422222 210.903427
1.428027 247.017288
1.433832 526.270508
1.439637 525.275513
1.445442 527.869385
1.451247 531.376953
1.457052 534.151733
1.462857 526.205505
1.468662 515.595642
1.474467 511.005341
1.480272 506.700714
1.486077 105.493271
1.491882 133.784393
1.497687 243.945465
1.503492 241.344620
1.509297 239.075714
1.515102 239.298874
1.520907 183.407379
1.526712 182.945038
1.532517 548.315186
1.538322 183.430603
1.544127 108.093803
1.549932 107.540504
1.555737 107.051086
1.561542 106.724258
1.567347 106.533600
1.573152 266.413269
1.578957 265.203949
1.584762 263.895172
1.590567 263.817780
1.596372 303.906891
1.602177 302.303955
1.607982 149.509750
1.613787 148.802765
1.619592 177.167175
1.625397 176.062195
1.631202 175.193420
1.637007 145.700333
1.642812 145.303421
1.648617 172.910309
1.654422 210.648758
1.660227 171.104065
1.666032 171.423981
1.671837 527.356506
1.677642 208.576096
1.683447 209.492493
1.689252 264.147980
1.695057 264.351013
1.700862 265.957886
1.706667 267.801056
1.712472 541.530640
1.718277 160.398407
1.724082 160.528442
1.729887 160.474106
1.735692 160.479340
1.741497 573.802734
1.747302 584.030090
1.753107 294.533295
1.758912 1328.078979
1.764717 619.062927
1.770522 625.538940
1.776327 631.938965
1.782132 641.054626
1.787936 649.517212
1.793741 652.204285
1.799546 647.049683
1.805351 218.251740
1.811157 218.511475
1.816961 217.926483
1.822766 215.924484
1.828571 212.382935
1.834376 211.643433
1.840181 656.133850
1.845986 657.311096
1.851791 658.747559
1.857596 659.548706
1.863401 870.369263
1.869206 210.858612
1.875011 210.052490
1.880816 315.755432
1.886621 132.097031
1.892426 316.337677
1.898231 316.126221
1.904036 316.445007
1.909841 105.011391
1.915646 354.465393
1.921451 349.027649
1.927256 346.483917
1.933061 342.908112
1.938866 332.662292
1.944671 329.095062
1.950476 327.235443
1.956281 322.248047
1.962086 320.386047
1.967891 321.215485
1.973696 647.586731
1.979501 645.059021
1.985306 321.308929
1.991111 320.812927
1.996916 320.263031
2.002721 319.456085
2.008526 318.714233
2.014331 318.395416
2.020136 318.482269
2.025941 213.893723
2.031746 214.665665
2.037551 318.024597
2.043356 317.659973
2.049161 317.510681
2.054966 317.484528
2.060771 317.677734
2.066576 317.841522
2.072381 317.690399
2.078186 319.219147
2.083991 162.486084
2.089796 643.505432
2.095601 642.110596
2.101406 638.717773
2.107211 171.355957
2.113016 171.749069
2.118821 172.181076
2.124626 85.990768
2.130431 84.270790
2.136236 82.459229
2.142041 80.251640
2.147846 77.498665
2.153651 89.116356
2.159456 88.977448
2.165261 75.966873
2.171066 154.120209
2.176871 154.087173
2.182676 314.643616
2.188481 314.708313
2.194286 315.347198
2.200091 316.481964
2.205896 317.861237
2.211701 319.023529
2.217506 160.292130
2.223311 160.552811
2.229116 335.339386
2.234921 213.550354
2.240726 213.704437
2.246531 164.157394
2.252336 164.303452
2.258141 212.666977
2.263946 212.736313
2.269751 212.795654
2.275556 212.697586
2.281361 336.202789
2.287166 335.712891
2.292970 162.295090
2.298775 162.042923
2.304580 162.005997
2.310385 331.948059
2.316190 331.889923
2.321995 331.678223
2.327801 331.027008
2.333606 161.038513
2.339411 160.456894
2.345215 160.113235
2.351020 311.568329
2.356825 304.232605
2.362630 303.026245
2.368435 302.598724
2.374240 313.980377
2.380045 314.776886
2.385850 315.539368
2.391655 317.054291
2.397460 322.812927
2.403265 326.086273
2.409070 163.338760
2.414875 163.176895
2.420680 163.002838
2.426485 329.961945
2.432290 329.916626
2.438095 330.489868
2.443900 330.987061
2.449705 422.479950
2.455510 422.604340
2.461315 211.867126
2.467120 196.255524
2.472925 196.718796
2.478730 196.637711
2.484535 632.930420
2.490340 634.834900
2.496145 847.574097
2.501950 850.252869
2.507755 151.838287
2.513560 151.546265
2.519365 151.665283
2.525170 151.907990
2.530975 316.209351
2.536780 315.881714
2.542585 315.827026
2.548390 315.982452
2.554195 316.025940
2.560000 158.085129
2.565805 157.987335
2.571610 157.941299
2.577415 157.901199
2.583220 157.758850
2.589025 91.419327
2.594830 319.125214
2.600635 318.810181
2.606440 319.115967
2.612245 322.809570
2.618050 330.248840
2.623855 333.399689
2.629660 335.200104
2.635465 336.170746
2.641270 336.711334
2.647075 337.377350
2.652880 337.927429
2.658685 337.408142
2.664490 796.000244
2.670295 798.140686
2.676100 669.862854
2.681905 670.364563
2.687710 672.088745
2.693515 673.800293
2.699320 942.705139
2.705125 0.000000
2.710930 0.000000
2.716735 0.000000
2.722540 166.067932
2.728345 165.437820
2.734150 0.000000
2.739955 831.430115
2.745760 824.059265
2.751565 816.380615
2.757370 676.466736
2.763175 208.796417
2.768980 616.771729
2.774785 610.235168
2.780590 611.615173
2.786395 621.213989
2.792200 312.779205
2.798005 311.586060
2.803810 309.501007
2.809614 308.110474
2.815419 307.617920
2.821224 102.137787
2.827029 102.106056
2.832834 212.534348
2.838639 212.421524
2.844445 1150.156006
2.850250 1143.264771
2.856054 1136.480225
2.861859 102.148705
2.867664 106.679062
2.873469 106.682060
2.879274 101.640984
2.885079 211.125931
2.890884 563.412842
2.896689 584.632874
2.902494 636.385620
2.908299 652.856689
2.914104 331.366577
2.919909 332.661102
2.925714 334.926056
2.931519 363.724548
2.937324 366.494202
2.943129 372.797058
2.948934 382.420685
2.954739 389.420837
2.960544 391.258942
2.966349 389.925262
2.972154 386.187592
2.977959 381.690491
2.983764 377.672058
2.989569 372.649200
2.995374 780.908508
3.001179 773.313110
3.006984 646.848206
3.012789 645.863037
3.018594 237.837540
3.024399 191.770752
3.030204 191.603760
3.036009 180.096344
3.041814 187.849579
3.047619 120.664223
3.053424 671.069153
3.059229 668.291504
3.065034 667.349731
3.070839 387.109833
3.076644 162.687653
3.082449 162.756485
3.088254 324.108704
3.094059 324.995758
3.099864 326.679779
3.105669 634.596680
3.111474 631.934204
3.117279 630.660950
3.123084 629.186523
3.128889 166.526703
3.134694 166.751801
3.140499 166.775314
3.146304 166.683594
3.152109 166.532227
3.157914 166.316437
3.163719 322.749329
3.169524 320.878357
3.175329 320.643341
3.181134 328.765442
3.186939 333.850494
3.192744 333.711823
3.198549 331.703857
3.204354 328.468048
3.210159 322.195770
3.215964 614.857422
3.221769 622.499817
3.227574 625.954346
3.233379 315.553650
3.239184 316.281464
3.244989 315.777679
3.250794 313.315338
3.256599 194.440491
3.262404 176.501099
3.268209 107.305244
3.274014 581.940979
3.279819 730.111694
3.285624 102.084961
3.291429 102.099945
3.297234 2289.515381
3.303039 2298.719971
3.308844 2300.206787
3.314649 2299.219971
3.320453 2307.883057
3.326258 2323.569580
3.332063 2326.045898
3.337868 2314.303223
3.343673 2300.546143
3.349478 727.656006
3.355283 717.099792
3.361089 97.809570
3.366894 97.766182
3.372698 165.079224
3.378503 165.123093
3.384308 332.167236
3.390113 332.469757
3.395918 332.513855
3.401723 330.644653
3.407528 328.991333
3.413333 575.938232
3.419138 333.498962
3.424943 336.511993
3.430748 640.456787
3.436553 642.893555
3.442358 646.585510
3.448163 648.611633
3.453968 645.597351
3.459773 641.713196
3.465578 644.012878
3.471383 652.257935
3.477188 212.051147
3.482993 171.684006
3.488798 171.653992
3.494603 660.077148
3.500408 656.755371
3.506213 647.864197
3.512018 647.348633
3.517823 653.274719
3.523628 656.836121
3.529433 330.015961
3.535238 329.648926
3.541043 330.596832
3.546848 175.323486
3.552653 175.612335
3.558458 175.592117
3.564263 337.068939
3.570068 343.470490
3.575873 346.783051
3.581678 347.669617
3.587483 347.012817
3.593288 344.912415
3.599093 343.025726
3.604898 345.215881
3.610703 348.528076
3.616508 348.361206
3.622313 338.512146
3.628118 164.314133
3.633923 164.036270
3.639728 163.560501
3.645533 163.188202
3.651338 147.699310
3.657143 87.074669
3.662948 305.241150
3.668753 307.316345
3.674558 678.697266
3.680363 322.807892
3.686168 319.959259
3.691973 317.471344
3.697778 316.101624
3.703583 315.071106
3.709388 314.746155
3.715193 315.587219
3.720998 317.316833
3.726803 390.491669
3.732608 131.045532
3.738413 131.357605
3.744218 131.529800
3.750023 157.409409
3.755828 157.572128
3.761633 126.533714
3.767438 126.291336
3.773243 745.920288
3.779048 741.293457
3.784853 316.525848
3.790658 316.881989
3.796463 317.324432
3.802268 764.014221
3.808073 212.434631
3.813878 702.590576
3.819683 329.141418
3.825488 213.340958
3.831293 212.212769
3.837097 211.050400
3.842902 210.283478
3.848707 209.923340
3.854512 210.297470
3.860317 211.398972
3.866122 211.375793
3.871927 211.361450
3.877733 211.598984
3.883538 211.807709
3.889342 211.900894
3.895147 166.497849
3.900952 511.936981
3.906757 519.771484
3.912562 522.120605
3.918367 263.635254
3.924172 265.332306
3.929977 175.880325
3.935782 167.323105
3.941587 167.436462
3.947392 167.515427
3.953197 74.821648
3.959002 181.639069
3.964807 833.705322
3.970612 812.959045
3.976417 726.035767
3.982222 737.765259
3.988027 759.662415
3.993832 534.687622
3.999637 539.835632
4.005442 546.585693
4.011247 319.119843
4.017052 319.653473
4.022857 320.094696
4.028662 319.986755
4.034467 318.926636
4.040272 158.797241
4.046077 158.634384
4.051882 185.450089
4.057687 548.009094
4.063492 545.423035
4.069297 544.430481
4.075102 545.288391
4.080907 101.224754
4.086712 150.400848
4.092517 541.345215
4.098322 540.036621
4.104127 539.932434
4.109932 541.537842
4.115737 355.247833
4.121542 353.326782
4.127347 351.716766
4.133152 549.903809
4.138957 548.731750
4.144762 549.969971
4.150567 551.017029
4.156372 550.467712
4.162177 547.939331
4.167982 545.941345
4.173787 545.720825
4.179592 274.173035
4.185397 273.583282
4.191202 271.131683
4.197007 377.604034
4.202812 375.973846
4.208617 375.657379
4.214422 746.278320
4.220227 377.652802
4.226032 378.712067
4.231837 1207.171509
4.237642 0.000000
4.243447 0.000000
4.249252 252.003830
4.255057 235.658173
4.260862 194.052383
4.266667 211.611420
4.272471 107.032562
4.278276 107.237724
4.284081 661.253906
4.289886 126.791199
4.295691 652.268311
4.301497 646.125122
4.307302 232.201996
4.313107 626.325134
4.318912 622.360901
4.324717 622.112549
4.330522 621.465759
4.336327 211.454636
4.342132 212.830215
4.347937 212.913437
4.353742 112.501060
4.359547 112.466660
4.365352 112.488907
4.371157 1080.628784
4.376961 316.015839
4.382766 316.393494
4.388571 316.845306
4.394376 317.018311
4.400181 316.901672
4.405986 316.666016
4.411791 316.540894
4.417596 158.274597
4.423401 158.304718
4.429206 158.405319
4.435011 158.537216
4.440816 105.411247
4.446621 113.785133
4.452426 195.171478
4.458231 194.191162
4.464036 192.869125
4.469841 191.963470
4.475646 192.336853
4.481451 192.806015
4.487256 193.121292
4.493061 193.207413
4.498866 524.874756
4.504671 518.412781
4.510476 513.076294
4.516281 509.774200
4.522086 163.149429
4.527891 163.066452
4.533696 163.735336
4.539501 247.051987
4.545306 177.395004
4.551111 177.387512
4.556916 168.175903
4.562721 136.544189
4.568526 0.000000
4.574331 87.203979
4.580136 83.873627
4.585941 78.495872
4.591746 73.320099
4.597551 72.136154
4.603356 70.705437
4.609161 506.905975
4.614966 508.662048
4.620771 337.359985
4.626576 338.271851
4.632381 339.287323
4.638186 340.725983
4.643991 354.541107
4.649796 355.698273
4.655601 338.851776
4.661406 337.310486
4.667211 336.990662
4.673016 337.324310
4.678821 337.516724
4.684626 169.517944
4.690431 337.028809
4.696236 337.665192
4.702041 337.583252
4.707846 337.097595
4.713651 336.416290
4.719456 985.916260
4.725261 175.669479
4.731066 175.245071
4.736871 213.089539
4.742676 212.502274
4.748481 212.215851
4.754286 212.224594
4.760091 212.365448
4.765896 212.367981
4.771701 212.106705
4.777506 158.418823
4.783311 158.195908
4.789115 157.770172
4.794920 157.357910
4.800725 156.904434
4.806530 156.508835
4.812335 614.345398
4.818141 610.947815
4.823946 308.742554
4.829751 307.038086
4.835556 306.433258
4.841361 306.701111
4.847166 307.486176
4.852971 307.666107
4.858776 307.756104
4.864581 308.088470
4.870386 308.128601
4.876191 309.502045
4.881996 311.817383
4.887800 358.772705
4.893605 855.228638
4.899410 514.399414
4.905215 211.395416
4.911020 627.961792
4.916825 633.382446
4.922630 634.437988
4.928435 629.307190
4.934240 203.675278
4.940045 204.167664
4.945850 851.034302
4.951655 839.098389
4.957460 824.720825
4.963265 804.401489
4.969070 318.398773
4.974875 317.736603
4.980680 317.394531
4.986485 317.106079
4.992290 316.498383
4.998095 158.061768
5.003900 158.029144
5.009705 157.967667
5.015510 157.940475
5.021315 88.858498
5.027120 81.140915
5.032925 2607.106934
5.038730 2600.560303
5.044535 569.974121
5.050340 568.167664
5.056145 562.629944
5.061950 536.991455
5.067755 2235.706299
5.073560 2271.866455
5.079365 2295.896729
5.085170 2307.967285
5.090975 2307.032959
5.096780 2293.928711
5.102585 2286.837891
5.108390 2284.793945
5.114195 2277.563721
5.120000 2264.503906
5.125805 2257.785889
5.131610 2261.687500
5.137415 2268.770264
5.143220 2239.044678
5.149025 0.000000
5.154830 207.982315
5.160635 207.975311
5.166440 180.803055
5.172245 181.061844
5.178050 181.286972
5.183855 0.000000
5.189660 407.843781
5.195465 714.936096
5.201270 712.897644
5.207075 709.777771
5.212880 319.326385
5.218685 163.825775
5.224490 163.037537
5.230295 162.588531
5.236100 107.036667
5.241905 107.071198
5.247710 381.273865
5.253515 157.788589
5.259320 321.809387
5.265125 155.798248
5.270930 426.584473
5.276735 424.193420
5.282540 422.436462
5.288345 421.148895
5.294150 210.881027
5.299954 211.250534
5.305759 211.488037
5.311564 211.419952
5.317369 211.107971
5.323174 210.775101
5.328979 210.435791
5.334785 178.638870
5.340590 178.819168
5.346395 322.337036
5.352200 322.307220
5.358005 322.466400
5.363810 322.581421
5.369615 322.310394
5.375420 322.156586
5.381225 322.156403
5.387030 321.933868
5.392835 321.858978
5.398640 322.384735
5.404444 323.224426
5.410249 801.690247
5.416054 792.372131
5.421859 771.094055
5.427664 755.651184
5.433469 759.447205
5.439274 769.973389
5.445079 777.825867
5.450884 778.833435
5.456689 301.571198
5.462494 0.000000
5.468299 0.000000
5.474104 0.000000
5.479909 100.996964
5.485714 101.068985
5.491519 100.649933
5.497324 109.000702
5.503129 114.763962
5.508934 540.912109
5.514739 544.597839
5.520544 546.715820
5.526349 210.927399
5.532154 210.732651
5.537959 628.695557
5.543764 624.273621
5.549569 315.551697
5.555374 315.974976
5.561179 316.822113
5.566984 317.323669
5.572789 317.382263
5.578594 316.866425
5.584399 316.372467
5.590204 316.763855
5.596009 317.544983
5.601814 317.074890
5.607619 315.961792
5.613424 315.524963
5.619229 315.629425
5.625034 315.671143
5.630839 315.122009
5.636644 314.455475
5.642449 314.167328
5.648254 313.871857
5.654059 313.900970
5.659864 596.922241
5.665669 589.680969
5.671474 592.625671
5.677279 599.131531
5.683084 604.674316
5.688889 607.723145
5.694694 608.773438
5.700499 608.024597
5.706304 181.889847
5.712109 181.543396
5.717914 262.995026
5.723719 308.136932
5.729524 307.182587
5.735329 321.660461
5.741134 322.484009
5.746939 322.712341
5.752744 265.724915
5.758549 633.126221
5.764354 627.434448
5.770159 618.032837
5.775964 615.228516
5.781769 619.692078
5.787574 662.749146
5.793379 329.054596
5.799184 329.278564
5.804989 325.473969
5.810794 325.554565
5.816598 325.310303
5.822403 323.142303
5.828208 321.778717
5.834013 323.337952
5.839818 328.260376
5.845623 679.340393
5.851429 676.939941
5.857234 676.474304
5.863039 690.544495
5.868844 699.580688
5.874649 697.529419
5.880454 692.599243
5.886259 688.656860
5.892064 685.899170
5.897869 164.382736
5.903674 163.475754
5.909479 162.512680
5.915284 161.915787
5.921088 161.421310
5.926893 171.689240
5.932698 106.388878
5.938503 106.264046
5.944308 315.476898
5.950113 79.109833
5.955918 79.077782
5.961723 317.481750
5.967528 158.302536
5.973333 734.541870
5.979138 239.090271
5.984943 738.034607
5.990748 311.811707
5.996553 310.795746
6.002358 308.496277
6.008163 214.963257
6.013968 214.251556
6.019773 141.917404
6.025578 141.450119
6.031383 277.860321
6.037188 276.168884
6.042993 751.229919
6.048798 107.120636
6.054603 0.000000
6.060408 239.537064
6.066213 239.073212
6.072018 238.709625
6.077823 238.296890
6.083628 106.704498
6.089433 106.795418
6.095238 107.900177
6.101043 320.199677
6.106848 320.573242
6.112653 319.941406
6.118458 318.654907
6.124263 317.490509
6.130068 316.646637
6.135873 632.650085
6.141678 635.580688
6.147483 638.125427
6.153288 801.182800
6.159093 775.801758
6.164898 745.308533
6.170703 743.111633
6.176508 356.795441
6.182313 739.233765
6.188118 320.330353
6.193923 318.377533
6.199728 317.172089
6.205533 316.380432
6.211338 316.030029
6.217143 315.999664
6.222948 316.093719
6.228753 316.051086
6.234558 213.240723
6.240363 212.455673
6.246168 211.403625
6.251973 211.069122
6.257778 211.285477
6.263583 2118.436279
6.269388 211.072830
6.275193 211.083069
6.280998 211.244690
6.286803 211.585892
6.292608 212.031693
6.298413 211.567093
6.304218 210.931046
6.310023 272.640778
6.315828 211.256882
6.321633 495.210541
6.327438 497.324615
6.333242 504.279388
6.339047 509.693970
6.344852 513.861206
6.350657 516.632385
6.356462 515.661377
6.362267 228.570602
6.368073 227.330902
6.373878 172.218964
6.379683 198.341171
6.385488 198.214966
6.391293 152.235611
6.397098 111.421547
6.402903 495.158447
6.408708 150.041412
6.414513 692.483643
6.420318 705.064392
6.426123 716.590881
6.431927 307.491638
6.437732 362.177826
6.443537 358.768677
6.449342 354.902710
6.455147 177.688004
6.460952 179.025009
6.466757 179.658844
6.472562 180.215240
6.478367 363.349213
6.484172 364.530853
6.489977 362.716095
6.495782 271.384979
6.501587 273.092773
6.507392 135.376373
6.513197 135.128754
6.519002 134.702942
6.524807 134.490189
6.530612 134.678406
6.536417 134.694504
6.542222 134.535431
6.548027 107.928932
6.553832 107.963333
6.559637 108.082985
6.565442 271.624878
6.571247 271.407104
6.577052 272.261139
6.582857 182.349915
6.588662 182.821198
6.594467 182.942719
6.600272 182.979568
6.606077 183.245697
6.611882 183.819748
6.617687 184.754532
6.623492 185.465256
6.629297 185.434280
6.635102 185.091705
6.640907 185.085098
6.646712 186.017960
6.652517 558.712891
6.658322 563.359070
6.664127 570.584717
6.669932 197.729507
6.675737 238.824600
6.681542 238.536407
6.687347 238.009140
6.693152 208.324768
6.698957 211.503693
6.704762 212.862579
6.710567 322.253540
6.716372 324.579498
6.722177 326.467438
6.727982 328.288696
6.733787 328.871216
6.739592 326.898407
6.745397 323.327118
6.751202 321.612579
6.757007 821.154968
6.762812 325.508575
6.768617 330.972870
6.774422 330.164276
6.780227 322.359894
6.786032 317.083527
6.791837 315.699249
6.797642 151.015152
6.803447 295.710663
6.809252 298.597717
6.815057 299.795349
6.820862 299.509949
6.826667 298.307312
6.832472 296.887024
6.838277 295.757843
6.844081 295.144958
6.849886 296.389282
6.855691 300.193481
6.861496 307.518066
6.867301 311.644073
6.873106 313.174164
6.878911 314.191132
6.884717 315.189453
6.890522 158.424667
6.896327 159.788940
6.902132 161.300079
6.907937 161.532990
6.913742 324.787628
6.919547 325.164917
6.925352 324.910400
6.931157 324.322296
6.936962 323.176025
6.942767 321.673706
6.948571 159.309921
6.954376 161.899796
6.960181 162.745834
6.965986 497.691833
6.971791 99.326424
6.977596 124.433334
6.983401 156.759216
6.989206 156.492889
6.995011 71.411346
7.000816 83.564232
7.006621 83.534546
7.012426 293.290161
7.018231 294.530762
7.024036 319.586182
7.029841 317.929108
7.035646 337.679291
7.041451 212.560501
7.047256 342.554199
7.053061 342.905945
7.058866 175.525650
7.064671 175.300797
7.070476 680.683594
7.076281 687.147766
7.082086 210.630203
7.087891 211.013550
7.093696 211.763611
7.099501 212.172302
7.105306 212.388458
7.111111 212.469574
7.116916 212.376465
7.122721 960.999023
7.128526 967.922241
7.134331 977.142395
7.140136 981.715576
7.145941 211.929657
7.151746 970.857300
7.157551 959.619995
7.163356 313.786316
7.169161 313.212280
7.174966 312.037476
7.180771 937.311340
7.186576 934.576965
7.192381 203.319473
7.198186 203.441666
7.203991 152.877319
7.209796 153.238998
7.215601 153.717834
7.221406 154.097305
7.227211 154.377747
7.233016 154.661835
7.238821 370.204620
7.244626 370.593658
7.250431 370.760254
7.256236 142.388367
7.262041 598.856995
7.267846 597.432129
7.273651 594.463074
7.279456 591.613586
7.285261 593.275818
7.291066 299.288971
7.296871 300.536072
7.302676 300.800262
7.308481 300.708710
7.314286 301.271423
7.320091 302.174194
7.325896 301.634644
7.331701 300.975861
7.337506 314.236725
7.343311 314.448486
7.349116 314.904999
7.354921 315.731903
7.360725 316.177856
7.366530 316.119049
7.372335 316.012512
7.378140 315.894775
7.383945 315.596802
7.389750 315.160126
7.395555 314.867889
7.401361 105.157463
7.407166 105.126167
7.412971 105.134697
7.418776 105.190948
7.424581 105.249626
7.430386 315.855652
7.436191 316.000549
7.441996 316.018005
7.447801 315.978699
7.453606 315.758392
7.459411 180.714127
7.465215 149.009384
7.471020 809.627502
7.476825 90.311539
7.482630 315.799561
7.488435 316.668549
7.494240 801.812866
7.500045 794.721680
7.505850 789.729858
7.511655 235.113739
7.517460 234.897598
7.523265 669.778015
7.529070 669.741760
7.534875 670.670288
7.540680 672.047119
7.546485 672.687561
7.552290 673.067322
7.558095 673.896484
7.563900 673.630920
7.569705 672.275574
7.575510 671.155334
7.581315 669.327698
7.587120 668.430542
7.592925 668.509888
7.598730 668.760925
7.604535 668.900940
7.610340 314.698120
7.616145 334.196838
7.621950 333.842682
7.627755 334.938263
7.633560 338.272125
7.639365 346.976593
7.645170 348.239655
7.650975 584.827271
7.656780 583.631348
7.662585 336.194061
7.668390 333.779602
7.674195 331.872192
7.680000 330.361511
7.685805 329.033661
7.691610 211.704330
7.697415 211.851013
7.703220 212.021286
7.709025 212.081375
7.714830 211.911331
7.720635 211.484741
7.726440 211.129120
7.732245 211.126816
7.738050 211.163757
7.743855 211.075195
7.749660 210.912766
7.755465 210.763062
7.761270 210.825424
7.767075 510.170319
7.772880 311.913422
7.778685 311.267273
7.784490 310.016083
7.790295 306.924011
7.796100 304.130646
7.801905 305.627899
7.807710 306.745361
7.813515 307.447052
7.819320 307.621490
7.825125 306.455170
7.830930 304.535767
7.836735 303.306580
7.842540 727.237366
7.848345 733.671570
7.854150 732.101013
7.859955 726.499878
7.865760 716.907593
7.871564 712.059326
7.877369 265.438629
7.883174 261.706665
7.888979 130.136658
7.894784 129.921661
7.900589 118.561752
7.906394 197.501938
7.912199 599.178650
7.918005 603.420532
7.923810 608.132019
7.929615 215.985764
7.935420 232.280121
7.941225 232.947403
7.947030 557.420715
7.952835 554.253418
7.958640 561.342590
7.964445 583.192505
7.970250 596.091736
7.976054 604.602600
7.981859 611.968445
7.987664 616.773560
7.993469 313.871368
7.999274 314.384766
8.005079 315.804077
8.010884 317.133301
8.016689 317.045441
8.022494 316.664948
8.028299 316.441681
8.034104 316.251038
8.039909 316.008331
8.045714 315.745697
8.051519 315.575439
8.057324 315.819519
8.063129 316.247925
8.068934 316.310852
8.074739 316.093842
8.080544 315.790588
8.086349 315.472229
8.092155 719.283447
8.097960 713.875427
8.103765 708.402222
8.109570 706.102295
8.115375 706.466370
8.121180 708.747864
8.126985 712.528809
8.132789 118.374718
8.138594 118.444603
8.144399 716.964905
8.150204 717.996155
8.156009 675.335388
8.161814 663.389587
8.167619 657.067505
8.173424 652.950012
8.179229 650.369568
8.185034 647.152832
8.190839 642.961365
8.196644 639.719360
8.202449 637.438721
8.208254 636.869080
8.214059 646.858337
8.219864 668.640564
8.225669 345.579742
8.231474 343.343719
8.237279 342.010101
8.243084 340.933868
8.248889 169.635269
8.254694 169.216980
8.260499 168.786362
8.266304 633.610535
8.272109 210.700378
8.277914 210.439957
8.283719 210.470673
8.289524 210.849823
8.295329 325.188995
8.301134 586.874939
8.306939 583.137024
8.312744 580.514709
8.318549 212.824020
8.324354 212.563980
8.330159 320.120544
8.335963 320.271851
8.341768 320.181335
8.347573 320.811005
8.353378 593.345520
8.359183 600.604736
8.364988 609.618225
8.370793 616.637390
8.376598 622.179810
8.382403 2090.587158
8.388208 2178.451660
8.394013 2203.535889
8.399818 329.543854
8.405623 330.552734
8.411428 331.714996
8.417233 166.929169
8.423038 167.607224
8.428843 529.924011
8.434649 540.084961
8.440454 547.557434
8.446259 547.610229
8.452064 544.990601
8.457869 2107.666748
8.463674 2097.410645
8.469479 2116.233887
8.475284 2128.855469
8.481089 2121.321533
8.486894 2071.655273
8.492699 1996.520874
8.498504 304.649658
8.504309 363.561707
8.510114 118.498024
8.515919 118.500664
8.521724 118.598122
8.527529 734.103027
8.533334 730.646912
8.539139 730.545288
8.544943 727.749084
8.550748 316.871368
8.556553 317.125519
8.562358 316.329498
8.568163 315.692596
8.573968 315.884949
8.579773 317.540009
8.585578 319.196533
8.591383 318.337799
8.597188 622.081543
8.602993 315.188019
8.608798 315.109985
8.614603 315.748993
8.620408 316.580627
8.626213 317.074615
8.632018 317.072754
8.637823 316.829041
8.643628 316.639221
8.649433 316.506073
8.655238 316.427460
8.661043 316.503204
8.666848 316.887177
8.672653 317.803894
8.678458 318.921692
8.684263 319.526855
8.690068 320.072388
8.695873 320.720642
8.701678 210.863342
8.707483 210.114868
8.713288 210.017990
8.719093 210.163483
8.724898 210.324982
8.730703 210.406845
8.736508 210.551514
8.742313 210.780472
8.748117 1440.289429
8.753922 4823.477051
8.759727 4934.953125
8.765532 273.201172
8.771338 273.488647
8.777143 211.429947
8.782948 211.735580
8.788753 211.813751
8.794558 211.704468
8.800363 211.326141
8.806168 168.314224
8.811973 167.399399
8.817778 166.571777
8.823583 164.979141
8.829388 163.718079
8.835193 163.645401
8.840998 164.242859
8.846803 324.715485
8.852608 323.315613
8.858413 321.549133
8.864218 159.863190
8.870023 159.740997
8.875828 159.498108
8.881633 159.049286
8.887438 311.871521
8.893243 311.237366
8.899048 155.216812
8.904853 154.254196
8.910658 153.418961
8.916463 152.722672
8.922268 302.495911
8.928073 301.202698
8.933878 299.333435
8.939683 297.059174
8.945488 297.828369
8.951293 300.089142
8.957097 300.647217
8.962902 427.942322
8.968707 294.599884
8.974512 292.838837
8.980317 291.563202
8.986122 170.858795
8.991927 169.940735
8.997732 169.234024
9.003537 168.691315
9.009342 167.880707
9.015147 166.570190
9.020952 165.577454
9.026757 994.076782
9.032562 999.562073
9.038367 1008.543030
9.044172 250.812057
9.049977 251.888443
9.055782 253.055084
9.061587 253.865677
9.067392 254.327255
9.073197 254.580338
9.079002 254.955551
9.084807 255.613785
9.090612 256.266022
9.096417 256.821930
9.102222 257.418304
9.108027 519.888855
9.113832 524.470093
9.119637 534.881531
9.125443 550.534119
9.131248 562.576233
9.137053 567.238708
9.142858 568.681213
9.148663 572.112061
9.154468 576.519470
9.160272 581.098083
9.166077 589.717651
9.171882 603.453247
9.177687 613.735474
9.183492 619.840149
9.189297 623.897583
9.195102 628.135925
9.200907 632.104492
9.206712 635.638428
9.212517 640.174072
9.218322 646.218384
9.224127 650.234192
9.229932 649.991577
9.235737 648.988770
9.241542 648.754333
9.247347 648.217651
9.253152 319.293152
9.258957 318.225586
9.264762 317.679199
9.270567 317.269623
9.276372 317.092987
9.282177 317.201843
9.287982 317.110443
9.293787 316.644684
9.299592 316.312469
9.305397 316.217224
9.311202 316.095184
9.317007 315.690277
9.322812 314.922272
9.328617 313.815521
9.334422 605.153625
9.340227 596.533386
9.346032 588.635864
9.351837 583.825256
9.357642 580.029907
9.363446 574.886292
9.369251 570.548279
9.375056 569.237610
9.380861 569.477478
9.386666 566.193481
9.392471 526.132751
9.398276 527.066101
9.404081 562.234192
9.409886 276.296570
9.415691 133.127594
9.421496 130.461319
9.427301 129.369720
9.433106 309.076141
9.438911 313.195862
9.444716 315.766174
9.450521 600.672302
9.456326 598.414185
9.462132 604.241882
9.467937 617.097168
9.473742 624.051819
9.479547 316.634155
9.485352 158.539200
9.491157 158.248810
9.496962 157.497467
9.502767 315.152100
9.508572 315.858612
9.514377 316.707703
9.520182 154.019760
9.525987 212.739456
9.531792 212.625092
9.537597 212.455505
9.543402 212.374878
9.549207 212.250946
9.555012 211.970627
9.560817 212.208817
9.566622 212.724731
9.572426 2324.330322
9.578231 2319.828613
9.584036 291.283234
9.589841 290.629547
9.595646 146.564255
9.601451 155.731842
9.607256 508.773438
9.613061 509.037384
9.618866 509.433838
9.624671 202.876801
9.630476 203.308441
9.636281 203.493225
9.642086 141.915833
9.647891 141.959717
9.653696 202.723801
9.659501 334.309906
9.665306 334.516205
9.671111 258.076447
9.676916 126.510185
9.682721 126.547287
9.688526 258.184845
9.694331 258.132538
9.700136 258.104462
9.705941 258.209747
9.711746 258.484192
9.717551 258.781799
9.723356 258.932587
9.729161 259.143127
9.734966 269.144989
9.740771 269.426636
9.746576 271.111359
9.752381 123.401962
9.758186 156.427597
9.763991 575.607117
9.769796 572.360413
9.775600 572.121643
9.781405 574.936279
9.787210 624.189026
9.793015 626.664062
9.798820 624.131348
9.804626 617.857849
9.810431 612.834229
9.816236 317.099609
9.822041 316.974609
9.827846 316.715851
9.833651 316.484039
9.839456 316.558655
9.845261 317.003113
9.851066 317.267517
9.856871 316.856384
9.862676 315.996490
9.868481 315.574982
9.874286 315.556000
9.880091 315.362762
9.885896 314.985870
9.891701 158.099670
9.897506 158.316040
9.903311 627.581299
9.909116 629.074280
9.914921 630.794617
9.920726 629.337097
9.926531 625.132935
9.932336 622.901672
9.938141 315.074921
9.943946 621.559692
9.949751 626.113281
9.955556 575.109436
9.961361 577.938904
9.967166 582.411621
9.972971 585.988037
9.978776 587.284363
9.984580 587.807312
9.990385 588.009888
9.996190 587.922974
10.001995 587.542480
10.007800 586.426453
10.013605 585.225708
10.019410 588.124390
10.025215 599.076294
10.031020 624.036560
10.036825 316.061920
10.042630 319.921051
10.048435 326.325439
10.054240 330.762878
10.060045 333.161591
10.065850 334.390137
10.071655 334.704437
10.077460 334.271667
10.083265 333.567261
10.089070 332.563934
10.094875 330.705627
10.100680 329.182556
10.106485 161.599579
10.112290 160.692703
10.118095 390.979370
10.123900 387.123138
10.129705 384.711426
10.135510 382.938110
10.141315 381.202393
10.147120 284.234344
10.152925 283.544312
10.158731 283.933868
10.164536 284.460571
10.170341 284.469299
10.176146 284.407532
10.181951 284.531769
10.187755 285.309204
10.193560 357.511047
10.199365 358.960907
10.205170 374.457977
10.210975 523.142334
10.216780 519.204834
10.222585 306.941742
10.228390 307.302246
10.234195 306.926941
10.240000 305.840271
10.245805 303.678925
10.251610 300.647736
10.257415 297.296631
10.263220 294.158447
10.269025 291.646790
10.274830 289.807953
10.280635 288.405701
10.286440 286.726410
10.292245 284.890167
10.298050 283.498444
10.303855 712.315186
10.309660 720.039978
10.315465 257.107788
10.321270 255.609375
10.327075 256.813110
10.332880 242.141769
10.338685 4523.660156
10.344490 4553.132812
10.350295 4623.193359
10.356100 4669.067383
10.361905 218.380951
10.367710 219.415817
10.373515 233.766525
10.379320 234.423660
10.385125 492.662354
10.390930 315.841461
10.396734 315.025818
10.402539 315.028381
10.408344 315.665497
10.414149 315.878235
10.419954 315.887238
10.425759 316.057526
10.431564 316.292297
10.437369 316.409424
10.443174 316.358185
10.448979 316.210693
10.454784 316.243195
10.460589 316.521790
10.466394 316.623657
10.472199 316.478210
10.478004 316.421356
10.483809 316.517853
10.489614 316.588074
10.495420 316.002869
10.501225 601.711426
10.507030 608.487854
10.512835 610.369019
10.518640 609.510742
10.524445 607.214050
10.530250 605.220337
10.536055 604.622437
10.541860 604.362183
10.547665 602.916077
10.553470 599.394470
10.559275 594.209351
10.565080 658.613708
10.570885 659.082397
10.576690 659.313416
10.582495 657.458069
10.588300 654.098022
10.594105 650.846741
10.599909 649.616577
10.605714 649.565918
10.611519 648.656616
10.617324 646.127869
10.623129 641.266541
10.628934 634.796814
10.634739 631.459656
10.640544 629.742554
10.646349 628.909668
10.652154 292.014832
10.657959 292.944519
10.663764 583.326538
10.669569 308.518280
10.675374 311.053558
10.681179 312.945526
10.686984 599.922913
10.692789 605.372925
10.698594 607.086426
10.704399 606.214172
10.710204 607.896057
10.716009 630.969360
10.721814 646.066833
10.727619 645.163330
10.733424 633.517761
10.739229 631.070496
10.745034 636.121948
10.750839 643.281433
10.756644 643.006531
10.762449 635.338684
10.768254 630.954224
10.774059 628.542664
10.779864 625.883484
10.785669 625.597778
10.791474 631.794067
10.797279 636.824768
10.803084 636.907898
10.808888 634.734253
10.814693 636.046814
10.820498 642.152283
10.826303 648.937988
10.832108 655.878662
10.837914 663.873474
10.843719 671.146423
10.849524 676.503967
10.855329 348.171661
10.861134 352.801208
10.866939 358.997894
10.872744 362.392303
10.878549 363.391876
10.884354 363.255615
10.890159 360.717651
10.895964 352.938507
10.901769 349.064636
10.907574 350.469269
10.913379 350.699677
10.919184 346.204132
10.924989 339.681732
10.930794 336.021149
10.936599 334.294373
10.942404 331.763214
10.948209 328.959808
10.954014 307.150085
10.959819 314.281067
10.965624 315.957733
10.971429 316.699860
10.977234 316.891388
10.983039 316.896851
10.988844 316.992462
10.994649 316.916138
